0,0,0,0.0325350761414
0,0,0,0.0490651130676
0,0,0,0.0657820701599
0,0,0,0.0822629928589
0.0,0.0,0.0,0.00676298141479
0.0,0.0,0.0,0.0222520828247
0.0,0.0,0.0,0.0393640995026
0.0,0.0,0.0,0.0557949542999
0.0,0.0,0.0,0.0724329948425
0.0,0.0,0.0,0.0892839431763
0.0,0.0,0.0,0.106036901474
0.0,0.0,0.0,0.122838020325
0.0,0.0,0.0,0.139430046082
0.0,0.0,0.0,0.156296014786
0.0,0.0,0.0,0.172801971436
0.0,0.0,0.0,0.19001698494
0.0,0.0,0.0,0.206521034241
0.0,0.0,0.0,0.22288107872
0.0,0.0,0.0,0.239352941513
0.0,0.0,0.0,0.256148099899
0.0,0.0,0.0,0.273011922836
0.0,0.0,0.0,0.289611101151
0.0,0.0,0.0,0.306165933609
0.0,0.0,0.0,0.323240995407
0.0,0.0,0.0,0.340869903564
0.0,0.0,0.0,0.35600399971
0.0,0.0,0.0,0.37287402153
0.0,0.0,0.0,0.38937997818
0.0,0.0,0.0,0.40655207634
0.0,0.0,0.0,0.422626018524
0.0,0.0,0.0,0.439645051956
0.0,0.0,0.0,0.455946922302
0.0,0.0,0.0,0.472877025604
0.0,0.0,0.0,0.489599943161
0.0,0.0,0.0,0.506233930588
0.0,0.0,0.0,0.522762060165
0.0,0.0,0.0,0.539532899857
0.0,0.0,0.0,0.55663895607
0.0,0.0,0.0,0.572438001633
0.0,0.0,0.0,0.58919095993
0.0,0.0,0.0,0.606050014496
0.0,0.0,0.0,0.622601985931
0.0,0.0,0.0,0.639430046082
0.0,0.0,0.0,0.655972957611
0.0,0.0,0.0,0.672921895981
0.0,0.0,0.0,0.689393997192
0.0,0.0,0.0,0.706128120422
0.0,0.0,0.0,0.724092960358
0.0,0.0,0.0,0.740818977356
0.0,0.0,0.0,0.755779027939
0.0,0.0,0.0,0.772861003876
0.0,0.0,0.0,0.789411067963
0.0,0.0,0.0,0.806014060974
0.0,0.0,0.0,0.82275390625
0.0,0.0,0.0,0.839504003525
0.0,0.0,0.0,0.855941057205
0.0,0.0,0.0,0.872782945633
0.0,0.0,0.0,0.889336109161
0.0,0.0,0.0,0.906266927719
0.0,0.0,0.0,0.922725915909
0.0,0.0,0.0,0.939511060715
0.0,0.0,0.0,0.956125020981
0.0,0.0,0.0,0.972712039948
0.0,0.0,0.0,0.989604949951
0.0,0.0,0.0,1.0060210228
0.0,0.0,0.0,1.02420306206
0.0,0.0,0.0,1.03914499283
0.0,0.0,0.0,1.05577802658
0.0,0.0,0.0,1.07270908356
0.0,0.0,0.0,1.08908295631
0.0,0.0,0.0,1.10597896576
0.0,0.0,0.0,1.12263512611
0.0,0.0,0.0,1.13954591751
0.0,0.0,0.0,1.15596008301
0.0,0.0,0.0,1.17263293266
0.0,0.0,0.0,1.18911790848
0.0,0.0,0.0,1.20611310005
0.0,0.0,0.0,1.22270512581
0.0,0.0,0.0,1.23917794228
0.0,0.0,0.0,1.25609612465
0.0,0.0,0.0,1.27279210091
0.0,0.0,0.0,1.28946399689
0.0,0.0,0.0,1.30616092682
0.0,0.0,0.0,1.32252812386
0.0,0.0,0.0,1.33928012848
0.0,0.0,0.0,1.35593509674
0.0,0.0,0.0,1.37277603149
0.0,0.0,0.0,1.38930797577
0.0,0.0,0.0,1.40598297119
0.0,0.0,0.0,1.42254090309
0.0,0.0,0.0,1.43926811218
0.0,0.0,0.0,1.45588302612
0.0,0.0,0.0,1.47272896767
0.0,0.0,0.0,1.48937892914
0.0,0.0,0.0,1.50595903397
0.0,0.0,0.0,1.52268791199
0.0,0.0,0.0,1.53943490982
0.0,0.0,0.0,1.55599212646
0.0,0.0,0.0,1.57282710075
0.0,0.0,0.0,1.58945703506
0.0,0.0,0.0,1.6062579155
0.0,0.0,0.0,1.62330794334
0.0,0.0,0.0,1.63945293427
0.0,0.0,0.0,1.65595006943
0.0,0.0,0.0,1.6730659008
0.0,0.0,0.0,1.68933200836
0.0,0.0,0.0,1.70573210716
0.0,0.0,0.0,1.72242808342
0.0,0.0,0.0,1.7393450737
0.0,0.0,0.0,1.75610899925
0.0,0.0,0.0,1.77292895317
0.0,0.0,0.0,1.78908205032
0.0,0.0,0.0,1.80605506897
0.0,0.0,0.0,1.8224170208
0.0,0.0,0.0,1.83927702904
0.0,0.0,0.0,1.85573005676
0.0,0.0,0.0,1.87240791321
0.0,0.0,0.0,1.88903403282
0.0,0.0,0.0,1.90576601028
0.0,0.0,0.0,1.92248106003
0.0,0.0,0.0,1.93928599358
0.0,0.0,0.0,1.95584797859
0.0,0.0,0.0,1.9731900692
0.0,0.0,0.0,1.98938894272
0.0,0.0,0.0,2.00635790825
0.0,0.0,0.0,2.0227689743
0.0,0.0,0.0,2.03949403763
0.0,0.0,0.0,2.05612611771
0.0,0.0,0.0,2.07264089584
0.0,0.0,0.0,2.08967494965
0.0,0.0,0.0,2.10618805885
0.0,0.0,0.0,2.12256193161
0.0,0.0,0.0,2.13931202888
0.0,0.0,0.0,2.15598607063
0.0,0.0,0.0,2.17268204689
0.0,0.0,0.0,2.18965601921
0.0,0.0,0.0,2.20724892616
0.0,0.0,0.0,2.22318100929
0.0,0.0,0.0,2.2392411232
0.0,0.0,0.0,2.25594091415
0.0,0.0,0.0,2.27277898788
0.0,0.0,0.0,2.28942298889
0.0,0.0,0.0,2.30607891083
0.0,0.0,0.0,2.32280492783
0.0,0.0,0.0,2.33929991722
0.0,0.0,0.0,2.35580801964
0.0,0.0,0.0,2.37261891365
0.0,0.0,0.0,2.38921689987
0.0,0.0,0.0,2.40601205826
0.0,0.0,0.0,2.42275905609
0.0,0.0,0.0,2.43936300278
0.0,0.0,0.0,2.45612597466
0.0,0.0,0.0,2.47260904312
0.0,0.0,0.0,2.48928594589
0.0,0.0,0.0,2.50601506233
0.0,0.0,0.0,2.52306699753
0.0,0.0,0.0,2.53948712349
0.0,0.0,0.0,2.55589199066
0.0,0.0,0.0,2.57331800461
0.0,0.0,0.0,2.5894510746
0.0,0.0,0.0,2.60634899139
0.0,0.0,0.0,2.6229839325
0.0,0.0,0.0,2.63928890228
0.0,0.0,0.0,2.65589809418
0.0,0.0,0.0,2.67276501656
0.0,0.0,0.0,2.68922901154
0.0,0.0,0.0,2.70591497421
0.0,0.0,0.0,2.7228140831
0.0,0.0,0.0,2.73906707764
0.0,0.0,0.0,2.75590801239
0.0,0.0,0.0,2.77348995209
0.0,0.0,0.0,2.78905797005
0.0,0.0,0.0,2.80613899231
0.0,0.0,0.0,2.8232281208
0.0,0.0,0.0,2.84041595459
0.0,0.0,0.0,2.85611510277
0.0,0.0,0.0,2.87325191498
0.0,0.0,0.0,2.88919711113
0.0,0.0,0.0,2.90591096878
0.0,0.0,0.0,2.92286109924
0.0,0.0,0.0,2.94001793861
0.0,0.0,0.0,2.95575690269
0.0,0.0,0.0,2.97394394875
0.0,0.0,0.0,2.9902510643
0.0,0.0,0.0,3.0059940815
0.0,0.0,0.0,3.02395606041
0.0,0.0,0.0,3.04040312767
0.0,0.0,0.0,3.05770802498
0.0,0.0,0.0,3.0744509697
0.0,0.0,0.0,3.08995103836
0.0,0.0,0.0,3.10614800453
0.0,0.0,0.0,3.12288689613
0.0,0.0,0.0,3.13948297501
0.0,0.0,0.0,3.15636610985
0.0,0.0,0.0,3.17346191406
0.0,0.0,0.0,3.19023990631
0.0,0.0,0.0,3.20690512657
0.0,0.0,0.0,3.2228178978
0.0,0.0,0.0,3.24026489258
0.0,0.0,0.0,3.25598096848
0.0,0.0,0.0,3.27327990532
0.0,0.0,0.0,3.28939509392
0.0,0.0,0.0,3.3070909977
0.0,0.0,0.0,3.3232550621
0.0,0.0,0.0,3.33998608589
0.0,0.0,0.0,3.35599899292
0.0,0.0,0.0,3.37261509895
0.0,0.0,0.0,3.38932394981
0.0,0.0,0.0,3.40608811378
0.0,0.0,0.0,3.42370295525
0.0,0.0,0.0,3.44039011002
0.0,0.0,0.0,3.45595407486
0.0,0.0,0.0,3.47264099121
0.0,0.0,0.0,3.4892539978
0.0,0.0,0.0,3.50588607788
0.0,0.0,0.0,3.52601194382
0.0,0.0,0.0,3.54024291039
0.0,0.0,0.0,3.55608296394
0.0,0.0,0.0,3.5727751255
0.0,0.0,0.0,3.58922410011
0.0,0.0,0.0,3.60590600967
0.0,0.0,0.0,3.62324690819
0.0,0.0,0.0,3.6399409771
0.0,0.0,0.0,3.65614509583
0.0,0.0,0.0,3.67284202576
0.0,0.0,0.0,3.68995189667
0.0,0.0,0.0,3.70599889755
0.0,0.0,0.0,3.7229950428
0.0,0.0,0.0,3.73926591873
0.0,0.0,0.0,3.75609302521
0.0,0.0,0.0,3.77268910408
0.0,0.0,0.0,3.78949809074
0.0,0.0,0.0,3.8063249588
0.0,0.0,0.0,3.82302999496
0.0,0.0,0.0,3.83940196037
0.0,0.0,0.0,3.85595107079
0.0,0.0,0.0,3.87273907661
0.0,0.0,0.0,3.89005208015
0.0,0.0,0.0,3.90581297874
0.0,0.0,0.0,3.92281794548
0.0,0.0,0.0,3.93930602074
0.0,0.0,0.0,3.95590591431
0.0,0.0,0.0,3.97339510918
0.0,0.0,0.0,3.9902150631
0.0,0.0,0.0,4.00681710243
0.0,0.0,0.0,4.0225520134
0.0,0.0,0.0,4.03932905197
0.0,0.0,0.0,4.05600810051
0.0,0.0,0.0,4.07262611389
0.0,0.0,0.0,4.08927202225
0.0,0.0,0.0,4.1060090065
0.0,0.0,0.0,4.12273192406
0.0,0.0,0.0,4.14095592499
0.0,0.0,0.0,4.15590691566
0.0,0.0,0.0,4.1728811264
0.0,0.0,0.0,4.19001793861
0.0,0.0,0.0,4.2058160305
0.0,0.0,0.0,4.22296690941
0.0,0.0,0.0,4.23933601379
0.0,0.0,0.0,4.25606894493
0.0,0.0,0.0,4.27318692207
0.0,0.0,0.0,4.28922390938
0.0,0.0,0.0,4.30597996712
0.0,0.0,0.0,4.32251000404
0.0,0.0,0.0,4.33941912651
0.0,0.0,0.0,4.35605502129
0.0,0.0,0.0,4.37261795998
0.0,0.0,0.0,4.38944911957
0.0,0.0,0.0,4.40608310699
0.0,0.0,0.0,4.42277407646
0.0,0.0,0.0,4.43958091736
0.0,0.0,0.0,4.45724391937
0.0,0.0,0.0,4.47303199768
0.0,0.0,0.0,4.48950505257
0.0,0.0,0.0,4.50632810593
0.0,0.0,0.0,4.52281212807
0.0,0.0,0.0,4.53948402405
0.0,0.0,0.0,4.55605697632
0.0,0.0,0.0,4.57276296616
0.0,0.0,0.0,4.589179039
0.0,0.0,0.0,4.60667991638
0.0,0.0,0.0,4.62363100052
0.0,0.0,0.0,4.64003109932
0.0,0.0,0.0,4.65725803375
0.0,0.0,0.0,4.67371201515
0.0,0.0,0.0,4.69115304947
0.0,0.0,0.0,4.70689797401
0.0,0.0,0.0,4.72439312935
0.0,0.0,0.0,4.73993396759
0.0,0.0,0.0,4.75678992271
0.0,0.0,0.0,4.77281904221
0.0,0.0,0.0,4.79119896889
0.0,0.0,0.0,4.8083319664
0.0,0.0,0.0,4.82300806046
0.0,0.0,0.0,4.84029197693
0.0,0.0,0.0,4.85591006279
0.0,0.0,0.0,4.87256908417
0.0,0.0,0.0,4.89051103592
0.0,0.0,0.0,4.90680003166
0.0,0.0,0.0,4.92293190956
0.0,0.0,0.0,4.9396469593
0.0,0.0,0.0,4.95590090752
0.0,0.0,0.0,4.97290110588
0.0,0.0,0.0,4.98937296867
0.0,0.0,0.0,5.00669503212
0.0,0.0,0.0,5.02280807495
0.0,0.0,0.0,5.03960990906
0.0,0.0,0.0,5.05621290207
0.0,0.0,0.0,5.07314705849
0.0,0.0,0.0,5.08935809135
0.0,0.0,0.0,5.10639190674
0.0,0.0,0.0,5.12254309654
0.0,0.0,0.0,5.1394200325
0.0,0.0,0.0,5.1558599472
0.0,0.0,0.0,5.1727180481
0.0,0.0,0.0,5.19053697586
0.0,0.0,0.0,5.20691609383
0.0,0.0,0.0,5.22258210182
0.0,0.0,0.0,5.23954391479
0.0,0.0,0.0,5.25623703003
0.0,0.0,0.0,5.2726559639
0.0,0.0,0.0,5.29002594948
0.0,0.0,0.0,5.30603408813
0.0,0.0,0.0,5.32254910469
0.0,0.0,0.0,5.33951592445
0.0,0.0,0.0,5.35590600967
0.0,0.0,0.0,5.37265396118
0.0,0.0,0.0,5.38947892189
0.0,0.0,0.0,5.40598797798
0.0,0.0,0.0,5.42344594002
0.0,0.0,0.0,5.43987894058
0.0,0.0,0.0,5.45611810684
0.0,0.0,0.0,5.47253394127
0.0,0.0,0.0,5.48925495148
0.0,0.0,0.0,5.50603699684
0.0,0.0,0.0,5.52413511276
0.0,0.0,0.0,5.5393409729
0.0,0.0,0.0,5.55708098412
0.0,0.0,0.0,5.5726480484
0.0,0.0,0.0,5.58938097954
0.0,0.0,0.0,5.60640096664
0.0,0.0,0.0,5.62287092209
0.0,0.0,0.0,5.63938093185
0.0,0.0,0.0,5.65631508827
0.0,0.0,0.0,5.67290210724
0.0,0.0,0.0,5.68934202194
0.0,0.0,0.0,5.70630097389
0.0,0.0,0.0,5.72357010841
0.0,0.0,0.0,5.73991298676
0.0,0.0,0.0,5.75620007515
0.0,0.0,0.0,5.77290701866
0.0,0.0,0.0,5.78934693336
0.0,0.0,0.0,5.80595803261
0.0,0.0,0.0,5.8224709034
0.0,0.0,0.0,5.83949708939
0.0,0.0,0.0,5.8559679985
0.0,0.0,0.0,5.87271308899
0.0,0.0,0.0,5.88961911201
0.0,0.0,0.0,5.90625500679
0.0,0.0,0.0,5.92320489883
0.0,0.0,0.0,5.94004392624
0.0,0.0,0.0,5.95641303062
0.0,0.0,0.0,5.97263908386
0.0,0.0,0.0,5.98989510536
0.0,0.0,0.0,6.00620508194
0.0,0.0,0.0,6.02474212646
0.0,0.0,0.0,6.03956198692
0.0,0.0,0.0,6.05620408058
0.0,0.0,0.0,6.07278800011
0.0,0.0,0.0,6.08936190605
0.0,0.0,0.0,6.10604691505
0.0,0.0,0.0,6.12306904793
0.0,0.0,0.0,6.14068412781
0.0,0.0,0.0,6.15646910667
0.0,0.0,0.0,6.17296600342
0.0,0.0,0.0,6.18952894211
0.0,0.0,0.0,6.20587396622
0.0,0.0,0.0,6.22440600395
0.0,0.0,0.0,6.23941802979
0.0,0.0,0.0,6.25641512871
0.0,0.0,0.0,6.27330207825
0.0,0.0,0.0,6.28979206085
0.0,0.0,0.0,6.30596899986
0.0,0.0,0.0,6.32368302345
0.0,0.0,0.0,6.33945798874
0.0,0.0,0.0,6.35684609413
0.0,0.0,0.0,6.37337589264
0.0,0.0,0.0,6.38933491707
0.0,0.0,0.0,6.40604805946
0.0,0.0,0.0,6.42304301262
0.0,0.0,0.0,6.43992710114
0.0,0.0,0.0,6.45608091354
0.0,0.0,0.0,6.47253489494
0.0,0.0,0.0,6.48996496201
0.0,0.0,0.0,6.50760698318
0.0,0.0,0.0,6.52319908142
0.0,0.0,0.0,6.53953409195
0.0,0.0,0.0,6.5564289093
0.0,0.0,0.0,6.57384395599
0.0,0.0,0.0,6.59146404266
0.0,0.0,0.0,6.60712504387
0.0,0.0,0.0,6.62396097183
0.0,0.0,0.0,6.63924002647
0.0,0.0,0.0,6.65621709824
0.0,0.0,0.0,6.67381596565
0.0,0.0,0.0,6.69064712524
0.0,0.0,0.0,6.70625710487
0.0,0.0,0.0,6.72265291214
0.0,0.0,0.0,6.73990702629
0.0,0.0,0.0,6.75758194923
0.0,0.0,0.0,6.77294707298
0.0,0.0,0.0,6.7905421257
0.0,0.0,0.0,6.80624103546
0.0,0.0,0.0,6.82359910011
0.0,0.0,0.0,6.83946204185
0.0,0.0,0.0,6.85626196861
0.0,0.0,0.0,6.87432694435
0.0,0.0,0.0,6.88936710358
0.0,0.0,0.0,6.90606307983
0.0,0.0,0.0,6.92252707481
0.0,0.0,0.0,6.93935489655
0.0,0.0,0.0,6.95645689964
0.0,0.0,0.0,6.97311711311
0.0,0.0,0.0,6.98954796791
0.0,0.0,0.0,7.00681209564
0.0,0.0,0.0,7.02259612083
0.0,0.0,0.0,7.04047513008
0.0,0.0,0.0,7.05938601494
0.0,0.0,0.0,7.0726339817
0.0,0.0,0.0,7.08950304985
0.0,0.0,0.0,7.10613393784
0.0,0.0,0.0,7.12334394455
0.0,0.0,0.0,7.13933801651
0.0,0.0,0.0,7.15734100342
0.0,0.0,0.0,7.17367696762
0.0,0.0,0.0,7.19053697586
0.0,0.0,0.0,7.20686602592
0.0,0.0,0.0,7.22453403473
0.0,0.0,0.0,7.24095392227
0.0,0.0,0.0,7.25596690178
0.0,0.0,0.0,7.27288603783
0.0,0.0,0.0,7.2892870903
0.0,0.0,0.0,7.30595993996
0.0,0.0,0.0,7.32263803482
0.0,0.0,0.0,7.33964204788
0.0,0.0,0.0,7.35764503479
0.0,0.0,0.0,7.37326908112
0.0,0.0,0.0,7.39021492004
0.0,0.0,0.0,7.40701794624
0.0,0.0,0.0,7.42397594452
0.0,0.0,0.0,7.43934202194
0.0,0.0,0.0,7.45595812798
0.0,0.0,0.0,7.47270894051
0.0,0.0,0.0,7.48936796188
0.0,0.0,0.0,7.50589895248
0.0,0.0,0.0,7.52246809006
0.0,0.0,0.0,7.53937602043
0.0,0.0,0.0,7.55578112602
0.0,0.0,0.0,7.57259893417
0.0,0.0,0.0,7.58919811249
0.0,0.0,0.0,7.60596489906
0.0,0.0,0.0,7.62254190445
0.0,0.0,0.0,7.63924789429
0.0,0.0,0.0,7.65585589409
0.0,0.0,0.0,7.67272496223
0.0,0.0,0.0,7.68926692009
0.0,0.0,0.0,7.70579910278
0.0,0.0,0.0,7.72243905067
0.0,0.0,0.0,7.73930001259
0.0,0.0,0.0,7.75575709343
0.0,0.0,0.0,7.77251601219
0.0,0.0,0.0,7.78907990456
0.0,0.0,0.0,7.80582690239
0.0,0.0,0.0,7.82247805595
0.0,0.0,0.0,7.83925104141
0.0,0.0,0.0,7.85571789742
0.0,0.0,0.0,7.87250995636
0.0,0.0,0.0,7.88904690742
0.0,0.0,0.0,7.90575790405
0.0,0.0,0.0,7.92245602608
0.0,0.0,0.0,7.9391078949
0.0,0.0,0.0,7.95583701134
0.0,0.0,0.0,7.97248411179
0.0,0.0,0.0,7.98907589912
0.0,0.0,0.0,8.00577306747
0.0,0.0,0.0,8.02240204811
0.0,0.0,0.0,8.0393280983
0.0,0.0,0.0,8.05573892593
0.0,0.0,0.0,8.07247400284
0.0,0.0,0.0,8.08905696869
0.0,0.0,0.0,8.10583305359
0.0,0.0,0.0,8.12244105339
0.0,0.0,0.0,8.13925600052
0.0,0.0,0.0,8.15646696091
0.0,0.0,0.0,8.17251491547
0.0,0.0,0.0,8.18905997276
0.0,0.0,0.0,8.20603203773
0.0,0.0,0.0,8.22276592255
0.0,0.0,0.0,8.23957300186
0.0,0.0,0.0,8.25611495972
0.0,0.0,0.0,8.27304005623
0.0,0.0,0.0,8.28925800323
0.0,0.0,0.0,8.3058860302
0.0,0.0,0.0,8.32265090942
0.0,0.0,0.0,8.33908510208
0.0,0.0,0.0,8.35629105568
0.0,0.0,0.0,8.37254810333
0.0,0.0,0.0,8.38961601257
0.0,0.0,0.0,8.4061961174
0.0,0.0,0.0,8.42316007614
0.0,0.0,0.0,8.43945908546
0.0,0.0,0.0,8.45614409447
0.0,0.0,0.0,8.47292494774
0.0,0.0,0.0,8.48975396156
0.0,0.0,0.0,8.50603508949
0.0,0.0,0.0,8.52275300026
0.0,0.0,0.0,8.5398170948
0.0,0.0,0.0,8.55606412888
0.0,0.0,0.0,8.57244205475
0.0,0.0,0.0,8.58944892883
0.0,0.0,0.0,8.60606789589
0.0,0.0,0.0,8.62291908264
0.0,0.0,0.0,8.63954901695
0.0,0.0,0.0,8.65626811981
0.0,0.0,0.0,8.67524504662
0.0,0.0,0.0,8.69007897377
0.0,0.0,0.0,8.70772004128
0.0,0.0,0.0,8.72289896011
0.0,0.0,0.0,8.73955798149
0.0,0.0,0.0,8.75625610352
0.0,0.0,0.0,8.77306199074
0.0,0.0,0.0,8.78967809677
0.0,0.0,0.0,8.80609798431
0.0,0.0,0.0,8.82858800888
0.0,0.0,0.0,8.83942389488
0.0,0.0,0.0,8.85725402832
0.0,0.0,0.0,8.87282204628
Actuacion(lineal,angular) = 0.0400032043457,0.0
0.0,0.0,0.0,8.89038801193
0.0,0.0,0.0,8.90588307381
0.0,0.0,0.0,8.92265605927
0.0,0.0,0.0,8.93937492371
0.0,0.0,-0.000174532925199,8.95652294159
0.0,0.0,-0.000174532925199,8.97286391258
0.0,0.0,-0.000174532925199,8.98966908455
0.0,0.0,-0.000174532925199,9.00602912903
0.0,0.0,-0.000174532925199,9.02281999588
0.0,0.0,-0.000174532925199,9.03939604759
0.0,0.0,-0.000174532925199,9.05585098267
0.00110879713145,-1.93521608685e-07,-0.000174532925199,9.07310295105
Actuacion(lineal,angular) = 0.0799959659576,0.000262045058303
0.00110879713145,-1.93521608685e-07,-0.000174532925199,9.0911989212
0.00127938130552,-2.23294163183e-07,-0.000174532925199,9.10577201843
0.00127938130552,-2.23294163183e-07,-0.000174532925199,9.12285900116
0.00127938130552,-2.23294163183e-07,-0.000174532925199,9.13941597939
0.00264405469807,-4.61474604514e-07,0.0,9.15622210503
0.00264405469807,-4.61474604514e-07,0.0,9.17300105095
0.00264405469807,-4.61474604514e-07,0.0,9.18928098679
0.00264405469807,-4.61474604514e-07,0.0,9.20597505569
0.00456312668557,-4.6147460472e-07,-0.000174532925199,9.22319793701
0.00456312668557,-4.6147460472e-07,-0.000174532925199,9.23930907249
0.00456312668557,-4.6147460472e-07,-0.000174532925199,9.25641608238
0.00456312668557,-4.6147460472e-07,-0.000174532925199,9.27263712883
Actuacion(lineal,angular) = 0.119997167587,0.00026778376051
0.00767628786233,-1.00482373722e-06,0.0,9.28964996338
0.00767628786233,-1.00482373722e-06,0.0,9.30590295792
0.00767628786233,-1.00482373722e-06,0.0,9.322742939
0.0107468030423,-1.00482373755e-06,0.0,9.33928894997
0.0107468030423,-1.00482373755e-06,0.0,9.35605502129
0.0107468030423,-1.00482373755e-06,0.0,9.37298107147
0.0107468030423,-1.00482373755e-06,0.0,9.38949608803
0.0147128851498,-1.00482373796e-06,0.0,9.40651893616
0.0147128851498,-1.00482373796e-06,0.0,9.42411112785
0.0147128851498,-1.00482373796e-06,0.0,9.43979310989
0.0188921974782,-1.00482373781e-06,0.000174532925199,9.46478295326
0.0188921974782,-1.00482373781e-06,0.000174532925199,9.47280502319
Actuacion(lineal,angular) = 0.159949970245,-0.000228521428092
0.0188921974782,-1.00482373781e-06,0.000174532925199,9.48908090591
0.0188921974782,-1.00482373781e-06,0.000174532925199,9.50570011139
0.0241376608308,-8.93176662633e-08,0.000523598775599,9.52265501022
0.0257155642487,7.36870707532e-07,0.000349065850399,9.53973507881
0.0257155642487,7.36870707532e-07,0.000349065850399,9.55695796013
0.0257155642487,7.36870707532e-07,0.000349065850399,9.57275509834
0.0257155642487,7.36870707532e-07,0.000349065850399,9.58950996399
0.0321551165255,2.9846985905e-06,0.000523598775599,9.60610103607
0.0343300644799,4.12349877958e-06,0.000523598775599,9.62278199196
0.0343300644799,4.12349877958e-06,0.000523598775599,9.63949990273
0.0343300644799,4.12349877958e-06,0.000523598775599,9.65624189377
0.0413666608029,7.80785233542e-06,0.000872664625998,9.67266106606
Actuacion(lineal,angular) = 0.199971961975,-0.000941488025987
0.0413666608029,7.80785233542e-06,0.000872664625998,9.68920397758
0.0413666608029,7.80785233542e-06,0.000872664625998,9.70590996742
0.0413666608029,7.80785233542e-06,0.000872664625998,9.72342300415
0.0483606093831,1.39112254061e-05,0.000872664625998,9.73925995827
0.050834079003,1.60697353947e-05,0.000872664625998,9.75664401054
0.050834079003,1.60697353947e-05,0.000872664625998,9.77269291878
0.050834079003,1.60697353947e-05,0.000872664625998,9.7894411087
0.050834079003,1.60697353947e-05,0.000872664625998,9.80603909492
0.0584677180021,2.27313438087e-05,0.0010471975512,9.82292699814
0.0584677180021,2.27313438087e-05,0.0010471975512,9.83924102783
0.0584677180021,2.27313438087e-05,0.0010471975512,9.85610890388
0.0677645505329,3.24669676273e-05,0.0013962634016,9.87300109863
Actuacion(lineal,angular) = 0.239958953857,-0.00177073400621
0.0677645505329,3.24669676273e-05,0.0013962634016,9.88908290863
0.0709630007277,3.69328494778e-05,0.00174532925199,9.90599107742
0.0709630007277,3.69328494778e-05,0.00174532925199,9.92270994186
0.0709630007277,3.69328494778e-05,0.00174532925199,9.9393351078
0.0813259736764,5.50196676676e-05,0.00174532925199,9.95603990555
0.0852067577848,6.17929205694e-05,0.00174532925199,9.97270011902
0.0852067577848,6.17929205694e-05,0.00174532925199,9.98970890045
0.0852067577848,6.17929205694e-05,0.00174532925199,10.0061209202
0.0852067577848,6.17929205694e-05,0.00174532925199,10.0228340626
0.096038836505,8.06984836163e-05,0.00191986217719,10.0392820835
0.096038836505,8.06984836163e-05,0.00191986217719,10.0560851097
0.096038836505,8.06984836163e-05,0.00191986217719,10.072881937
Actuacion(lineal,angular) = 0.280024957657,-0.00304953648248
0.10755324721,0.00010280459238,0.00191986217719,10.0941770077
0.10755324721,0.00010280459238,0.00191986217719,10.1060609818
0.10755324721,0.00010280459238,0.00191986217719,10.1231589317
0.10755324721,0.00010280459238,0.00191986217719,10.1393549442
0.119025011949,0.000124828826668,0.00209439510239,10.1565411091
0.122863147506,0.000132867410735,0.00244346095279,10.1732680798
0.122863147506,0.000132867410735,0.00244346095279,10.1903800964
0.122863147506,0.000132867410735,0.00244346095279,10.2059841156
0.122863147506,0.000132867410735,0.00244346095279,10.2245819569
0.135528984813,0.000163815951221,0.00261799387799,10.2400040627
0.135528984813,0.000163815951221,0.00261799387799,10.2563929558
0.135528984813,0.000163815951221,0.00261799387799,10.2730181217
Actuacion(lineal,angular) = 0.3,-0.00425204926534
0.135528984813,0.000163815951221,0.00261799387799,10.2896790504
0.148621275505,0.000198091566411,0.00314159265359,10.3061180115
0.148621275505,0.000198091566411,0.00314159265359,10.3228609562
0.148621275505,0.000198091566411,0.00314159265359,10.340419054
0.162694400632,0.000242303738373,0.00331612557879,10.3574740887
0.162694400632,0.000242303738373,0.00331612557879,10.3727879524
0.162694400632,0.000242303738373,0.00331612557879,10.3899791241
0.162694400632,0.000242303738373,0.00331612557879,10.4072051048
0.177108684305,0.000290103488376,0.00349065850399,10.4225671291
0.177108684305,0.000290103488376,0.00349065850399,10.4392809868
0.177108684305,0.000290103488376,0.00349065850399,10.4563539028
0.191608250985,0.000340716729681,0.00383972435439,10.4726030827
0.191608250985,0.000340716729681,0.00383972435439,10.4897520542
0.191608250985,0.000340716729681,0.00383972435439,10.5058541298
0.191608250985,0.000340716729681,0.00383972435439,10.5230500698
0.206321027763,0.000397210014632,0.00418879020479,10.5392959118
0.206321027763,0.000397210014632,0.00418879020479,10.5563850403
0.206321027763,0.000397210014632,0.00418879020479,10.5725331306
0.220905846915,0.000458303119546,0.00436332312999,10.589838028
0.220905846915,0.000458303119546,0.00436332312999,10.606055975
0.220905846915,0.000458303119546,0.00436332312999,10.623281002
0.22576744967,0.00047951599792,0.00453785605519,10.6393690109
0.22576744967,0.00047951599792,0.00453785605519,10.6568629742
0.22576744967,0.00047951599792,0.00453785605519,10.6726090908
0.240309601003,0.000545506640363,0.00471238898039,10.6904430389
0.240309601003,0.000545506640363,0.00471238898039,10.7060511112
0.245213841628,0.000568617500915,0.00471238898039,10.723402977
0.245213841628,0.000568617500915,0.00471238898039,10.7392320633
0.245213841628,0.000568617500915,0.00471238898039,10.7563040257
0.259926563504,0.00063795008257,0.00506145483078,10.7726869583
0.259926563504,0.00063795008257,0.00506145483078,10.7893579006
0.259926563504,0.00063795008257,0.00506145483078,10.8062078953
0.274639260283,0.000712418368671,0.00506145483078,10.8229370117
0.274639260283,0.000712418368671,0.00506145483078,10.840692997
0.274639260283,0.000712418368671,0.00506145483078,10.8569710255
0.289309311563,0.000786670804666,0.00541052068118,10.8729519844
0.289309311563,0.000786670804666,0.00541052068118,10.8901309967
0.289309311563,0.000786670804666,0.00541052068118,10.9058289528
0.289309311563,0.000786670804666,0.00541052068118,10.9228100777
0.30397933603,0.000866044049961,0.00593411945678,10.9392650127
0.30397933603,0.000866044049961,0.00593411945678,10.9563629627
0.30397933603,0.000866044049961,0.00593411945678,10.9725871086
0.318819898101,0.000954110751813,0.00628318530718,10.9896969795
0.318819898101,0.000954110751813,0.00628318530718,11.0063579082
0.318819898101,0.000954110751813,0.00628318530718,11.0246419907
0.318819898101,0.000954110751813,0.00628318530718,11.0393791199
0.326751905741,0.00100394968154,0.00628318530718,11.0562899113
0.326751905741,0.00100394968154,0.00628318530718,11.0726420879
0.326751905741,0.00100394968154,0.00628318530718,11.0896809101
0.326751905741,0.00100394968154,0.00628318530718,11.106071949
0.326026937301,0.00099939451054,0.00698131700798,11.1226289272
0.326026937301,0.00099939451054,0.00698131700798,11.1394400597
0.326026937301,0.00099939451054,0.00698131700798,11.1572299004
0.328159187547,0.00101428066729,0.00733038285838,11.1727399826
0.328159187547,0.00101428066729,0.00733038285838,11.1895260811
0.328159187547,0.00101428066729,0.00733038285838,11.2062001228
0.328159187547,0.00101428066729,0.00733038285838,11.2238271236
0.32832976714,0.00101553110342,0.00750491578358,11.2392580509
0.32832976714,0.00101553110342,0.00750491578358,11.256731987
0.32832976714,0.00101553110342,0.00750491578358,11.272808075
Actuacion(lineal,angular) = 0.0641869067856,0.0557674199958
0.32832976714,0.00101553110342,0.00750491578358,11.2907819748
0.32832976714,0.00101553110342,0.00750491578358,11.3059639931
0.32832976714,0.00101553110342,0.00750491578358,11.3227679729
0.32832976714,0.00101553110342,0.00750491578358,11.3392961025
0.32832976714,0.00101553110342,0.00750491578358,11.3563771248
0.32832976714,0.00101553110342,0.00750491578358,11.3732829094
0.32832976714,0.00101553110342,0.00750491578358,11.3904950619
0.329864981495,0.00102705297417,0.00750491578358,11.4075679779
0.329864981495,0.00102705297417,0.00750491578358,11.422768116
0.329864981495,0.00102705297417,0.00750491578358,11.4393730164
0.329864981495,0.00102705297417,0.00750491578358,11.4558990002
0.331613420065,0.00104017510476,0.00767944870878,11.4726960659
Actuacion(lineal,angular) = 0.0454129803088,0.115780952634
0.331613420065,0.00104017510476,0.00767944870878,11.4893190861
0.331613420065,0.00104017510476,0.00767944870878,11.505892992
0.331613420065,0.00104017510476,0.00767944870878,11.5226359367
0.333830948972,0.00105720483903,0.00750491578358,11.539249897
0.333830948972,0.00105720483903,0.00750491578358,11.556499958
0.333830948972,0.00105720483903,0.00750491578358,11.5732541084
0.335025004581,0.00106616629407,0.00767944870878,11.5895359516
0.335025004581,0.00106616629407,0.00767944870878,11.606069088
0.335025004581,0.00106616629407,0.00767944870878,11.6226239204
0.335025004581,0.00106616629407,0.00767944870878,11.6398339272
0.336773440835,0.00107959358455,0.00785398163397,11.656484127
0.336773440835,0.00107959358455,0.00785398163397,11.6725940704
Actuacion(lineal,angular) = 0.0772669363112,0.175771382513
0.337242532852,0.0010832779004,0.00802851455917,11.6891930103
0.337242532852,0.0010832779004,0.00802851455917,11.705862999
0.337242532852,0.0010832779004,0.00802851455917,11.722714901
0.338649806954,0.00109457646377,0.00802851455917,11.7398059368
0.338649806954,0.00109457646377,0.00802851455917,11.7564640045
0.338905674972,0.00109663074802,0.00820304748437,11.7733130455
0.338905674972,0.00109663074802,0.00820304748437,11.7893691063
0.338905674972,0.00109663074802,0.00820304748437,11.8057971001
0.341080550049,0.00111447175172,0.00802851455917,11.8243598938
0.341080550049,0.00111447175172,0.00802851455917,11.8401110172
0.341080550049,0.00111447175172,0.00802851455917,11.8577849865
0.343426006886,0.00113330269068,0.00942477796077,11.8734910488
Actuacion(lineal,angular) = 0.0439754621331,0.235718610944
0.343426006886,0.00113330269068,0.00942477796077,11.8922510147
0.343426006886,0.00113330269068,0.00942477796077,11.905880928
0.344449466489,0.00114294885581,0.00925024503557,11.9235639572
0.344449466489,0.00114294885581,0.00925024503557,11.9402620792
0.347391917644,0.00117016802635,0.00977384381117,11.9575030804
0.347391917644,0.00117016802635,0.00977384381117,11.9734730721
0.347391917644,0.00117016802635,0.00977384381117,11.9896199703
0.349865270063,0.00119434295639,0.0102974425868,12.0059320927
0.349865270063,0.00119434295639,0.0102974425868,12.0258390903
0.349865270063,0.00119434295639,0.0102974425868,12.039345026
0.349865270063,0.00119434295639,0.0102974425868,12.0564599037
0.351101939775,0.00120707794187,0.0108210413624,12.0728189945
Actuacion(lineal,angular) = 0.0159537016914,0.295720413389
0.351101939775,0.00120707794187,0.0108210413624,12.0900380611
0.351101939775,0.00120707794187,0.0108210413624,12.1060569286
0.351698949438,0.0012135384603,0.0118682389136,12.1327109337
0.351698949438,0.0012135384603,0.0118682389136,12.1394820213
0.351698949438,0.0012135384603,0.0118682389136,12.1562509537
0.351698949438,0.0012135384603,0.0118682389136,12.1728711128
0.352210665927,0.00121961191901,0.0134390352404,12.1894030571
0.352210665927,0.00121961191901,0.0134390352404,12.2062959671
0.352210665927,0.00121961191901,0.0134390352404,12.2247440815
0.352210665927,0.00121961191901,0.0134390352404,12.2399930954
0.352466519086,0.00122305054564,0.0157079632679,12.256426096
0.352466519086,0.00122305054564,0.0157079632679,12.273170948
Actuacion(lineal,angular) = 0.00610712801139,0.355712345304
0.352466519086,0.00122305054564,0.0157079632679,12.2912340164
0.352509159869,0.00122372040059,0.0172787595947,12.3062479496
0.352509159869,0.00122372040059,0.0172787595947,12.3227050304
0.352509159869,0.00122372040059,0.0172787595947,12.3397459984
0.352509159869,0.00122372040059,0.0172787595947,12.3561360836
0.352764997938,0.00122814140506,0.0179768912955,12.3727250099
0.352764997938,0.00122814140506,0.0179768912955,12.3910620213
0.352764997938,0.00122814140506,0.0179768912955,12.406799078
0.352935554552,0.0012312078131,0.0200712863979,12.4235548973
0.352935554552,0.0012312078131,0.0200712863979,12.4392569065
0.352935554552,0.0012312078131,0.0200712863979,12.4570441246
0.352935554552,0.0012312078131,0.0200712863979,12.4742441177
Actuacion(lineal,angular) = 0.00315292318366,0.415705135526
0.353234016732,0.00123719913757,0.0226892802759,12.490185976
0.353234016732,0.00123719913757,0.0226892802759,12.5072789192
0.353234016732,0.00123719913757,0.0226892802759,12.5228309631
0.353234016732,0.00123719913757,0.0226892802759,12.5404350758
0.353404557002,0.00124106923769,0.0249582083035,12.5576400757
0.353404557002,0.00124106923769,0.0249582083035,12.5734319687
0.353404557002,0.00124106923769,0.0249582083035,12.5896229744
0.353660353577,0.00124745478782,0.0274016692563,12.6131470203
0.353660353577,0.00124745478782,0.0274016692563,12.622918129
0.353660353577,0.00124745478782,0.0274016692563,12.6452000141
0.353660353577,0.00124745478782,0.0274016692563,12.6563780308
0.353830873716,0.00125212849408,0.0303687289847,12.6732170582
Actuacion(lineal,angular) = 0.00196950271861,0.475708440008
0.353830873716,0.00125212849408,0.0303687289847,12.6911180019
0.353830873716,0.00125212849408,0.0303687289847,12.7063679695
0.354001379237,0.00125730812247,0.0359537825911,12.7226500511
0.354001379237,0.00125730812247,0.0359537825911,12.7398700714
0.354001379237,0.00125730812247,0.0359537825911,12.7565979958
0.354001379237,0.00125730812247,0.0376991118431,12.7728281021
0.354001379237,0.00125730812247,0.0376991118431,12.789675951
0.354299689438,0.00126855948283,0.0406661715715,12.8063640594
0.354299689438,0.00126855948283,0.0406661715715,12.8235249519
0.354299689438,0.00126855948283,0.0406661715715,12.8393390179
0.354342300224,0.00127029325622,0.0413643032723,12.8559539318
0.354342300224,0.00127029325622,0.0413643032723,12.8724989891
0.354342300224,0.00127029325622,0.0413643032723,12.8918950558
Actuacion(lineal,angular) = 0.00134043918758,0.535652950468
0.354683176749,0.00128440142346,0.0455530934771,12.9061079025
0.354683176749,0.00128440142346,0.0455530934771,12.9228610992
0.354683176749,0.00128440142346,0.0455530934771,12.9393010139
0.354810982163,0.00129022738579,0.0509636141582,12.9563570023
0.354810982163,0.00129022738579,0.0509636141582,12.972661972
0.354896163511,0.00129457229746,0.0520108117094,12.9902629852
0.354896163511,0.00129457229746,0.0520108117094,13.0065441132
0.354896163511,0.00129457229746,0.0520108117094,13.0225849152
0.354981340263,0.00129900640844,0.0549778714378,13.0392029285
0.354981340263,0.00129900640844,0.0549778714378,13.0585401058
0.354981340263,0.00129900640844,0.0549778714378,13.0735208988
Actuacion(lineal,angular) = 0.000961198266396,0.595667699041
0.355279411534,0.00131541026304,0.0598647933434,13.0918340683
0.355279411534,0.00131541026304,0.0598647933434,13.1058540344
0.355407120483,0.00132306467902,0.0623082542962,13.1225500107
0.355407120483,0.00132306467902,0.0623082542962,13.1403300762
0.355407120483,0.00132306467902,0.0623082542962,13.1562390327
0.355619936924,0.00133634208676,0.071733032257,13.1726551056
0.355619936924,0.00133634208676,0.071733032257,13.1914510727
0.355619936924,0.00133634208676,0.071733032257,13.2059800625
0.355705009665,0.00134245510118,0.0747000919854,13.2228190899
0.355705009665,0.00134245510118,0.0747000919854,13.2391660213
0.355705009665,0.00134245510118,0.0747000919854,13.2560880184
0.355960172354,0.00136155131034,0.0863937979737,13.272619009
Actuacion(lineal,angular) = 0.000713589579673,0.6556245119
0.355960172354,0.00136155131034,0.0863937979737,13.2912759781
0.355960172354,0.00136155131034,0.0998328332141,13.3058519363
0.355960172354,0.00136155131034,0.0998328332141,13.3227989674
0.355960172354,0.00136155131034,0.0998328332141,13.3394489288
0.355960172354,0.00136155131034,0.0998328332141,13.356564045
0.355705570138,0.00133604886925,0.114668131856,13.3727550507
0.355705570138,0.00133604886925,0.114668131856,13.3899469376
0.355705570138,0.00133604886925,0.118856922061,13.405962944
0.355705570138,0.00133604886925,0.118856922061,13.4226179123
0.355705570138,0.00133604886925,0.118856922061,13.4391469955
0.355705570138,0.00133604886925,0.132470490226,13.456291914
0.355705570138,0.00133604886925,0.132470490226,13.4726788998
Actuacion(lineal,angular) = 0.000583406342661,0.7
0.355705570138,0.00133604886925,0.132470490226,13.4892609119
0.355916932165,0.00136421303934,0.147654854719,13.5059440136
0.355916932165,0.00136421303934,0.147654854719,13.5235979557
0.355916932165,0.00136421303934,0.147654854719,13.5397100449
0.355916932165,0.00136421303934,0.147654854719,13.5560379028
0.356001296175,0.00137676111857,0.168075206967,13.5727880001
0.356001296175,0.00137676111857,0.168075206967,13.5895719528
0.356001296175,0.00137676111857,0.168075206967,13.606112957
0.355917205973,0.00136249303241,0.184830367786,13.6229228973
0.355917205973,0.00136249303241,0.184830367786,13.6396279335
0.355917205973,0.00136249303241,0.184830367786,13.656496048
0.355917205973,0.00136249303241,0.184830367786,13.6728630066
Actuacion(lineal,angular) = 0.000580785563537,0.7
0.355917205973,0.00136249303241,0.204552588334,13.6894440651
0.355917205973,0.00136249303241,0.204552588334,13.7058680058
0.355917205973,0.00136249303241,0.204552588334,13.7230710983
0.356209504678,0.00142313159928,0.222354946704,13.7392981052
0.356209504678,0.00142313159928,0.222354946704,13.7563889027
0.356209504678,0.00142313159928,0.222354946704,13.7741820812
0.356209504678,0.00142313159928,0.222354946704,13.7922449112
0.356292696946,0.0014419408249,0.239982772149,13.8059360981
0.356292696946,0.0014419408249,0.239982772149,13.8226048946
0.356209849152,0.00142166809878,0.244869694055,13.8391411304
0.356209849152,0.00142166809878,0.244869694055,13.8564059734
0.356209849152,0.00142166809878,0.244869694055,13.8725390434
0.356251223019,0.00143200677534,0.262322986575,13.8892450333
Actuacion(lineal,angular) = 0.000581449468786,0.7
0.356251223019,0.00143200677534,0.262322986575,13.9060471058
0.356251223019,0.00143200677534,0.262322986575,13.9227740765
0.356210035888,0.00142094759987,0.268955237732,13.9390919209
0.356210035888,0.00142094759987,0.268955237732,13.9561049938
0.356415600278,0.00147760806806,0.289201057055,13.9725580215
0.356415600278,0.00147760806806,0.289201057055,13.9910609722
0.356415600278,0.00147760806806,0.289201057055,14.0059280396
0.3565382254,0.0015140943029,0.307003415426,14.0226659775
0.3565382254,0.0015140943029,0.307003415426,14.039495945
0.3565382254,0.0015140943029,0.307003415426,14.0563650131
0.3565382254,0.0015140943029,0.307003415426,14.0728321075
0.356375617155,0.00146254316375,0.320966049442,14.0915400982
Actuacion(lineal,angular) = 0.000580594296265,0.7
0.356375617155,0.00146254316375,0.320966049442,14.1060330868
0.356375617155,0.00146254316375,0.320966049442,14.1239109039
0.356335148997,0.0014490890438,0.339292006588,14.1393370628
0.356335148997,0.0014490890438,0.339292006588,14.1569609642
0.356335148997,0.0014490890438,0.339292006588,14.1728229523
0.356335148997,0.0014490890438,0.339292006588,14.1892380714
0.356536223078,0.00152005622877,0.36320301734,14.2067930698
0.356536223078,0.00152005622877,0.36320301734,14.222867012
0.356615951024,0.00155035795879,0.369311669722,14.2392590046
0.356615951024,0.00155035795879,0.369311669722,14.2559759617
0.356615951024,0.00155035795879,0.369311669722,14.2725930214
Actuacion(lineal,angular) = 0.000581263684291,0.7
0.356655721703,0.00156575205476,0.384496034214,14.2892799377
0.356655721703,0.00156575205476,0.384496034214,14.3059530258
0.356655721703,0.00156575205476,0.384496034214,14.3228309155
0.356576656996,0.00153375967354,0.398982267006,14.3392550945
0.356576656996,0.00153375967354,0.398982267006,14.3562150002
0.356576656996,0.00153375967354,0.398982267006,14.3725640774
0.356576656996,0.00153375967354,0.398982267006,14.3894610405
0.356655249975,0.0015668940077,0.419228086329,14.4058558941
0.356655249975,0.0015668940077,0.419228086329,14.4230949879
0.356655249975,0.0015668940077,0.419228086329,14.4395530224
0.356655249975,0.0015668940077,0.419228086329,14.4561960697
0.356966874317,0.00170576846433,0.44174283368,14.4727079868
Actuacion(lineal,angular) = 0.000581232975159,0.7
0.356966874317,0.00170576846433,0.44174283368,14.490404129
0.356966874317,0.00170576846433,0.44174283368,14.5059769154
0.356889769591,0.00166930476183,0.458847060349,14.5227630138
0.356889769591,0.00166930476183,0.458847060349,14.5393049717
0.356889769591,0.00166930476183,0.458847060349,14.5561931133
0.356889769591,0.00166930476183,0.458847060349,14.5727539062
0.356928004488,0.00168819332244,0.476300352869,14.5895009041
0.356928004488,0.00168819332244,0.476300352869,14.6058568954
0.356928004488,0.00168819332244,0.476300352869,14.6227030754
0.357003803334,0.00172729927195,0.501084028248,14.639291048
0.357003803334,0.00172729927195,0.501084028248,14.6563220024
0.357003803334,0.00172729927195,0.501084028248,14.6731050014
0.357003803334,0.00172729927195,0.501084028248,14.689273119
0.35719081953,0.00182973007641,0.521504380496,14.7060821056
0.35719081953,0.00182973007641,0.521504380496,14.7225000858
0.35719081953,0.00182973007641,0.521504380496,14.7398519516
0.357227796665,0.00185097570041,0.539830337642,14.7567470074
0.357227796665,0.00185097570041,0.539830337642,14.7726070881
0.357227796665,0.00185097570041,0.539830337642,14.791107893
0.357227796665,0.00185097570041,0.539830337642,14.8058760166
0.35711805186,0.00178521672041,0.558330827713,14.8225929737
0.35711805186,0.00178521672041,0.558330827713,14.839247942
0.35711805186,0.00178521672041,0.558330827713,14.8562660217
0.35711805186,0.00178521672041,0.558330827713,14.8726570606
0.357371240742,0.00194336525545,0.583463568942,14.8894169331
Actuacion(lineal,angular) = 0.0144717030145,-0.239702036109
0.357371240742,0.00194336525545,0.583463568942,14.9059231281
0.357442422066,0.00199035418425,0.590095820099,14.9226160049
0.357442422066,0.00199035418425,0.590095820099,14.9394960403
0.357442422066,0.00199035418425,0.590095820099,14.9593698978
0.357938498895,0.00232257407449,0.606501915068,14.972990036
0.357938498895,0.00232257407449,0.606501915068,14.9894659519
0.358218818828,0.00251703893139,0.611214304048,15.0059120655
0.358218818828,0.00251703893139,0.611214304048,15.0228300095
0.358218818828,0.00251703893139,0.611214304048,15.0391530991
0.358358519043,0.00261493076608,0.616450291804,15.0559999943
0.358358519043,0.00261493076608,0.616450291804,15.0724260807
Actuacion(lineal,angular) = 0.00994225492067,-0.299739529815
0.358358519043,0.00261493076608,0.616450291804,15.092236042
0.35853250122,0.00273820821368,0.615577627178,15.1058831215
0.35853250122,0.00273820821368,0.615577627178,15.1226789951
0.35853250122,0.00273820821368,0.615577627178,15.1393809319
0.358741408849,0.00288595890079,0.614704962552,15.156263113
0.358741408849,0.00288595890079,0.614704962552,15.1729109287
0.358741408849,0.00288595890079,0.614704962552,15.1915860176
0.358741408849,0.00288595890079,0.614704962552,15.2060439587
0.358811087678,0.00293514834232,0.613832297926,15.2228131294
0.358811087678,0.00293514834232,0.613832297926,15.2401890755
0.358811087678,0.00293514834232,0.613832297926,15.2558910847
0.358811087678,0.00293514834232,0.613832297926,15.272701025
Actuacion(lineal,angular) = 0.00733426867968,-0.322246833421
0.358845948542,0.0029597126506,0.613832297926,15.2904269695
0.358845948542,0.0029597126506,0.613832297926,15.3061070442
0.358845948542,0.0029597126506,0.613832297926,15.3226499557
0.358845948542,0.0029597126506,0.613308699151,15.3392419815
0.358845948542,0.0029597126506,0.613308699151,15.3569319248
0.358845948542,0.0029597126506,0.613308699151,15.372713089
0.358845948542,0.0029597126506,0.613308699151,15.3894760609
0.358880822263,0.0029842587024,0.6129596333,15.4058570862
0.358880822263,0.0029842587024,0.6129596333,15.4226570129
0.358880822263,0.0029842587024,0.6129596333,15.43927598
0.358880822263,0.0029842587024,0.6129596333,15.4560050964
0.358880822263,0.0029842587024,0.6129596333,15.4725999832
Actuacion(lineal,angular) = 0.00702340704606,-0.320977438665
0.358880822263,0.0029842587024,0.6129596333,15.4896240234
0.358880822263,0.0029842587024,0.6129596333,15.5060400963
0.358880822263,0.0029842587024,0.612785100375,15.5225179195
0.358880822263,0.0029842587024,0.612785100375,15.5399460793
0.358880822263,0.0029842587024,0.612785100375,15.5559210777
0.358880822263,0.0029842587024,0.6129596333,15.5737760067
0.358880822263,0.0029842587024,0.6129596333,15.5892429352
0.358880822263,0.0029842587024,0.6129596333,15.6060249805
0.358880822263,0.0029842587024,0.6129596333,15.6228411198
0.358880822263,0.0029842587024,0.6129596333,15.6394441128
0.358880822263,0.0029842587024,0.6129596333,15.6558899879
0.358880822263,0.0029842587024,0.6129596333,15.6734199524
Actuacion(lineal,angular) = 0.00699095535599,-0.320965141942
0.358880822263,0.0029842587024,0.6129596333,15.6900770664
0.358880822263,0.0029842587024,0.612785100375,15.7059469223
0.358880822263,0.0029842587024,0.612785100375,15.7226629257
0.358880822263,0.0029842587024,0.612785100375,15.7392129898
0.3589505954,0.00303331427961,0.612785100375,15.7558720112
0.3589505954,0.00303331427961,0.612785100375,15.7727820873
0.3589505954,0.00303331427961,0.612785100375,15.7891569138
0.3589505954,0.00303331427961,0.612785100375,15.8058550358
0.359090141675,0.00313142543402,0.61261056745,15.8226721287
0.359090141675,0.00313142543402,0.61261056745,15.8392128944
0.359090141675,0.00313142543402,0.61261056745,15.8560490608
0.359194814222,0.00320499053214,0.611214304048,15.8727109432
Actuacion(lineal,angular) = 0.007053945316,-0.31982350128
0.359194814222,0.00320499053214,0.611214304048,15.889081955
0.359194814222,0.00320499053214,0.611214304048,15.9058539867
0.359194814222,0.00320499053214,0.611214304048,15.923224926
0.359299589383,0.00327840940816,0.609643507722,15.9392020702
0.359299589383,0.00327840940816,0.609643507722,15.955835104
0.359299589383,0.00327840940816,0.609468974796,15.9729189873
0.359299589383,0.00327840940816,0.609468974796,15.9894371033
0.359299589383,0.00327840940816,0.609468974796,16.0065219402
0.359369524811,0.00332723333958,0.608421777245,16.0233829021
0.359369524811,0.00332723333958,0.608421777245,16.0400269032
0.359369524811,0.00332723333958,0.608421777245,16.0560069084
0.359369524811,0.00332723333958,0.60824724432,16.0727760792
Actuacion(lineal,angular) = 0.00746178527407,-0.314052304844
0.359369524811,0.00332723333958,0.60824724432,16.0896480083
0.359439519836,0.00337597179234,0.60789817847,16.1058130264
0.359439519836,0.00337597179234,0.60789817847,16.1227140427
0.359439519836,0.00337597179234,0.60789817847,16.1391100883
0.35950953187,0.00342468580926,0.607200046769,16.1561989784
0.35950953187,0.00342468580926,0.607200046769,16.1725409031
0.35950953187,0.00342468580926,0.607200046769,16.1895480156
0.359579577895,0.00347335093669,0.606850980918,16.2060310841
0.359579577895,0.00347335093669,0.606850980918,16.2226750851
0.359579577895,0.00347335093669,0.606152849218,16.2392430305
0.359579577895,0.00347335093669,0.606152849218,16.2558479309
0.359579577895,0.00347335093669,0.606152849218,16.2726070881
0.35961462637,0.00349764681106,0.605978316292,16.289814949
Actuacion(lineal,angular) = 0.007776618542,-0.310638990463
0.35961462637,0.00349764681106,0.605978316292,16.305893898
0.35961462637,0.00349764681106,0.605978316292,16.3226420879
0.359649679084,0.00352193656795,0.605803783367,16.339097023
0.359649679084,0.00352193656795,0.605803783367,16.3560659885
0.359649679084,0.00352193656795,0.605803783367,16.3724620342
0.359719792991,0.00357050384527,0.605454717517,16.3891980648
0.359719792991,0.00357050384527,0.605454717517,16.4057559967
0.359719792991,0.00357050384527,0.605454717517,16.4225640297
0.359789923847,0.00361904664526,0.605280184592,16.4391798973
0.359789923847,0.00361904664526,0.605280184592,16.455960989
0.359895132837,0.00369184248393,0.604407519966,16.4727599621
Actuacion(lineal,angular) = 0.00795404520102,-0.309033705398
0.359895132837,0.00369184248393,0.604407519966,16.4893260002
0.359895132837,0.00369184248393,0.604407519966,16.5061719418
0.359930223662,0.0037160771502,0.603360322414,16.5225999355
0.359930223662,0.0037160771502,0.603360322414,16.5390539169
0.359930223662,0.0037160771502,0.603360322414,16.5557730198
0.359965339847,0.00374027505616,0.602487657788,16.5726380348
0.359965339847,0.00374027505616,0.602487657788,16.5893359184
0.359965339847,0.00374027505616,0.602487657788,16.6063010693
0.359965339847,0.00374027505616,0.602487657788,16.6225850582
0.359965339847,0.00374027505616,0.602487657788,16.6391870975
0.359965339847,0.00374027505616,0.602487657788,16.6560599804
0.360105888999,0.00383694406454,0.602313124863,16.6728100777
Actuacion(lineal,angular) = 0.00829056287546,-0.305176909626
0.360105888999,0.00383694406454,0.602313124863,16.6899440289
0.360105888999,0.00383694406454,0.602313124863,16.7058320045
0.360246455021,0.00393358854099,0.601614993162,16.7226309776
0.360246455021,0.00393358854099,0.601614993162,16.7391240597
0.360246455021,0.00393358854099,0.601614993162,16.7562980652
0.36031677175,0.00398186170065,0.600218729761,16.772799015
0.36031677175,0.00398186170065,0.600218729761,16.7907810211
0.36031677175,0.00398186170065,0.600218729761,16.8070399761
0.36031677175,0.00398186170065,0.600218729761,16.8229050636
0.360387155813,0.00403003663261,0.599346065135,16.8391311169
0.360387155813,0.00403003663261,0.599346065135,16.8568160534
0.360387155813,0.00403003663261,0.599346065135,16.8725910187
0.360387155813,0.00403003663261,0.599346065135,16.8894379139
Actuacion(lineal,angular) = 0.00875096731861,-0.30037945118
0.360457581889,0.00407815012455,0.598647933434,16.9057919979
0.360457581889,0.00407815012455,0.598647933434,16.9225070477
0.360457581889,0.00407815012455,0.598647933434,16.9392330647
0.360633731011,0.00419831090841,0.597775268808,16.956043005
0.360633731011,0.00419831090841,0.597775268808,16.9728090763
0.360633731011,0.00419831090841,0.597775268808,16.9895420074
0.360633731011,0.00419831090841,0.597775268808,17.0059370995
0.360704232577,0.00424631371602,0.596553538332,17.0227060318
0.360704232577,0.00424631371602,0.596553538332,17.0391860008
0.360704232577,0.00424631371602,0.596204472481,17.0558540821
0.360704232577,0.00424631371602,0.596204472481,17.0726089478
Actuacion(lineal,angular) = 0.00924632428121,-0.295857740297
0.360704232577,0.00424631371602,0.596204472481,17.0891599655
0.360810097899,0.00431815172327,0.59550634078,17.1058859825
0.360810097899,0.00431815172327,0.59550634078,17.1226160526
0.360810097899,0.00431815172327,0.59550634078,17.1392529011
0.360810097899,0.00431815172327,0.595331807855,17.1558160782
0.360810097899,0.00431815172327,0.595331807855,17.1729259491
0.36098664452,0.00443772771491,0.594633676154,17.1893270016
0.36098664452,0.00443772771491,0.594633676154,17.2060630322
0.36098664452,0.00443772771491,0.594633676154,17.2229690552
0.361127948566,0.00453328988268,0.593586478603,17.2394680977
0.361127948566,0.00453328988268,0.593586478603,17.256567955
0.361127948566,0.00453328988268,0.593586478603,17.2732229233
Actuacion(lineal,angular) = 0.00973576826543,-0.291719142531
0.361269352607,0.00462870402483,0.592015682276,17.2903189659
0.361269352607,0.00462870402483,0.592015682276,17.3060750961
0.361269352607,0.00462870402483,0.592015682276,17.3225769997
0.361269352607,0.00462870402483,0.592015682276,17.3406710625
0.361410906349,0.00472389593241,0.590619418875,17.3567581177
0.361410906349,0.00472389593241,0.590619418875,17.3727900982
0.361410906349,0.00472389593241,0.590619418875,17.3892049789
0.361658857755,0.00489013572736,0.589048622548,17.405864954
0.361658857755,0.00489013572736,0.589048622548,17.4224560261
0.361658857755,0.00489013572736,0.589048622548,17.439371109
0.361765234424,0.00496121434545,0.588699556698,17.4563848972
0.361765234424,0.00496121434545,0.588699556698,17.4734110832
Actuacion(lineal,angular) = 0.0106210657808,-0.284686977016
0.361765234424,0.00496121434545,0.588699556698,17.4907031059
0.362084438847,0.00517433878933,0.585907029894,17.5061600208
0.362084438847,0.00517433878933,0.585907029894,17.5227799416
0.362084438847,0.00517433878933,0.585907029894,17.5392410755
0.362439770327,0.00541015237504,0.582590904316,17.5566079617
0.362439770327,0.00541015237504,0.582590904316,17.5726780891
0.362439770327,0.00541015237504,0.582590904316,17.5892241001
0.362439770327,0.00541015237504,0.582590904316,17.6067290306
0.36279588184,0.00564478634251,0.578925712887,17.6226389408
0.36279588184,0.00564478634251,0.578925712887,17.6391639709
0.36279588184,0.00564478634251,0.578925712887,17.6559569836
0.363081457118,0.00583144808454,0.574911455607,17.6726939678
Actuacion(lineal,angular) = 0.0128852803547,-0.268033511511
0.363081457118,0.00583144808454,0.574911455607,17.6893520355
0.363081457118,0.00583144808454,0.574911455607,17.7059919834
0.363081457118,0.00583144808454,0.574911455607,17.7226691246
0.363367779401,0.00601696195306,0.571944395879,17.7391309738
0.363367779401,0.00601696195306,0.571944395879,17.7560250759
0.363367779401,0.00601696195306,0.571944395879,17.7726271152
0.363654650854,0.00620162547093,0.569500934926,17.7895131111
0.363654650854,0.00620162547093,0.569500934926,17.8058481216
0.363654650854,0.00620162547093,0.569500934926,17.8225169182
0.363654650854,0.00620162547093,0.569500934926,17.8391649723
0.363941972668,0.00638558747904,0.567057473973,17.8562281132
0.363941972668,0.00638558747904,0.567057473973,17.8728420734
Actuacion(lineal,angular) = 0.0161240310475,-0.252573203697
0.363941972668,0.00638558747904,0.567057473973,17.8901860714
0.363941972668,0.00638558747904,0.567057473973,17.9065070152
0.364085857898,0.00647721717904,0.565137611796,17.92258811
0.364085857898,0.00647721717904,0.565137611796,17.9393970966
0.364085857898,0.00647721717904,0.565137611796,17.9560310841
0.36433796444,0.00663708543915,0.563217749619,17.9727239609
0.36433796444,0.00663708543915,0.563217749619,17.9894559383
0.36433796444,0.00663708543915,0.563217749619,18.0062890053
0.36433796444,0.00663708543915,0.563217749619,18.0234379768
0.364662495443,0.00684200766824,0.560948821591,18.0397460461
0.364662495443,0.00684200766824,0.560948821591,18.0561919212
0.364662495443,0.00684200766824,0.560948821591,18.0727081299
Actuacion(lineal,angular) = 0.0193282854306,-0.242526782794
0.364951379995,0.00702350577026,0.558505360638,18.0892400742
0.364951379995,0.00702350577026,0.558505360638,18.1057579517
0.364951379995,0.00702350577026,0.558505360638,18.122606039
0.365096043581,0.00711390161165,0.557283630162,18.1392660141
0.365096043581,0.00711390161165,0.557283630162,18.1559009552
0.365494171855,0.0073620039553,0.554665636284,18.1730320454
0.365494171855,0.0073620039553,0.554665636284,18.1892740726
0.365494171855,0.0073620039553,0.554665636284,18.2061479092
0.365602929065,0.00742938373637,0.553792971658,18.2228410244
0.365602929065,0.00742938373637,0.553792971658,18.2393140793
0.365602929065,0.00742938373637,0.553792971658,18.2558829784
0.366001920952,0.00767609484148,0.550302313154,18.2725009918
Actuacion(lineal,angular) = 0.0237511926107,-0.230670207307
0.366001920952,0.00767609484148,0.550302313154,18.2893619537
0.366547171822,0.00801061783303,0.545415391248,18.3060309887
0.366547171822,0.00801061783303,0.545415391248,18.3225719929
0.366547171822,0.00801061783303,0.545415391248,18.3395879269
0.366547171822,0.00801061783303,0.545415391248,18.3562219143
0.367094050963,0.00834247224223,0.540353936417,18.3726170063
0.367094050963,0.00834247224223,0.540353936417,18.3893110752
0.367094050963,0.00834247224223,0.540353936417,18.4059140682
0.367094050963,0.00834247224223,0.540353936417,18.4225900173
0.367532892399,0.00860573797518,0.535467014512,18.4392080307
0.367532892399,0.00860573797518,0.535467014512,18.4560310841
0.367532892399,0.00860573797518,0.535467014512,18.472851038
Actuacion(lineal,angular) = 0.0369857509054,-0.203809613667
0.368083045836,0.00893213549269,0.530231026756,18.4890909195
0.368083045836,0.00893213549269,0.530231026756,18.5059421062
0.368083045836,0.00893213549269,0.530231026756,18.5229570866
0.36826699747,0.0090399729793,0.528834763354,18.5400841236
0.36826699747,0.0090399729793,0.528834763354,18.5560269356
0.369077046375,0.00951332734052,0.524471440224,18.5732700825
0.369077046375,0.00951332734052,0.524471440224,18.5895090103
0.369077046375,0.00951332734052,0.524471440224,18.605825901
0.369077046375,0.00951332734052,0.524471440224,18.6226398945
0.370147550511,0.0101326294077,0.519933584169,18.6393840313
0.370147550511,0.0101326294077,0.519933584169,18.6561119556
0.370147550511,0.0101326294077,0.519933584169,18.6732430458
Actuacion(lineal,angular) = 0.0642238702572,-0.180578559438
0.371479927155,0.0108953799215,0.517315590291,18.6893179417
0.371479927155,0.0108953799215,0.517315590291,18.7058329582
0.371479927155,0.0108953799215,0.517315590291,18.7226319313
0.371479927155,0.0108953799215,0.517315590291,18.7391009331
0.372628967086,0.0115491869283,0.51661745859,18.756072998
0.372628967086,0.0115491869283,0.51661745859,18.7727329731
0.372628967086,0.0115491869283,0.51661745859,18.7893390656
0.374075107333,0.012370708928,0.51626839274,18.805932045
0.374075107333,0.012370708928,0.51626839274,18.822439909
0.374075107333,0.012370708928,0.51626839274,18.839247942
0.374075107333,0.012370708928,0.51626839274,18.8566279411
0.376114940176,0.0135285536288,0.515395728114,18.8727209568
Actuacion(lineal,angular) = 0.0946430795365,-0.17555594133
0.376114940176,0.0135285536288,0.515395728114,18.8895659447
0.376114940176,0.0135285536288,0.515395728114,18.9059300423
0.378601057373,0.0149368499815,0.514872129338,18.9225230217
0.378601057373,0.0149368499815,0.514872129338,18.9397621155
0.378601057373,0.0149368499815,0.514872129338,18.9563150406
0.379269167468,0.0153148484856,0.514523063488,18.9727230072
0.379269167468,0.0153148484856,0.514523063488,18.9894349575
0.379269167468,0.0153148484856,0.514523063488,19.0061280727
0.382721751133,0.0172666356965,0.512777734236,19.024064064
0.382721751133,0.0172666356965,0.512777734236,19.0394859314
0.382721751133,0.0172666356965,0.512777734236,19.0563149452
0.386103413793,0.019170549777,0.510683339134,19.0733089447
Actuacion(lineal,angular) = 0.13398341918,-0.169716733554
0.386103413793,0.019170549777,0.510683339134,19.0899000168
0.386103413793,0.019170549777,0.510683339134,19.106167078
0.389786695508,0.0212341312038,0.508588944031,19.1225790977
0.389786695508,0.0212341312038,0.508588944031,19.1393051147
0.389786695508,0.0212341312038,0.508588944031,19.1577849388
0.391053142478,0.0219401850465,0.508239878181,19.1741061211
0.391053142478,0.0219401850465,0.508239878181,19.1899290085
0.391053142478,0.0219401850465,0.508239878181,19.2070870399
0.395970893139,0.0246796188071,0.50754174648,19.2226970196
0.395970893139,0.0246796188071,0.50754174648,19.2394220829
0.395970893139,0.0246796188071,0.50754174648,19.2560479641
0.397536240122,0.0255501642157,0.506843614779,19.2726380825
Actuacion(lineal,angular) = 0.15294129566,-0.162509199588
0.397536240122,0.0255501642157,0.506843614779,19.2899811268
0.403091649627,0.0286346500337,0.504749219677,19.3065009117
0.403091649627,0.0286346500337,0.504749219677,19.3243141174
0.403091649627,0.0286346500337,0.504749219677,19.3408191204
0.408690834977,0.0317281169857,0.503876555051,19.3573291302
0.408690834977,0.0317281169857,0.503876555051,19.3729739189
0.408690834977,0.0317281169857,0.503876555051,19.3901460171
0.41455413895,0.0349608302625,0.5035274892,19.4072029591
0.41455413895,0.0349608302625,0.5035274892,19.4232358932
0.41455413895,0.0349608302625,0.5035274892,19.4392199516
0.41455413895,0.0349608302625,0.5035274892,19.4559309483
0.420680042489,0.0383355391141,0.503003890425,19.4733629227
Actuacion(lineal,angular) = 0.153565705434,-0.156597573613
0.420680042489,0.0383355391141,0.503003890425,19.4898269176
0.420680042489,0.0383355391141,0.503003890425,19.5059840679
0.427143986737,0.041892061377,0.501956692874,19.5227770805
0.427143986737,0.041892061377,0.501956692874,19.5392041206
0.427143986737,0.041892061377,0.501956692874,19.555948019
0.429312336881,0.0430821514041,0.501084028248,19.5726299286
0.429312336881,0.0430821514041,0.501084028248,19.5893220901
0.429312336881,0.0430821514041,0.501084028248,19.6066219807
0.435783097245,0.0466262572381,0.500734962397,19.6230690479
0.435783097245,0.0466262572381,0.500734962397,19.6396310329
0.435783097245,0.0466262572381,0.500734962397,19.6561260223
0.44191840085,0.0499838462038,0.500036830696,19.6735210419
Actuacion(lineal,angular) = 0.143815331502,-0.152306907325
0.44191840085,0.0499838462038,0.500036830696,19.6892828941
0.44191840085,0.0499838462038,0.500036830696,19.7062160969
0.448018622328,0.0533167041206,0.499687764846,19.7227339745
0.448018622328,0.0533167041206,0.499687764846,19.7396609783
0.448018622328,0.0533167041206,0.499687764846,19.756896019
0.448018622328,0.0533167041206,0.499687764846,19.7736239433
0.454456893082,0.0568313377009,0.499513231921,19.7895851135
0.454456893082,0.0568313377009,0.499513231921,19.8079969883
0.456440967826,0.0579139889877,0.499338698996,19.8226571083
0.456440967826,0.0579139889877,0.499338698996,19.8409729004
0.456440967826,0.0579139889877,0.499338698996,19.8560531139
0.462693270339,0.0613242707297,0.499338698996,19.8732349873
Actuacion(lineal,angular) = 0.132796884807,-0.150530207706
0.462693270339,0.0613242707297,0.499338698996,19.8895549774
0.462693270339,0.0613242707297,0.499338698996,19.9062640667
0.468833256041,0.0646732899254,0.499338698996,19.9233129025
0.468833256041,0.0646732899254,0.499338698996,19.9402179718
0.468833256041,0.0646732899254,0.499338698996,19.955958128
0.468833256041,0.0646732899254,0.499338698996,19.9728450775
0.47474860812,0.0678997840285,0.49881510022,19.9893109798
0.47474860812,0.0678997840285,0.49881510022,20.0061609745
0.47474860812,0.0678997840285,0.49881510022,20.0229940414
0.47474860812,0.0678997840285,0.49881510022,20.0396540165
0.480590749528,0.0710823779325,0.498116968519,20.0560770035
0.480590749528,0.0710823779325,0.498116968519,20.073184967
0.480590749528,0.0710823779325,0.498116968519,20.0893290043
0.4860604728,0.0740571415448,0.497942435594,20.1067490578
0.4860604728,0.0740571415448,0.497942435594,20.1230881214
0.4860604728,0.0740571415448,0.497942435594,20.1400179863
0.4860604728,0.0740571415448,0.497942435594,20.1565039158
0.491643117425,0.0770920561277,0.496720705118,20.1733739376
0.491643117425,0.0770920561277,0.496720705118,20.1901810169
0.491643117425,0.0770920561277,0.496720705118,20.206895113
0.497679372976,0.0803640211279,0.494975375866,20.2225310802
0.497679372976,0.0803640211279,0.494975375866,20.2391819954
0.497679372976,0.0803640211279,0.494975375866,20.256581068
0.499518229457,0.0813566286662,0.494626310015,20.2725999355
0.499518229457,0.0813566286662,0.494626310015,20.2894160748
0.505373650791,0.0845147232163,0.493404579539,20.3062729836
0.505373650791,0.0845147232163,0.493404579539,20.3232419491
0.505373650791,0.0845147232163,0.493404579539,20.3393270969
0.507214064187,0.0855044410622,0.493230046614,20.3557949066
0.507214064187,0.0855044410622,0.493230046614,20.3730039597
0.507214064187,0.0855044410622,0.493230046614,20.3894650936
0.513186578289,0.0887149321291,0.492182849062,20.4059998989
0.513186578289,0.0887149321291,0.492182849062,20.4245090485
0.513186578289,0.0887149321291,0.492182849062,20.4392371178
0.519237619346,0.0919594718762,0.49008845396,20.4562020302
0.519237619346,0.0919594718762,0.49008845396,20.4730529785
0.519237619346,0.0919594718762,0.49008845396,20.4898350239
0.525182563782,0.0951311102637,0.488517657633,20.506141901
0.525182563782,0.0951311102637,0.488517657633,20.5228350163
0.525182563782,0.0951311102637,0.488517657633,20.5394248962
0.525182563782,0.0951311102637,0.488517657633,20.5566520691
0.531207798312,0.098333435511,0.486772328381,20.573816061
0.531207798312,0.098333435511,0.486772328381,20.590503931
0.531207798312,0.098333435511,0.486772328381,20.606112957
0.534185512952,0.0999093889123,0.484503400354,20.6224899292
0.534185512952,0.0999093889123,0.484503400354,20.6398189068
0.534185512952,0.0999093889123,0.484503400354,20.6559920311
0.534185512952,0.0999093889123,0.484503400354,20.6730339527
Actuacion(lineal,angular) = 0.0908848347482,-0.210629499508
0.535015743577,0.100346379404,0.484503400354,20.689414978
0.535015743577,0.100346379404,0.484503400354,20.7061550617
0.535015743577,0.100346379404,0.484503400354,20.7227430344
0.534940268066,0.100306652996,0.485550597905,20.7400329113
0.534940268066,0.100306652996,0.485550597905,20.7561759949
0.534940268066,0.100306652996,0.485550597905,20.7726070881
0.534940268066,0.100306652996,0.485550597905,20.7892849445
0.536599813174,0.101182372331,0.487644993007,20.8059680462
0.536599813174,0.101182372331,0.487644993007,20.8230090141
0.536599813174,0.101182372331,0.487644993007,20.8396539688
0.536599813174,0.101182372331,0.487644993007,20.8561170101
0.539274750062,0.102601070377,0.484852466204,20.8735289574
Actuacion(lineal,angular) = 0.0324604891401,-0.270535600735
0.539274750062,0.102601070377,0.484852466204,20.8895831108
0.539274750062,0.102601070377,0.484852466204,20.907047987
0.542859177943,0.104489326091,0.482932604027,20.9225289822
0.542859177943,0.104489326091,0.482932604027,20.939191103
0.542859177943,0.104489326091,0.482932604027,20.9567809105
0.542859177943,0.104489326091,0.482932604027,20.9729039669
0.544974236911,0.105598344568,0.480489143074,20.989675045
0.544974236911,0.105598344568,0.480489143074,21.0066521168
0.544974236911,0.105598344568,0.480489143074,21.0227189064
0.546184386908,0.106229114344,0.479441945523,21.0402510166
0.546184386908,0.106229114344,0.479441945523,21.0557849407
0.546184386908,0.106229114344,0.479441945523,21.0745389462
Actuacion(lineal,angular) = 0.00985812013354,-0.33055063541
0.546184386908,0.106229114344,0.479441945523,21.0892620087
0.546373575951,0.106327474057,0.476823951645,21.1060631275
0.546373575951,0.106327474057,0.476823951645,21.1225609779
0.546373575951,0.106327474057,0.476823951645,21.1393299103
0.546373575951,0.106327474057,0.476823951645,21.1569929123
0.54679035693,0.106542775035,0.476823951645,21.1728229523
0.54679035693,0.106542775035,0.476823951645,21.189551115
0.54679035693,0.106542775035,0.476823951645,21.206444025
0.546941913649,0.106621066299,0.474555023617,21.2231910229
0.546941913649,0.106621066299,0.474555023617,21.2410440445
0.546941913649,0.106621066299,0.474555023617,21.2582991123
0.546979847141,0.106640553097,0.474380490692,21.2760269642
Actuacion(lineal,angular) = 0.00411253722719,-0.390574610782
0.546979847141,0.106640553097,0.474380490692,21.289552927
0.546979847141,0.106640553097,0.474380490692,21.3072900772
0.547055720925,0.106679513452,0.474205957767,21.3235681057
0.547055720925,0.106679513452,0.474205957767,21.3412249088
0.547055720925,0.106679513452,0.474205957767,21.3560070992
0.547093661216,0.106698987007,0.473158760216,21.3742489815
0.547093661216,0.106698987007,0.473158760216,21.3898859024
0.54713162188,0.106718420821,0.472809694365,21.4070599079
0.54713162188,0.106718420821,0.472809694365,21.422727108
0.54713162188,0.106718420821,0.472809694365,21.439426899
0.547207556769,0.106757261945,0.472460628515,21.4563279152
0.547207556769,0.106757261945,0.472460628515,21.4735889435
Actuacion(lineal,angular) = 0.00236818025584,-0.450521839214
0.547207556769,0.106757261945,0.472460628515,21.4891500473
0.547397427876,0.106854298483,0.471413430964,21.5067059994
0.547397427876,0.106854298483,0.471413430964,21.5227789879
0.547473416924,0.106893033544,0.471064365113,21.5392289162
0.547473416924,0.106893033544,0.471064365113,21.5564200878
0.547473416924,0.106893033544,0.471064365113,21.5728421211
0.547739425899,0.107028513411,0.468969970011,21.5894980431
0.547739425899,0.107028513411,0.468969970011,21.6062059402
0.547739425899,0.107028513411,0.468969970011,21.6227350235
0.548043759773,0.107182710488,0.466526509058,21.6403279305
0.548043759773,0.107182710488,0.466526509058,21.6560981274
0.548043759773,0.107182710488,0.466526509058,21.6736729145
Actuacion(lineal,angular) = 0.00156344037899,-0.510460627628
0.548043759773,0.107182710488,0.466526509058,21.6892299652
0.548424646947,0.107374526725,0.461988653003,21.7060639858
0.548424646947,0.107374526725,0.461988653003,21.7231049538
0.548424646947,0.107374526725,0.461988653003,21.7393569946
0.548806400631,0.107564612582,0.458323461574,21.7559258938
0.548806400631,0.107564612582,0.458323461574,21.7729558945
0.548806400631,0.107564612582,0.458323461574,21.7892990112
0.548806400631,0.107564612582,0.458323461574,21.8060090542
0.548997624541,0.107658955273,0.455356401845,21.8226780891
0.548997624541,0.107658955273,0.455356401845,21.8392701149
0.548997624541,0.107658955273,0.455356401845,21.855848074
0.548997624541,0.107658955273,0.455356401845,21.8725800514
Actuacion(lineal,angular) = 0.00109999913736,-0.570463002277
0.549112526334,0.107715220216,0.451691210416,21.889195919
0.549112526334,0.107715220216,0.451691210416,21.9058740139
0.549112526334,0.107715220216,0.451691210416,21.9226939678
0.549189264495,0.107752449168,0.445931623885,21.9414839745
0.549189264495,0.107752449168,0.445931623885,21.9566030502
0.549189264495,0.107752449168,0.445931623885,21.9738419056
0.549189264495,0.107752449168,0.445931623885,21.9898440838
0.549420118428,0.10786280824,0.441044701979,22.006098032
0.549420118428,0.10786280824,0.441044701979,22.0228090286
0.549420118428,0.10786280824,0.441044701979,22.0410919189
0.549535813673,0.107917423036,0.435634181298,22.0562779903
0.549535813673,0.107917423036,0.435634181298,22.0727169514
Actuacion(lineal,angular) = 0.000805947320762,-0.630482471538
0.549535813673,0.107917423036,0.435634181298,22.0894269943
0.549535813673,0.107917423036,0.435634181298,22.1060619354
0.549767791763,0.108025399094,0.425162205786,22.1227381229
0.549767791763,0.108025399094,0.425162205786,22.1395919323
0.549767791763,0.108025399094,0.425162205786,22.1562371254
0.549884339799,0.10807816955,0.413643032723,22.1745390892
0.549884339799,0.10807816955,0.413643032723,22.189800024
0.549884339799,0.10807816955,0.413643032723,22.206444025
0.549884339799,0.10807816955,0.413643032723,22.2226319313
0.550157685511,0.108198159928,0.401949326734,22.2400341034
0.550157685511,0.108198159928,0.401949326734,22.2564511299
0.550157685511,0.108198159928,0.401949326734,22.2727520466
Actuacion(lineal,angular) = 0.000924029077693,-0.600858525327
0.550157685511,0.108198159928,0.401949326734,22.2894339561
0.550314674152,0.108264894684,0.392524548774,22.3060889244
0.550314674152,0.108264894684,0.392524548774,22.3231770992
0.550314674152,0.108264894684,0.392524548774,22.3395271301
0.550590492738,0.108379086089,0.385717764691,22.3565819263
0.550590492738,0.108379086089,0.385717764691,22.3731980324
0.550590492738,0.108379086089,0.385717764691,22.3895339966
0.550630005519,0.108395130565,0.383274303738,22.4067239761
0.550630005519,0.108395130565,0.383274303738,22.4232680798
0.55035314245,0.1082834954,0.375594855029,22.4393479824
0.55035314245,0.1082834954,0.375594855029,22.4559419155
0.55035314245,0.1082834954,0.375594855029,22.4728219509
Actuacion(lineal,angular) = 0.00113227543072,-0.562062763367
0.550115103428,0.108189633338,0.373500459927,22.4895861149
0.550115103428,0.108189633338,0.373500459927,22.5060620308
0.549718044953,0.108034027823,0.368089939246,22.5248548985
0.549718044953,0.108034027823,0.368089939246,22.5412580967
0.549718044953,0.108034027823,0.368089939246,22.5565979481
0.549718044953,0.108034027823,0.368089939246,22.5726590157
0.549200782018,0.107834536382,0.359886891761,22.5894551277
0.549200782018,0.107834536382,0.359886891761,22.6066060066
0.548961298041,0.107744424854,0.357268897883,22.6228649616
0.548961298041,0.107744424854,0.357268897883,22.6401400566
0.548961298041,0.107744424854,0.357268897883,22.6562960148
0.54836200037,0.107520714223,0.350287580875,22.672629118
Actuacion(lineal,angular) = 0.00133581649489,-0.532803096973
0.54836200037,0.107520714223,0.350287580875,22.6895899773
0.54836200037,0.107520714223,0.350287580875,22.7061829567
0.548001493462,0.107389001428,0.345575191895,22.7227180004
0.548001493462,0.107389001428,0.345575191895,22.7395861149
0.547840994091,0.107331218098,0.344178928493,22.7565639019
0.547840994091,0.107331218098,0.344178928493,22.7739539146
0.547840994091,0.107331218098,0.344178928493,22.7896161079
0.547600124247,0.107244879338,0.341211868765,22.8068320751
0.547600124247,0.107244879338,0.341211868765,22.8225879669
0.547600124247,0.107244879338,0.341211868765,22.8392860889
0.547519749262,0.107216338103,0.340339204139,22.8566060066
0.547519749262,0.107216338103,0.340339204139,22.8736310005
Actuacion(lineal,angular) = 0.00152360244605,-0.510759907434
0.547318749609,0.107145160392,0.338419341962,22.8902261257
0.547318749609,0.107145160392,0.338419341962,22.9060089588
0.547318749609,0.107145160392,0.338419341962,22.9226469994
0.547198068048,0.10710268538,0.336499479785,22.9395680428
0.547198068048,0.10710268538,0.336499479785,22.9561479092
0.547198068048,0.10710268538,0.336499479785,22.9738810062
0.546916287985,0.107004117814,0.334405084682,22.9892249107
0.546916287985,0.107004117814,0.334405084682,23.0061380863
0.546916287985,0.107004117814,0.334405084682,23.0228829384
0.546876004287,0.106990121072,0.333532420056,23.0414180756
0.546876004287,0.106990121072,0.333532420056,23.0569229126
0.546876004287,0.106990121072,0.333532420056,23.0740189552
Actuacion(lineal,angular) = 0.00163111511342,-0.500152704533
0.546432749421,0.106836543668,0.329343629851,23.0896959305
0.546432749421,0.106836543668,0.329343629851,23.1060791016
0.546432749421,0.106836543668,0.329343629851,23.122934103
0.545948501117,0.106671031639,0.324631240871,23.1395220757
0.545948501117,0.106671031639,0.324631240871,23.1569569111
0.545948501117,0.106671031639,0.324631240871,23.1729989052
0.545948501117,0.106671031639,0.324631240871,23.1897950172
0.545382641089,0.1064805987,0.318871654339,23.2072029114
0.545382641089,0.1064805987,0.318871654339,23.2230141163
0.545382641089,0.1064805987,0.318871654339,23.239661932
0.544734701143,0.106266689353,0.31084313978,23.2563409805
0.544734701143,0.106266689353,0.31084313978,23.2728779316
Actuacion(lineal,angular) = 0.00199612571745,-0.467909282332
0.544734701143,0.106266689353,0.31084313978,23.2893009186
0.544734701143,0.106266689353,0.31084313978,23.3064539433
0.544369280658,0.106149295314,0.304734487398,23.3229899406
0.544369280658,0.106149295314,0.304734487398,23.3396720886
0.544369280658,0.106149295314,0.304734487398,23.3560171127
0.543921787479,0.106008544648,0.300545697193,23.372879982
0.543921787479,0.106008544648,0.300545697193,23.3895571232
0.543921787479,0.106008544648,0.300545697193,23.4067981243
0.543921787479,0.106008544648,0.300545697193,23.4227080345
0.54355517753,0.105894919663,0.296356906989,23.4398870468
0.54355517753,0.105894919663,0.296356906989,23.4561018944
0.543432816636,0.105857556883,0.295309709437,23.4726901054
Actuacion(lineal,angular) = 0.00236818831521,-0.443291211078
0.543432816636,0.105857556883,0.295309709437,23.489481926
0.543432816636,0.105857556883,0.295309709437,23.5063130856
0.543024816792,0.105733441471,0.292342649709,23.5226569176
0.543024816792,0.105733441471,0.292342649709,23.5396571159
0.543024816792,0.105733441471,0.292342649709,23.5560569763
0.542575613856,0.105598246732,0.289550122906,23.5726959705
0.542575613856,0.105598246732,0.289550122906,23.589400053
0.542575613856,0.105598246732,0.289550122906,23.6071949005
0.542575613856,0.105598246732,0.289550122906,23.623155117
0.54216690593,0.105476483276,0.285012266851,23.6394739151
0.54216690593,0.105476483276,0.285012266851,23.6559131145
0.542003203425,0.105428520255,0.284139602225,23.6727440357
Actuacion(lineal,angular) = 0.00268564614314,-0.426294345707
0.542003203425,0.105428520255,0.284139602225,23.6894190311
0.542003203425,0.105428520255,0.284139602225,23.7062709332
0.541511970532,0.105285059821,0.28029987787,23.7232420444
0.541511970532,0.105285059821,0.28029987787,23.7397060394
0.541511970532,0.105285059821,0.28029987787,23.756729126
0.540979208736,0.105131688873,0.275412955965,23.7724869251
0.540979208736,0.105131688873,0.275412955965,23.7893610001
0.540979208736,0.105131688873,0.275412955965,23.8060829639
0.540979208736,0.105131688873,0.275412955965,23.8226280212
0.540568820318,0.105015715364,0.270526034059,23.8395419121
0.540568820318,0.105015715364,0.270526034059,23.8560960293
0.540486630264,0.104992922045,0.269304303583,23.8735759258
Actuacion(lineal,angular) = 0.00317313158912,-0.404336977551
0.540486630264,0.104992922045,0.269304303583,23.8907461166
0.540486630264,0.104992922045,0.269304303583,23.9060819149
0.540034432146,0.10486811116,0.266162710929,23.9225080013
0.540034432146,0.10486811116,0.266162710929,23.9393770695
0.540034432146,0.10486811116,0.266162710929,23.9561140537
0.539910999057,0.104834459438,0.265115513378,23.973072052
0.539910999057,0.104834459438,0.265115513378,23.9892969131
0.539540594275,0.104733892103,0.261624854874,24.0069279671
0.539540594275,0.104733892103,0.261624854874,24.023293972
0.539540594275,0.104733892103,0.261624854874,24.0394170284
0.539334620069,0.104678740009,0.25848326222,24.0558559895
0.539334620069,0.104678740009,0.25848326222,24.0732910633
Actuacion(lineal,angular) = 0.00362136896093,-0.388400310695
0.539334620069,0.104678740009,0.25848326222,24.0905508995
0.539334620069,0.104678740009,0.25848326222,24.1063489914
0.539128473614,0.104624235273,0.257086998819,24.1245369911
0.539128473614,0.104624235273,0.257086998819,24.1404459476
0.539128473614,0.104624235273,0.257086998819,24.1567981243
0.538757273371,0.104526644948,0.255516202492,24.1741580963
0.538757273371,0.104526644948,0.255516202492,24.1892719269
0.538757273371,0.104526644948,0.255516202492,24.206430912
0.538757273371,0.104526644948,0.255516202492,24.2235510349
0.538344658839,0.104418859252,0.253247274464,24.2412641048
0.538344658839,0.104418859252,0.253247274464,24.2559659481
0.538220801431,0.104386804484,0.251501945212,24.2733149529
0.538220801431,0.104386804484,0.251501945212,24.2893841267
Actuacion(lineal,angular) = 0.00396352024346,-0.378682817116
0.538220801431,0.104386804484,0.251501945212,24.3061010838
0.537766453156,0.104270063145,0.248360352559,24.3234369755
0.537766453156,0.104270063145,0.248360352559,24.3395700455
0.537642440578,0.104238614039,0.247487687933,24.3561029434
0.537642440578,0.104238614039,0.247487687933,24.3729269505
0.537642440578,0.104238614039,0.247487687933,24.3891079426
0.537187627336,0.104123697506,0.243822496504,24.4060211182
0.537187627336,0.104123697506,0.243822496504,24.4225399494
0.537187627336,0.104123697506,0.243822496504,24.4395360947
0.536691011287,0.104000153374,0.239633706299,24.4559891224
0.536691011287,0.104000153374,0.239633706299,24.4730110168
Actuacion(lineal,angular) = 0.00459299160961,-0.360326754947
0.536691011287,0.104000153374,0.239633706299,24.489123106
0.536235309529,0.103888812444,0.235095850244,24.5086669922
0.536235309529,0.103888812444,0.235095850244,24.5227360725
0.536235309529,0.103888812444,0.235095850244,24.5393159389
0.536235309529,0.103888812444,0.235095850244,24.5558629036
0.535903526029,0.103809341984,0.231430658814,24.572920084
0.535903526029,0.103809341984,0.231430658814,24.5899279118
0.535903526029,0.103809341984,0.231430658814,24.6087360382
0.535903526029,0.103809341984,0.231430658814,24.6227209568
0.535695980687,0.10376043331,0.228289066161,24.6396410465
0.535695980687,0.10376043331,0.228289066161,24.6565840244
0.535695980687,0.10376043331,0.228289066161,24.6734569073
Actuacion(lineal,angular) = 0.00548259558657,-0.341842740996
0.535488282719,0.103712176899,0.22357667718,24.6893599033
0.535488282719,0.103712176899,0.22357667718,24.7090129852
0.535488282719,0.103712176899,0.22357667718,24.7225251198
0.535488282719,0.103712176899,0.22357667718,24.7410840988
0.535238775043,0.103655444348,0.220609617452,24.7563281059
0.535238775043,0.103655444348,0.220609617452,24.7791900635
0.535238775043,0.103655444348,0.220609617452,24.7891581059
0.53503071262,0.103608784351,0.218689755275,24.8062520027
0.53503071262,0.103608784351,0.218689755275,24.8226370811
0.53503071262,0.103608784351,0.218689755275,24.8395199776
0.53503071262,0.103608784351,0.218689755275,24.8560960293
0.534739300352,0.103544019705,0.216246294322,24.8729519844
Actuacion(lineal,angular) = 0.00638832069685,-0.327018177255
0.534739300352,0.103544019705,0.216246294322,24.8906750679
0.534739300352,0.103544019705,0.216246294322,24.9061479568
0.534489383512,0.10348911765,0.212930168743,24.9232690334
0.534489383512,0.10348911765,0.212930168743,24.9394450188
0.534489383512,0.10348911765,0.212930168743,24.9566459656
0.534406017669,0.103471093316,0.211882971192,24.9732129574
0.534406017669,0.103471093316,0.211882971192,24.9892749786
0.534406017669,0.103471093316,0.211882971192,25.0073769093
0.533905709636,0.103363471179,0.207868713913,25.0232679844
0.533905709636,0.103363471179,0.207868713913,25.0409619808
0.533822253632,0.103345869028,0.206472450511,25.0574800968
0.533822253632,0.103345869028,0.206472450511,25.0731649399
Actuacion(lineal,angular) = 0.00757498042448,-0.311059239254
0.533822253632,0.103345869028,0.206472450511,25.0897068977
0.533363110883,0.103249698184,0.202632726157,25.1060519218
0.533363110883,0.103249698184,0.202632726157,25.1227900982
0.533363110883,0.103249698184,0.202632726157,25.1396870613
0.533070696299,0.103189620902,0.198443935952,25.1571319103
0.533070696299,0.103189620902,0.198443935952,25.1733341217
0.533070696299,0.103189620902,0.198443935952,25.1899039745
0.532736223534,0.103122361592,0.194953277448,25.2061550617
0.532736223534,0.103122361592,0.194953277448,25.2226569653
0.532736223534,0.103122361592,0.194953277448,25.2395749092
0.532736223534,0.103122361592,0.194953277448,25.25634408
0.532443356216,0.103064531642,0.191986217719,25.2733619213
Actuacion(lineal,angular) = 0.00945887861581,-0.291230940548
0.532443356216,0.103064531642,0.191986217719,25.2894029617
0.532443356216,0.103064531642,0.191986217719,25.3059749603
0.532234043635,0.103023845398,0.189717289692,25.3226809502
0.532234043635,0.103023845398,0.189717289692,25.3392560482
0.532234043635,0.103023845398,0.189717289692,25.3559451103
0.532150281892,0.103007760908,0.188844625066,25.3732619286
0.532150281892,0.103007760908,0.188844625066,25.3893880844
0.532150281892,0.103007760908,0.188844625066,25.4064290524
0.531898954651,0.102959726745,0.186750229963,25.4235310555
0.531898954651,0.102959726745,0.186750229963,25.4410219193
0.531857050102,0.102951808798,0.185877565337,25.4565300941
0.531857050102,0.102951808798,0.185877565337,25.4746649265
Actuacion(lineal,angular) = 0.0111972891588,-0.278905453256
0.531857050102,0.102951808798,0.185877565337,25.4893829823
0.531731315775,0.102928164673,0.184481301936,25.5071840286
0.531731315775,0.102928164673,0.184481301936,25.5232450962
0.531731315775,0.102928164673,0.184481301936,25.5400059223
0.531647470963,0.102912518977,0.183085038534,25.555866003
0.531647470963,0.102912518977,0.183085038534,25.5725450516
0.531647470963,0.102912518977,0.183085038534,25.5892429352
0.531563604387,0.102896990366,0.182212373908,25.6071920395
0.531563604387,0.102896990366,0.182212373908,25.6225509644
0.531563604387,0.102896990366,0.182212373908,25.641810894
0.531563604387,0.102896990366,0.182212373908,25.6559801102
0.531479724291,0.102881534948,0.181863308058,25.6737930775
Actuacion(lineal,angular) = 0.012333594333,-0.273190959689
0.531479724291,0.102881534948,0.181863308058,25.6897230148
0.531479724291,0.102881534948,0.181863308058,25.7062180042
0.531395838806,0.10286610881,0.181165176357,25.7227599621
0.531395838806,0.10286610881,0.181165176357,25.7399330139
0.531395838806,0.10286610881,0.181165176357,25.7562971115
0.531395838806,0.10286610881,0.181165176357,25.7727351189
0.531311942572,0.10285074124,0.179943445881,25.7893431187
0.531311942572,0.10285074124,0.179943445881,25.8063421249
0.531311942572,0.10285074124,0.179943445881,25.8225429058
0.531311942572,0.10285074124,0.179943445881,25.8406801224
0.531311942572,0.10285074124,0.179419847105,25.8562700748
0.531311942572,0.10285074124,0.179419847105,25.8732740879
Actuacion(lineal,angular) = 0.0131654289577,-0.269231680063
0.531311942572,0.10285074124,0.179419847105,25.8892190456
0.531311942572,0.10285074124,0.179419847105,25.906099081
0.531228019644,0.102835520119,0.179070781255,25.9225490093
0.531228019644,0.102835520119,0.179070781255,25.9412031174
0.531228019644,0.102835520119,0.179070781255,25.9559469223
0.531144091408,0.102820328294,0.178023583703,25.9730730057
0.531144091408,0.102820328294,0.178023583703,25.9892749786
0.531144091408,0.102820328294,0.178023583703,26.0067119598
0.53101817526,0.102797672403,0.177325452003,26.0226979256
0.53101817526,0.102797672403,0.177325452003,26.0410869122
0.53101817526,0.102797672403,0.177325452003,26.0559420586
0.53101817526,0.102797672403,0.177325452003,26.0729179382
Actuacion(lineal,angular) = 0.0138900143945,-0.265960821694
0.530976197949,0.102790149743,0.176627320302,26.0898849964
0.530976197949,0.102790149743,0.176627320302,26.1063680649
0.530976197949,0.102790149743,0.176627320302,26.1227800846
0.530892232843,0.102775163039,0.176278254451,26.1395289898
0.530892232843,0.102775163039,0.176278254451,26.156414032
0.530808262511,0.102760205644,0.175580122751,26.1733379364
0.530808262511,0.102760205644,0.175580122751,26.1902189255
0.530808262511,0.102760205644,0.175580122751,26.2064750195
0.530976224019,0.102790003181,0.173660260573,26.22311306
0.530976224019,0.102790003181,0.173660260573,26.2407031059
0.530976224019,0.102790003181,0.173660260573,26.2565541267
0.530976224019,0.102790003181,0.173660260573,26.2730910778
Actuacion(lineal,angular) = 0.0149818849814,-0.26042700588
0.53101822862,0.102797371936,0.171914931321,26.2890720367
0.53101822862,0.102797371936,0.171914931321,26.3059539795
0.53101822862,0.102797371936,0.171914931321,26.3227550983
0.53101822862,0.102797371936,0.171914931321,26.3393900394
0.531144280815,0.102819258231,0.169995069144,26.3559610844
0.531144280815,0.102819258231,0.169995069144,26.3730111122
0.531144280815,0.102819258231,0.169995069144,26.3893699646
0.531228343469,0.102833687732,0.168947871593,26.4061629772
0.531228343469,0.102833687732,0.168947871593,26.4226980209
0.531228343469,0.102833687732,0.168947871593,26.4393970966
0.531270382328,0.102840858464,0.168249739892,26.4560220242
0.531270382328,0.102840858464,0.168249739892,26.4727230072
Actuacion(lineal,angular) = 0.0167829675392,-0.252532507339
0.531438557749,0.102869423989,0.16615534479,26.4891769886
0.531438557749,0.102869423989,0.16615534479,26.505947113
0.531438557749,0.102869423989,0.16615534479,26.522605896
0.531438557749,0.102869423989,0.16615534479,26.540831089
0.531480616469,0.102876477298,0.163711883837,26.5559740067
0.531480616469,0.102876477298,0.163711883837,26.5725600719
0.531480616469,0.102876477298,0.163711883837,26.5891599655
0.531648919784,0.102904279376,0.160046692408,26.6057600975
0.531648919784,0.102904279376,0.160046692408,26.6229560375
0.531648919784,0.102904279376,0.160046692408,26.6395390034
0.531648919784,0.102904279376,0.160046692408,26.6562371254
0.531733121826,0.10291787189,0.155334303427,26.6733820438
Actuacion(lineal,angular) = 0.0206664172576,-0.238111801324
0.531733121826,0.10291787189,0.155334303427,26.6894791126
0.531733121826,0.10291787189,0.155334303427,26.7063500881
0.531859519566,0.102937665248,0.150098315672,26.7226400375
0.531859519566,0.102937665248,0.150098315672,26.7412838936
0.531859519566,0.102937665248,0.150098315672,26.7562699318
0.531859519566,0.102937665248,0.150098315672,26.7728879452
0.532281185049,0.103001436156,0.144862327916,26.7898609638
0.532281185049,0.103001436156,0.144862327916,26.8058640957
0.532492181851,0.103032217261,0.142942465738,26.8225851059
0.532492181851,0.103032217261,0.142942465738,26.839548111
0.532492181851,0.103032217261,0.142942465738,26.8559150696
0.533040926175,0.103111194766,0.134215819478,26.8732140064
Actuacion(lineal,angular) = 0.0319201439479,-0.210548571257
0.533040926175,0.103111194766,0.134215819478,26.8894510269
0.533040926175,0.103111194766,0.134215819478,26.9072809219
0.533801651354,0.10321391365,0.125838239069,26.9225409031
0.533801651354,0.10321391365,0.125838239069,26.9409921169
0.533801651354,0.10321391365,0.125838239069,26.9566800594
0.533801651354,0.10321391365,0.125838239069,26.9730610847
0.534901681034,0.103353074775,0.117460658659,26.989964962
0.534901681034,0.103353074775,0.117460658659,27.0059719086
0.534901681034,0.103353074775,0.117460658659,27.0226480961
0.536087542309,0.103493010981,0.107861347773,27.0408120155
0.536087542309,0.103493010981,0.107861347773,27.0567541122
0.536087542309,0.103493010981,0.107861347773,27.0733420849
Actuacion(lineal,angular) = 0.060689186111,-0.160090888649
0.536087542309,0.103493010981,0.107861347773,27.0892441273
0.537571479696,0.103653694084,0.0989601685881,27.1082720757
0.537571479696,0.103653694084,0.0989601685881,27.1229560375
0.537571479696,0.103653694084,0.0989601685881,27.1396529675
0.539693349482,0.103864362827,0.0881391272257,27.1565139294
0.539693349482,0.103864362827,0.0881391272257,27.1728451252
0.539693349482,0.103864362827,0.0881391272257,27.1892979145
0.540755362066,0.103958210834,0.0844739357965,27.2058930397
0.540755362066,0.103958210834,0.0844739357965,27.2225699425
0.540755362066,0.103958210834,0.0844739357965,27.2395739555
0.543262506698,0.104170504414,0.0706858347058,27.2566571236
0.543262506698,0.104170504414,0.0706858347058,27.2739090919
0.543262506698,0.104170504414,0.0706858347058,27.2893168926
0.54649551237,0.104399413493,0.0600393262686,27.3082869053
0.54649551237,0.104399413493,0.0600393262686,27.3225469589
0.54649551237,0.104399413493,0.0600393262686,27.3392760754
0.54649551237,0.104399413493,0.0600393262686,27.3558700085
0.549560495038,0.10458365442,0.0495673507566,27.372631073
0.549560495038,0.10458365442,0.0495673507566,27.3892090321
0.549560495038,0.10458365442,0.0495673507566,27.4065580368
0.552925394642,0.104750580309,0.0401425727959,27.4225609303
0.552925394642,0.104750580309,0.0401425727959,27.4396340847
0.552925394642,0.104750580309,0.0401425727959,27.4563210011
0.556206494642,0.104882362898,0.0256563400043,27.47498703
0.556206494642,0.104882362898,0.0256563400043,27.4893660545
0.556206494642,0.104882362898,0.0256563400043,27.5078670979
0.55722966286,0.104908619411,0.0209439510239,27.5228281021
0.55722966286,0.104908619411,0.0209439510239,27.5408470631
0.55722966286,0.104908619411,0.0209439510239,27.555877924
0.560555324773,0.104978282097,0.00680678408278,27.5736260414
0.560555324773,0.104978282097,0.00680678408278,27.5893321037
0.561664096235,0.104985829382,0.00174532925199,27.6068389416
0.561664096235,0.104985829382,0.00174532925199,27.6226930618
0.561664096235,0.104985829382,0.00174532925199,27.6395089626
0.565246358489,0.104992081615,-0.0144862327916,27.6559109688
0.565246358489,0.104992081615,-0.0144862327916,27.6734769344
0.565246358489,0.104992081615,-0.0144862327916,27.6896820068
0.569723723295,0.104927216929,-0.0305432619099,27.7084701061
0.569723723295,0.104927216929,-0.0305432619099,27.7229170799
0.571087760213,0.104885541832,-0.0338593874887,27.7395460606
0.571087760213,0.104885541832,-0.0338593874887,27.7558131218
0.571087760213,0.104885541832,-0.0338593874887,27.7727270126
0.574454866656,0.104771490082,-0.0373500459927,27.7892520428
0.574454866656,0.104771490082,-0.0373500459927,27.8063709736
0.574454866656,0.104771490082,-0.0373500459927,27.8225641251
0.575989053508,0.104714161471,-0.0403171057211,27.8392820358
0.575989053508,0.104714161471,-0.0403171057211,27.8560760021
0.575989053508,0.104714161471,-0.0403171057211,27.8731379509
0.575989053508,0.104714161471,-0.0403171057211,27.8891899586
0.576159499064,0.104707285874,-0.0429350995991,27.9059329033
0.576159499064,0.104707285874,-0.0429350995991,27.9226639271
0.576159499064,0.104707285874,-0.0429350995991,27.940942049
0.575989072093,0.104714607673,-0.0425860337487,27.9563770294
0.575989072093,0.104714607673,-0.0425860337487,27.9726970196
0.575989072093,0.104714607673,-0.0425860337487,27.9891469479
0.575989072093,0.104714607673,-0.0425860337487,28.0081210136
0.575861249955,0.104720054404,-0.0415388361975,28.0225749016
0.575861249955,0.104720054404,-0.0415388361975,28.0392930508
0.575861249955,0.104720054404,-0.0415388361975,28.0558590889
0.575861249955,0.104720054404,-0.0415388361975,28.0727469921
0.575861249955,0.104720054404,-0.0413643032723,28.0890600681
0.575861249955,0.104720054404,-0.0413643032723,28.1077539921
0.575861249955,0.104720054404,-0.0413643032723,28.1226899624
0.575861249955,0.104720054404,-0.0413643032723,28.1405940056
0.575861249955,0.104720054404,-0.0413643032723,28.1558248997
0.575861249955,0.104720054404,-0.0413643032723,28.1734220982
0.575861249955,0.104720054404,-0.0413643032723,28.1893889904
0.575861249955,0.104720054404,-0.0413643032723,28.2080368996
0.575861249955,0.104720054404,-0.0413643032723,28.2227070332
0.575861249955,0.104720054404,-0.0413643032723,28.2403669357
0.575861249955,0.104720054404,-0.0413643032723,28.2557969093
0.575861249955,0.104720054404,-0.0413643032723,28.2725870609
0.575861249955,0.104720054404,-0.0413643032723,28.2894790173
0.575861249955,0.104720054404,-0.0413643032723,28.3064990044
0.575861249955,0.104720054404,-0.0413643032723,28.3227601051
0.575861249955,0.104720054404,-0.0413643032723,28.3395869732
0.575861249955,0.104720054404,-0.0413643032723,28.355880022
0.575861249955,0.104720054404,-0.0413643032723,28.3731291294
0.575861249955,0.104720054404,-0.0413643032723,28.3892040253
0.575861249955,0.104720054404,-0.0413643032723,28.4060609341
0.575861249955,0.104720054404,-0.0413643032723,28.4225859642
0.575861249955,0.104720054404,-0.0413643032723,28.4395298958
0.575861249955,0.104720054404,-0.0413643032723,28.4559221268
0.575861249955,0.104720054404,-0.0413643032723,28.4728410244
0.575861249955,0.104720054404,-0.0413643032723,28.4891479015
0.575861249955,0.104720054404,-0.0413643032723,28.5078680515
0.575861249955,0.104720054404,-0.0413643032723,28.5225679874
0.575861249955,0.104720054404,-0.0413643032723,28.5394580364
0.575861249955,0.104720054404,-0.0413643032723,28.5558900833
0.575861249955,0.104720054404,-0.0413643032723,28.5726540089
0.575861249955,0.104720054404,-0.0413643032723,28.5892899036
0.575861249955,0.104720054404,-0.0413643032723,28.6065180302
0.575861249955,0.104720054404,-0.0413643032723,28.6224489212
0.575861249955,0.104720054404,-0.0413643032723,28.6397409439
0.575861249955,0.104720054404,-0.0413643032723,28.6559669971
0.575861249955,0.104720054404,-0.0413643032723,28.6726078987
0.575861249955,0.104720054404,-0.0413643032723,28.6907539368
0.575861249955,0.104720054404,-0.0413643032723,28.7061800957
0.575861249955,0.104720054404,-0.0413643032723,28.7226810455
0.575861249955,0.104720054404,-0.0413643032723,28.7397170067
0.575861249955,0.104720054404,-0.0413643032723,28.7571511269
0.575861249955,0.104720054404,-0.0413643032723,28.7729690075
0.575861249955,0.104720054404,-0.0413643032723,28.7892041206
0.575861249955,0.104720054404,-0.0413643032723,28.8059520721
0.575861249955,0.104720054404,-0.0413643032723,28.8226230145
0.575861249955,0.104720054404,-0.0413643032723,28.8405079842
0.575861249955,0.104720054404,-0.0413643032723,28.8559250832
0.575861249955,0.104720054404,-0.0413643032723,28.8730080128
0.575861249955,0.104720054404,-0.0413643032723,28.8895499706
0.575861249955,0.104720054404,-0.0413643032723,28.9063401222
0.575861249955,0.104720054404,-0.0413643032723,28.9227020741
0.575861249955,0.104720054404,-0.0413643032723,28.9395909309
0.575861249955,0.104720054404,-0.0413643032723,28.9558889866
0.575861249955,0.104720054404,-0.0413643032723,28.9730670452
0.575861249955,0.104720054404,-0.0413643032723,28.98924613
0.575861249955,0.104720054404,-0.0413643032723,29.0059680939
0.575861249955,0.104720054404,-0.0413643032723,29.0225729942
0.575861249955,0.104720054404,-0.0413643032723,29.0397210121
0.575861249955,0.104720054404,-0.0413643032723,29.056773901
0.575861249955,0.104720054404,-0.0413643032723,29.0735559464
0.575861249955,0.104720054404,-0.0413643032723,29.089206934
0.575861249955,0.104720054404,-0.0413643032723,29.1064589024
0.575861249955,0.104720054404,-0.0413643032723,29.1226210594
0.575861249955,0.104720054404,-0.0413643032723,29.139564991
0.575861249955,0.104720054404,-0.0413643032723,29.155985117
0.575861249955,0.104720054404,-0.0413643032723,29.172907114
0.575861249955,0.104720054404,-0.0413643032723,29.1899969578
0.575861249955,0.104720054404,-0.0413643032723,29.2071659565
0.575861249955,0.104720054404,-0.0413643032723,29.2226879597
0.575861249955,0.104720054404,-0.0413643032723,29.2398850918
0.575861249955,0.104720054404,-0.0413643032723,29.2560250759
0.575861249955,0.104720054404,-0.0413643032723,29.2729771137
0.575861249955,0.104720054404,-0.0413643032723,29.2896509171
0.575861249955,0.104720054404,-0.0413643032723,29.3066790104
0.575861249955,0.104720054404,-0.0413643032723,29.3226530552
0.575861249955,0.104720054404,-0.0413643032723,29.3392460346
0.575861249955,0.104720054404,-0.0413643032723,29.3560740948
0.575861249955,0.104720054404,-0.0413643032723,29.3742520809
0.575861249955,0.104720054404,-0.0413643032723,29.3893339634
0.575861249955,0.104720054404,-0.0413643032723,29.4061379433
0.575861249955,0.104720054404,-0.0413643032723,29.4225690365
0.575861249955,0.104720054404,-0.0413643032723,29.4396800995
0.575861249955,0.104720054404,-0.0413643032723,29.4560759068
0.575861249955,0.104720054404,-0.0413643032723,29.4724719524
0.575861249955,0.104720054404,-0.0413643032723,29.4892771244
0.575861249955,0.104720054404,-0.0413643032723,29.5063099861
0.575861249955,0.104720054404,-0.0413643032723,29.5225520134
0.575861249955,0.104720054404,-0.0413643032723,29.5393230915
0.575861249955,0.104720054404,-0.0413643032723,29.5559239388
0.575861249955,0.104720054404,-0.0413643032723,29.5726320744
0.575861249955,0.104720054404,-0.0413643032723,29.5892369747
0.575861249955,0.104720054404,-0.0413643032723,29.6086931229
0.575861249955,0.104720054404,-0.0413643032723,29.6233279705
0.575861249955,0.104720054404,-0.0413643032723,29.6404209137
0.575861249955,0.104720054404,-0.0413643032723,29.6571929455
0.575861249955,0.104720054404,-0.0413643032723,29.67355299
0.575861249955,0.104720054404,-0.0413643032723,29.689647913
0.575861249955,0.104720054404,-0.0413643032723,29.7069740295
0.575861249955,0.104720054404,-0.0413643032723,29.7234840393
0.575861249955,0.104720054404,-0.0413643032723,29.7407300472
0.575861249955,0.104720054404,-0.0413643032723,29.7559781075
0.575861249955,0.104720054404,-0.0413643032723,29.7728500366
0.575861249955,0.104720054404,-0.0413643032723,29.789618969
0.575861249955,0.104720054404,-0.0413643032723,29.8075580597
0.575861249955,0.104720054404,-0.0413643032723,29.8225569725
0.575861249955,0.104720054404,-0.0413643032723,29.839329958
0.575861249955,0.104720054404,-0.0413643032723,29.8559551239
0.575861249955,0.104720054404,-0.0413643032723,29.8728671074
0.575861249955,0.104720054404,-0.0413643032723,29.8891289234
0.575861249955,0.104720054404,-0.0413643032723,29.9080429077
0.575861249955,0.104720054404,-0.0413643032723,29.9228510857
0.575861249955,0.104720054404,-0.0413643032723,29.9392271042
0.575861249955,0.104720054404,-0.0413643032723,29.9557380676
