0.0,0.0,0.0,0.0360350608826
0.0,0.0,0.0,0.0527629852295
0.0,0.0,0.0,0.0695650577545
0.0,0.0,0.0,0.0863990783691
0.0,0.0,0.0,0.102949142456
0.0,0.0,0.0,0.119884967804
0.0,0.0,0.0,0.13642001152
0.0,0.0,0.0,0.15311217308
0.0,0.0,0.0,0.169634103775
0.0,0.0,0.0,0.186328172684
0.0,0.0,0.0,0.203149080276
0.0,0.0,0.0,0.219671964645
0.0,0.0,0.0,0.236215114594
0.0,0.0,0.0,0.25315618515
0.0,0.0,0.0,0.269910097122
0.0,0.0,0.0,0.286240100861
0.0,0.0,0.0,0.303171157837
0.0,0.0,0.0,0.319815158844
0.0,0.0,0.0,0.33694601059
0.0,0.0,0.0,0.353119134903
0.0,0.0,0.0,0.369834184647
0.0,0.0,0.0,0.386352062225
0.0,0.0,0.0,0.403170108795
0.0,0.0,0.0,0.419792175293
0.0,0.0,0.0,0.436309099197
0.0,0.0,0.0,0.453029155731
0.0,0.0,0.0,0.469567060471
0.0,0.0,0.0,0.486279964447
0.0,0.0,0.0,0.502986192703
0.0,0.0,0.0,0.519978046417
0.0,0.0,0.0,0.536389112473
0.0,0.0,0.0,0.552762985229
0.0,0.0,0.0,0.569472074509
0.0,0.0,0.0,0.586671113968
0.0,0.0,0.0,0.603144168854
0.0,0.0,0.0,0.619841098785
0.0,0.0,0.0,0.636445045471
0.0,0.0,0.0,0.653515100479
0.0,0.0,0.0,0.670274019241
0.0,0.0,0.0,0.687751054764
0.0,0.0,0.0,0.703142166138
0.0,0.0,0.0,0.720355033875
0.0,0.0,0.0,0.736376047134
0.0,0.0,0.0,0.753852128983
0.0,0.0,0.0,0.770119190216
0.0,0.0,0.0,0.786902189255
0.0,0.0,0.0,0.804215192795
0.0,0.0,0.0,0.820075035095
0.0,0.0,0.0,0.836346149445
0.0,0.0,0.0,0.85325217247
0.0,0.0,0.0,0.869938135147
0.0,0.0,0.0,0.886500120163
0.0,0.0,0.0,0.903048038483
0.0,0.0,0.0,0.9202439785
0.0,0.0,0.0,0.936640024185
0.0,0.0,0.0,0.954116106033
0.0,0.0,0.0,0.973263025284
0.0,0.0,0.0,0.986136198044
0.0,0.0,0.0,1.00280499458
0.0,0.0,0.0,1.01984405518
0.0,0.0,0.0,1.0363380909
0.0,0.0,0.0,1.05340719223
0.0,0.0,0.0,1.06956601143
0.0,0.0,0.0,1.08649611473
0.0,0.0,0.0,1.1031601429
0.0,0.0,0.0,1.11997818947
0.0,0.0,0.0,1.13636016846
0.0,0.0,0.0,1.15320396423
0.0,0.0,0.0,1.16971111298
0.0,0.0,0.0,1.1864490509
0.0,0.0,0.0,1.20308113098
0.0,0.0,0.0,1.21989798546
0.0,0.0,0.0,1.23632407188
0.0,0.0,0.0,1.2535200119
0.0,0.0,0.0,1.26975011826
0.0,0.0,0.0,1.2865459919
0.0,0.0,0.0,1.30346703529
0.0,0.0,0.0,1.31995415688
0.0,0.0,0.0,1.33641505241
0.0,0.0,0.0,1.35366511345
0.0,0.0,0.0,1.36983013153
0.0,0.0,0.0,1.38647818565
0.0,0.0,0.0,1.40283799171
0.0,0.0,0.0,1.42001318932
0.0,0.0,0.0,1.43632817268
0.0,0.0,0.0,1.45420002937
0.0,0.0,0.0,1.46981501579
0.0,0.0,0.0,1.48657298088
0.0,0.0,0.0,1.503262043
0.0,0.0,0.0,1.52045607567
0.0,0.0,0.0,1.53633499146
0.0,0.0,0.0,1.55350518227
0.0,0.0,0.0,1.56973099709
0.0,0.0,0.0,1.58651518822
0.0,0.0,0.0,1.60315799713
0.0,0.0,0.0,1.61954212189
0.0,0.0,0.0,1.63634705544
0.0,0.0,0.0,1.65295910835
0.0,0.0,0.0,1.6696190834
0.0,0.0,0.0,1.68782496452
0.0,0.0,0.0,1.703166008
0.0,0.0,0.0,1.72026705742
0.0,0.0,0.0,1.73635315895
0.0,0.0,0.0,1.75354719162
0.0,0.0,0.0,1.76984405518
0.0,0.0,0.0,1.78882408142
0.0,0.0,0.0,1.80298304558
0.0,0.0,0.0,1.82066917419
0.0,0.0,0.0,1.83675003052
0.0,0.0,0.0,1.85370397568
0.0,0.0,0.0,1.86967015266
0.0,0.0,0.0,1.8870639801
0.0,0.0,0.0,1.90317201614
0.0,0.0,0.0,1.92095398903
0.0,0.0,0.0,1.93674612045
0.0,0.0,0.0,1.95390915871
0.0,0.0,0.0,1.97038602829
0.0,0.0,0.0,1.98878407478
0.0,0.0,0.0,2.00312900543
0.0,0.0,0.0,2.02166509628
0.0,0.0,0.0,2.03620505333
0.0,0.0,0.0,2.05374097824
0.0,0.0,0.0,2.06982707977
0.0,0.0,0.0,2.0862390995
0.0,0.0,0.0,2.10372209549
0.0,0.0,0.0,2.12154507637
0.0,0.0,0.0,2.13662314415
0.0,0.0,0.0,2.15347719193
0.0,0.0,0.0,2.16985297203
0.0,0.0,0.0,2.18662405014
0.0,0.0,0.0,2.20320916176
0.0,0.0,0.0,2.21943306923
0.0,0.0,0.0,2.23648118973
0.0,0.0,0.0,2.25302219391
0.0,0.0,0.0,2.26971912384
0.0,0.0,0.0,2.28643417358
0.0,0.0,0.0,2.30311799049
0.0,0.0,0.0,2.31982398033
0.0,0.0,0.0,2.33639812469
0.0,0.0,0.0,2.35356402397
0.0,0.0,0.0,2.36986112595
0.0,0.0,0.0,2.38640999794
0.0,0.0,0.0,2.40314507484
0.0,0.0,0.0,2.42253518105
0.0,0.0,0.0,2.43642497063
0.0,0.0,0.0,2.45345211029
0.0,0.0,0.0,2.46966814995
0.0,0.0,0.0,2.48639202118
0.0,0.0,0.0,2.50290513039
0.0,0.0,0.0,2.51976919174
0.0,0.0,0.0,2.53632903099
0.0,0.0,0.0,2.55292510986
0.0,0.0,0.0,2.56948018074
0.0,0.0,0.0,2.5863339901
0.0,0.0,0.0,2.60375404358
0.0,0.0,0.0,2.61963796616
0.0,0.0,0.0,2.63628911972
0.0,0.0,0.0,2.65328001976
0.0,0.0,0.0,2.66981506348
0.0,0.0,0.0,2.6864221096
0.0,0.0,0.0,2.70288300514
0.0,0.0,0.0,2.71968317032
0.0,0.0,0.0,2.73638319969
0.0,0.0,0.0,2.7534031868
0.0,0.0,0.0,2.7696750164
0.0,0.0,0.0,2.7866101265
0.0,0.0,0.0,2.80312800407
0.0,0.0,0.0,2.82016611099
0.0,0.0,0.0,2.83626699448
0.0,0.0,0.0,2.8532500267
0.0,0.0,0.0,2.87010812759
0.0,0.0,0.0,2.88649916649
0.0,0.0,0.0,2.90359401703
0.0,0.0,0.0,2.91974496841
0.0,0.0,0.0,2.93630003929
0.0,0.0,0.0,2.95320701599
0.0,0.0,0.0,2.96962308884
0.0,0.0,0.0,2.98698806763
0.0,0.0,0.0,3.00312805176
0.0,0.0,0.0,3.02036309242
0.0,0.0,0.0,3.03621101379
0.0,0.0,0.0,3.05385112762
0.0,0.0,0.0,3.06972312927
0.0,0.0,0.0,3.08651804924
0.0,0.0,0.0,3.1031460762
0.0,0.0,0.0,3.11976003647
0.0,0.0,0.0,3.13639497757
0.0,0.0,0.0,3.15326213837
0.0,0.0,0.0,3.16992616653
0.0,0.0,0.0,3.18699717522
0.0,0.0,0.0,3.2028939724
0.0,0.0,0.0,3.22012209892
0.0,0.0,0.0,3.23652005196
0.0,0.0,0.0,3.25420308113
0.0,0.0,0.0,3.26988196373
0.0,0.0,0.0,3.28671908379
0.0,0.0,0.0,3.30311203003
0.0,0.0,0.0,3.32109999657
0.0,0.0,0.0,3.33637619019
0.0,0.0,0.0,3.35292410851
0.0,0.0,0.0,3.36960101128
0.0,0.0,0.0,3.38625001907
0.0,0.0,0.0,3.40294003487
0.0,0.0,0.0,3.41955709457
0.0,0.0,0.0,3.43628096581
0.0,0.0,0.0,3.45305299759
0.0,0.0,0.0,3.46953201294
0.0,0.0,0.0,3.48640012741
0.0,0.0,0.0,3.50290107727
0.0,0.0,0.0,3.51957011223
0.0,0.0,0.0,3.53631901741
0.0,0.0,0.0,3.55307006836
0.0,0.0,0.0,3.56972002983
0.0,0.0,0.0,3.58626413345
0.0,0.0,0.0,3.60300397873
0.0,0.0,0.0,3.61959314346
0.0,0.0,0.0,3.636272192
0.0,0.0,0.0,3.65307998657
0.0,0.0,0.0,3.66961216927
0.0,0.0,0.0,3.68626308441
0.0,0.0,0.0,3.7029440403
0.0,0.0,0.0,3.71958398819
0.0,0.0,0.0,3.73626303673
0.0,0.0,0.0,3.75331902504
0.0,0.0,0.0,3.77059602737
0.0,0.0,0.0,3.78641700745
0.0,0.0,0.0,3.80301213264
0.0,0.0,0.0,3.81958317757
0.0,0.0,0.0,3.83629417419
0.0,0.0,0.0,3.85306811333
0.0,0.0,0.0,3.86962604523
0.0,0.0,0.0,3.88623404503
0.0,0.0,0.0,3.90290307999
0.0,0.0,0.0,3.91954803467
0.0,0.0,0.0,3.93628811836
0.0,0.0,0.0,3.95304703712
0.0,0.0,0.0,3.96964502335
0.0,0.0,0.0,3.98628902435
0.0,0.0,0.0,4.0029861927
0.0,0.0,0.0,4.02004814148
0.0,0.0,0.0,4.03645610809
0.0,0.0,0.0,4.05559206009
0.0,0.0,0.0,4.06953001022
0.0,0.0,0.0,4.08650612831
0.0,0.0,0.0,4.10521602631
0.0,0.0,0.0,4.12203407288
0.0,0.0,0.0,4.13624501228
0.0,0.0,0.0,4.15329408646
0.0,0.0,0.0,4.169506073
0.0,0.0,0.0,4.18676614761
0.0,0.0,0.0,4.20304203033
0.0,0.0,0.0,4.22039413452
0.0,0.0,0.0,4.23646998405
0.0,0.0,0.0,4.25391101837
0.0,0.0,0.0,4.26986908913
0.0,0.0,0.0,4.28651809692
0.0,0.0,0.0,4.30315113068
0.0,0.0,0.0,4.32430815697
0.0,0.0,0.0,4.33619999886
0.0,0.0,0.0,4.35374307632
0.0,0.0,0.0,4.37015604973
0.0,0.0,0.0,4.38648509979
0.0,0.0,0.0,4.40300607681
0.0,0.0,0.0,4.42004609108
0.0,0.0,0.0,4.43645119667
0.0,0.0,0.0,4.45417404175
0.0,0.0,0.0,4.46985507011
0.0,0.0,0.0,4.48653411865
0.0,0.0,0.0,4.50315713882
0.0,0.0,0.0,4.52007102966
0.0,0.0,0.0,4.53663897514
0.0,0.0,0.0,4.55299115181
0.0,0.0,0.0,4.56953001022
0.0,0.0,0.0,4.58638501167
0.0,0.0,0.0,4.60295701027
0.0,0.0,0.0,4.61998105049
0.0,0.0,0.0,4.63638997078
Actuacion(lineal,angular) = 0.0400016307831,0.0
0.0,0.0,0.0,4.65315508842
0.0,0.0,0.0,4.66974616051
0.0,0.0,0.0,4.68659305573
0.0,0.0,0.0,4.7040681839
0.0,0.0,0.0,4.72193717957
0.0,0.0,0.000174532925201,4.73746418953
0.0,0.0,0.000174532925201,4.75357317924
0.0,0.0,0.000174532925201,4.7699701786
0.0,0.0,0.000174532925201,4.78744912148
0.0,0.0,0.000174532925201,4.80292916298
0.0,0.0,0.000174532925201,4.81973004341
Actuacion(lineal,angular) = 0.0800084114075,-0.00025634544506
0.0,0.0,0.000174532925201,4.83690214157
0.0,0.0,0.000174532925201,4.85328817368
0.000255876261103,4.46588327929e-08,0.000174532925201,4.87029218674
0.000255876261103,4.46588327929e-08,0.000174532925201,4.88671016693
0.000255876261103,4.46588327929e-08,0.000174532925201,4.90305709839
0.00115144317497,2.00964747568e-07,0.0,4.92050504684
0.00115144317497,2.00964747568e-07,0.0,4.93647909164
0.00115144317497,2.00964747568e-07,0.0,4.95315504074
0.00115144317497,2.00964747568e-07,0.0,4.96961212158
0.00243082449997,2.00964747569e-07,-0.000174532925198,4.98640418053
0.00311316119624,8.18745267886e-08,0.0,5.00342798233
0.00311316119624,8.18745267886e-08,0.0,5.02228808403
Actuacion(lineal,angular) = 0.12000041008,6.4312045209e-05
0.00311316119624,8.18745267886e-08,0.0,5.03806900978
0.00498958713958,8.18745267899e-08,-0.000174532925198,5.05676603317
0.00498958713958,8.18745267899e-08,-0.000174532925198,5.07033205032
0.00562927779234,-2.97725551918e-08,-0.000174532925198,5.0864109993
0.00562927779234,-2.97725551918e-08,-0.000174532925198,5.10300207138
0.00562927779234,-2.97725551918e-08,-0.000174532925198,5.11992096901
0.00891302314317,-6.02894242698e-07,0.0,5.13621115685
0.00891302314317,-6.02894242698e-07,0.0,5.15366315842
0.00891302314317,-6.02894242698e-07,0.0,5.16956806183
0.00891302314317,-6.02894242698e-07,0.0,5.18643903732
0.0128364592065,-6.02894242696e-07,0.000174532925201,5.20304012299
0.0128364592065,-6.02894242696e-07,0.000174532925201,5.21981811523
0.0128364592065,-6.02894242696e-07,0.000174532925201,5.23689317703
Actuacion(lineal,angular) = 0.160005807877,-0.000228175149998
0.0128364592065,-6.02894242696e-07,0.000174532925201,5.25480508804
0.0175701700369,2.23294163974e-07,-0.000174532925198,5.2695991993
0.0175701700369,2.23294163974e-07,-0.000174532925198,5.28643417358
0.0175701700369,2.23294163974e-07,-0.000174532925198,5.30298614502
0.0231568017377,-7.51757018667e-07,0.000174532925201,5.31992816925
0.0231568017377,-7.51757018667e-07,0.000174532925201,5.33667802811
0.0231568017377,-7.51757018667e-07,0.000174532925201,5.35347700119
0.0231568017377,-7.51757018667e-07,0.000174532925201,5.3705291748
0.0289140176125,2.53066719175e-07,-0.000174532925198,5.38652515411
0.0289140176125,2.53066719175e-07,-0.000174532925198,5.4030380249
0.0289140176125,2.53066719175e-07,-0.000174532925198,5.41979408264
0.0355668004012,-9.08062933435e-07,-0.000174532925198,5.43668007851
Actuacion(lineal,angular) = 0.199980211258,0.000322848511783
0.0355668004012,-9.08062933435e-07,-0.000174532925198,5.45314216614
0.037699102577,-1.28021987337e-06,-0.000349065850399,5.46967816353
0.037699102577,-1.28021987337e-06,-0.000349065850399,5.48671913147
0.037699102577,-1.28021987337e-06,-0.000349065850399,5.50307297707
0.0449915756853,-3.82577330379e-06,0.0003490658504,5.5199971199
0.0449915756853,-3.82577330379e-06,0.0003490658504,5.53624916077
0.0449915756853,-3.82577330379e-06,0.0003490658504,5.55307507515
0.0449915756853,-3.82577330379e-06,0.0003490658504,5.56961107254
0.0528810933755,-1.07181199017e-06,0.0,5.58663415909
0.0528810933755,-1.07181199017e-06,0.0,5.60310816765
0.0528810933755,-1.07181199017e-06,0.0,5.61976099014
Actuacion(lineal,angular) = 0.239983797073,6.09666098587e-05
0.0617514705622,-1.07181199017e-06,0.0,5.63651013374
0.0617514705622,-1.07181199017e-06,0.0,5.65312218666
0.0617514705622,-1.07181199017e-06,0.0,5.66962003708
0.0617514705622,-1.07181199017e-06,0.0,5.68715906143
0.0703659714838,-1.07181199016e-06,0.000698131700796,5.70301914215
0.0703659714838,-1.07181199016e-06,0.000698131700796,5.72023701668
0.0703659714838,-1.07181199016e-06,0.000698131700796,5.73625016212
0.0703659714838,-1.07181199016e-06,0.000698131700796,5.75346016884
0.0797480989142,5.478149654e-06,0.000872664625998,5.7720310688
0.0797480989142,5.478149654e-06,0.000872664625998,5.78642916679
0.0797480989142,5.478149654e-06,0.000872664625998,5.80302715302
0.089983145617,1.44099151243e-05,0.0010471975512,5.81998610497
Actuacion(lineal,angular) = 0.279983186722,-0.00140526391914
0.089983145617,1.44099151243e-05,0.0010471975512,5.8362531662
0.089983145617,1.44099151243e-05,0.0010471975512,5.85305309296
0.089983145617,1.44099151243e-05,0.0010471975512,5.86989617348
0.100985818979,2.59318919375e-05,0.0013962634016,5.88946199417
0.100985818979,2.59318919375e-05,0.0013962634016,5.90312218666
0.100985818979,2.59318919375e-05,0.0013962634016,5.92012119293
0.112798761698,4.24258822401e-05,0.0019198621772,5.93626999855
0.112798761698,4.24258822401e-05,0.0019198621772,5.95459103584
0.112798761698,4.24258822401e-05,0.0019198621772,5.97097611427
0.112798761698,4.24258822401e-05,0.0019198621772,5.98653507233
0.124910215921,6.56782336815e-05,0.0019198621772,6.00296807289
0.124910215921,6.56782336815e-05,0.0019198621772,6.01968312263
Actuacion(lineal,angular) = 0.3,-0.00298417337137
0.124910215921,6.56782336815e-05,0.0019198621772,6.03618812561
0.138045173317,9.08955725686e-05,0.0019198621772,6.05322313309
0.138045173317,9.08955725686e-05,0.0019198621772,6.07001900673
0.142522999703,9.94923926437e-05,0.0015707963268,6.08806300163
0.142522999703,9.94923926437e-05,0.0015707963268,6.10334897041
0.142522999703,9.94923926437e-05,0.0015707963268,6.12087798119
0.155871195059,0.000120459706124,0.001745329252,6.13762497902
0.155871195059,0.000120459706124,0.001745329252,6.15303015709
0.160434314835,0.000128423860636,0.001745329252,6.16966414452
0.160434314835,0.000128423860636,0.001745329252,6.18673300743
0.160434314835,0.000128423860636,0.001745329252,6.20739912987
0.174123674162,0.000152316324171,0.0015707963268,6.2212331295
Actuacion(lineal,angular) = 0.3,-0.00278413991883
0.174123674162,0.000152316324171,0.0015707963268,6.237637043
0.174123674162,0.000152316324171,0.0015707963268,6.25300717354
0.174123674162,0.000152316324171,0.0015707963268,6.26954102516
0.188239497367,0.000174489425647,0.0013962634016,6.28683400154
0.188239497367,0.000174489425647,0.0013962634016,6.30310297012
0.188239497367,0.000174489425647,0.0013962634016,6.32001614571
0.202781784252,0.000194794301796,0.001745329252,6.33619904518
0.202781784252,0.000194794301796,0.001745329252,6.35293316841
0.202781784252,0.000194794301796,0.001745329252,6.36960816383
0.202781784252,0.000194794301796,0.001745329252,6.3887090683
0.216599081517,0.000218910059383,0.0019198621772,6.40281414986
0.216599081517,0.000218910059383,0.0019198621772,6.42032504082
0.216599081517,0.000218910059383,0.0019198621772,6.43659305573
Actuacion(lineal,angular) = 0.3,-0.00325892425926
0.230842834019,0.00024625613467,0.00226892802759,6.45348501205
0.230842834019,0.00024625613467,0.00226892802759,6.47025513649
0.230842834019,0.00024625613467,0.00226892802759,6.4866399765
0.230842834019,0.00024625613467,0.00226892802759,6.50297403336
0.244915992369,0.000278187172882,0.0019198621772,6.51967406273
0.244915992369,0.000278187172882,0.0019198621772,6.53629112244
0.244915992369,0.000278187172882,0.0019198621772,6.55323410034
0.244915992369,0.000278187172882,0.0019198621772,6.56963610649
0.25915974487,0.000305533248168,0.0019198621772,6.58671212196
0.25915974487,0.000305533248168,0.0019198621772,6.6030921936
0.25915974487,0.000305533248168,0.0019198621772,6.61995196342
0.273360851406,0.000332797448978,0.00226892802759,6.63660812378
Actuacion(lineal,angular) = 0.3,-0.00350487161705
0.273360851406,0.000332797448978,0.00226892802759,6.65303516388
0.273360851406,0.000332797448978,0.00226892802759,6.66975307465
0.273360851406,0.000332797448978,0.00226892802759,6.68652796745
0.287604593494,0.000365115530078,0.00226892802759,6.70290112495
0.292338292212,0.000375855970203,0.00244346095279,6.71993112564
0.292338292212,0.000375855970203,0.00244346095279,6.73619699478
0.292338292212,0.000375855970203,0.00244346095279,6.75464701653
0.306709966193,0.000410972664291,0.00279252680319,6.76957917213
0.306709966193,0.000410972664291,0.00279252680319,6.78631210327
0.311358366883,0.00042395348155,0.00296705972839,6.80286812782
0.311358366883,0.00042395348155,0.00296705972839,6.82000112534
0.311358366883,0.00042395348155,0.00296705972839,6.83617901802
Actuacion(lineal,angular) = 0.3,-0.0053520623948
0.325772666363,0.000466721694554,0.00314159265359,6.8544690609
0.325772666363,0.000466721694554,0.00314159265359,6.86948204041
0.325772666363,0.000466721694554,0.00314159265359,6.88841819763
0.325772666363,0.000466721694554,0.00314159265359,6.90288305283
0.340357541494,0.000512541581862,0.00314159265359,6.9198641777
0.340357541494,0.000512541581862,0.00314159265359,6.93645596504
0.340357541494,0.000512541581862,0.00314159265359,6.95335006714
0.340357541494,0.000512541581862,0.00314159265359,6.96985697746
0.354558604122,0.000557155682661,0.00296705972839,6.98660302162
0.354558604122,0.000557155682661,0.00296705972839,7.00304818153
0.354558604122,0.000557155682661,0.00296705972839,7.01973700523
Actuacion(lineal,angular) = 0.3,-0.00572982970458
0.369271424598,0.000600809627887,0.00296705972839,7.03625512123
0.369271424598,0.000600809627887,0.00296705972839,7.05318808556
0.369271424598,0.000600809627887,0.00296705972839,7.06966304779
0.369271424598,0.000600809627887,0.00296705972839,7.08639597893
0.383685724078,0.000643577840891,0.00296705972839,7.10324716568
0.383685724078,0.000643577840891,0.00296705972839,7.11963200569
0.383685724078,0.000643577840891,0.00296705972839,7.13632297516
0.398227961128,0.000686725653418,0.00314159265359,7.1537501812
0.40296164867,0.000701597020351,0.00331612557879,7.17025899887
0.40296164867,0.000701597020351,0.00331612557879,7.18618297577
0.40296164867,0.000701597020351,0.00331612557879,7.20304298401
0.40296164867,0.000701597020351,0.00331612557879,7.22038507462
0.41780239044,0.00075081096414,0.00366519142919,7.23634409904
Actuacion(lineal,angular) = 0.3,-0.00676644040864
0.41780239044,0.00075081096414,0.00366519142919,7.25300717354
0.41780239044,0.00075081096414,0.00366519142919,7.27002716064
0.41780239044,0.00075081096414,0.00366519142919,7.28646802902
0.432259302308,0.000803798550882,0.00349065850399,7.30300116539
0.432259302308,0.000803798550882,0.00349065850399,7.31961917877
0.432259302308,0.000803798550882,0.00349065850399,7.33623504639
0.447057389478,0.000855453829507,0.00366519142919,7.35392212868
0.447057389478,0.000855453829507,0.00366519142919,7.36950302124
0.447057389478,0.000855453829507,0.00366519142919,7.38644719124
0.447057389478,0.000855453829507,0.00366519142919,7.40311598778
0.461940758923,0.000910004471905,0.00383972435439,7.42031216621
0.461940758923,0.000910004471905,0.00383972435439,7.43636918068
Actuacion(lineal,angular) = 0.3,-0.0079488681987
0.461940758923,0.000910004471905,0.00383972435439,7.45325517654
0.476482952782,0.000965842762249,0.00349065850399,7.46954298019
0.476482952782,0.000965842762249,0.00349065850399,7.48628306389
0.476482952782,0.000965842762249,0.00349065850399,7.50294518471
0.476482952782,0.000965842762249,0.00349065850399,7.51974511147
0.491494268874,0.00101824235325,0.00366519142919,7.53660702705
0.491494268874,0.00101824235325,0.00366519142919,7.55348610878
0.491494268874,0.00101824235325,0.00366519142919,7.57073712349
0.491494268874,0.00101824235325,0.00366519142919,7.58736801147
0.506292346803,0.00107248038451,0.00383972435439,7.60410904884
0.506292346803,0.00107248038451,0.00383972435439,7.61983799934
0.506292346803,0.00107248038451,0.00383972435439,7.63661599159
Actuacion(lineal,angular) = 0.3,-0.00895362410808
0.52134628942,0.00113028365868,0.00383972435439,7.65447497368
0.52134628942,0.00113028365868,0.00383972435439,7.66949105263
0.52134628942,0.00113028365868,0.00383972435439,7.68638014793
0.52134628942,0.00113028365868,0.00383972435439,7.70312714577
0.536187003387,0.00118726818959,0.00401425727959,7.71989417076
0.536187003387,0.00118726818959,0.00401425727959,7.73632311821
0.536187003387,0.00118726818959,0.00401425727959,7.75290298462
0.551070352884,0.00124701410457,0.00366519142919,7.76955103874
0.551070352884,0.00124701410457,0.00366519142919,7.78721117973
0.556145198053,0.00126561446688,0.00401425727959,7.80290198326
0.556145198053,0.00126561446688,0.00401425727959,7.82017207146
Actuacion(lineal,angular) = 0.3,-0.0102195384768
0.556145198053,0.00126561446688,0.00401425727959,7.836977005
0.571412358854,0.00132690110746,0.00383972435439,7.85330414772
0.576487200699,0.00134638719705,0.00366519142919,7.86987900734
0.576487200699,0.00134638719705,0.00366519142919,7.88634705544
0.576487200699,0.00134638719705,0.00366519142919,7.90472912788
0.576487200699,0.00134638719705,0.00366519142919,7.92005801201
0.591413215902,0.00140109414501,0.00418879020479,7.93640518188
0.591413215902,0.00140109414501,0.00418879020479,7.95336818695
0.591413215902,0.00140109414501,0.00418879020479,7.9697329998
0.591413215902,0.00140109414501,0.00418879020479,7.98691701889
0.606808302784,0.00146558131131,0.00401425727959,8.00553011894
0.606808302784,0.00146558131131,0.00401425727959,8.01978707314
Actuacion(lineal,angular) = 0.3,-0.0115858245763
0.606808302784,0.00146558131131,0.00401425727959,8.03632307053
0.621990172184,0.00152652556843,0.00401425727959,8.05326104164
0.621990172184,0.00152652556843,0.00401425727959,8.06956911087
0.621990172184,0.00152652556843,0.00401425727959,8.08673214912
0.621990172184,0.00152652556843,0.00401425727959,8.10298109055
0.637001458782,0.00158678505861,0.00401425727959,8.12071299553
0.637001458782,0.00158678505861,0.00401425727959,8.13656115532
0.637001458782,0.00158678505861,0.00401425727959,8.15349912643
0.652353910985,0.00164841408266,0.00383972435439,8.17103505135
0.652353910985,0.00164841408266,0.00383972435439,8.18719601631
0.652353910985,0.00164841408266,0.00383972435439,8.20359706879
0.652353910985,0.00164841408266,0.00383972435439,8.22323513031
Actuacion(lineal,angular) = 0.27782017787,-0.0128799467672
0.66757843652,0.00170687235143,0.00383972435439,8.2366399765
0.66757843652,0.00170687235143,0.00383972435439,8.25342202187
0.66757843652,0.00170687235143,0.00383972435439,8.26962208748
0.682888253515,0.00176565811751,0.00383972435439,8.28700709343
0.682888253515,0.00176565811751,0.00383972435439,8.30296897888
0.682888253515,0.00176565811751,0.00383972435439,8.3197350502
0.682888253515,0.00176565811751,0.00383972435439,8.3364071846
0.697601030294,0.00182215140247,0.00383972435439,8.35302305222
0.70237735203,0.00184049125149,0.00366519142919,8.37056899071
0.70237735203,0.00184049125149,0.00366519142919,8.38670110703
0.70237735203,0.00184049125149,0.00366519142919,8.40302801132
0.70237735203,0.00184049125149,0.00366519142919,8.41982007027
Actuacion(lineal,angular) = 0.238275623337,-0.0147584356346
0.716834263898,0.00189347883824,0.00401425727959,8.43683409691
0.716834263898,0.00189347883824,0.00401425727959,8.45289897919
0.716834263898,0.00189347883824,0.00401425727959,8.46956300735
0.731163219287,0.00195099926068,0.00436332312999,8.48660802841
0.731163219287,0.00195099926068,0.00436332312999,8.50306606293
0.735896885128,0.00197165390541,0.00418879020479,8.51968812943
0.735896885128,0.00197165390541,0.00418879020479,8.5362970829
0.735896885128,0.00197165390541,0.00418879020479,8.55320000648
0.748647940468,0.00202506571351,0.00436332312999,8.56954717636
0.748647940468,0.00202506571351,0.00436332312999,8.58844614029
0.748647940468,0.00202506571351,0.00436332312999,8.60442399979
0.748647940468,0.00202506571351,0.00436332312999,8.62035799026
Actuacion(lineal,angular) = 0.200869149369,-0.0186530232622
0.761526923207,0.00208126123341,0.00383972435439,8.63660597801
0.761526923207,0.00208126123341,0.00383972435439,8.65433502197
0.761526923207,0.00208126123341,0.00383972435439,8.66963815689
0.773894184846,0.0021287483425,0.00401425727959,8.68635201454
0.773894184846,0.0021287483425,0.00401425727959,8.70294809341
0.773894184846,0.0021287483425,0.00401425727959,8.72024512291
0.773894184846,0.0021287483425,0.00401425727959,8.73615598679
0.785493815399,0.00217531249401,0.00383972435439,8.7563431263
0.785493815399,0.00217531249401,0.00383972435439,8.76954102516
0.785493815399,0.00217531249401,0.00383972435439,8.78648900986
0.785493815399,0.00217531249401,0.00383972435439,8.80295205116
0.795814082009,0.0022149396678,0.00383972435439,8.81984710693
Actuacion(lineal,angular) = 0.169394844962,-0.0212630154241
0.795814082009,0.0022149396678,0.00383972435439,8.83620715141
0.795814082009,0.0022149396678,0.00383972435439,8.85288405418
0.806816680295,0.00225718682002,0.00418879020479,8.86948418617
0.810228333898,0.0022714776048,0.00401425727959,8.88634705544
0.810228333898,0.0022714776048,0.00401425727959,8.90313410759
0.810228333898,0.0022714776048,0.00401425727959,8.91974401474
0.810228333898,0.0022714776048,0.00401425727959,8.93875098228
0.819354513818,0.00230811263576,0.00401425727959,8.95309901237
0.819354513818,0.00230811263576,0.00401425727959,8.96988511086
0.819354513818,0.00230811263576,0.00401425727959,8.9865231514
0.828693922241,0.00234560362539,0.00401425727959,9.00306415558
0.828693922241,0.00234560362539,0.00401425727959,9.01976299286
Actuacion(lineal,angular) = 0.142494829786,-0.025562493523
0.828693922241,0.00234560362539,0.00401425727959,9.03725600243
0.828693922241,0.00234560362539,0.00401425727959,9.05301809311
0.837564227958,0.00238121150595,0.00401425727959,9.07032299042
0.837564227958,0.00238121150595,0.00401425727959,9.08632898331
0.837564227958,0.00238121150595,0.00401425727959,9.10286617279
0.837564227958,0.00238121150595,0.00401425727959,9.11957597733
0.84600807667,0.00241510746918,0.00349065850399,9.13620615005
0.84600807667,0.00241510746918,0.00349065850399,9.15521407127
0.84600807667,0.00241510746918,0.00349065850399,9.16944313049
0.853599026284,0.00244160498963,0.00331612557879,9.18656301498
0.853599026284,0.00244160498963,0.00331612557879,9.2029311657
0.853599026284,0.00244160498963,0.00331612557879,9.21964097023
Actuacion(lineal,angular) = 0.116425174902,-0.0301344616558
0.853599026284,0.00244160498963,0.00331612557879,9.23623108864
0.861275272027,0.00246706047779,0.00349065850399,9.25285005569
0.861275272027,0.00246706047779,0.00349065850399,9.26962304115
0.861275272027,0.00246706047779,0.00349065850399,9.28843307495
0.86835447223,0.00249177164855,0.00314159265359,9.30321216583
0.86835447223,0.00249177164855,0.00314159265359,9.32221198082
0.870444118082,0.0024983364862,0.00331612557879,9.33758497238
0.870444118082,0.0024983364862,0.00331612557879,9.35464811325
0.870444118082,0.0024983364862,0.00331612557879,9.37048816681
0.877182156012,0.00252068074804,0.00331612557879,9.38773608208
0.877182156012,0.00252068074804,0.00331612557879,9.4040620327
0.877182156012,0.00252068074804,0.00331612557879,9.42111515999
Actuacion(lineal,angular) = 0.0976227417781,-0.035979197876
0.877182156012,0.00252068074804,0.00331612557879,9.43782114983
0.883408444226,0.00254132797733,0.00331612557879,9.45342707634
0.883408444226,0.00254132797733,0.00331612557879,9.46973013878
0.883408444226,0.00254132797733,0.00331612557879,9.48659300804
0.889464149201,0.00256140952911,0.00349065850399,9.50286912918
0.889464149201,0.00256140952911,0.00349065850399,9.51989603043
0.891084689007,0.00256706630313,0.00314159265359,9.53637909889
0.891084689007,0.00256706630313,0.00314159265359,9.55288314819
0.891084689007,0.00256706630313,0.00314159265359,9.56963515282
0.896500709889,0.00258408129053,0.00314159265359,9.58656406403
0.898334480739,0.00258984227051,0.00331612557879,9.6033680439
0.898334480739,0.00258984227051,0.00331612557879,9.61974406242
Actuacion(lineal,angular) = 0.0810120724033,-0.04330892854
0.898334480739,0.00258984227051,0.00331612557879,9.63626599312
0.898334480739,0.00258984227051,0.00331612557879,9.65304303169
0.90357991533,0.00260723685409,0.00261799387799,9.66971802711
0.90357991533,0.00260723685409,0.00261799387799,9.68645405769
0.90357991533,0.00260723685409,0.00261799387799,9.70295619965
0.90357991533,0.00260723685409,0.00261799387799,9.71970701218
0.90874006899,0.00262074613565,0.00261799387799,9.73626303673
0.90874006899,0.00262074613565,0.00261799387799,9.75309801102
0.90874006899,0.00262074613565,0.00261799387799,9.76971101761
0.913303180079,0.00263269235983,0.00279252680319,9.78654313087
0.913303180079,0.00263269235983,0.00279252680319,9.80341815948
0.913303180079,0.00263269235983,0.00279252680319,9.81971716881
Actuacion(lineal,angular) = 0.068961772734,-0.0500474331857
0.913303180079,0.00263269235983,0.00279252680319,9.83703804016
0.91790893489,0.00264555408703,0.00261799387799,9.85291719437
0.91790893489,0.00264555408703,0.00261799387799,9.86956214905
0.91790893489,0.00264555408703,0.00261799387799,9.88648509979
0.922088232896,0.00265649548862,0.00244346095279,9.90297007561
0.922088232896,0.00265649548862,0.00244346095279,9.91980004311
0.92353819407,0.00266003841918,0.00226892802759,9.93662905693
0.92353819407,0.00266003841918,0.00226892802759,9.95308899879
0.92353819407,0.00266003841918,0.00226892802759,9.96988606453
0.927802787509,0.00266971449136,0.00209439510239,9.98652696609
0.927802787509,0.00266971449136,0.00209439510239,10.0031690598
0.927802787509,0.00266971449136,0.00209439510239,10.0198659897
Actuacion(lineal,angular) = 0.0573851665554,-0.0589487361695
0.927802787509,0.00266971449136,0.00209439510239,10.0362701416
0.931598277115,0.00267766375783,0.00226892802759,10.052989006
0.931598277115,0.00267766375783,0.00226892802759,10.0694611073
0.931598277115,0.00267766375783,0.00226892802759,10.0870411396
0.935265827473,0.00268598517991,0.00209439510239,10.1029281616
0.935265827473,0.00268598517991,0.00209439510239,10.1196131706
0.935265827473,0.00268598517991,0.00209439510239,10.1363060474
0.935265827473,0.00268598517991,0.00209439510239,10.1531300545
0.938549565672,0.00269286263517,0.0019198621772,10.1702201366
0.939658360777,0.00269499137157,0.0019198621772,10.1881110668
0.939658360777,0.00269499137157,0.0019198621772,10.2029421329
0.939658360777,0.00269499137157,0.0019198621772,10.2200241089
Actuacion(lineal,angular) = 0.0481571352941,-0.0700508605668
0.939658360777,0.00269499137157,0.0019198621772,10.2370259762
0.942984746092,0.00270137758077,0.0019198621772,10.2531449795
0.942984746092,0.00270137758077,0.0019198621772,10.2694871426
0.942984746092,0.00270137758077,0.0019198621772,10.2865250111
0.946225839475,0.00270760004101,0.001745329252,10.3029081821
0.946225839475,0.00270760004101,0.001745329252,10.3200809956
0.946225839475,0.00270760004101,0.001745329252,10.3363220692
0.946225839475,0.00270760004101,0.001745329252,10.3530170918
0.949424287916,0.0027131823923,0.001745329252,10.369669199
0.949424287916,0.0027131823923,0.001745329252,10.3866221905
0.949424287916,0.0027131823923,0.001745329252,10.4029760361
0.952324214503,0.00271824372414,0.0013962634016,10.4204220772
Actuacion(lineal,angular) = 0.0397852575865,-0.0844378965023
0.952324214503,0.00271824372414,0.0013962634016,10.4372060299
0.952324214503,0.00271824372414,0.0013962634016,10.4531311989
0.952324214503,0.00271824372414,0.0013962634016,10.4701490402
0.955266788682,0.00272235233545,0.0012217304764,10.4863870144
0.955266788682,0.00272235233545,0.0012217304764,10.5031759739
0.955266788682,0.00272235233545,0.0012217304764,10.5195901394
0.958209363533,0.00272594737061,0.0012217304764,10.5363750458
0.958209363533,0.00272594737061,0.0012217304764,10.5529379845
0.958976991755,0.00272688520587,0.0012217304764,10.569904089
0.958976991755,0.00272688520587,0.0012217304764,10.5865900517
0.958976991755,0.00272688520587,0.0012217304764,10.6028439999
0.961578398508,0.00273006342536,0.000523598775599,10.6197161674
0.961578398508,0.00273006342536,0.000523598775599,10.6363050938
0.961578398508,0.00273006342536,0.000523598775599,10.6530880928
0.962388673236,0.00273048768426,0.000523598775599,10.6695570946
0.962388673236,0.00273048768426,0.000523598775599,10.686453104
0.964819497421,0.00273176046094,0.0003490658504,10.7028529644
0.964819497421,0.00273176046094,0.0003490658504,10.7199530602
0.964819497421,0.00273176046094,0.0003490658504,10.736123085
0.964819497421,0.00273176046094,0.0003490658504,10.7527701855
0.967378259915,0.00273265363758,0.000174532925201,10.7698171139
0.967378259915,0.00273265363758,0.000174532925201,10.7865490913
0.967378259915,0.00273265363758,0.000174532925201,10.8032901287
0.970064960656,0.00273312255533,0.0003490658504,10.8197300434
0.970064960656,0.00273312255533,0.0003490658504,10.8365900517
0.970064960656,0.00273312255533,0.0003490658504,10.8533630371
0.970064960656,0.00273312255533,0.0003490658504,10.8699691296
0.972581077109,0.00273400084569,-0.000174532925198,10.8865351677
0.972581077109,0.00273400084569,-0.000174532925198,10.903493166
0.972581077109,0.00273400084569,-0.000174532925198,10.9195091724
0.972581077109,0.00273400084569,-0.000174532925198,10.9361960888
0.975225131807,0.00273353937108,0.0,10.9529500008
0.975225131807,0.00273353937108,0.0,10.9698381424
0.975225131807,0.00273353937108,0.0,10.9870700836
0.977783894457,0.00273353937108,0.0,11.0030760765
0.977783894457,0.00273353937108,0.0,11.0199291706
0.977783894457,0.00273353937108,0.0,11.0362780094
0.977783894457,0.00273353937108,0.0,11.0530831814
0.980385303151,0.00273353937108,-0.000523598775599,11.0696430206
0.980385303151,0.00273353937108,-0.000523598775599,11.0866920948
0.980385303151,0.00273353937108,-0.000523598775599,11.1030011177
0.982858773374,0.00273224426499,-0.000523598775599,11.1198070049
0.982858773374,0.00273224426499,-0.000523598775599,11.1365170479
0.982858773374,0.00273224426499,-0.000523598775599,11.153190136
0.982858773374,0.00273224426499,-0.000523598775599,11.1698701382
0.985161659443,0.00273103847655,-0.0010471975512,11.1864190102
0.985161659443,0.00273103847655,-0.0010471975512,11.2032420635
0.985801349755,0.00273036859418,-0.0010471975512,11.2201721668
0.985801349755,0.00273036859418,-0.0010471975512,11.2363340855
0.985801349755,0.00273036859418,-0.0010471975512,11.2529771328
0.985971933838,0.00273018995888,-0.00122173047639,11.2697429657
0.985971933838,0.00273018995888,-0.00122173047639,11.2865021229
0.985971933838,0.00273018995888,-0.00122173047639,11.3029820919
0.985886641813,0.0027302941628,-0.00122173047639,11.3197050095
0.985886641813,0.0027302941628,-0.00122173047639,11.3380820751
0.985545473714,0.00273071097847,-0.00122173047639,11.3533670902
0.985545473714,0.00273071097847,-0.00122173047639,11.370164156
0.985545473714,0.00273071097847,-0.00122173047639,11.3865711689
0.985502827702,0.00273076308043,-0.00122173047639,11.4028611183
0.985502827702,0.00273076308043,-0.00122173047639,11.4197020531
0.985502827702,0.00273076308043,-0.00122173047639,11.4383080006
0.985502827702,0.00273076308043,-0.00122173047639,11.4533491135
0.985502827702,0.00273076308043,-0.0010471975512,11.4698841572
0.985502827702,0.00273076308043,-0.0010471975512,11.4867050648
0.985502827702,0.00273076308043,-0.0010471975512,11.5030300617
0.985502827702,0.00273076308043,-0.0010471975512,11.5203080177
0.985502827702,0.00273076308043,-0.0010471975512,11.5362319946
0.985502827702,0.00273076308043,-0.0010471975512,11.5532109737
0.985502827702,0.00273076308043,-0.0010471975512,11.5696899891
0.985502827702,0.00273076308043,-0.0010471975512,11.5866210461
0.985502827702,0.00273076308043,-0.0010471975512,11.6029150486
0.985502827702,0.00273076308043,-0.0010471975512,11.6197052002
0.985502827702,0.00273076308043,-0.0010471975512,11.6361629963
0.985502827702,0.00273076308043,-0.0010471975512,11.6529211998
0.985502827702,0.00273076308043,-0.0010471975512,11.6697201729
0.985502827702,0.00273076308043,-0.0010471975512,11.6864690781
0.985502827702,0.00273076308043,-0.0010471975512,11.7031600475
0.985502827702,0.00273076308043,-0.0010471975512,11.7208030224
0.985502827702,0.00273076308043,-0.0010471975512,11.7364301682
0.985502827702,0.00273076308043,-0.0010471975512,11.7531709671
0.985502827702,0.00273076308043,-0.0010471975512,11.7698950768
0.985502827702,0.00273076308043,-0.0010471975512,11.7863540649
0.985502827702,0.00273076308043,-0.0010471975512,11.8032779694
0.985502827702,0.00273076308043,-0.0010471975512,11.8196771145
0.985502827702,0.00273076308043,-0.0010471975512,11.8361661434
0.985502827702,0.00273076308043,-0.0010471975512,11.8529570103
0.985502827702,0.00273076308043,-0.0010471975512,11.8701059818
0.985502827702,0.00273076308043,-0.0010471975512,11.8868031502
0.985502827702,0.00273076308043,-0.0010471975512,11.903275013
0.985502827702,0.00273076308043,-0.0010471975512,11.9199151993
0.985502827702,0.00273076308043,-0.0010471975512,11.936727047
0.985502827702,0.00273076308043,-0.0010471975512,11.9530551434
0.985502827702,0.00273076308043,-0.0010471975512,11.9695580006
0.985502827702,0.00273076308043,-0.0010471975512,11.9866349697
0.985502827702,0.00273076308043,-0.0010471975512,12.0031490326
0.985502827702,0.00273076308043,-0.0010471975512,12.0196800232
0.985502827702,0.00273076308043,-0.0010471975512,12.0363280773
0.985502827702,0.00273076308043,-0.0010471975512,12.0531949997
0.985502827702,0.00273076308043,-0.0010471975512,12.0696370602
0.985502827702,0.00273076308043,-0.0010471975512,12.0865051746
0.985502827702,0.00273076308043,-0.0010471975512,12.1029770374
0.985502827702,0.00273076308043,-0.0010471975512,12.1202821732
0.985502827702,0.00273076308043,-0.0010471975512,12.1363110542
0.985502827702,0.00273076308043,-0.0010471975512,12.1528589725
0.985502827702,0.00273076308043,-0.0010471975512,12.1696071625
0.985502827702,0.00273076308043,-0.0010471975512,12.1863930225
0.985502827702,0.00273076308043,-0.0010471975512,12.2029659748
0.985502827702,0.00273076308043,-0.0010471975512,12.2197880745
0.985502827702,0.00273076308043,-0.0010471975512,12.2366549969
0.985502827702,0.00273076308043,-0.0010471975512,12.2530272007
0.985502827702,0.00273076308043,-0.0010471975512,12.2697031498
0.985502827702,0.00273076308043,-0.0010471975512,12.2865421772
0.985502827702,0.00273076308043,-0.0010471975512,12.3037371635
0.985502827702,0.00273076308043,-0.0010471975512,12.319671154
0.985502827702,0.00273076308043,-0.0010471975512,12.3369090557
0.985502827702,0.00273076308043,-0.0010471975512,12.3532691002
0.985502827702,0.00273076308043,-0.0010471975512,12.3699691296
0.985502827702,0.00273076308043,-0.0010471975512,12.3866450787
0.985502827702,0.00273076308043,-0.0010471975512,12.4030871391
0.985502827702,0.00273076308043,-0.0010471975512,12.4198200703
0.985502827702,0.00273076308043,-0.0010471975512,12.4366891384
0.985502827702,0.00273076308043,-0.0010471975512,12.4528281689
0.985502827702,0.00273076308043,-0.0010471975512,12.4698941708
0.985502827702,0.00273076308043,-0.0010471975512,12.4867341518
0.985502827702,0.00273076308043,-0.0010471975512,12.503136158
0.985502827702,0.00273076308043,-0.0010471975512,12.5197150707
0.985502827702,0.00273076308043,-0.0010471975512,12.5366389751
0.985502827702,0.00273076308043,-0.0010471975512,12.5531749725
0.985502827702,0.00273076308043,-0.0010471975512,12.5698361397
0.985502827702,0.00273076308043,-0.0010471975512,12.5862691402
0.985502827702,0.00273076308043,-0.0010471975512,12.6029040813
0.985502827702,0.00273076308043,-0.0010471975512,12.6195909977
0.985502827702,0.00273076308043,-0.0010471975512,12.6380400658
0.985502827702,0.00273076308043,-0.0010471975512,12.6534919739
0.985502827702,0.00273076308043,-0.0010471975512,12.6703050137
0.985502827702,0.00273076308043,-0.0010471975512,12.6865952015
0.985502827702,0.00273076308043,-0.0010471975512,12.7032811642
0.985502827702,0.00273076308043,-0.0010471975512,12.7203011513
0.985502827702,0.00273076308043,-0.0010471975512,12.7371530533
0.985502827702,0.00273076308043,-0.0010471975512,12.753015995
0.985502827702,0.00273076308043,-0.0010471975512,12.7699241638
0.985502827702,0.00273076308043,-0.0010471975512,12.7869770527
0.985502827702,0.00273076308043,-0.0010471975512,12.8034241199
0.985502827702,0.00273076308043,-0.0010471975512,12.8197071552
0.985502827702,0.00273076308043,-0.0010471975512,12.8372950554
0.985502827702,0.00273076308043,-0.0010471975512,12.856235981
0.985502827702,0.00273076308043,-0.0010471975512,12.8706359863
0.985502827702,0.00273076308043,-0.0010471975512,12.8877711296
0.985502827702,0.00273076308043,-0.0010471975512,12.9032430649
0.985502827702,0.00273076308043,-0.0010471975512,12.9197649956
0.985502827702,0.00273076308043,-0.0010471975512,12.9367120266
0.985502827702,0.00273076308043,-0.0010471975512,12.9540519714
0.985502827702,0.00273076308043,-0.0010471975512,12.9704191685
0.985502827702,0.00273076308043,-0.0010471975512,12.987347126
0.985502827702,0.00273076308043,-0.0010471975512,13.0030920506
0.985502827702,0.00273076308043,-0.0010471975512,13.0197741985
0.985502827702,0.00273076308043,-0.0010471975512,13.0381569862
0.985502827702,0.00273076308043,-0.0010471975512,13.054251194
0.985502827702,0.00273076308043,-0.0010471975512,13.0704891682
0.985502827702,0.00273076308043,-0.0010471975512,13.0873479843
0.985502827702,0.00273076308043,-0.0010471975512,13.102782011
0.985502827702,0.00273076308043,-0.0010471975512,13.1201410294
0.985502827702,0.00273076308043,-0.0010471975512,13.1373391151
0.985502827702,0.00273076308043,-0.0010471975512,13.1541349888
0.985502827702,0.00273076308043,-0.0010471975512,13.1704511642
0.985502827702,0.00273076308043,-0.0010471975512,13.1877520084
0.985502827702,0.00273076308043,-0.0010471975512,13.2030410767
0.985502827702,0.00273076308043,-0.0010471975512,13.2197310925
0.985502827702,0.00273076308043,-0.0010471975512,13.2386310101
0.985502827702,0.00273076308043,-0.0010471975512,13.2538020611
0.985502827702,0.00273076308043,-0.0010471975512,13.2711281776
0.985502827702,0.00273076308043,-0.0010471975512,13.2873849869
0.985502827702,0.00273076308043,-0.0010471975512,13.3041951656
0.985502827702,0.00273076308043,-0.0010471975512,13.3197450638
0.985502827702,0.00273076308043,-0.0010471975512,13.3367321491
0.985502827702,0.00273076308043,-0.0010471975512,13.3567430973
0.985502827702,0.00273076308043,-0.0010471975512,13.3711881638
0.985502827702,0.00273076308043,-0.0010471975512,13.3865661621
0.985502827702,0.00273076308043,-0.0010471975512,13.4030411243
0.985502827702,0.00273076308043,-0.0010471975512,13.4206199646
0.985502827702,0.00273076308043,-0.0010471975512,13.4375441074
0.985502827702,0.00273076308043,-0.0010471975512,13.453138113
0.985502827702,0.00273076308043,-0.0010471975512,13.4702391624
0.985502827702,0.00273076308043,-0.0010471975512,13.4863841534
0.985502827702,0.00273076308043,-0.0010471975512,13.5029270649
0.985502827702,0.00273076308043,-0.0010471975512,13.5195531845
0.985502827702,0.00273076308043,-0.0010471975512,13.5363111496
0.985502827702,0.00273076308043,-0.0010471975512,13.5536429882
0.985502827702,0.00273076308043,-0.0010471975512,13.5696029663
0.985502827702,0.00273076308043,-0.0010471975512,13.5862751007
0.985502827702,0.00273076308043,-0.0010471975512,13.6030960083
0.985502827702,0.00273076308043,-0.0010471975512,13.6197781563
0.985502827702,0.00273076308043,-0.0010471975512,13.6364810467
0.985502827702,0.00273076308043,-0.0010471975512,13.6540491581
0.985502827702,0.00273076308043,-0.0010471975512,13.6696381569
0.985502827702,0.00273076308043,-0.0010471975512,13.6864440441
0.985502827702,0.00273076308043,-0.0010471975512,13.702974081
0.985502827702,0.00273076308043,-0.0010471975512,13.7196760178
0.985502827702,0.00273076308043,-0.0010471975512,13.7362701893
0.985502827702,0.00273076308043,-0.0010471975512,13.7530100346
0.985502827702,0.00273076308043,-0.0010471975512,13.7698199749
0.985502827702,0.00273076308043,-0.0010471975512,13.7864429951
0.985502827702,0.00273076308043,-0.0010471975512,13.8032500744
0.985502827702,0.00273076308043,-0.0010471975512,13.8203721046
0.985502827702,0.00273076308043,-0.0010471975512,13.8366641998
0.985502827702,0.00273076308043,-0.0010471975512,13.8530859947
0.985502827702,0.00273076308043,-0.0010471975512,13.8696789742
0.985502827702,0.00273076308043,-0.0010471975512,13.8864700794
0.985502827702,0.00273076308043,-0.0010471975512,13.903398037
0.985502827702,0.00273076308043,-0.0010471975512,13.9197471142
0.985502827702,0.00273076308043,-0.0010471975512,13.9377009869
0.985502827702,0.00273076308043,-0.0010471975512,13.9538960457
0.985502827702,0.00273076308043,-0.0010471975512,13.9703249931
0.985502827702,0.00273076308043,-0.0010471975512,13.9862530231
0.985502827702,0.00273076308043,-0.0010471975512,14.003038168
0.985502827702,0.00273076308043,-0.0010471975512,14.0197710991
0.985502827702,0.00273076308043,-0.0010471975512,14.0364789963
0.985502827702,0.00273076308043,-0.0010471975512,14.052957058
0.985502827702,0.00273076308043,-0.0010471975512,14.06965518
0.985502827702,0.00273076308043,-0.0010471975512,14.0862710476
0.985502827702,0.00273076308043,-0.0010471975512,14.1032030582
0.985502827702,0.00273076308043,-0.0010471975512,14.1196770668
0.985502827702,0.00273076308043,-0.0010471975512,14.1363430023
0.985502827702,0.00273076308043,-0.0010471975512,14.1536290646
0.985502827702,0.00273076308043,-0.0010471975512,14.1719059944
0.985502827702,0.00273076308043,-0.0010471975512,14.1889910698
0.985502827702,0.00273076308043,-0.0010471975512,14.2036020756
0.985502827702,0.00273076308043,-0.0010471975512,14.2200319767
0.985502827702,0.00273076308043,-0.0010471975512,14.2362890244
0.985502827702,0.00273076308043,-0.0010471975512,14.2530350685
0.985502827702,0.00273076308043,-0.0010471975512,14.2703430653
0.985502827702,0.00273076308043,-0.0010471975512,14.2865130901
0.985502827702,0.00273076308043,-0.0010471975512,14.3036191463
0.985502827702,0.00273076308043,-0.0010471975512,14.3211150169
0.985502827702,0.00273076308043,-0.0010471975512,14.3382730484
0.985502827702,0.00273076308043,-0.0010471975512,14.3529481888
0.985502827702,0.00273076308043,-0.0010471975512,14.3750619888
0.985502827702,0.00273076308043,-0.0010471975512,14.3865129948
0.985502827702,0.00273076308043,-0.0010471975512,14.403231144
0.985502827702,0.00273076308043,-0.0010471975512,14.4197971821
0.985502827702,0.00273076308043,-0.0010471975512,14.4364151955
0.985502827702,0.00273076308043,-0.0010471975512,14.4528121948
0.985502827702,0.00273076308043,-0.0010471975512,14.4695441723
0.985502827702,0.00273076308043,-0.0010471975512,14.4864861965
0.985502827702,0.00273076308043,-0.0010471975512,14.5028431416
0.985502827702,0.00273076308043,-0.0010471975512,14.5197091103
0.985502827702,0.00273076308043,-0.0010471975512,14.5362560749
0.985502827702,0.00273076308043,-0.0010471975512,14.5530831814
0.985502827702,0.00273076308043,-0.0010471975512,14.5699570179
0.985502827702,0.00273076308043,-0.0010471975512,14.5868999958
0.985502827702,0.00273076308043,-0.0010471975512,14.6030831337
0.985502827702,0.00273076308043,-0.0010471975512,14.6196811199
0.985502827702,0.00273076308043,-0.0010471975512,14.6362450123
0.985502827702,0.00273076308043,-0.0010471975512,14.6529860497
0.985502827702,0.00273076308043,-0.0010471975512,14.6708431244
0.985502827702,0.00273076308043,-0.0010471975512,14.6863350868
0.985502827702,0.00273076308043,-0.0010471975512,14.7028450966
0.985502827702,0.00273076308043,-0.0010471975512,14.7195410728
0.985502827702,0.00273076308043,-0.0010471975512,14.7363510132
0.985502827702,0.00273076308043,-0.0010471975512,14.7529780865
0.985502827702,0.00273076308043,-0.0010471975512,14.7696089745
0.985502827702,0.00273076308043,-0.0010471975512,14.7861859798
0.985502827702,0.00273076308043,-0.0010471975512,14.8030321598
0.985502827702,0.00273076308043,-0.0010471975512,14.819781065
0.985502827702,0.00273076308043,-0.0010471975512,14.8363010883
0.985502827702,0.00273076308043,-0.0010471975512,14.8538901806
0.985502827702,0.00273076308043,-0.0010471975512,14.8703291416
0.985502827702,0.00273076308043,-0.0010471975512,14.8865120411
0.985502827702,0.00273076308043,-0.0010471975512,14.9031291008
0.985502827702,0.00273076308043,-0.0010471975512,14.919878006
0.985502827702,0.00273076308043,-0.0010471975512,14.9362571239
0.985502827702,0.00273076308043,-0.0010471975512,14.9529411793
0.985502827702,0.00273076308043,-0.0010471975512,14.9695601463
0.985502827702,0.00273076308043,-0.0010471975512,14.9864470959
0.985502827702,0.00273076308043,-0.0010471975512,15.0031030178
0.985502827702,0.00273076308043,-0.0010471975512,15.019546032
0.985502827702,0.00273076308043,-0.0010471975512,15.0363080502
0.985502827702,0.00273076308043,-0.0010471975512,15.0529999733
0.985502827702,0.00273076308043,-0.0010471975512,15.0694651604
0.985502827702,0.00273076308043,-0.0010471975512,15.0889601707
0.985502827702,0.00273076308043,-0.0010471975512,15.1028110981
0.985502827702,0.00273076308043,-0.0010471975512,15.1196470261
0.985502827702,0.00273076308043,-0.0010471975512,15.1361351013
0.985502827702,0.00273076308043,-0.0010471975512,15.1531150341
0.985502827702,0.00273076308043,-0.0010471975512,15.1695799828
0.985502827702,0.00273076308043,-0.0010471975512,15.1863100529
0.985502827702,0.00273076308043,-0.0010471975512,15.2029659748
0.985502827702,0.00273076308043,-0.0010471975512,15.2196409702
0.985502827702,0.00273076308043,-0.0010471975512,15.2362911701
0.985502827702,0.00273076308043,-0.0010471975512,15.2534940243
0.985502827702,0.00273076308043,-0.0010471975512,15.2700212002
0.985502827702,0.00273076308043,-0.0010471975512,15.2867619991
0.985502827702,0.00273076308043,-0.0010471975512,15.3030230999
0.985502827702,0.00273076308043,-0.0010471975512,15.3196501732
0.985502827702,0.00273076308043,-0.0010471975512,15.3364300728
0.985502827702,0.00273076308043,-0.0010471975512,15.3530759811
0.985502827702,0.00273076308043,-0.0010471975512,15.3698589802
0.985502827702,0.00273076308043,-0.0010471975512,15.3871569633
0.985502827702,0.00273076308043,-0.0010471975512,15.4030821323
0.985502827702,0.00273076308043,-0.0010471975512,15.4205160141
0.985502827702,0.00273076308043,-0.0010471975512,15.4362239838
0.985502827702,0.00273076308043,-0.0010471975512,15.4535541534
0.985502827702,0.00273076308043,-0.0010471975512,15.4711019993
0.985502827702,0.00273076308043,-0.0010471975512,15.4866690636
0.985502827702,0.00273076308043,-0.0010471975512,15.5036530495
0.985502827702,0.00273076308043,-0.0010471975512,15.5213911533
0.985502827702,0.00273076308043,-0.0010471975512,15.5370030403
0.985502827702,0.00273076308043,-0.0010471975512,15.5530221462
0.985502827702,0.00273076308043,-0.0010471975512,15.5698201656
0.985502827702,0.00273076308043,-0.0010471975512,15.5864460468
0.985502827702,0.00273076308043,-0.0010471975512,15.6034011841
0.985502827702,0.00273076308043,-0.0010471975512,15.6197631359
0.985502827702,0.00273076308043,-0.0010471975512,15.6366400719
0.985502827702,0.00273076308043,-0.0010471975512,15.6532189846
0.985502827702,0.00273076308043,-0.0010471975512,15.6700851917
0.985502827702,0.00273076308043,-0.0010471975512,15.6864690781
0.985502827702,0.00273076308043,-0.0010471975512,15.7031190395
0.985502827702,0.00273076308043,-0.0010471975512,15.7197101116
0.985502827702,0.00273076308043,-0.0010471975512,15.7364351749
0.985502827702,0.00273076308043,-0.0010471975512,15.7528910637
0.985502827702,0.00273076308043,-0.0010471975512,15.7695960999
0.985502827702,0.00273076308043,-0.0010471975512,15.7867870331
0.985502827702,0.00273076308043,-0.0010471975512,15.8029310703
0.985502827702,0.00273076308043,-0.0010471975512,15.8196721077
0.985502827702,0.00273076308043,-0.0010471975512,15.8362782001
0.985502827702,0.00273076308043,-0.0010471975512,15.8538341522
0.985502827702,0.00273076308043,-0.0010471975512,15.8699150085
0.985502827702,0.00273076308043,-0.0010471975512,15.8866930008
0.985502827702,0.00273076308043,-0.0010471975512,15.903222084
0.985502827702,0.00273076308043,-0.0010471975512,15.920137167
0.985502827702,0.00273076308043,-0.0010471975512,15.9365251064
0.985502827702,0.00273076308043,-0.0010471975512,15.952876091
0.985502827702,0.00273076308043,-0.0010471975512,15.9699411392
0.985502827702,0.00273076308043,-0.0010471975512,15.9864661694
0.985502827702,0.00273076308043,-0.0010471975512,16.003057003
0.985502827702,0.00273076308043,-0.0010471975512,16.0197441578
0.985502827702,0.00273076308043,-0.0010471975512,16.0366380215
0.985502827702,0.00273076308043,-0.0010471975512,16.0529201031
0.985502827702,0.00273076308043,-0.0010471975512,16.0699160099
0.985502827702,0.00273076308043,-0.0010471975512,16.086327076
0.985502827702,0.00273076308043,-0.0010471975512,16.1031491756
0.985502827702,0.00273076308043,-0.0010471975512,16.119811058
0.985502827702,0.00273076308043,-0.0010471975512,16.1367201805
0.985502827702,0.00273076308043,-0.0010471975512,16.1531481743
0.985502827702,0.00273076308043,-0.0010471975512,16.1703970432
0.985502827702,0.00273076308043,-0.0010471975512,16.1863431931
0.985502827702,0.00273076308043,-0.0010471975512,16.203286171
0.985502827702,0.00273076308043,-0.0010471975512,16.2197401524
0.985502827702,0.00273076308043,-0.0010471975512,16.2374560833
0.985502827702,0.00273076308043,-0.0010471975512,16.2530581951
0.985502827702,0.00273076308043,-0.0010471975512,16.2696681023
0.985502827702,0.00273076308043,-0.0010471975512,16.2871141434
0.985502827702,0.00273076308043,-0.0010471975512,16.3033621311
0.985502827702,0.00273076308043,-0.0010471975512,16.3197350502
0.985502827702,0.00273076308043,-0.0010471975512,16.337198019
0.985502827702,0.00273076308043,-0.0010471975512,16.3532140255
0.985502827702,0.00273076308043,-0.0010471975512,16.3711800575
0.985502827702,0.00273076308043,-0.0010471975512,16.3862111568
0.985502827702,0.00273076308043,-0.0010471975512,16.404227972
0.985502827702,0.00273076308043,-0.0010471975512,16.4196681976
0.985502827702,0.00273076308043,-0.0010471975512,16.4380850792
0.985502827702,0.00273076308043,-0.0010471975512,16.4529299736
0.985502827702,0.00273076308043,-0.0010471975512,16.4697501659
0.985502827702,0.00273076308043,-0.0010471975512,16.4864840508
0.985502827702,0.00273076308043,-0.0010471975512,16.5032331944
0.985502827702,0.00273076308043,-0.0010471975512,16.5198171139
0.985502827702,0.00273076308043,-0.0010471975512,16.5363821983
0.985502827702,0.00273076308043,-0.0010471975512,16.5544149876
0.985502827702,0.00273076308043,-0.0010471975512,16.570387125
0.985502827702,0.00273076308043,-0.0010471975512,16.5863761902
0.985502827702,0.00273076308043,-0.0010471975512,16.603482008
0.985502827702,0.00273076308043,-0.0010471975512,16.6208381653
0.985502827702,0.00273076308043,-0.0010471975512,16.6363551617
0.985502827702,0.00273076308043,-0.0010471975512,16.6541831493
0.985502827702,0.00273076308043,-0.0010471975512,16.6700041294
0.985502827702,0.00273076308043,-0.0010471975512,16.6867220402
0.985502827702,0.00273076308043,-0.0010471975512,16.7029490471
0.985502827702,0.00273076308043,-0.0010471975512,16.7198731899
0.985502827702,0.00273076308043,-0.0010471975512,16.7365641594
0.985502827702,0.00273076308043,-0.0010471975512,16.7530319691
0.985502827702,0.00273076308043,-0.0010471975512,16.7697119713
0.985502827702,0.00273076308043,-0.0010471975512,16.7864041328
0.985502827702,0.00273076308043,-0.0010471975512,16.803194046
0.985502827702,0.00273076308043,-0.0010471975512,16.8197660446
0.985502827702,0.00273076308043,-0.0010471975512,16.8373069763
0.985502827702,0.00273076308043,-0.0010471975512,16.8542070389
0.985502827702,0.00273076308043,-0.0010471975512,16.8714489937
0.985502827702,0.00273076308043,-0.0010471975512,16.8872590065
0.985502827702,0.00273076308043,-0.0010471975512,16.9063689709
0.985502827702,0.00273076308043,-0.0010471975512,16.9196300507
0.985502827702,0.00273076308043,-0.0010471975512,16.9363510609
0.985502827702,0.00273076308043,-0.0010471975512,16.9528770447
0.985502827702,0.00273076308043,-0.0010471975512,16.9715220928
0.985502827702,0.00273076308043,-0.0010471975512,16.9864561558
0.985502827702,0.00273076308043,-0.0010471975512,17.0030779839
0.985502827702,0.00273076308043,-0.0010471975512,17.0195410252
0.985502827702,0.00273076308043,-0.0010471975512,17.0363211632
0.985502827702,0.00273076308043,-0.0010471975512,17.0533761978
0.985502827702,0.00273076308043,-0.0010471975512,17.0701990128
0.985502827702,0.00273076308043,-0.0010471975512,17.0875439644
0.985502827702,0.00273076308043,-0.0010471975512,17.1031610966
0.985502827702,0.00273076308043,-0.0010471975512,17.1203081608
0.985502827702,0.00273076308043,-0.0010471975512,17.1370639801
0.985502827702,0.00273076308043,-0.0010471975512,17.1535861492
0.985502827702,0.00273076308043,-0.0010471975512,17.1699810028
0.985502827702,0.00273076308043,-0.0010471975512,17.1880970001
0.985502827702,0.00273076308043,-0.0010471975512,17.203441143
0.985502827702,0.00273076308043,-0.0010471975512,17.2199161053
0.985502827702,0.00273076308043,-0.0010471975512,17.2364649773
0.985502827702,0.00273076308043,-0.0010471975512,17.2534170151
0.985502827702,0.00273076308043,-0.0010471975512,17.2701771259
0.985502827702,0.00273076308043,-0.0010471975512,17.2877311707
0.985502827702,0.00273076308043,-0.0010471975512,17.3039159775
0.985502827702,0.00273076308043,-0.0010471975512,17.3198230267
0.985502827702,0.00273076308043,-0.0010471975512,17.3379371166
0.985502827702,0.00273076308043,-0.0010471975512,17.3531761169
0.985502827702,0.00273076308043,-0.0010471975512,17.3702290058
0.985502827702,0.00273076308043,-0.0010471975512,17.3874189854
0.985502827702,0.00273076308043,-0.0010471975512,17.4062380791
0.985502827702,0.00273076308043,-0.0010471975512,17.4196941853
0.985502827702,0.00273076308043,-0.0010471975512,17.4362549782
0.985502827702,0.00273076308043,-0.0010471975512,17.453384161
0.985502827702,0.00273076308043,-0.0010471975512,17.4699690342
0.985502827702,0.00273076308043,-0.0010471975512,17.4868941307
0.985502827702,0.00273076308043,-0.0010471975512,17.5031790733
0.985502827702,0.00273076308043,-0.0010471975512,17.5201051235
0.985502827702,0.00273076308043,-0.0010471975512,17.5364639759
0.985502827702,0.00273076308043,-0.0010471975512,17.5536141396
0.985502827702,0.00273076308043,-0.0010471975512,17.5697159767
0.985502827702,0.00273076308043,-0.0010471975512,17.5865921974
0.985502827702,0.00273076308043,-0.0010471975512,17.6034040451
0.985502827702,0.00273076308043,-0.0010471975512,17.6196141243
