0,0,0,0.0482349395752
0,0,0,0.0650758743286
0,0,0,0.0817079544067
0,0,0,0.0983610153198
0,0,0,0.115025997162
0,0,0,0.131697893143
0.0,0.0,0.0,0.013580083847
0.0,0.0,0.0,0.0305781364441
0.0,0.0,0.0,0.048849105835
0.0,0.0,0.0,0.0635590553284
0.0,0.0,0.0,0.0802199840546
0.0,0.0,0.0,0.0971021652222
0.0,0.0,0.0,0.113564014435
0.0,0.0,0.0,0.13035607338
0.0,0.0,0.0,0.146899938583
0.0,0.0,0.0,0.163561105728
0.0,0.0,0.0,0.180238008499
0.0,0.0,0.0,0.196902036667
0.0,0.0,0.0,0.21372795105
0.0,0.0,0.0,0.230246067047
0.0,0.0,0.0,0.247040987015
0.0,0.0,0.0,0.263568162918
0.0,0.0,0.0,0.280514001846
0.0,0.0,0.0,0.296920061111
0.0,0.0,0.0,0.313568115234
0.0,0.0,0.0,0.330224990845
0.0,0.0,0.0,0.346899032593
0.0,0.0,0.0,0.363564968109
0.0,0.0,0.0,0.380232095718
0.0,0.0,0.0,0.39689707756
0.0,0.0,0.0,0.413557052612
0.0,0.0,0.0,0.43022608757
0.0,0.0,0.0,0.446893930435
0.0,0.0,0.0,0.463562011719
0.0,0.0,0.0,0.480237007141
0.0,0.0,0.0,0.49690413475
0.0,0.0,0.0,0.51359295845
0.0,0.0,0.0,0.530254125595
0.0,0.0,0.0,0.547044992447
0.0,0.0,0.0,0.563954114914
0.0,0.0,0.0,0.580672979355
0.0,0.0,0.0,0.597540140152
0.0,0.0,0.0,0.614197969437
0.0,0.0,0.0,0.630640029907
0.0,0.0,0.0,0.647066116333
0.0,0.0,0.0,0.663685083389
0.0,0.0,0.0,0.680554151535
0.0,0.0,0.0,0.697383165359
0.0,0.0,0.0,0.713708162308
0.0,0.0,0.0,0.730282068253
0.0,0.0,0.0,0.747262001038
0.0,0.0,0.0,0.763813972473
0.0,0.0,0.0,0.780916929245
0.0,0.0,0.0,0.798156023026
0.0,0.0,0.0,0.813902139664
0.0,0.0,0.0,0.830654144287
0.0,0.0,0.0,0.849455118179
0.0,0.0,0.0,0.863887071609
0.0,0.0,0.0,0.880614995956
0.0,0.0,0.0,0.897953987122
0.0,0.0,0.0,0.913896083832
0.0,0.0,0.0,0.930621147156
0.0,0.0,0.0,0.947427988052
0.0,0.0,0.0,0.963855981827
0.0,0.0,0.0,0.980679035187
0.0,0.0,0.0,0.99742102623
0.0,0.0,0.0,1.01411795616
0.0,0.0,0.0,1.03061699867
0.0,0.0,0.0,1.047508955
0.0,0.0,0.0,1.06395411491
0.0,0.0,0.0,1.08063793182
0.0,0.0,0.0,1.09759306908
0.0,0.0,0.0,1.11418008804
0.0,0.0,0.0,1.13061404228
0.0,0.0,0.0,1.14694499969
0.0,0.0,0.0,1.16378307343
0.0,0.0,0.0,1.18056607246
0.0,0.0,0.0,1.19717001915
0.0,0.0,0.0,1.21412706375
0.0,0.0,0.0,1.23068213463
0.0,0.0,0.0,1.24727606773
0.0,0.0,0.0,1.26399898529
0.0,0.0,0.0,1.28063797951
0.0,0.0,0.0,1.29747796059
0.0,0.0,0.0,1.31435608864
0.0,0.0,0.0,1.33062815666
0.0,0.0,0.0,1.34728813171
0.0,0.0,0.0,1.36404299736
0.0,0.0,0.0,1.38067507744
0.0,0.0,0.0,1.39767193794
0.0,0.0,0.0,1.41395401955
0.0,0.0,0.0,1.4307820797
0.0,0.0,0.0,1.44732403755
0.0,0.0,0.0,1.46399307251
0.0,0.0,0.0,1.48064994812
0.0,0.0,0.0,1.49808096886
0.0,0.0,0.0,1.51460695267
0.0,0.0,0.0,1.53068709373
0.0,0.0,0.0,1.54751896858
0.0,0.0,0.0,1.56392097473
0.0,0.0,0.0,1.58074307442
0.0,0.0,0.0,1.59712505341
0.0,0.0,0.0,1.61393594742
0.0,0.0,0.0,1.63061308861
0.0,0.0,0.0,1.6474211216
0.0,0.0,0.0,1.66403508186
0.0,0.0,0.0,1.68069410324
0.0,0.0,0.0,1.69732713699
0.0,0.0,0.0,1.71502399445
0.0,0.0,0.0,1.73072004318
0.0,0.0,0.0,1.74729800224
0.0,0.0,0.0,1.76403212547
0.0,0.0,0.0,1.78068399429
0.0,0.0,0.0,1.79733014107
0.0,0.0,0.0,1.81417393684
0.0,0.0,0.0,1.83062696457
0.0,0.0,0.0,1.84748315811
0.0,0.0,0.0,1.8639960289
0.0,0.0,0.0,1.88096308708
0.0,0.0,0.0,1.89710998535
0.0,0.0,0.0,1.91390109062
0.0,0.0,0.0,1.93070697784
0.0,0.0,0.0,1.94747304916
0.0,0.0,0.0,1.96399497986
0.0,0.0,0.0,1.98061108589
0.0,0.0,0.0,1.99734902382
0.0,0.0,0.0,2.01407504082
0.0,0.0,0.0,2.03069210052
0.0,0.0,0.0,2.0474281311
0.0,0.0,0.0,2.06396102905
0.0,0.0,0.0,2.08103394508
0.0,0.0,0.0,2.09719610214
0.0,0.0,0.0,2.11479902267
0.0,0.0,0.0,2.13057804108
0.0,0.0,0.0,2.14752602577
0.0,0.0,0.0,2.16389393806
0.0,0.0,0.0,2.18057894707
0.0,0.0,0.0,2.19761013985
0.0,0.0,0.0,2.21382904053
0.0,0.0,0.0,2.2305560112
0.0,0.0,0.0,2.24731111526
0.0,0.0,0.0,2.26404714584
0.0,0.0,0.0,2.28063702583
0.0,0.0,0.0,2.29722309113
0.0,0.0,0.0,2.31651496887
0.0,0.0,0.0,2.33047699928
0.0,0.0,0.0,2.34722113609
0.0,0.0,0.0,2.36427402496
0.0,0.0,0.0,2.38023495674
0.0,0.0,0.0,2.39690208435
0.0,0.0,0.0,2.41359305382
0.0,0.0,0.0,2.43034505844
0.0,0.0,0.0,2.44693803787
0.0,0.0,0.0,2.46357107162
0.0,0.0,0.0,2.48025608063
0.0,0.0,0.0,2.49690914154
0.0,0.0,0.0,2.51358914375
0.0,0.0,0.0,2.53033900261
0.0,0.0,0.0,2.5469660759
0.0,0.0,0.0,2.56359195709
0.0,0.0,0.0,2.58021903038
0.0,0.0,0.0,2.59691405296
0.0,0.0,0.0,2.61357593536
0.0,0.0,0.0,2.63025093079
0.0,0.0,0.0,2.64692807198
0.0,0.0,0.0,2.66361308098
0.0,0.0,0.0,2.68026304245
0.0,0.0,0.0,2.69690299034
0.0,0.0,0.0,2.71357798576
0.0,0.0,0.0,2.73028206825
0.0,0.0,0.0,2.74692416191
0.0,0.0,0.0,2.76369094849
0.0,0.0,0.0,2.7802760601
0.0,0.0,0.0,2.79691100121
0.0,0.0,0.0,2.81359505653
0.0,0.0,0.0,2.83025693893
0.0,0.0,0.0,2.8469209671
0.0,0.0,0.0,2.86360001564
0.0,0.0,0.0,2.88026213646
0.0,0.0,0.0,2.89693593979
0.0,0.0,0.0,2.91359114647
0.0,0.0,0.0,2.93029904366
0.0,0.0,0.0,2.94694709778
0.0,0.0,0.0,2.96360111237
0.0,0.0,0.0,2.98031497002
0.0,0.0,0.0,2.99696111679
0.0,0.0,0.0,3.01358699799
0.0,0.0,0.0,3.03032898903
0.0,0.0,0.0,3.04699802399
0.0,0.0,0.0,3.06370306015
0.0,0.0,0.0,3.08032608032
0.0,0.0,0.0,3.09704399109
0.0,0.0,0.0,3.11367297173
0.0,0.0,0.0,3.13084506989
0.0,0.0,0.0,3.14703202248
0.0,0.0,0.0,3.16376304626
0.0,0.0,0.0,3.18044400215
0.0,0.0,0.0,3.19700312614
0.0,0.0,0.0,3.21372294426
0.0,0.0,0.0,3.23055815697
0.0,0.0,0.0,3.2470729351
0.0,0.0,0.0,3.26371693611
0.0,0.0,0.0,3.28028893471
0.0,0.0,0.0,3.29716801643
0.0,0.0,0.0,3.31376099586
0.0,0.0,0.0,3.33065700531
0.0,0.0,0.0,3.3471300602
0.0,0.0,0.0,3.3641140461
0.0,0.0,0.0,3.38041210175
0.0,0.0,0.0,3.39705300331
0.0,0.0,0.0,3.41416096687
0.0,0.0,0.0,3.43067407608
0.0,0.0,0.0,3.44709801674
0.0,0.0,0.0,3.46378493309
0.0,0.0,0.0,3.48041605949
0.0,0.0,0.0,3.49709010124
0.0,0.0,0.0,3.51381397247
0.0,0.0,0.0,3.53036403656
0.0,0.0,0.0,3.54723215103
0.0,0.0,0.0,3.56375813484
0.0,0.0,0.0,3.58039999008
0.0,0.0,0.0,3.59720802307
0.0,0.0,0.0,3.61422300339
0.0,0.0,0.0,3.63035297394
0.0,0.0,0.0,3.64737915993
0.0,0.0,0.0,3.66381406784
0.0,0.0,0.0,3.68079710007
0.0,0.0,0.0,3.69744300842
0.0,0.0,0.0,3.71386909485
0.0,0.0,0.0,3.73055195808
0.0,0.0,0.0,3.74743199348
0.0,0.0,0.0,3.7638759613
0.0,0.0,0.0,3.78099608421
0.0,0.0,0.0,3.79756593704
0.0,0.0,0.0,3.81382393837
0.0,0.0,0.0,3.83055400848
0.0,0.0,0.0,3.85085010529
0.0,0.0,0.0,3.86376094818
0.0,0.0,0.0,3.88166999817
0.0,0.0,0.0,3.90616297722
0.0,0.0,0.0,3.91482996941
0.0,0.0,0.0,3.93044996262
0.0,0.0,0.0,3.94711112976
0.0,0.0,0.0,3.96378207207
0.0,0.0,0.0,3.98115611076
0.0,0.0,0.0,3.99721693993
0.0,0.0,0.0,4.01386499405
0.0,0.0,0.0,4.03046894073
0.0,0.0,0.0,4.04792404175
0.0,0.0,0.0,4.06380295753
0.0,0.0,0.0,4.08043313026
0.0,0.0,0.0,4.0971031189
0.0,0.0,0.0,4.11378598213
0.0,0.0,0.0,4.1306180954
0.0,0.0,0.0,4.14711403847
0.0,0.0,0.0,4.1638841629
0.0,0.0,0.0,4.18042016029
0.0,0.0,0.0,4.19713115692
0.0,0.0,0.0,4.21372699738
0.0,0.0,0.0,4.2304289341
0.0,0.0,0.0,4.24760007858
0.0,0.0,0.0,4.26377797127
0.0,0.0,0.0,4.28054404259
0.0,0.0,0.0,4.29711508751
0.0,0.0,0.0,4.31375908852
0.0,0.0,0.0,4.33037304878
0.0,0.0,0.0,4.34697413445
0.0,0.0,0.0,4.36363601685
0.0,0.0,0.0,4.38031816483
0.0,0.0,0.0,4.39717197418
0.0,0.0,0.0,4.41363310814
0.0,0.0,0.0,4.4302880764
0.0,0.0,0.0,4.44696998596
0.0,0.0,0.0,4.46368503571
0.0,0.0,0.0,4.48028302193
0.0,0.0,0.0,4.49698996544
0.0,0.0,0.0,4.51360797882
0.0,0.0,0.0,4.53030610085
0.0,0.0,0.0,4.54702496529
0.0,0.0,0.0,4.56368112564
0.0,0.0,0.0,4.58063197136
0.0,0.0,0.0,4.59756994247
0.0,0.0,0.0,4.61381912231
0.0,0.0,0.0,4.63040614128
0.0,0.0,0.0,4.64733314514
0.0,0.0,0.0,4.66392016411
0.0,0.0,0.0,4.68033695221
0.0,0.0,0.0,4.69714713097
0.0,0.0,0.0,4.71409797668
0.0,0.0,0.0,4.73043012619
0.0,0.0,0.0,4.74758195877
0.0,0.0,0.0,4.76421093941
0.0,0.0,0.0,4.78130912781
0.0,0.0,0.0,4.79718708992
0.0,0.0,0.0,4.81377911568
0.0,0.0,0.0,4.83063006401
0.0,0.0,0.0,4.84736895561
0.0,0.0,0.0,4.86398100853
0.0,0.0,0.0,4.88057994843
0.0,0.0,0.0,4.905367136
0.0,0.0,0.0,4.91395401955
0.0,0.0,0.0,4.93055796623
0.0,0.0,0.0,4.94715595245
0.0,0.0,0.0,4.96376109123
0.0,0.0,0.0,4.98042297363
0.0,0.0,0.0,4.99705600739
0.0,0.0,0.0,5.01409816742
0.0,0.0,0.0,5.03053998947
0.0,0.0,0.0,5.04732394218
0.0,0.0,0.0,5.06437706947
0.0,0.0,0.0,5.08101201057
0.0,0.0,0.0,5.09733915329
0.0,0.0,0.0,5.11406898499
0.0,0.0,0.0,5.13054299355
0.0,0.0,0.0,5.1472671032
0.0,0.0,0.0,5.16393208504
0.0,0.0,0.0,5.1809630394
0.0,0.0,0.0,5.19738101959
0.0,0.0,0.0,5.21403503418
0.0,0.0,0.0,5.23047709465
0.0,0.0,0.0,5.24721908569
0.0,0.0,0.0,5.26408410072
0.0,0.0,0.0,5.28045105934
0.0,0.0,0.0,5.29700708389
0.0,0.0,0.0,5.31380200386
0.0,0.0,0.0,5.33062505722
0.0,0.0,0.0,5.34721708298
0.0,0.0,0.0,5.36397814751
0.0,0.0,0.0,5.38052916527
0.0,0.0,0.0,5.39737415314
0.0,0.0,0.0,5.41407012939
0.0,0.0,0.0,5.43055200577
0.0,0.0,0.0,5.44717812538
0.0,0.0,0.0,5.46445202827
0.0,0.0,0.0,5.48055410385
0.0,0.0,0.0,5.49723005295
0.0,0.0,0.0,5.51402616501
0.0,0.0,0.0,5.53037405014
0.0,0.0,0.0,5.54710006714
0.0,0.0,0.0,5.56368112564
0.0,0.0,0.0,5.58031201363
0.0,0.0,0.0,5.59704494476
0.0,0.0,0.0,5.61364603043
0.0,0.0,0.0,5.63034009933
0.0,0.0,0.0,5.64697813988
0.0,0.0,0.0,5.66374707222
0.0,0.0,0.0,5.68038201332
0.0,0.0,0.0,5.69701814651
0.0,0.0,0.0,5.71370816231
0.0,0.0,0.0,5.730479002
0.0,0.0,0.0,5.74704003334
0.0,0.0,0.0,5.76376605034
0.0,0.0,0.0,5.78075098991
0.0,0.0,0.0,5.79706001282
0.0,0.0,0.0,5.81368803978
0.0,0.0,0.0,5.83039712906
0.0,0.0,0.0,5.84709000587
0.0,0.0,0.0,5.86392712593
0.0,0.0,0.0,5.88042402267
0.0,0.0,0.0,5.89705014229
0.0,0.0,0.0,5.91371297836
0.0,0.0,0.0,5.93046808243
0.0,0.0,0.0,5.94709515572
0.0,0.0,0.0,5.96408295631
0.0,0.0,0.0,5.98040699959
0.0,0.0,0.0,5.99722003937
0.0,0.0,0.0,6.01376605034
0.0,0.0,0.0,6.03040099144
0.0,0.0,0.0,6.04704213142
0.0,0.0,0.0,6.06378602982
0.0,0.0,0.0,6.08039212227
0.0,0.0,0.0,6.09704399109
0.0,0.0,0.0,6.11370396614
0.0,0.0,0.0,6.13041305542
0.0,0.0,0.0,6.1470041275
0.0,0.0,0.0,6.16373610497
0.0,0.0,0.0,6.18038201332
0.0,0.0,0.0,6.19703197479
0.0,0.0,0.0,6.21369695663
0.0,0.0,0.0,6.2303841114
0.0,0.0,0.0,6.24704003334
0.0,0.0,0.0,6.26377105713
0.0,0.0,0.0,6.28045105934
0.0,0.0,0.0,6.29708600044
0.0,0.0,0.0,6.31437897682
0.0,0.0,0.0,6.33044195175
0.0,0.0,0.0,6.3470389843
0.0,0.0,0.0,6.36379694939
0.0,0.0,0.0,6.38039398193
0.0,0.0,0.0,6.39713001251
0.0,0.0,0.0,6.41371512413
0.0,0.0,0.0,6.43039512634
0.0,0.0,0.0,6.44707107544
0.0,0.0,0.0,6.46374797821
0.0,0.0,0.0,6.48036313057
0.0,0.0,0.0,6.49725604057
0.0,0.0,0.0,6.51370215416
0.0,0.0,0.0,6.53041100502
0.0,0.0,0.0,6.54704093933
0.0,0.0,0.0,6.56372094154
0.0,0.0,0.0,6.58041810989
0.0,0.0,0.0,6.59742712975
0.0,0.0,0.0,6.61378097534
0.0,0.0,0.0,6.6304359436
0.0,0.0,0.0,6.6470720768
0.0,0.0,0.0,6.6637711525
0.0,0.0,0.0,6.68050408363
0.0,0.0,0.0,6.69705915451
0.0,0.0,0.0,6.71371102333
0.0,0.0,0.0,6.73030400276
0.0,0.0,0.0,6.74710798264
0.0,0.0,0.0,6.76381897926
0.0,0.0,0.0,6.78073906898
0.0,0.0,0.0,6.79718399048
0.0,0.0,0.0,6.81379914284
0.0,0.0,0.0,6.83067202568
0.0,0.0,0.0,6.84729909897
0.0,0.0,0.0,6.86397409439
0.0,0.0,0.0,6.88049197197
0.0,0.0,0.0,6.89706301689
0.0,0.0,0.0,6.91375303268
0.0,0.0,0.0,6.93048095703
0.0,0.0,0.0,6.94790506363
0.0,0.0,0.0,6.96372509003
0.0,0.0,0.0,6.9804251194
0.0,0.0,0.0,6.99700903893
0.0,0.0,0.0,7.01370596886
0.0,0.0,0.0,7.03041696548
0.0,0.0,0.0,7.04708409309
0.0,0.0,0.0,7.06369614601
0.0,0.0,0.0,7.08027410507
0.0,0.0,0.0,7.09699416161
0.0,0.0,0.0,7.11365699768
0.0,0.0,0.0,7.13038015366
0.0,0.0,0.0,7.14703297615
0.0,0.0,0.0,7.16366195679
0.0,0.0,0.0,7.18033504486
0.0,0.0,0.0,7.19789505005
0.0,0.0,0.0,7.21364712715
0.0,0.0,0.0,7.23032712936
0.0,0.0,0.0,7.24706602097
0.0,0.0,0.0,7.26367497444
0.0,0.0,0.0,7.28038096428
0.0,0.0,0.0,7.29703116417
0.0,0.0,0.0,7.31372714043
0.0,0.0,0.0,7.33127593994
0.0,0.0,0.0,7.34700202942
0.0,0.0,0.0,7.36367511749
0.0,0.0,0.0,7.38027715683
0.0,0.0,0.0,7.39704203606
0.0,0.0,0.0,7.41360211372
0.0,0.0,0.0,7.43043112755
0.0,0.0,0.0,7.44700813293
0.0,0.0,0.0,7.46372008324
0.0,0.0,0.0,7.48036909103
0.0,0.0,0.0,7.49702095985
0.0,0.0,0.0,7.51371502876
0.0,0.0,0.0,7.53043103218
0.0,0.0,0.0,7.54727196693
0.0,0.0,0.0,7.56371116638
0.0,0.0,0.0,7.58039593697
0.0,0.0,0.0,7.59714794159
0.0,0.0,0.0,7.61374115944
0.0,0.0,0.0,7.63043093681
0.0,0.0,0.0,7.64710712433
0.0,0.0,0.0,7.6637430191
0.0,0.0,0.0,7.68041396141
0.0,0.0,0.0,7.69704914093
0.0,0.0,0.0,7.71369600296
0.0,0.0,0.0,7.73043704033
0.0,0.0,0.0,7.74788498878
0.0,0.0,0.0,7.76375508308
0.0,0.0,0.0,7.78036308289
0.0,0.0,0.0,7.79704904556
0.0,0.0,0.0,7.81373715401
0.0,0.0,0.0,7.83040904999
0.0,0.0,0.0,7.84703111649
0.0,0.0,0.0,7.86373496056
0.0,0.0,0.0,7.8803589344
0.0,0.0,0.0,7.89705109596
0.0,0.0,0.0,7.91471600533
0.0,0.0,0.0,7.93043398857
0.0,0.0,0.0,7.94707608223
0.0,0.0,0.0,7.9637761116
0.0,0.0,0.0,7.98038506508
0.0,0.0,0.0,7.99714612961
0.0,0.0,0.0,8.01375412941
0.0,0.0,0.0,8.03047609329
0.0,0.0,0.0,8.0471060276
0.0,0.0,0.0,8.06376099586
0.0,0.0,0.0,8.08105802536
0.0,0.0,0.0,8.09714698792
0.0,0.0,0.0,8.11367797852
0.0,0.0,0.0,8.13044309616
0.0,0.0,0.0,8.14771294594
0.0,0.0,0.0,8.16372513771
0.0,0.0,0.0,8.18041205406
0.0,0.0,0.0,8.19771504402
0.0,0.0,0.0,8.21378612518
0.0,0.0,0.0,8.23055410385
0.0,0.0,0.0,8.2470369339
0.0,0.0,0.0,8.26376008987
0.0,0.0,0.0,8.28042602539
0.0,0.0,0.0,8.2970700264
0.0,0.0,0.0,8.31378793716
0.0,0.0,0.0,8.33044195175
0.0,0.0,0.0,8.34709405899
0.0,0.0,0.0,8.36375403404
0.0,0.0,0.0,8.38043212891
0.0,0.0,0.0,8.39719009399
0.0,0.0,0.0,8.41445708275
0.0,0.0,0.0,8.43045806885
0.0,0.0,0.0,8.44704914093
0.0,0.0,0.0,8.46374607086
0.0,0.0,0.0,8.48044109344
0.0,0.0,0.0,8.49703502655
0.0,0.0,0.0,8.51369404793
0.0,0.0,0.0,8.53040504456
0.0,0.0,0.0,8.5470290184
0.0,0.0,0.0,8.56407094002
0.0,0.0,0.0,8.5804669857
0.0,0.0,0.0,8.59713697433
0.0,0.0,0.0,8.61374807358
0.0,0.0,0.0,8.63042712212
0.0,0.0,0.0,8.64705610275
0.0,0.0,0.0,8.6637840271
0.0,0.0,0.0,8.68044114113
0.0,0.0,0.0,8.69708800316
0.0,0.0,0.0,8.71368002892
0.0,0.0,0.0,8.73038005829
0.0,0.0,0.0,8.74702310562
0.0,0.0,0.0,8.76372504234
0.0,0.0,0.0,8.78035593033
0.0,0.0,0.0,8.7970969677
0.0,0.0,0.0,8.81367707253
0.0,0.0,0.0,8.83037209511
0.0,0.0,0.0,8.84715795517
0.0,0.0,0.0,8.8637111187
0.0,0.0,0.0,8.88034796715
0.0,0.0,0.0,8.89704108238
0.0,0.0,0.0,8.91370105743
0.0,0.0,0.0,8.93042516708
0.0,0.0,0.0,8.94708800316
0.0,0.0,0.0,8.96373414993
0.0,0.0,0.0,8.98043704033
0.0,0.0,0.0,8.99708795547
0.0,0.0,0.0,9.01376008987
0.0,0.0,0.0,9.03043007851
0.0,0.0,0.0,9.04710412025
0.0,0.0,0.0,9.06372094154
0.0,0.0,0.0,9.08037209511
0.0,0.0,0.0,9.09703612328
0.0,0.0,0.0,9.11367201805
0.0,0.0,0.0,9.13038802147
0.0,0.0,0.0,9.14702510834
0.0,0.0,0.0,9.16372394562
0.0,0.0,0.0,9.18039894104
0.0,0.0,0.0,9.1971321106
0.0,0.0,0.0,9.21368908882
0.0,0.0,0.0,9.23039197922
0.0,0.0,0.0,9.24702811241
0.0,0.0,0.0,9.26377296448
0.0,0.0,0.0,9.28041601181
0.0,0.0,0.0,9.29706811905
0.0,0.0,0.0,9.31422710419
0.0,0.0,0.0,9.33043599129
0.0,0.0,0.0,9.34706401825
0.0,0.0,0.0,9.36374115944
0.0,0.0,0.0,9.38037896156
0.0,0.0,0.0,9.39711904526
0.0,0.0,0.0,9.4137070179
0.0,0.0,0.0,9.43042206764
0.0,0.0,0.0,9.44699811935
0.0,0.0,0.0,9.4637260437
0.0,0.0,0.0,9.48037314415
0.0,0.0,0.0,9.49704003334
0.0,0.0,0.0,9.51368308067
0.0,0.0,0.0,9.53039693832
0.0,0.0,0.0,9.5470290184
0.0,0.0,0.0,9.56375598907
0.0,0.0,0.0,9.58037114143
0.0,0.0,0.0,9.59714198112
0.0,0.0,0.0,9.61374115944
0.0,0.0,0.0,9.63045096397
0.0,0.0,0.0,9.6470580101
0.0,0.0,0.0,9.66376495361
0.0,0.0,0.0,9.6804189682
0.0,0.0,0.0,9.69711709023
0.0,0.0,0.0,9.71376609802
0.0,0.0,0.0,9.73081016541
0.0,0.0,0.0,9.7470741272
0.0,0.0,0.0,9.76376414299
0.0,0.0,0.0,9.78036594391
0.0,0.0,0.0,9.79717707634
0.0,0.0,0.0,9.81368899345
0.0,0.0,0.0,9.83038115501
0.0,0.0,0.0,9.84709906578
0.0,0.0,0.0,9.86371803284
0.0,0.0,0.0,9.88040709496
0.0,0.0,0.0,9.89703202248
0.0,0.0,0.0,9.91370916367
0.0,0.0,0.0,9.93043112755
0.0,0.0,0.0,9.94720101357
0.0,0.0,0.0,9.96373605728
0.0,0.0,0.0,9.98046398163
0.0,0.0,0.0,9.99718403816
0.0,0.0,0.0,10.0137250423
0.0,0.0,0.0,10.0303909779
0.0,0.0,0.0,10.0470180511
0.0,0.0,0.0,10.0637140274
0.0,0.0,0.0,10.0803620815
0.0,0.0,0.0,10.0970420837
0.0,0.0,0.0,10.1136729717
0.0,0.0,0.0,10.1303470135
0.0,0.0,0.0,10.1470019817
0.0,0.0,0.0,10.1637420654
0.0,0.0,0.0,10.180357933
0.0,0.0,0.0,10.1971321106
0.0,0.0,0.0,10.213709116
0.0,0.0,0.0,10.2303950787
0.0,0.0,0.0,10.2470171452
0.0,0.0,0.0,10.2637431622
0.0,0.0,0.0,10.2804210186
0.0,0.0,0.0,10.2970869541
0.0,0.0,0.0,10.3140449524
0.0,0.0,0.0,10.3304290771
0.0,0.0,0.0,10.3471109867
0.0,0.0,0.0,10.3637320995
0.0,0.0,0.0,10.3803629875
0.0,0.0,0.0,10.3971459866
0.0,0.0,0.0,10.4137029648
0.0,0.0,0.0,10.4303619862
0.0,0.0,0.0,10.4470040798
0.0,0.0,0.0,10.4637241364
0.0,0.0,0.0,10.4803700447
0.0,0.0,0.0,10.4970221519
0.0,0.0,0.0,10.5136771202
0.0,0.0,0.0,10.5303530693
0.0,0.0,0.0,10.5469930172
0.0,0.0,0.0,10.5637221336
0.0,0.0,0.0,10.5814890862
0.0,0.0,0.0,10.5971460342
0.0,0.0,0.0,10.6140220165
0.0,0.0,0.0,10.6304211617
0.0,0.0,0.0,10.647051096
0.0,0.0,0.0,10.6637620926
0.0,0.0,0.0,10.680437088
0.0,0.0,0.0,10.697065115
0.0,0.0,0.0,10.7136819363
0.0,0.0,0.0,10.730394125
0.0,0.0,0.0,10.7470259666
0.0,0.0,0.0,10.7637119293
0.0,0.0,0.0,10.7803649902
0.0,0.0,0.0,10.797134161
0.0,0.0,0.0,10.8136980534
0.0,0.0,0.0,10.8303461075
0.0,0.0,0.0,10.8470010757
0.0,0.0,0.0,10.863710165
0.0,0.0,0.0,10.880368948
0.0,0.0,0.0,10.8970351219
0.0,0.0,0.0,10.9136810303
0.0,0.0,0.0,10.930398941
0.0,0.0,0.0,10.9470951557
0.0,0.0,0.0,10.9637420177
0.0,0.0,0.0,10.9804019928
0.0,0.0,0.0,10.9972131252
0.0,0.0,0.0,11.0137310028
0.0,0.0,0.0,11.0306739807
0.0,0.0,0.0,11.0470290184
0.0,0.0,0.0,11.0636911392
0.0,0.0,0.0,11.0803589821
0.0,0.0,0.0,11.0970439911
0.0,0.0,0.0,11.1136801243
0.0,0.0,0.0,11.130505085
0.0,0.0,0.0,11.1475059986
0.0,0.0,0.0,11.163932085
0.0,0.0,0.0,11.1804139614
0.0,0.0,0.0,11.1971781254
0.0,0.0,0.0,11.2140309811
0.0,0.0,0.0,11.2303740978
0.0,0.0,0.0,11.247025013
0.0,0.0,0.0,11.2637469769
0.0,0.0,0.0,11.2804260254
0.0,0.0,0.0,11.2970690727
0.0,0.0,0.0,11.3137321472
0.0,0.0,0.0,11.3304469585
0.0,0.0,0.0,11.3470461369
0.0,0.0,0.0,11.3637521267
0.0,0.0,0.0,11.3804049492
0.0,0.0,0.0,11.3971300125
0.0,0.0,0.0,11.413695097
0.0,0.0,0.0,11.4303629398
0.0,0.0,0.0,11.447024107
0.0,0.0,0.0,11.463711977
0.0,0.0,0.0,11.4803659916
0.0,0.0,0.0,11.497025013
0.0,0.0,0.0,11.5136740208
0.0,0.0,0.0,11.5303821564
0.0,0.0,0.0,11.5470261574
0.0,0.0,0.0,11.5637509823
0.0,0.0,0.0,11.5804350376
0.0,0.0,0.0,11.5970449448
0.0,0.0,0.0,11.61373806
0.0,0.0,0.0,11.630628109
0.0,0.0,0.0,11.6470601559
0.0,0.0,0.0,11.6637840271
0.0,0.0,0.0,11.680423975
0.0,0.0,0.0,11.6970369816
0.0,0.0,0.0,11.7136940956
0.0,0.0,0.0,11.7303700447
0.0,0.0,0.0,11.7470259666
0.0,0.0,0.0,11.7637119293
0.0,0.0,0.0,11.7803659439
0.0,0.0,0.0,11.7970440388
0.0,0.0,0.0,11.8136720657
0.0,0.0,0.0,11.8303570747
0.0,0.0,0.0,11.847025156
0.0,0.0,0.0,11.8637270927
0.0,0.0,0.0,11.8803801537
0.0,0.0,0.0,11.8970270157
0.0,0.0,0.0,11.9136490822
0.0,0.0,0.0,11.9304201603
0.0,0.0,0.0,11.9470860958
0.0,0.0,0.0,11.9637060165
0.0,0.0,0.0,11.9803740978
0.0,0.0,0.0,11.9971990585
0.0,0.0,0.0,12.0137350559
0.0,0.0,0.0,12.0304191113
0.0,0.0,0.0,12.0470030308
0.0,0.0,0.0,12.0637259483
0.0,0.0,0.0,12.0803720951
0.0,0.0,0.0,12.0970220566
0.0,0.0,0.0,12.1136519909
0.0,0.0,0.0,12.1303949356
0.0,0.0,0.0,12.1470201015
0.0,0.0,0.0,12.1636829376
0.0,0.0,0.0,12.1803600788
0.0,0.0,0.0,12.1972630024
0.0,0.0,0.0,12.2137081623
0.0,0.0,0.0,12.2304360867
0.0,0.0,0.0,12.2470190525
0.0,0.0,0.0,12.2637281418
0.0,0.0,0.0,12.280424118
0.0,0.0,0.0,12.2971460819
0.0,0.0,0.0,12.3141419888
0.0,0.0,0.0,12.3304381371
0.0,0.0,0.0,12.3471491337
0.0,0.0,0.0,12.3637559414
0.0,0.0,0.0,12.380368948
0.0,0.0,0.0,12.3971979618
0.0,0.0,0.0,12.4136960506
0.0,0.0,0.0,12.4303851128
0.0,0.0,0.0,12.4470031261
0.0,0.0,0.0,12.4639120102
0.0,0.0,0.0,12.4803521633
0.0,0.0,0.0,12.4972441196
0.0,0.0,0.0,12.5136809349
0.0,0.0,0.0,12.5305981636
0.0,0.0,0.0,12.547052145
0.0,0.0,0.0,12.5637121201
0.0,0.0,0.0,12.5803470612
0.0,0.0,0.0,12.5971801281
0.0,0.0,0.0,12.6137521267
0.0,0.0,0.0,12.630450964
0.0,0.0,0.0,12.6470811367
0.0,0.0,0.0,12.6637630463
0.0,0.0,0.0,12.6803891659
0.0,0.0,0.0,12.6970920563
0.0,0.0,0.0,12.7137341499
0.0,0.0,0.0,12.7304620743
0.0,0.0,0.0,12.7470231056
0.0,0.0,0.0,12.7637140751
0.0,0.0,0.0,12.7803750038
0.0,0.0,0.0,12.7971379757
0.0,0.0,0.0,12.8136940002
0.0,0.0,0.0,12.8303771019
0.0,0.0,0.0,12.8470160961
0.0,0.0,0.0,12.8637061119
0.0,0.0,0.0,12.8803579807
0.0,0.0,0.0,12.8970429897
0.0,0.0,0.0,12.9136879444
0.0,0.0,0.0,12.9306120872
0.0,0.0,0.0,12.9470789433
0.0,0.0,0.0,12.9637310505
0.0,0.0,0.0,12.9803640842
0.0,0.0,0.0,12.9977829456
0.0,0.0,0.0,13.0137519836
0.0,0.0,0.0,13.0304951668
0.0,0.0,0.0,13.0472719669
0.0,0.0,0.0,13.0637249947
0.0,0.0,0.0,13.0808770657
0.0,0.0,0.0,13.0970361233
0.0,0.0,0.0,13.1136920452
0.0,0.0,0.0,13.1303839684
0.0,0.0,0.0,13.1471920013
0.0,0.0,0.0,13.1637160778
0.0,0.0,0.0,13.1803610325
0.0,0.0,0.0,13.1976430416
0.0,0.0,0.0,13.2137000561
0.0,0.0,0.0,13.2303819656
0.0,0.0,0.0,13.24716115
0.0,0.0,0.0,13.2637691498
0.0,0.0,0.0,13.2804069519
0.0,0.0,0.0,13.2970731258
0.0,0.0,0.0,13.313751936
0.0,0.0,0.0,13.3304541111
0.0,0.0,0.0,13.3472590446
0.0,0.0,0.0,13.3637061119
0.0,0.0,0.0,13.3803520203
0.0,0.0,0.0,13.3971309662
0.0,0.0,0.0,13.4136800766
0.0,0.0,0.0,13.430355072
0.0,0.0,0.0,13.4471721649
0.0,0.0,0.0,13.463711977
0.0,0.0,0.0,13.4803371429
0.0,0.0,0.0,13.4970369339
0.0,0.0,0.0,13.5136830807
0.0,0.0,0.0,13.53038311
0.0,0.0,0.0,13.5471899509
0.0,0.0,0.0,13.5637061596
0.0,0.0,0.0,13.5803639889
0.0,0.0,0.0,13.5971610546
0.0,0.0,0.0,13.6137239933
0.0,0.0,0.0,13.6304240227
0.0,0.0,0.0,13.6472480297
0.0,0.0,0.0,13.663777113
0.0,0.0,0.0,13.6804130077
0.0,0.0,0.0,13.6971020699
0.0,0.0,0.0,13.7137229443
0.0,0.0,0.0,13.7304401398
0.0,0.0,0.0,13.7471921444
0.0,0.0,0.0,13.763723135
0.0,0.0,0.0,13.780351162
0.0,0.0,0.0,13.7970249653
0.0,0.0,0.0,13.8136811256
0.0,0.0,0.0,13.8303899765
0.0,0.0,0.0,13.8471660614
0.0,0.0,0.0,13.8637120724
0.0,0.0,0.0,13.880382061
0.0,0.0,0.0,13.898111105
0.0,0.0,0.0,13.9136910439
0.0,0.0,0.0,13.9303820133
0.0,0.0,0.0,13.9472081661
0.0,0.0,0.0,13.9637300968
0.0,0.0,0.0,13.9803860188
0.0,0.0,0.0,13.997218132
0.0,0.0,0.0,14.0137410164
0.0,0.0,0.0,14.0304369926
0.0,0.0,0.0,14.0472209454
0.0,0.0,0.0,14.0637540817
0.0,0.0,0.0,14.0803639889
0.0,0.0,0.0,14.0970470905
0.0,0.0,0.0,14.1138250828
0.0,0.0,0.0,14.1303851604
0.0,0.0,0.0,14.1471841335
0.0,0.0,0.0,14.1637070179
0.0,0.0,0.0,14.1803269386
0.0,0.0,0.0,14.1973750591
0.0,0.0,0.0,14.2137050629
0.0,0.0,0.0,14.2303709984
0.0,0.0,0.0,14.2470240593
0.0,0.0,0.0,14.2637619972
0.0,0.0,0.0,14.2804090977
0.0,0.0,0.0,14.2970750332
0.0,0.0,0.0,14.314209938
0.0,0.0,0.0,14.3307051659
0.0,0.0,0.0,14.347205162
0.0,0.0,0.0,14.363713026
0.0,0.0,0.0,14.3803861141
0.0,0.0,0.0,14.3970501423
0.0,0.0,0.0,14.4136941433
0.0,0.0,0.0,14.4303939342
0.0,0.0,0.0,14.4470160007
0.0,0.0,0.0,14.4637100697
0.0,0.0,0.0,14.4803659916
0.0,0.0,0.0,14.4970610142
0.0,0.0,0.0,14.5136790276
0.0,0.0,0.0,14.5303740501
0.0,0.0,0.0,14.5471179485
0.0,0.0,0.0,14.5637180805
0.0,0.0,0.0,14.5803689957
0.0,0.0,0.0,14.5971930027
0.0,0.0,0.0,14.6137571335
0.0,0.0,0.0,14.6304321289
0.0,0.0,0.0,14.6472270489
0.0,0.0,0.0,14.6638691425
0.0,0.0,0.0,14.6805779934
0.0,0.0,0.0,14.6970419884
0.0,0.0,0.0,14.7137110233
0.0,0.0,0.0,14.7303719521
0.0,0.0,0.0,14.7471411228
0.0,0.0,0.0,14.7637109756
0.0,0.0,0.0,14.7803790569
0.0,0.0,0.0,14.7970011234
0.0,0.0,0.0,14.8136889935
0.0,0.0,0.0,14.8303790092
0.0,0.0,0.0,14.847135067
0.0,0.0,0.0,14.8637490273
0.0,0.0,0.0,14.8803939819
0.0,0.0,0.0,14.8970799446
0.0,0.0,0.0,14.9145331383
0.0,0.0,0.0,14.9303920269
0.0,0.0,0.0,14.9471840858
0.0,0.0,0.0,14.9637269974
0.0,0.0,0.0,14.9803929329
0.0,0.0,0.0,14.9971461296
0.0,0.0,0.0,15.0137190819
0.0,0.0,0.0,15.0304889679
0.0,0.0,0.0,15.0471980572
0.0,0.0,0.0,15.0637769699
0.0,0.0,0.0,15.0804181099
0.0,0.0,0.0,15.0970981121
0.0,0.0,0.0,15.1139941216
0.0,0.0,0.0,15.1304590702
0.0,0.0,0.0,15.1471970081
0.0,0.0,0.0,15.163779974
0.0,0.0,0.0,15.1804220676
0.0,0.0,0.0,15.1971900463
0.0,0.0,0.0,15.2137920856
0.0,0.0,0.0,15.2312650681
0.0,0.0,0.0,15.2470631599
0.0,0.0,0.0,15.2637529373
0.0,0.0,0.0,15.2804391384
0.0,0.0,0.0,15.2970659733
0.0,0.0,0.0,15.3136980534
0.0,0.0,0.0,15.3304569721
0.0,0.0,0.0,15.3471910954
0.0,0.0,0.0,15.3637170792
0.0,0.0,0.0,15.3803851604
0.0,0.0,0.0,15.3971390724
0.0,0.0,0.0,15.4136841297
0.0,0.0,0.0,15.4304080009
0.0,0.0,0.0,15.4471049309
0.0,0.0,0.0,15.4637401104
0.0,0.0,0.0,15.4804029465
0.0,0.0,0.0,15.497081995
0.0,0.0,0.0,15.5137181282
0.0,0.0,0.0,15.5303730965
0.0,0.0,0.0,15.54717803
0.0,0.0,0.0,15.5637600422
0.0,0.0,0.0,15.5803511143
0.0,0.0,0.0,15.5971159935
0.0,0.0,0.0,15.614180088
0.0,0.0,0.0,15.6303651333
0.0,0.0,0.0,15.6471779346
0.0,0.0,0.0,15.6637740135
0.0,0.0,0.0,15.6804010868
0.0,0.0,0.0,15.697067976
0.0,0.0,0.0,15.7136881351
0.0,0.0,0.0,15.730381012
0.0,0.0,0.0,15.7470910549
0.0,0.0,0.0,15.7637169361
0.0,0.0,0.0,15.7804181576
0.0,0.0,0.0,15.7971739769
0.0,0.0,0.0,15.8138151169
0.0,0.0,0.0,15.8303899765
0.0,0.0,0.0,15.8474891186
0.0,0.0,0.0,15.8637650013
0.0,0.0,0.0,15.880407095
0.0,0.0,0.0,15.8971700668
0.0,0.0,0.0,15.9136910439
0.0,0.0,0.0,15.9303920269
0.0,0.0,0.0,15.9471509457
0.0,0.0,0.0,15.963750124
0.0,0.0,0.0,15.9804241657
0.0,0.0,0.0,15.997177124
0.0,0.0,0.0,16.0137579441
0.0,0.0,0.0,16.0304369926
0.0,0.0,0.0,16.0471551418
0.0,0.0,0.0,16.0637760162
0.0,0.0,0.0,16.0804030895
0.0,0.0,0.0,16.0970671177
0.0,0.0,0.0,16.1137650013
0.0,0.0,0.0,16.1304240227
0.0,0.0,0.0,16.1476931572
0.0,0.0,0.0,16.1637489796
0.0,0.0,0.0,16.1803679466
0.0,0.0,0.0,16.1972680092
0.0,0.0,0.0,16.2137310505
0.0,0.0,0.0,16.2304461002
0.0,0.0,0.0,16.2470459938
0.0,0.0,0.0,16.2637419701
0.0,0.0,0.0,16.2804141045
0.0,0.0,0.0,16.29708004
0.0,0.0,0.0,16.313696146
0.0,0.0,0.0,16.3306360245
0.0,0.0,0.0,16.3471801281
0.0,0.0,0.0,16.3646481037
0.0,0.0,0.0,16.380448103
0.0,0.0,0.0,16.397069931
0.0,0.0,0.0,16.413697958
0.0,0.0,0.0,16.4304330349
0.0,0.0,0.0,16.4477951527
0.0,0.0,0.0,16.4645140171
0.0,0.0,0.0,16.4803781509
0.0,0.0,0.0,16.4970519543
0.0,0.0,0.0,16.5136971474
0.0,0.0,0.0,16.5304210186
0.0,0.0,0.0,16.5471169949
0.0,0.0,0.0,16.5643920898
0.0,0.0,0.0,16.5804820061
0.0,0.0,0.0,16.5971109867
0.0,0.0,0.0,16.613713026
0.0,0.0,0.0,16.6304211617
0.0,0.0,0.0,16.6471040249
0.0,0.0,0.0,16.6645319462
0.0,0.0,0.0,16.680437088
0.0,0.0,0.0,16.6970541477
0.0,0.0,0.0,16.7137160301
0.0,0.0,0.0,16.7303719521
0.0,0.0,0.0,16.7470691204
0.0,0.0,0.0,16.7644181252
0.0,0.0,0.0,16.7803709507
0.0,0.0,0.0,16.7971460819
0.0,0.0,0.0,16.8136889935
0.0,0.0,0.0,16.8303849697
0.0,0.0,0.0,16.8470621109
0.0,0.0,0.0,16.8642790318
0.0,0.0,0.0,16.8803341389
0.0,0.0,0.0,16.8970630169
0.0,0.0,0.0,16.9136741161
0.0,0.0,0.0,16.9304320812
0.0,0.0,0.0,16.9471571445
0.0,0.0,0.0,16.9644680023
0.0,0.0,0.0,16.9804019928
0.0,0.0,0.0,16.9971671104
0.0,0.0,0.0,17.0137760639
0.0,0.0,0.0,17.0303981304
0.0,0.0,0.0,17.0471301079
0.0,0.0,0.0,17.0645029545
0.0,0.0,0.0,17.0803771019
0.0,0.0,0.0,17.0970740318
0.0,0.0,0.0,17.1137030125
0.0,0.0,0.0,17.1303830147
0.0,0.0,0.0,17.1476149559
0.0,0.0,0.0,17.1644389629
0.0,0.0,0.0,17.1803791523
0.0,0.0,0.0,17.1971600056
0.0,0.0,0.0,17.2136769295
0.0,0.0,0.0,17.2306540012
0.0,0.0,0.0,17.2470209599
0.0,0.0,0.0,17.2642230988
0.0,0.0,0.0,17.2804210186
0.0,0.0,0.0,17.2970881462
0.0,0.0,0.0,17.3136949539
0.0,0.0,0.0,17.3303871155
0.0,0.0,0.0,17.3471410275
0.0,0.0,0.0,17.3651809692
0.0,0.0,0.0,17.3804380894
0.0,0.0,0.0,17.3971991539
0.0,0.0,0.0,17.4137201309
0.0,0.0,0.0,17.4304721355
0.0,0.0,0.0,17.447052002
0.0,0.0,0.0,17.4643449783
0.0,0.0,0.0,17.4804270267
0.0,0.0,0.0,17.4970750809
0.0,0.0,0.0,17.513684988
0.0,0.0,0.0,17.53038311
0.0,0.0,0.0,17.5470371246
0.0,0.0,0.0,17.564273119
0.0,0.0,0.0,17.5804021358
0.0,0.0,0.0,17.5971961021
0.0,0.0,0.0,17.61373806
0.0,0.0,0.0,17.6304359436
0.0,0.0,0.0,17.6470770836
0.0,0.0,0.0,17.6644511223
0.0,0.0,0.0,17.6803870201
0.0,0.0,0.0,17.6970751286
0.0,0.0,0.0,17.7137300968
0.0,0.0,0.0,17.730437994
0.0,0.0,0.0,17.7470681667
0.0,0.0,0.0,17.7643561363
0.0,0.0,0.0,17.7804119587
0.0,0.0,0.0,17.797052145
0.0,0.0,0.0,17.8136839867
0.0,0.0,0.0,17.8303191662
0.0,0.0,0.0,17.8472011089
0.0,0.0,0.0,17.8652460575
0.0,0.0,0.0,17.8803911209
0.0,0.0,0.0,17.8970530033
0.0,0.0,0.0,17.9136829376
0.0,0.0,0.0,17.9303159714
0.0,0.0,0.0,17.9471230507
0.0,0.0,0.0,17.9644191265
0.0,0.0,0.0,17.9804079533
0.0,0.0,0.0,17.9971511364
0.0,0.0,0.0,18.0137381554
0.0,0.0,0.0,18.0304570198
0.0,0.0,0.0,18.0471031666
0.0,0.0,0.0,18.0644440651
0.0,0.0,0.0,18.0803921223
0.0,0.0,0.0,18.0970590115
0.0,0.0,0.0,18.1137001514
0.0,0.0,0.0,18.1303529739
0.0,0.0,0.0,18.1470270157
0.0,0.0,0.0,18.1642301083
0.0,0.0,0.0,18.1803770065
0.0,0.0,0.0,18.1971869469
0.0,0.0,0.0,18.2136890888
0.0,0.0,0.0,18.2307441235
0.0,0.0,0.0,18.2470729351
0.0,0.0,0.0,18.2643010616
0.0,0.0,0.0,18.2804291248
0.0,0.0,0.0,18.2970840931
0.0,0.0,0.0,18.3137550354
0.0,0.0,0.0,18.3304550648
0.0,0.0,0.0,18.3470540047
0.0,0.0,0.0,18.3645019531
0.0,0.0,0.0,18.3803720474
0.0,0.0,0.0,18.3971450329
0.0,0.0,0.0,18.4136891365
0.0,0.0,0.0,18.4303159714
0.0,0.0,0.0,18.4470191002
0.0,0.0,0.0,18.4643130302
0.0,0.0,0.0,18.4804160595
0.0,0.0,0.0,18.4970600605
0.0,0.0,0.0,18.5136899948
0.0,0.0,0.0,18.5303399563
0.0,0.0,0.0,18.5470130444
0.0,0.0,0.0,18.5644750595
0.0,0.0,0.0,18.5803909302
0.0,0.0,0.0,18.5972180367
0.0,0.0,0.0,18.6137499809
0.0,0.0,0.0,18.6304111481
0.0,0.0,0.0,18.6470639706
0.0,0.0,0.0,18.6641790867
0.0,0.0,0.0,18.6804311275
0.0,0.0,0.0,18.6970820427
0.0,0.0,0.0,18.7137269974
0.0,0.0,0.0,18.7304611206
0.0,0.0,0.0,18.7470929623
0.0,0.0,0.0,18.7650330067
0.0,0.0,0.0,18.7805919647
0.0,0.0,0.0,18.7971529961
0.0,0.0,0.0,18.8137049675
0.0,0.0,0.0,18.8303151131
0.0,0.0,0.0,18.8473479748
0.0,0.0,0.0,18.8642640114
0.0,0.0,0.0,18.8803870678
0.0,0.0,0.0,18.8975689411
0.0,0.0,0.0,18.9137091637
0.0,0.0,0.0,18.9303660393
0.0,0.0,0.0,18.9470760822
0.0,0.0,0.0,18.9636869431
0.0,0.0,0.0,18.9803791046
0.0,0.0,0.0,18.9980649948
0.0,0.0,0.0,19.0137579441
0.0,0.0,0.0,19.0303940773
0.0,0.0,0.0,19.0470490456
0.0,0.0,0.0,19.0637171268
0.0,0.0,0.0,19.0804829597
0.0,0.0,0.0,19.097053051
0.0,0.0,0.0,19.1137111187
0.0,0.0,0.0,19.130409956
0.0,0.0,0.0,19.1470110416
0.0,0.0,0.0,19.1637029648
0.0,0.0,0.0,19.1803610325
0.0,0.0,0.0,19.1971321106
0.0,0.0,0.0,19.2137041092
0.0,0.0,0.0,19.2304370403
0.0,0.0,0.0,19.2470550537
0.0,0.0,0.0,19.2654900551
0.0,0.0,0.0,19.2803730965
0.0,0.0,0.0,19.2970240116
0.0,0.0,0.0,19.3137071133
0.0,0.0,0.0,19.3306040764
0.0,0.0,0.0,19.347069025
0.0,0.0,0.0,19.3636920452
0.0,0.0,0.0,19.3803710938
0.0,0.0,0.0,19.3971540928
0.0,0.0,0.0,19.413695097
0.0,0.0,0.0,19.4303629398
0.0,0.0,0.0,19.447065115
0.0,0.0,0.0,19.4636769295
0.0,0.0,0.0,19.4810581207
0.0,0.0,0.0,19.4970691204
0.0,0.0,0.0,19.5137021542
0.0,0.0,0.0,19.53166008
0.0,0.0,0.0,19.5473959446
0.0,0.0,0.0,19.5637421608
0.0,0.0,0.0,19.5804431438
0.0,0.0,0.0,19.5970320702
0.0,0.0,0.0,19.6151981354
0.0,0.0,0.0,19.6303579807
0.0,0.0,0.0,19.6476719379
0.0,0.0,0.0,19.6637279987
0.0,0.0,0.0,19.6803729534
0.0,0.0,0.0,19.6970310211
0.0,0.0,0.0,19.7136850357
0.0,0.0,0.0,19.7303681374
0.0,0.0,0.0,19.7470431328
0.0,0.0,0.0,19.7637479305
0.0,0.0,0.0,19.7803730965
0.0,0.0,0.0,19.7971639633
0.0,0.0,0.0,19.813696146
0.0,0.0,0.0,19.8303570747
0.0,0.0,0.0,19.8470320702
0.0,0.0,0.0,19.8637421131
0.0,0.0,0.0,19.8804140091
0.0,0.0,0.0,19.8973300457
0.0,0.0,0.0,19.9137070179
0.0,0.0,0.0,19.9305250645
0.0,0.0,0.0,19.9470341206
0.0,0.0,0.0,19.9637169838
0.0,0.0,0.0,19.9803731441
0.0,0.0,0.0,19.9971511364
0.0,0.0,0.0,20.0138010979
0.0,0.0,0.0,20.0303909779
0.0,0.0,0.0,20.0470690727
0.0,0.0,0.0,20.0649161339
0.0,0.0,0.0,20.0803630352
0.0,0.0,0.0,20.0970511436
0.0,0.0,0.0,20.1137440205
0.0,0.0,0.0,20.1304581165
0.0,0.0,0.0,20.1484429836
0.0,0.0,0.0,20.1637001038
0.0,0.0,0.0,20.1804449558
0.0,0.0,0.0,20.1977870464
0.0,0.0,0.0,20.213711977
0.0,0.0,0.0,20.2309970856
0.0,0.0,0.0,20.2470440865
0.0,0.0,0.0,20.2636971474
0.0,0.0,0.0,20.2803730965
0.0,0.0,0.0,20.2970371246
0.0,0.0,0.0,20.3137090206
0.0,0.0,0.0,20.3304030895
0.0,0.0,0.0,20.3470449448
0.0,0.0,0.0,20.3636770248
0.0,0.0,0.0,20.3803780079
0.0,0.0,0.0,20.397133112
0.0,0.0,0.0,20.4136919975
0.0,0.0,0.0,20.4303600788
0.0,0.0,0.0,20.4526529312
0.0,0.0,0.0,20.4637241364
0.0,0.0,0.0,20.4803740978
0.0,0.0,0.0,20.4970500469
0.0,0.0,0.0,20.5137031078
0.0,0.0,0.0,20.5303759575
0.0,0.0,0.0,20.5470399857
0.0,0.0,0.0,20.5636711121
0.0,0.0,0.0,20.5803630352
0.0,0.0,0.0,20.5972549915
0.0,0.0,0.0,20.6137750149
0.0,0.0,0.0,20.6304049492
0.0,0.0,0.0,20.6474990845
0.0,0.0,0.0,20.663572073
0.0,0.0,0.0,20.6802310944
0.0,0.0,0.0,20.6968939304
0.0,0.0,0.0,20.7135541439
0.0,0.0,0.0,20.7302191257
0.0,0.0,0.0,20.7469069958
0.0,0.0,0.0,20.7635550499
0.0,0.0,0.0,20.7802591324
0.0,0.0,0.0,20.7969031334
