0,0,0,0.113351106644
0.0,0.0,0.0,0.0149850845337
0.0,0.0,0.0,0.0317490100861
0.0,0.0,0.0,0.0481729507446
0.0,0.0,0.0,0.0648970603943
0.0,0.0,0.0,0.0816400051117
0.0,0.0,0.0,0.098326921463
0.0,0.0,0.0,0.114994049072
0.0,0.0,0.0,0.131762981415
0.0,0.0,0.0,0.148144960403
0.0,0.0,0.0,0.164961099625
0.0,0.0,0.0,0.181615114212
0.0,0.0,0.0,0.198922157288
0.0,0.0,0.0,0.214991092682
0.0,0.0,0.0,0.231734991074
0.0,0.0,0.0,0.248322963715
0.0,0.0,0.0,0.264935016632
0.0,0.0,0.0,0.281569957733
0.0,0.0,0.0,0.298495054245
0.0,0.0,0.0,0.3150370121
0.0,0.0,0.0,0.331843137741
0.0,0.0,0.0,0.348238945007
0.0,0.0,0.0,0.364990949631
0.0,0.0,0.0,0.381540060043
0.0,0.0,0.0,0.398285150528
0.0,0.0,0.0,0.414967060089
0.0,0.0,0.0,0.431759119034
0.0,0.0,0.0,0.448269128799
0.0,0.0,0.0,0.464947938919
0.0,0.0,0.0,0.481797933578
0.0,0.0,0.0,0.498311042786
0.0,0.0,0.0,0.514930009842
0.0,0.0,0.0,0.531697034836
0.0,0.0,0.0,0.548371076584
0.0,0.0,0.0,0.564965009689
0.0,0.0,0.0,0.581638097763
0.0,0.0,0.0,0.598344087601
0.0,0.0,0.0,0.615023136139
0.0,0.0,0.0,0.631735086441
0.0,0.0,0.0,0.648220062256
0.0,0.0,0.0,0.66496014595
0.0,0.0,0.0,0.681623935699
0.0,0.0,0.0,0.69834113121
0.0,0.0,0.0,0.714981079102
0.0,0.0,0.0,0.731471061707
0.0,0.0,0.0,0.748059034348
0.0,0.0,0.0,0.764718055725
0.0,0.0,0.0,0.781376123428
0.0,0.0,0.0,0.798043012619
0.0,0.0,0.0,0.8146879673
0.0,0.0,0.0,0.831404924393
0.0,0.0,0.0,0.84806394577
0.0,0.0,0.0,0.864791154861
0.0,0.0,0.0,0.881433963776
0.0,0.0,0.0,0.898086071014
0.0,0.0,0.0,0.91473197937
0.0,0.0,0.0,0.931406974792
0.0,0.0,0.0,0.948169946671
0.0,0.0,0.0,0.964754104614
0.0,0.0,0.0,0.981415987015
0.0,0.0,0.0,0.998116016388
0.0,0.0,0.0,1.01485800743
0.0,0.0,0.0,1.03167796135
0.0,0.0,0.0,1.04814505577
0.0,0.0,0.0,1.0648291111
0.0,0.0,0.0,1.08147597313
0.0,0.0,0.0,1.09818410873
0.0,0.0,0.0,1.114839077
0.0,0.0,0.0,1.13153100014
0.0,0.0,0.0,1.14809298515
0.0,0.0,0.0,1.16481208801
0.0,0.0,0.0,1.18142700195
0.0,0.0,0.0,1.19813513756
0.0,0.0,0.0,1.21506214142
0.0,0.0,0.0,1.2317481041
0.0,0.0,0.0,1.24827194214
0.0,0.0,0.0,1.26495194435
0.0,0.0,0.0,1.28155612946
0.0,0.0,0.0,1.29827594757
0.0,0.0,0.0,1.31501793861
0.0,0.0,0.0,1.3317220211
0.0,0.0,0.0,1.34827303886
0.0,0.0,0.0,1.36497402191
0.0,0.0,0.0,1.38164305687
0.0,0.0,0.0,1.3982629776
0.0,0.0,0.0,1.41524195671
0.0,0.0,0.0,1.43188405037
0.0,0.0,0.0,1.4482729435
0.0,0.0,0.0,1.46480703354
0.0,0.0,0.0,1.48145914078
0.0,0.0,0.0,1.49806308746
0.0,0.0,0.0,1.51486992836
0.0,0.0,0.0,1.53156304359
0.0,0.0,0.0,1.5481030941
0.0,0.0,0.0,1.56478309631
0.0,0.0,0.0,1.58148503304
0.0,0.0,0.0,1.59818100929
0.0,0.0,0.0,1.61476802826
0.0,0.0,0.0,1.63140892982
0.0,0.0,0.0,1.64811301231
0.0,0.0,0.0,1.66475605965
0.0,0.0,0.0,1.68152999878
0.0,0.0,0.0,1.69828104973
0.0,0.0,0.0,1.71497392654
0.0,0.0,0.0,1.73145008087
0.0,0.0,0.0,1.7482919693
0.0,0.0,0.0,1.7648730278
0.0,0.0,0.0,1.78143692017
0.0,0.0,0.0,1.79807209969
0.0,0.0,0.0,1.81477093697
0.0,0.0,0.0,1.83144712448
0.0,0.0,0.0,1.84811997414
0.0,0.0,0.0,1.86486792564
0.0,0.0,0.0,1.88147211075
0.0,0.0,0.0,1.8982000351
0.0,0.0,0.0,1.91474199295
0.0,0.0,0.0,1.93146896362
0.0,0.0,0.0,1.94825792313
0.0,0.0,0.0,1.96502494812
0.0,0.0,0.0,1.98162508011
0.0,0.0,0.0,1.99821615219
0.0,0.0,0.0,2.01488208771
0.0,0.0,0.0,2.03163599968
0.0,0.0,0.0,2.04825210571
0.0,0.0,0.0,2.06496095657
0.0,0.0,0.0,2.08161115646
0.0,0.0,0.0,2.09838199615
0.0,0.0,0.0,2.11490297318
0.0,0.0,0.0,2.13242602348
0.0,0.0,0.0,2.14834213257
0.0,0.0,0.0,2.16501998901
0.0,0.0,0.0,2.18165111542
0.0,0.0,0.0,2.19831705093
0.0,0.0,0.0,2.21492600441
0.0,0.0,0.0,2.23177695274
0.0,0.0,0.0,2.24935293198
0.0,0.0,0.0,2.26524806023
0.0,0.0,0.0,2.2818801403
0.0,0.0,0.0,2.29821801186
0.0,0.0,0.0,2.31471514702
0.0,0.0,0.0,2.3317091465
0.0,0.0,0.0,2.34805703163
0.0,0.0,0.0,2.36476492882
0.0,0.0,0.0,2.38145303726
0.0,0.0,0.0,2.39822912216
0.0,0.0,0.0,2.41490912437
0.0,0.0,0.0,2.43170714378
0.0,0.0,0.0,2.44827604294
0.0,0.0,0.0,2.46499300003
0.0,0.0,0.0,2.48165011406
0.0,0.0,0.0,2.49830007553
0.0,0.0,0.0,2.51509213448
0.0,0.0,0.0,2.53165102005
0.0,0.0,0.0,2.5482749939
0.0,0.0,0.0,2.5649740696
0.0,0.0,0.0,2.58163499832
0.0,0.0,0.0,2.59830498695
0.0,0.0,0.0,2.61494207382
0.0,0.0,0.0,2.63168215752
0.0,0.0,0.0,2.64829301834
0.0,0.0,0.0,2.66493010521
0.0,0.0,0.0,2.68172097206
0.0,0.0,0.0,2.69812393188
0.0,0.0,0.0,2.71480894089
0.0,0.0,0.0,2.73170399666
0.0,0.0,0.0,2.74826407433
0.0,0.0,0.0,2.76496696472
0.0,0.0,0.0,2.78161692619
0.0,0.0,0.0,2.79823803902
0.0,0.0,0.0,2.81489801407
0.0,0.0,0.0,2.83222198486
0.0,0.0,0.0,2.84826397896
0.0,0.0,0.0,2.86497306824
0.0,0.0,0.0,2.88166093826
0.0,0.0,0.0,2.89832401276
0.0,0.0,0.0,2.91495203972
0.0,0.0,0.0,2.93204903603
0.0,0.0,0.0,2.9484000206
0.0,0.0,0.0,2.96486210823
0.0,0.0,0.0,2.98148703575
0.0,0.0,0.0,2.99829006195
0.0,0.0,0.0,3.01495409012
0.0,0.0,0.0,3.03166508675
0.0,0.0,0.0,3.04826593399
0.0,0.0,0.0,3.06525301933
0.0,0.0,0.0,3.08164000511
0.0,0.0,0.0,3.09832406044
0.0,0.0,0.0,3.11497592926
0.0,0.0,0.0,3.1317179203
0.0,0.0,0.0,3.1483399868
0.0,0.0,0.0,3.16505503654
0.0,0.0,0.0,3.18164515495
0.0,0.0,0.0,3.1983089447
0.0,0.0,0.0,3.21502709389
0.0,0.0,0.0,3.23170495033
0.0,0.0,0.0,3.24825811386
0.0,0.0,0.0,3.26502394676
0.0,0.0,0.0,3.28165793419
0.0,0.0,0.0,3.2983751297
0.0,0.0,0.0,3.31484007835
0.0,0.0,0.0,3.33171200752
0.0,0.0,0.0,3.34832310677
0.0,0.0,0.0,3.36496305466
0.0,0.0,0.0,3.38169312477
0.0,0.0,0.0,3.39842796326
0.0,0.0,0.0,3.4149749279
0.0,0.0,0.0,3.43168997765
0.0,0.0,0.0,3.44831705093
0.0,0.0,0.0,3.46489310265
0.0,0.0,0.0,3.48163795471
0.0,0.0,0.0,3.49834513664
0.0,0.0,0.0,3.51491904259
0.0,0.0,0.0,3.53170204163
0.0,0.0,0.0,3.54838705063
0.0,0.0,0.0,3.56493401527
