0,0,0,0.0779860019684
0,0,0,0.094780921936
0,0,0,0.111503839493
0.0,0.0,0.0,0.0127830505371
0.0,0.0,0.0,0.029443025589
0.0,0.0,0.0,0.0457580089569
0.0,0.0,0.0,0.0624630451202
0.0,0.0,0.0,0.0791690349579
0.0,0.0,0.0,0.0972139835358
0.0,0.0,0.0,0.113242864609
0.0,0.0,0.0,0.129317998886
0.0,0.0,0.0,0.146157026291
0.0,0.0,0.0,0.162700891495
0.0,0.0,0.0,0.179900884628
0.0,0.0,0.0,0.196043014526
0.0,0.0,0.0,0.212808847427
0.0,0.0,0.0,0.22944688797
0.0,0.0,0.0,0.246072053909
0.0,0.0,0.0,0.262766838074
0.0,0.0,0.0,0.279365062714
0.0,0.0,0.0,0.295948982239
0.0,0.0,0.0,0.312685012817
0.0,0.0,0.0,0.329519987106
0.0,0.0,0.0,0.346019983292
0.0,0.0,0.0,0.362681865692
0.0,0.0,0.0,0.379426002502
0.0,0.0,0.0,0.39607000351
0.0,0.0,0.0,0.412730932236
0.0,0.0,0.0,0.429483890533
0.0,0.0,0.0,0.446640968323
0.0,0.0,0.0,0.463096857071
0.0,0.0,0.0,0.479323863983
0.0,0.0,0.0,0.496013879776
0.0,0.0,0.0,0.513293027878
0.0,0.0,0.0,0.529518842697
0.0,0.0,0.0,0.546077013016
0.0,0.0,0.0,0.562695026398
0.0,0.0,0.0,0.579303026199
0.0,0.0,0.0,0.596086025238
0.0,0.0,0.0,0.612486839294
0.0,0.0,0.0,0.629232883453
0.0,0.0,0.0,0.645946979523
0.0,0.0,0.0,0.662644863129
0.0,0.0,0.0,0.679230928421
0.0,0.0,0.0,0.69598698616
0.0,0.0,0.0,0.712684869766
0.0,0.0,0.0,0.729477882385
0.0,0.0,0.0,0.746074914932
0.0,0.0,0.0,0.762519836426
0.0,0.0,0.0,0.77917098999
0.0,0.0,0.0,0.795987844467
0.0,0.0,0.0,0.812567949295
0.0,0.0,0.0,0.829395055771
0.0,0.0,0.0,0.846065998077
0.0,0.0,0.0,0.862642049789
0.0,0.0,0.0,0.879396915436
0.0,0.0,0.0,0.895982027054
0.0,0.0,0.0,0.912667989731
0.0,0.0,0.0,0.929312944412
0.0,0.0,0.0,0.945801019669
0.0,0.0,0.0,0.96279501915
0.0,0.0,0.0,0.979223012924
0.0,0.0,0.0,0.995992898941
0.0,0.0,0.0,1.01296186447
0.0,0.0,0.0,1.02973389626
0.0,0.0,0.0,1.04621505737
0.0,0.0,0.0,1.06282401085
0.0,0.0,0.0,1.07941794395
0.0,0.0,0.0,1.0967168808
0.0,0.0,0.0,1.11274790764
0.0,0.0,0.0,1.13015794754
0.0,0.0,0.0,1.14583086967
0.0,0.0,0.0,1.16298794746
0.0,0.0,0.0,1.17941784859
0.0,0.0,0.0,1.19613599777
0.0,0.0,0.0,1.21273398399
0.0,0.0,0.0,1.22954797745
0.0,0.0,0.0,1.24610304832
0.0,0.0,0.0,1.26265692711
0.0,0.0,0.0,1.27945399284
0.0,0.0,0.0,1.29596304893
0.0,0.0,0.0,1.31253695488
0.0,0.0,0.0,1.32937693596
0.0,0.0,0.0,1.34589791298
0.0,0.0,0.0,1.36262202263
0.0,0.0,0.0,1.37933588028
0.0,0.0,0.0,1.39592289925
0.0,0.0,0.0,1.41275191307
0.0,0.0,0.0,1.42954397202
0.0,0.0,0.0,1.44626283646
0.0,0.0,0.0,1.46280288696
0.0,0.0,0.0,1.4793908596
0.0,0.0,0.0,1.49602103233
0.0,0.0,0.0,1.51271605492
0.0,0.0,0.0,1.52938199043
0.0,0.0,0.0,1.54609894753
0.0,0.0,0.0,1.56284785271
0.0,0.0,0.0,1.57964205742
0.0,0.0,0.0,1.59589099884
0.0,0.0,0.0,1.61311006546
0.0,0.0,0.0,1.62960386276
0.0,0.0,0.0,1.64607596397
0.0,0.0,0.0,1.66268491745
0.0,0.0,0.0,1.67950391769
0.0,0.0,0.0,1.69600296021
0.0,0.0,0.0,1.71253490448
0.0,0.0,0.0,1.72960686684
0.0,0.0,0.0,1.749781847
0.0,0.0,0.0,1.7628018856
0.0,0.0,0.0,1.77934885025
0.0,0.0,0.0,1.79596996307
0.0,0.0,0.0,1.81284594536
0.0,0.0,0.0,1.82942795753
0.0,0.0,0.0,1.84596586227
0.0,0.0,0.0,1.86259388924
0.0,0.0,0.0,1.87932991982
0.0,0.0,0.0,1.89599704742
0.0,0.0,0.0,1.91257691383
0.0,0.0,0.0,1.92932796478
0.0,0.0,0.0,1.9459400177
0.0,0.0,0.0,1.96254706383
0.0,0.0,0.0,1.97961401939
0.0,0.0,0.0,1.99594593048
0.0,0.0,0.0,2.01272392273
0.0,0.0,0.0,2.02951693535
0.0,0.0,0.0,2.04583406448
0.0,0.0,0.0,2.06284785271
0.0,0.0,0.0,2.07963490486
0.0,0.0,0.0,2.09601593018
0.0,0.0,0.0,2.11282300949
0.0,0.0,0.0,2.12971305847
0.0,0.0,0.0,2.14605402946
0.0,0.0,0.0,2.16270089149
0.0,0.0,0.0,2.17922997475
0.0,0.0,0.0,2.19603896141
0.0,0.0,0.0,2.21247196198
0.0,0.0,0.0,2.22926688194
0.0,0.0,0.0,2.24585294724
0.0,0.0,0.0,2.26262688637
0.0,0.0,0.0,2.27935600281
0.0,0.0,0.0,2.29584693909
0.0,0.0,0.0,2.31250786781
0.0,0.0,0.0,2.32945394516
0.0,0.0,0.0,2.34607195854
0.0,0.0,0.0,2.36260294914
0.0,0.0,0.0,2.38154506683
0.0,0.0,0.0,2.39615607262
0.0,0.0,0.0,2.41276407242
0.0,0.0,0.0,2.42961502075
0.0,0.0,0.0,2.44612383842
0.0,0.0,0.0,2.46284198761
0.0,0.0,0.0,2.47971892357
0.0,0.0,0.0,2.49609494209
0.0,0.0,0.0,2.51270389557
0.0,0.0,0.0,2.5297100544
0.0,0.0,0.0,2.54604887962
0.0,0.0,0.0,2.5626308918
0.0,0.0,0.0,2.57983088493
0.0,0.0,0.0,2.59609389305
0.0,0.0,0.0,2.61257004738
0.0,0.0,0.0,2.62989091873
0.0,0.0,0.0,2.64604592323
0.0,0.0,0.0,2.66274690628
0.0,0.0,0.0,2.67925906181
0.0,0.0,0.0,2.69621706009
0.0,0.0,0.0,2.7132589817
0.0,0.0,0.0,2.72955799103
0.0,0.0,0.0,2.75095391273
0.0,0.0,0.0,2.76270198822
0.0,0.0,0.0,2.77937793732
0.0,0.0,0.0,2.79608988762
0.0,0.0,0.0,2.81467103958
0.0,0.0,0.0,2.82956004143
0.0,0.0,0.0,2.84612488747
0.0,0.0,0.0,2.86288905144
0.0,0.0,0.0,2.87956690788
0.0,0.0,0.0,2.89614892006
0.0,0.0,0.0,2.91275596619
0.0,0.0,0.0,2.92944693565
0.0,0.0,0.0,2.94831991196
0.0,0.0,0.0,2.9638030529
0.0,0.0,0.0,2.97984790802
0.0,0.0,0.0,2.99617505074
0.0,0.0,0.0,3.01272892952
0.0,0.0,0.0,3.02963995934
0.0,0.0,0.0,3.04845190048
0.0,0.0,0.0,3.06400704384
0.0,0.0,0.0,3.07958602905
0.0,0.0,0.0,3.09666800499
0.0,0.0,0.0,3.11270189285
0.0,0.0,0.0,3.12974786758
0.0,0.0,0.0,3.14609599113
0.0,0.0,0.0,3.16300296783
0.0,0.0,0.0,3.17943787575
0.0,0.0,0.0,3.19620203972
0.0,0.0,0.0,3.21290683746
0.0,0.0,0.0,3.22968387604
0.0,0.0,0.0,3.246270895
0.0,0.0,0.0,3.26276397705
0.0,0.0,0.0,3.27991294861
0.0,0.0,0.0,3.29594993591
0.0,0.0,0.0,3.31269001961
0.0,0.0,0.0,3.32945990562
0.0,0.0,0.0,3.34643697739
0.0,0.0,0.0,3.36260700226
0.0,0.0,0.0,3.37933397293
0.0,0.0,0.0,3.39628505707
0.0,0.0,0.0,3.41463899612
0.0,0.0,0.0,3.4293320179
0.0,0.0,0.0,3.44686889648
0.0,0.0,0.0,3.46283197403
0.0,0.0,0.0,3.48020887375
0.0,0.0,0.0,3.49605894089
0.0,0.0,0.0,3.51275205612
0.0,0.0,0.0,3.53063488007
0.0,0.0,0.0,3.54642295837
0.0,0.0,0.0,3.56306290627
0.0,0.0,0.0,3.57942390442
0.0,0.0,0.0,3.59674692154
0.0,0.0,0.0,3.61273503304
0.0,0.0,0.0,3.62937903404
0.0,0.0,0.0,3.64615797997
0.0,0.0,0.0,3.6626188755
0.0,0.0,0.0,3.67953300476
0.0,0.0,0.0,3.6965649128
0.0,0.0,0.0,3.71377491951
0.0,0.0,0.0,3.73003292084
0.0,0.0,0.0,3.74733686447
0.0,0.0,0.0,3.7628569603
0.0,0.0,0.0,3.77941799164
0.0,0.0,0.0,3.79716300964
0.0,0.0,0.0,3.81314492226
0.0,0.0,0.0,3.82949185371
0.0,0.0,0.0,3.84677600861
0.0,0.0,0.0,3.86287283897
0.0,0.0,0.0,3.88108801842
0.0,0.0,0.0,3.89645886421
0.0,0.0,0.0,3.91332507133
0.0,0.0,0.0,3.92949295044
0.0,0.0,0.0,3.94629001617
0.0,0.0,0.0,3.96270394325
0.0,0.0,0.0,3.97939991951
0.0,0.0,0.0,3.9992480278
0.0,0.0,0.0,4.01427006721
0.0,0.0,0.0,4.02988290787
0.0,0.0,0.0,4.04692196846
0.0,0.0,0.0,4.06274199486
0.0,0.0,0.0,4.07958889008
0.0,0.0,0.0,4.09725189209
0.0,0.0,0.0,4.11451005936
0.0,0.0,0.0,4.13020205498
0.0,0.0,0.0,4.14893198013
0.0,0.0,0.0,4.1625418663
0.0,0.0,0.0,4.17973089218
0.0,0.0,0.0,4.19600701332
0.0,0.0,0.0,4.21290683746
0.0,0.0,0.0,4.2297668457
0.0,0.0,0.0,4.24731993675
0.0,0.0,0.0,4.26261305809
0.0,0.0,0.0,4.28031992912
0.0,0.0,0.0,4.29609894753
0.0,0.0,0.0,4.31413602829
0.0,0.0,0.0,4.33015203476
0.0,0.0,0.0,4.34749984741
0.0,0.0,0.0,4.36297106743
0.0,0.0,0.0,4.37982106209
0.0,0.0,0.0,4.39620804787
0.0,0.0,0.0,4.41469502449
0.0,0.0,0.0,4.42965602875
0.0,0.0,0.0,4.4481408596
0.0,0.0,0.0,4.46279287338
0.0,0.0,0.0,4.48149704933
0.0,0.0,0.0,4.4963889122
0.0,0.0,0.0,4.51307296753
0.0,0.0,0.0,4.52968001366
0.0,0.0,0.0,4.54651403427
0.0,0.0,0.0,4.56293797493
0.0,0.0,0.0,4.57939291
0.0,0.0,0.0,4.59652495384
0.0,0.0,0.0,4.61270594597
0.0,0.0,0.0,4.62936091423
0.0,0.0,0.0,4.64621305466
0.0,0.0,0.0,4.66273593903
0.0,0.0,0.0,4.67928290367
0.0,0.0,0.0,4.69606804848
0.0,0.0,0.0,4.71263599396
0.0,0.0,0.0,4.72939395905
0.0,0.0,0.0,4.7459769249
0.0,0.0,0.0,4.76253890991
0.0,0.0,0.0,4.77923893929
0.0,0.0,0.0,4.79589891434
0.0,0.0,0.0,4.81253194809
0.0,0.0,0.0,4.83043789864
0.0,0.0,0.0,4.84591197968
0.0,0.0,0.0,4.86287498474
0.0,0.0,0.0,4.879322052
0.0,0.0,0.0,4.89604187012
0.0,0.0,0.0,4.91274094582
0.0,0.0,0.0,4.92942500114
0.0,0.0,0.0,4.94617605209
0.0,0.0,0.0,4.96421098709
0.0,0.0,0.0,4.97930788994
0.0,0.0,0.0,4.9960129261
0.0,0.0,0.0,5.01267194748
0.0,0.0,0.0,5.02926492691
0.0,0.0,0.0,5.045981884
0.0,0.0,0.0,5.06255102158
0.0,0.0,0.0,5.07926106453
0.0,0.0,0.0,5.09597301483
0.0,0.0,0.0,5.1125729084
0.0,0.0,0.0,5.12933397293
0.0,0.0,0.0,5.14592289925
0.0,0.0,0.0,5.16267299652
0.0,0.0,0.0,5.17923784256
0.0,0.0,0.0,5.19586491585
0.0,0.0,0.0,5.21256899834
0.0,0.0,0.0,5.22926688194
0.0,0.0,0.0,5.24591994286
0.0,0.0,0.0,5.26262307167
0.0,0.0,0.0,5.2794380188
0.0,0.0,0.0,5.29617404938
0.0,0.0,0.0,5.3138320446
0.0,0.0,0.0,5.32942795753
0.0,0.0,0.0,5.34609603882
0.0,0.0,0.0,5.36298584938
0.0,0.0,0.0,5.37947392464
0.0,0.0,0.0,5.39594197273
0.0,0.0,0.0,5.41255187988
0.0,0.0,0.0,5.42949390411
0.0,0.0,0.0,5.44591093063
0.0,0.0,0.0,5.4627699852
0.0,0.0,0.0,5.48040390015
0.0,0.0,0.0,5.49589490891
0.0,0.0,0.0,5.51311898232
0.0,0.0,0.0,5.52940201759
0.0,0.0,0.0,5.54615402222
0.0,0.0,0.0,5.56279587746
0.0,0.0,0.0,5.57968306541
0.0,0.0,0.0,5.59590888023
0.0,0.0,0.0,5.61258196831
0.0,0.0,0.0,5.62964391708
0.0,0.0,0.0,5.64619994164
0.0,0.0,0.0,5.66249203682
0.0,0.0,0.0,5.67940688133
0.0,0.0,0.0,5.69611287117
0.0,0.0,0.0,5.71257400513
0.0,0.0,0.0,5.72938990593
0.0,0.0,0.0,5.74589896202
0.0,0.0,0.0,5.76286792755
0.0,0.0,0.0,5.77983784676
0.0,0.0,0.0,5.79618191719
0.0,0.0,0.0,5.81281685829
0.0,0.0,0.0,5.8294968605
0.0,0.0,0.0,5.8476228714
0.0,0.0,0.0,5.86274886131
0.0,0.0,0.0,5.87959599495
0.0,0.0,0.0,5.89609384537
0.0,0.0,0.0,5.91292405128
0.0,0.0,0.0,5.92957496643
0.0,0.0,0.0,5.94642400742
0.0,0.0,0.0,5.96288299561
0.0,0.0,0.0,5.97946000099
0.0,0.0,0.0,5.99593400955
Actuacion(lineal,angular) = 0.0400228023529,0.0
0.0,0.0,0.0,6.01254796982
0.0,0.0,0.0,6.02926492691
0.0,0.0,0.0,6.04707503319
0.0,0.0,0.0,6.06264996529
0.0,0.0,0.0,6.0796380043
0.0,0.0,0.0,6.0961329937
0.0,0.0,0.0,6.11291384697
0.0,0.0,0.0,6.12956094742
0.0,0.0,0.0,6.14650607109
0.0,0.0,0.0,6.16357803345
0.0,0.0,0.0,6.18137693405
0.0,0.0,0.0,6.19813799858
0.0,0.0,0.0,6.2139749527
0.000554398574168,-2.71050543121e-19,0.0,6.23031592369
0.000554398574168,-2.71050543121e-19,0.0,6.24852395058
0.000554398574168,-2.71050543121e-19,0.0,6.26325201988
0.00123673528084,-7.5894152074e-19,0.0001745329252,6.28069400787
0.00123673528084,-7.5894152074e-19,0.0001745329252,6.29724407196
0.00123673528084,-7.5894152074e-19,0.0001745329252,6.31484103203
0.00123673528084,-7.5894152074e-19,0.0001745329252,6.33033204079
0.00196171802063,1.26533359579e-07,0.0,6.34721183777
0.00196171802063,1.26533359579e-07,0.0,6.3627538681
0.00196171802063,1.26533359579e-07,0.0,6.38154196739
0.00196171802063,1.26533359579e-07,0.0,6.39807605743
0.0025161165948,1.26533359579e-07,0.0,6.41594004631
0.0025161165948,1.26533359579e-07,0.0,6.43025588989
0.0025161165948,1.26533359579e-07,0.0,6.44673490524
0.00307051516896,1.26533359579e-07,0.0,6.46289801598
0.00332639143397,1.26533359578e-07,0.0001745329252,6.4797039032
0.00332639143397,1.26533359578e-07,0.0001745329252,6.49590992928
0.00332639143397,1.26533359578e-07,0.0001745329252,6.51362299919
0.00332639143397,1.26533359578e-07,0.0001745329252,6.53012490273
0.00396608208672,2.38180441561e-07,0.0001745329252,6.54670786858
0.00426460439134,2.90282413152e-07,0.000349065850399,6.5629799366
0.00426460439134,2.90282413152e-07,0.000349065850399,6.57994484901
0.00426460439134,2.90282413152e-07,0.000349065850399,6.59672689438
0.00426460439134,2.90282413152e-07,0.000349065850399,6.61321306229
0.00490429501487,5.13576573716e-07,0.0001745329252,6.63049983978
0.00490429501487,5.13576573716e-07,0.0001745329252,6.64688301086
0.00490429501487,5.13576573716e-07,0.0001745329252,6.66322684288
0.00575721588522,6.62439349692e-07,0.0001745329252,6.67979884148
0.00575721588522,6.62439349692e-07,0.0001745329252,6.69590187073
0.00575721588522,6.62439349692e-07,0.0001745329252,6.71597290039
0.00575721588522,6.62439349692e-07,0.0001745329252,6.729804039
0.00686601301667,8.55960958462e-07,0.0001745329252,6.74874901772
0.00686601301667,8.55960958462e-07,0.0001745329252,6.76312685013
0.00686601301667,8.55960958462e-07,0.0001745329252,6.7793970108
0.00686601301667,8.55960958462e-07,0.0001745329252,6.79635000229
0.00742041158239,9.52721762847e-07,0.0001745329252,6.81362295151
0.00742041158239,9.52721762847e-07,0.0001745329252,6.82953691483
0.00742041158239,9.52721762847e-07,0.0001745329252,6.847687006
0.00742041158239,9.52721762847e-07,0.0001745329252,6.86311292648
0.00742041158239,9.52721762847e-07,0.0001745329252,6.87961602211
0.00742041158239,9.52721762847e-07,0.0001745329252,6.89770483971
0.00742041158239,9.52721762847e-07,0.0001745329252,6.91268205643
0.00742041158239,9.52721762847e-07,0.0001745329252,6.9297940731
0.00742041158239,9.52721762847e-07,0.0001745329252,6.94616293907
0.00742041158239,9.52721762847e-07,0.0001745329252,6.96294403076
0.00742041158239,9.52721762847e-07,0.0001745329252,6.97996401787
0.00742041158239,9.52721762847e-07,0.0001745329252,6.9973950386
Actuacion(lineal,angular) = 0.0800288200378,-0.000285119606978
0.00742041158239,9.52721762847e-07,0.0001745329252,7.01313591003
0.00742041158239,9.52721762847e-07,0.0001745329252,7.03038597107
0.00742041158239,9.52721762847e-07,0.0001745329252,7.04711699486
0.00742041158239,9.52721762847e-07,0.0001745329252,7.06333184242
0.00742041158239,9.52721762847e-07,0.0001745329252,7.07939004898
0.00742041158239,9.52721762847e-07,0.0001745329252,7.09613895416
0.00742041158239,9.52721762847e-07,0.0001745329252,7.11292600632
0.00869979288791,1.17601592681e-06,0.0001745329252,7.1294760704
0.00869979288791,1.17601592681e-06,0.0001745329252,7.14630389214
0.00869979288791,1.17601592681e-06,0.0001745329252,7.1627869606
0.0108747411073,1.55561600555e-06,0.0,7.18076205254
0.0108747411073,1.55561600555e-06,0.0,7.19604492188
0.0108747411073,1.55561600555e-06,0.0,7.21657800674
0.0108747411073,1.55561600555e-06,0.0,7.22952985764
0.0139879023315,1.55561600555e-06,0.0001745329252,7.24773097038
0.0139879023315,1.55561600555e-06,0.0001745329252,7.26344490051
0.0139879023315,1.55561600555e-06,0.0001745329252,7.28058290482
0.0170584174647,2.09152199906e-06,0.0001745329252,7.29669594765
0.0170584174647,2.09152199906e-06,0.0001745329252,7.31334495544
0.0170584174647,2.09152199906e-06,0.0001745329252,7.32980084419
0.0170584174647,2.09152199906e-06,0.0001745329252,7.34617185593
0.0197451182063,2.56043974339e-06,-0.000174532925202,7.36258196831
0.0206833311637,2.39669068981e-06,-0.000174532925202,7.38002586365
0.0206833311637,2.39669068981e-06,-0.000174532925202,7.39614892006
0.0206833311637,2.39669068981e-06,-0.000174532925202,7.41572284698
0.0206833311637,2.39669068981e-06,-0.000174532925202,7.42949485779
0.0231141556441,1.97243177828e-06,-0.000174532925202,7.44637989998
0.0231141556441,1.97243177828e-06,-0.000174532925202,7.46265888214
0.0231141556441,1.97243177828e-06,-0.000174532925202,7.47940587997
0.0262699628644,1.42163950716e-06,0.0001745329252,7.49603486061
0.0262699628644,1.42163950716e-06,0.0001745329252,7.51322102547
0.0262699628644,1.42163950716e-06,0.0001745329252,7.52999186516
0.0262699628644,1.42163950716e-06,0.0001745329252,7.54683589935
0.0291698938236,1.92777294548e-06,0.000523598775597,7.56330800056
0.0301933987433,2.46367891723e-06,0.000523598775597,7.57987904549
0.0301933987433,2.46367891723e-06,0.000523598775597,7.59612488747
0.0301933987433,2.46367891723e-06,0.000523598775597,7.61289000511
0.0301933987433,2.46367891723e-06,0.000523598775597,7.63078093529
0.0331786214258,4.02673800149e-06,0.000698131700798,7.64631199837
0.0341168341688,4.6817341659e-06,0.000872664625996,7.66259288788
0.0341168341688,4.6817341659e-06,0.000872664625996,7.67954587936
0.0341168341688,4.6817341659e-06,0.000872664625996,7.6961619854
0.0341168341688,4.6817341659e-06,0.000872664625996,7.71285796165
0.0370167640679,7.21240104915e-06,0.000872664625996,7.73020601273
0.0370167640679,7.21240104915e-06,0.000872664625996,7.74652385712
0.0370167640679,7.21240104915e-06,0.000872664625996,7.76275491714
0.0382961449058,8.32887173293e-06,0.000698131700798,7.77948284149
0.0382961449058,8.32887173293e-06,0.000698131700798,7.79650187492
0.0382961449058,8.32887173293e-06,0.000698131700798,7.81333899498
0.0382961449058,8.32887173293e-06,0.000698131700798,7.82941603661
0.0385946671422,8.53727960342e-06,0.0010471975512,7.84632706642
0.0385946671422,8.53727960342e-06,0.0010471975512,7.86289405823
0.0385946671422,8.53727960342e-06,0.0010471975512,7.87930703163
0.0385946671422,8.53727960342e-06,0.0010471975512,7.89614987373
0.0385946671422,8.53727960342e-06,0.0010471975512,7.91321802139
0.0385946671422,8.53727960342e-06,0.0010471975512,7.9295129776
0.0385946671422,8.53727960342e-06,0.0010471975512,7.94677186012
0.0384667290798,8.40330312885e-06,0.0010471975512,7.96270298958
0.0384667290798,8.40330312885e-06,0.0010471975512,7.97948098183
0.0384667290798,8.40330312885e-06,0.0010471975512,7.99612283707
0.0384667290798,8.40330312885e-06,0.0010471975512,8.01345586777
0.0384667290798,8.40330312885e-06,0.0012217304764,8.02934503555
0.0384667290798,8.40330312885e-06,0.0012217304764,8.04613399506
0.0384667290798,8.40330312885e-06,0.0012217304764,8.06291389465
0.0384667290798,8.40330312885e-06,0.0012217304764,8.07955384254
0.0384667290798,8.40330312885e-06,0.0012217304764,8.09648990631
0.0384667290798,8.40330312885e-06,0.0012217304764,8.11447906494
0.0384667290798,8.40330312885e-06,0.0012217304764,8.12959289551
0.0384667290798,8.40330312885e-06,0.0012217304764,8.14758086205
0.0384667290798,8.40330312885e-06,0.0012217304764,8.1627600193
0.0384667290798,8.40330312885e-06,0.0012217304764,8.17962098122
0.0384667290798,8.40330312885e-06,0.0012217304764,8.19762396812
0.0384667290798,8.40330312885e-06,0.0012217304764,8.21408390999
0.0384667290798,8.40330312885e-06,0.0012217304764,8.22938203812
0.0384667290798,8.40330312885e-06,0.0012217304764,8.24737286568
0.0384667290798,8.40330312885e-06,0.0012217304764,8.26399993896
0.0384667290798,8.40330312885e-06,0.0012217304764,8.27961397171
0.0384667290798,8.40330312885e-06,0.0012217304764,8.2971739769
0.0384667290798,8.40330312885e-06,0.0012217304764,8.31442189217
0.0384667290798,8.40330312885e-06,0.0012217304764,8.32984805107
0.0384667290798,8.40330312885e-06,0.0012217304764,8.34736394882
0.0384667290798,8.40330312885e-06,0.0012217304764,8.36273384094
0.0384667290798,8.40330312885e-06,0.0012217304764,8.38076591492
0.0384667290798,8.40330312885e-06,0.0012217304764,8.39689397812
Actuacion(lineal,angular) = 0.120040416718,-0.00204246946111
0.0384667290798,8.40330312885e-06,0.0012217304764,8.41667699814
0.0384667290798,8.40330312885e-06,0.0012217304764,8.43005084991
0.0384667290798,8.40330312885e-06,0.0012217304764,8.44759106636
0.0384667290798,8.40330312885e-06,0.0012217304764,8.46270489693
0.0384667290798,8.40330312885e-06,0.0012217304764,8.4813990593
0.0384667290798,8.40330312885e-06,0.0012217304764,8.49727201462
0.0384667290798,8.40330312885e-06,0.0012217304764,8.51480484009
0.0384667290798,8.40330312885e-06,0.0012217304764,8.53052306175
0.0384667290798,8.40330312885e-06,0.0012217304764,8.54733300209
0.0384667290798,8.40330312885e-06,0.0012217304764,8.56268000603
0.0384667290798,8.40330312885e-06,0.0012217304764,8.57967686653
0.0421769321534,1.29361735527e-05,0.0010471975512,8.59597992897
0.0433710207353,1.41866206487e-05,0.0010471975512,8.61297297478
0.0433710207353,1.41866206487e-05,0.0010471975512,8.62962698936
0.0433710207353,1.41866206487e-05,0.0010471975512,8.6467499733
0.0433710207353,1.41866206487e-05,0.0010471975512,8.66290187836
0.0479767909799,1.90097737333e-05,0.000872664625996,8.67977404594
0.0499385082646,2.07216954484e-05,0.000872664625996,8.69648790359
0.0499385082646,2.07216954484e-05,0.000872664625996,8.71494603157
0.0499385082646,2.07216954484e-05,0.000872664625996,8.72981595993
0.0499385082646,2.07216954484e-05,0.000872664625996,8.74766206741
0.0547148633926,2.48898526679e-05,0.000698131700798,8.76308298111
0.0565912888787,2.61998449967e-05,0.0010471975512,8.77970790863
0.0565912888787,2.61998449967e-05,0.0010471975512,8.79888701439
0.0565912888787,2.61998449967e-05,0.0010471975512,8.8154129982
0.0565912888787,2.61998449967e-05,0.0010471975512,8.830067873
0.061836749435,3.16928804542e-05,0.000523598775597,8.85039901733
0.061836749435,3.16928804542e-05,0.000523598775597,8.86272907257
0.061836749435,3.16928804542e-05,0.000523598775597,8.8794670105
0.066357229497,3.4059798496e-05,0.000523598775597,8.89740085602
0.066357229497,3.4059798496e-05,0.000523598775597,8.91288995743
0.066357229497,3.4059798496e-05,0.000523598775597,8.92942404747
0.066357229497,3.4059798496e-05,0.000523598775597,8.94651198387
0.071261523904,3.66276812773e-05,0.000349065850399,8.96272802353
0.071261523904,3.66276812773e-05,0.000349065850399,8.98017787933
0.071261523904,3.66276812773e-05,0.000349065850399,8.99610185623
Actuacion(lineal,angular) = 0.160070037842,-0.000834162083301
0.0761658186843,3.8339603175e-05,0.000523598775597,9.01515007019
0.0761658186843,3.8339603175e-05,0.000523598775597,9.02965402603
0.0761658186843,3.8339603175e-05,0.000523598775597,9.04620790482
0.0761658186843,3.8339603175e-05,0.000523598775597,9.06285500526
0.0820083259343,4.1398733097e-05,0.0010471975512,9.07950496674
0.0841406269735,4.36316743399e-05,0.000872664625996,9.09586787224
0.0841406269735,4.36316743399e-05,0.000872664625996,9.11310791969
0.0841406269735,4.36316743399e-05,0.000872664625996,9.12965106964
0.0841406269735,4.36316743399e-05,0.000872664625996,9.14627599716
0.0908786993862,4.95117532745e-05,0.000872664625996,9.16320204735
0.0908786993862,4.95117532745e-05,0.000872664625996,9.17950701714
0.0908786993862,4.95117532745e-05,0.000872664625996,9.19601106644
0.0982564622178,5.5950067551e-05,0.000698131700798,9.21280789375
0.0982564622178,5.5950067551e-05,0.000698131700798,9.23025298119
0.100644640109,5.76173305149e-05,0.000698131700798,9.24679994583
0.100644640109,5.76173305149e-05,0.000698131700798,9.26275992393
0.100644640109,5.76173305149e-05,0.000698131700798,9.27952098846
0.107638589648,6.25000291951e-05,0.000872664625996,9.29605793953
0.110154705296,6.46957548732e-05,0.000698131700798,9.31268501282
0.110154705296,6.46957548732e-05,0.000698131700798,9.32966184616
0.110154705296,6.46957548732e-05,0.000698131700798,9.34881591797
0.110154705296,6.46957548732e-05,0.000698131700798,9.36268997192
0.117020716734,6.94891358946e-05,0.0010471975512,9.37993597984
0.117020716734,6.94891358946e-05,0.0010471975512,9.39614701271
Actuacion(lineal,angular) = 0.200058031082,-0.00194128698457
0.117020716734,6.94891358946e-05,0.0010471975512,9.41350293159
0.117020716734,6.94891358946e-05,0.0010471975512,9.43059587479
0.12444112435,7.72597714198e-05,0.0012217304764,9.44699192047
0.12444112435,7.72597714198e-05,0.0012217304764,9.46277594566
0.12444112435,7.72597714198e-05,0.0012217304764,9.47994089127
0.132330636633,8.68986338153e-05,0.0010471975512,9.49616003036
0.132330636633,8.68986338153e-05,0.0010471975512,9.51286196709
0.132330636633,8.68986338153e-05,0.0010471975512,9.52954006195
0.132330636633,8.68986338153e-05,0.0010471975512,9.54612898827
0.141030424872,9.60090340862e-05,0.0010471975512,9.56282687187
0.141030424872,9.60090340862e-05,0.0010471975512,9.57950806618
0.141030424872,9.60090340862e-05,0.0010471975512,9.59694194794
0.150497841486,0.000105923293205,0.0010471975512,9.6128680706
0.150497841486,0.000105923293205,0.0010471975512,9.62934494019
0.150497841486,0.000105923293205,0.0010471975512,9.64798998833
0.150497841486,0.000105923293205,0.0010471975512,9.66271185875
0.159709381976,0.000115569599374,0.00157079632679,9.67934703827
0.162737247376,0.000120325763134,0.00139626340159,9.69595599174
0.162737247376,0.000120325763134,0.00139626340159,9.71347784996
0.162737247376,0.000120325763134,0.00139626340159,9.73072600365
0.172076721945,0.000133366138139,0.00157079632679,9.7498319149
0.172076721945,0.000133366138139,0.00157079632679,9.76298904419
0.175275171311,0.000138390254788,0.00174532925199,9.7852230072
0.175275171311,0.000138390254788,0.00174532925199,9.79602885246
0.175275171311,0.000138390254788,0.00174532925199,9.81313800812
0.184401410863,0.000154318563811,0.00174532925199,9.82927083969
0.184401410863,0.000154318563811,0.00174532925199,9.84612798691
0.184401410863,0.000154318563811,0.00174532925199,9.86275196075
0.184401410863,0.000154318563811,0.00174532925199,9.88023495674
0.193868818248,0.000170842323639,0.00191986217719,9.89636802673
0.193868818248,0.000170842323639,0.00191986217719,9.91317605972
0.193868818248,0.000170842323639,0.00191986217719,9.93037605286
0.203250930674,0.000188854708559,0.00191986217719,9.9498000145
0.203250930674,0.000188854708559,0.00191986217719,9.96350598335
0.203250930674,0.000188854708559,0.00191986217719,9.98082494736
0.203250930674,0.000188854708559,0.00191986217719,9.99638986588
0.212547751169,0.000206703344524,0.00191986217719,10.0143129826
0.212547751169,0.000206703344524,0.00191986217719,10.0292420387
0.212547751169,0.000206703344524,0.00191986217719,10.0477159023
0.212547751169,0.000206703344524,0.00191986217719,10.0626180172
0.221887217629,0.000224633854967,0.00191986217719,10.0803399086
0.221887217629,0.000224633854967,0.00191986217719,10.0960428715
0.221887217629,0.000224633854967,0.00191986217719,10.1129889488
0.231184038124,0.000242482490932,0.00209439510239,10.1294109821
0.231184038124,0.000242482490932,0.00209439510239,10.1460039616
0.231184038124,0.000242482490932,0.00209439510239,10.1627390385
0.231184038124,0.000242482490932,0.00209439510239,10.1795158386
0.23557657104,0.000251682203809,0.00209439510239,10.1960198879
Actuacion(lineal,angular) = 0.0548588121044,-0.0619400853549
0.23557657104,0.000251682203809,0.00209439510239,10.2128970623
0.23557657104,0.000251682203809,0.00209439510239,10.2293410301
0.23557657104,0.000251682203809,0.00209439510239,10.246088028
0.236386844102,0.000253379238223,0.00279252680319,10.2625038624
0.236386844102,0.000253379238223,0.00279252680319,10.2794010639
0.236386844102,0.000253379238223,0.00279252680319,10.2959370613
0.237197115781,0.000255641949488,0.00436332312999,10.3128478527
0.237538280887,0.000257130572532,0.00401425727958,10.3295209408
0.237538280887,0.000257130572532,0.00401425727958,10.3479988575
0.237538280887,0.000257130572532,0.00401425727958,10.3627450466
0.237538280887,0.000257130572532,0.00401425727958,10.3795568943
0.237836800791,0.000258328914666,0.00383972435439,10.3965609074
0.238476486738,0.000260785144447,0.00349065850399,10.4127190113
0.238476486738,0.000260785144447,0.00349065850399,10.4292769432
0.238476486738,0.000260785144447,0.00349065850399,10.446657896
0.238476486738,0.000260785144447,0.00349065850399,10.4628050327
0.240352901249,0.000267335093321,0.00349065850399,10.4796469212
0.240352901249,0.000267335093321,0.00349065850399,10.4960460663
0.240352901249,0.000267335093321,0.00349065850399,10.5129549503
0.242101378408,0.000273438454773,0.00383972435439,10.5292599201
0.242101378408,0.000273438454773,0.00383972435439,10.5460598469
0.242101378408,0.000273438454773,0.00383972435439,10.5626559258
0.242101378408,0.000273438454773,0.00383972435439,10.5795040131
0.243508687491,0.00027884216029,0.00314159265359,10.5958240032
0.244063083329,0.000280583851913,0.00331612557879,10.6128149033
0.244063083329,0.000280583851913,0.00331612557879,10.6293129921
0.244063083329,0.000280583851913,0.00331612557879,10.6462888718
0.244063083329,0.000280583851913,0.00331612557879,10.6627180576
0.245640978288,0.000285816368925,0.00314159265359,10.67948699
0.245640978288,0.000285816368925,0.00314159265359,10.6961479187
0.245640978288,0.000285816368925,0.00314159265359,10.7132019997
0.247560040805,0.000291845301465,0.00331612557879,10.7308549881
0.247560040805,0.000291845301465,0.00331612557879,10.7492959499
0.247560040805,0.000291845301465,0.00331612557879,10.7631349564
0.247560040805,0.000291845301465,0.00331612557879,10.7809069157
0.249137935763,0.000297077818477,0.00314159265359,10.7972400188
0.249137935763,0.000297077818477,0.00314159265359,10.8157398701
0.249649685768,0.000298685533821,0.00331612557879,10.8294670582
0.249649685768,0.000298685533821,0.00331612557879,10.8460569382
0.249649685768,0.000298685533821,0.00331612557879,10.8626549244
0.251227580726,0.000303918050833,0.00296705972839,10.8798680305
0.251227580726,0.000303918050833,0.00296705972839,10.8962049484
0.251227580726,0.000303918050833,0.00296705972839,10.9126009941
0.251739331004,0.000305436448928,0.00296705972839,10.9293730259
0.251739331004,0.000305436448928,0.00296705972839,10.9468178749
0.253359873549,0.000310244709562,0.00296705972839,10.9626698494
0.253359873549,0.000310244709562,0.00296705972839,10.9795808792
0.253359873549,0.000310244709562,0.00296705972839,10.9960720539
0.254212790678,0.000312775373053,0.00296705972839,11.0126638412
0.254212790678,0.000312775373053,0.00296705972839,11.0299088955
0.254255436534,0.000312901906228,0.00296705972839,11.0469858646
0.254255436534,0.000312901906228,0.00296705972839,11.0626699924
0.254255436534,0.000312901906228,0.00296705972839,11.0795428753
0.254383374104,0.000313281505751,0.00244346095279,11.0964159966
0.254383374104,0.000313281505751,0.00244346095279,11.1126179695
0.254383374104,0.000313281505751,0.00244346095279,11.1305110455
0.254383374104,0.000313281505751,0.00296705972839,11.1477649212
0.254383374104,0.000313281505751,0.00296705972839,11.1629259586
0.254383374104,0.000313281505751,0.00296705972839,11.1795518398
0.254383374104,0.000313281505751,0.00296705972839,11.1964259148
0.254383374104,0.000313281505751,0.00296705972839,11.2127850056
0.254383374104,0.000313281505751,0.00296705972839,11.2294590473
0.254383374104,0.000313281505751,0.00296705972839,11.2469818592
0.254383374104,0.000313281505751,0.00296705972839,11.2629539967
0.254383374104,0.000313281505751,0.00296705972839,11.2796759605
0.254383374104,0.000313281505751,0.00296705972839,11.2960419655
0.254383374104,0.000313281505751,0.00296705972839,11.3160059452
0.254383374104,0.000313281505751,0.00296705972839,11.3293910027
0.254383374104,0.000313281505751,0.00296705972839,11.3484270573
0.254383374104,0.000313281505751,0.00296705972839,11.3635630608
0.254383374104,0.000313281505751,0.00296705972839,11.3813819885
0.254383374104,0.000313281505751,0.00296705972839,11.3959698677
Actuacion(lineal,angular) = 0.0449648019445,-0.121959554616
0.254383374104,0.000313281505751,0.00296705972839,11.4163310528
0.254383374104,0.000313281505751,0.00296705972839,11.4294199944
0.254383374104,0.000313281505751,0.00296705972839,11.4470129013
0.254383374104,0.000313281505751,0.00296705972839,11.4626848698
0.255065707807,0.000315306036545,0.00296705972839,11.4810888767
0.255065707807,0.000315306036545,0.00296705972839,11.4961030483
0.255449520515,0.000316444835116,0.00296705972839,11.5127279758
0.255449520515,0.000316444835116,0.00296705972839,11.5294940472
0.255449520515,0.000316444835116,0.00296705972839,11.5464019775
0.256131854218,0.000318469365909,0.00244346095279,11.5627138615
0.256131854218,0.000318469365909,0.00244346095279,11.5801429749
0.256131854218,0.000318469365909,0.00244346095279,11.5968840122
Actuacion(lineal,angular) = 0.0692885007797,-0.181959568921
0.257198002139,0.000321074461909,0.00261799387799,11.6165258884
0.257198002139,0.000321074461909,0.00261799387799,11.6306078434
0.257198002139,0.000321074461909,0.00261799387799,11.648444891
0.258733254468,0.00032509375229,0.00261799387799,11.6638410091
0.258733254468,0.00032509375229,0.00261799387799,11.6796848774
0.258733254468,0.00032509375229,0.00261799387799,11.6961789131
0.258733254468,0.00032509375229,0.00261799387799,11.7158589363
0.260737611675,0.000330341159175,0.00226892802759,11.729487896
0.260737611675,0.000330341159175,0.00226892802759,11.7463798523
0.260737611675,0.000330341159175,0.00226892802759,11.7626969814
0.260737611675,0.000330341159175,0.00226892802759,11.7798509598
0.263125784001,0.000335759759599,0.00191986217719,11.7959370613
Actuacion(lineal,angular) = 0.0378884235047,-0.242027675573
0.263125784001,0.000335759759599,0.00191986217719,11.8134229183
0.263125784001,0.000335759759599,0.00191986217719,11.8300168514
0.265556604039,0.000340426604783,0.00157079632679,11.848181963
0.265556604039,0.000340426604783,0.00157079632679,11.8632218838
0.265556604039,0.000340426604783,0.00157079632679,11.8800799847
0.266281585895,0.000341565404557,0.00139626340159,11.8962059021
0.266281585895,0.000341565404557,0.00139626340159,11.9127440453
0.267774195986,0.000343649482754,0.0010471975512,11.9297800064
0.267774195986,0.000343649482754,0.0010471975512,11.9464159012
0.267774195986,0.000343649482754,0.0010471975512,11.9626529217
0.267774195986,0.000343649482754,0.0010471975512,11.9796910286
0.26905357661,0.000344989247499,0.0001745329252,11.9962069988
Actuacion(lineal,angular) = 0.0138907689333,-0.301949083272
0.26905357661,0.000344989247499,0.0001745329252,12.0152170658
0.26905357661,0.000344989247499,0.0001745329252,12.0295050144
0.26990649748,0.000345138110275,0.0001745329252,12.0467028618
0.26990649748,0.000345138110275,0.0001745329252,12.062869072
0.26990649748,0.000345138110275,0.0001745329252,12.0796940327
0.26990649748,0.000345138110275,0.0001745329252,12.0961530209
0.270503542089,0.000345242314218,-0.000872664625998,12.1129899025
0.270503542089,0.000345242314218,-0.000872664625998,12.1295769215
0.270503542089,0.000345242314218,-0.000872664625998,12.1474859715
0.270503542089,0.000345242314218,-0.0010471975512,12.1627829075
0.270503542089,0.000345242314218,-0.0010471975512,12.179404974
0.270503542089,0.000345242314218,-0.0010471975512,12.1961729527
Actuacion(lineal,angular) = 0.00558340419056,-0.361938011113
0.270503542089,0.000345242314218,-0.0010471975512,12.2150120735
0.27054618811,0.000345197655394,-0.000698131700798,12.2299079895
0.27054618811,0.000345197655394,-0.000698131700798,12.2470109463
0.27054618811,0.000345197655394,-0.000698131700798,12.2626140118
0.27054618811,0.000345197655394,-0.000698131700798,12.27937603
0.270674126211,0.000345108337735,0.00191986217719,12.2959959507
0.270674126211,0.000345108337735,0.00191986217719,12.3127038479
0.270674126211,0.000345108337735,0.00191986217719,12.3293590546
0.270716772177,0.000345190212212,0.00628318530718,12.34679389
0.270716772177,0.000345190212212,0.00628318530718,12.3627319336
0.270716772177,0.000345190212212,0.00628318530718,12.3799939156
0.270716772177,0.000345190212212,0.00628318530718,12.3962218761
0.270716772177,0.000345190212212,0.0129154364648,12.4132268429
0.270716772177,0.000345190212212,0.0129154364648,12.4294919968
0.270716772177,0.000345190212212,0.0129154364648,12.4518690109
0.270716772177,0.000345190212212,0.0246091424531,12.4626100063
0.270716772177,0.000345190212212,0.0246091424531,12.4793519974
0.270716772177,0.000345190212212,0.0246091424531,12.4959869385
0.270631505914,0.000343091458912,0.0359537825911,12.5129668713
0.270631505914,0.000343091458912,0.0359537825911,12.5295479298
0.270759361365,0.000347690327757,0.0848230016469,12.5468230247
0.270759361365,0.000347690327757,0.0848230016469,12.5627038479
0.270759361365,0.000347690327757,0.0848230016469,12.5795390606
0.270801854083,0.000351303357003,0.1094321441,12.5965640545
0.270801854083,0.000351303357003,0.1094321441,12.6128320694
0.270801854083,0.000351303357003,0.1094321441,12.6291930676
0.27037794461,0.000304727966316,0.205076187109,12.6463520527
0.27037794461,0.000304727966316,0.205076187109,12.6631729603
0.27037794461,0.000304727966316,0.205076187109,12.680054903
0.270336192193,0.000296043451202,0.320442450666,12.6961760521
0.270336192193,0.000296043451202,0.320442450666,12.7133150101
0.270336192193,0.000296043451202,0.320442450666,12.7294700146
0.270336192193,0.000296043451202,0.466002910282,12.7460868359
0.270336192193,0.000296043451202,0.466002910282,12.7625770569
0.270336192193,0.000296043451202,0.466002910282,12.7795469761
0.270336192193,0.000296043451202,0.466002910282,12.7962100506
0.270336192193,0.000296043451202,0.583812634792,12.8128569126
0.270336192193,0.000296043451202,0.583812634792,12.8291618824
0.270336192193,0.000296043451202,0.583812634792,12.8461539745
0.270336192193,0.000296043451202,0.684343599707,12.862694025
0.270336192193,0.000296043451202,0.684343599707,12.8796429634
0.270336192193,0.000296043451202,0.684343599707,12.8960909843
0.270336192193,0.000296043451202,0.684343599707,12.9128479958
0.270336192193,0.000296043451202,0.771959128157,12.9292259216
0.270336192193,0.000296043451202,0.771959128157,12.9460320473
0.270336192193,0.000296043451202,0.794473875508,12.9627048969
0.270336192193,0.000296043451202,0.794473875508,12.9813580513
0.270336192193,0.000296043451202,0.794473875508,12.9960079193
0.269887986374,-0.000160372682295,0.858876524906,13.0128059387
0.269887986374,-0.000160372682295,0.858876524906,13.029476881
0.269887986374,-0.000160372682295,0.858876524906,13.0496439934
0.26969296519,-0.000386386635397,0.929387826687,13.0629110336
0.26969296519,-0.000386386635397,0.929387826687,13.079627037
0.26969296519,-0.000386386635397,0.929387826687,13.0963840485
0.26969296519,-0.000386386635397,0.929387826687,13.1140480042
0.268978512224,-0.00134315518897,0.994139541936,13.1293590069
0.268978512224,-0.00134315518897,0.994139541936,13.1461470127
0.268978512224,-0.00134315518897,0.994139541936,13.1628398895
0.268978512224,-0.00134315518897,1.05924032304,13.1794879436
0.268978512224,-0.00134315518897,1.05924032304,13.1964809895
0.268978512224,-0.00134315518897,1.05924032304,13.2131009102
0.268978512224,-0.00134315518897,1.05924032304,13.2294719219
0.268957635508,-0.00138034185057,1.10008102753,13.2462830544
0.268957635508,-0.00138034185057,1.10008102753,13.2633879185
0.268957635508,-0.00138034185057,1.10008102753,13.2795639038
0.268957635508,-0.00138034185057,1.10008102753,13.2961058617
0.269170386515,-0.000962253457682,1.12783176264,13.3128509521
0.269170386515,-0.000962253457682,1.12783176264,13.3297379017
0.269170386515,-0.000962253457682,1.12783176264,13.3461499214
0.269188665453,-0.000923723397985,1.16779980251,13.3628129959
0.269188665453,-0.000923723397985,1.16779980251,13.3798849583
0.269188665453,-0.000923723397985,1.16779980251,13.3965828419
Actuacion(lineal,angular) = 0.00298136614413,-0.421940385762
0.269205390232,-0.000884493730163,1.18123883775,13.4155938625
0.269205390232,-0.000884493730163,1.18123883775,13.4293029308
0.269237782384,-0.000805591963322,1.21876341667,13.446231842
0.269237782384,-0.000805591963322,1.21876341667,13.4629640579
0.269237782384,-0.000805591963322,1.21876341667,13.4793179035
0.269017212721,-0.00140605275911,1.25454266633,13.4966869354
0.269017212721,-0.00140605275911,1.25454266633,13.512996912
0.269017212721,-0.00140605275911,1.25454266633,13.5311059952
0.269017212721,-0.00140605275911,1.25454266633,13.5462388992
0.269096792339,-0.00116286610759,1.28665672457,13.5630309582
0.269096792339,-0.00116286610759,1.28665672457,13.5796859264
0.269096792339,-0.00116286610759,1.28665672457,13.5959498882
0.269108747375,-0.00112193003313,1.2945107062,13.6128809452
0.269108747375,-0.00112193003313,1.2945107062,13.6294908524
0.269283244769,-0.000506499449634,1.31737451941,13.646132946
0.269283244769,-0.000506499449634,1.31737451941,13.662571907
0.269283244769,-0.000506499449634,1.31737451941,13.6795649529
0.269261860513,-0.000589067324214,1.32487943519,13.696518898
0.269261860513,-0.000589067324214,1.32487943519,13.7143440247
0.269261860513,-0.000589067324214,1.32487943519,13.7294659615
0.269324152498,-0.000340889219632,1.34966311057,13.747328043
0.269324152498,-0.000340889219632,1.34966311057,13.7634689808
0.26937092143,-0.000132851256723,1.37165425914,13.7807910442
0.26937092143,-0.000132851256723,1.37165425914,13.7961258888
Actuacion(lineal,angular) = 0.00188700886775,-0.48197187132
0.26937092143,-0.000132851256723,1.37165425914,13.820335865
0.26937092143,-0.000132851256723,1.37165425914,13.8305969238
0.26938779463,-4.92448247622e-05,1.38579142608,13.8479070663
0.26938779463,-4.92448247622e-05,1.38579142608,13.8630678654
0.26938779463,-4.92448247622e-05,1.38579142608,13.8809740543
0.269395639427,-7.32652044932e-06,1.40167392228,13.8967850208
0.269395639427,-7.32652044932e-06,1.40167392228,13.9148528576
0.269395639427,-7.32652044932e-06,1.40167392228,13.9297170639
0.269395639427,-7.32652044932e-06,1.40167392228,13.9466588497
0.269331036809,-0.000385664984598,1.42087254405,13.9629628658
0.269331036809,-0.000385664984598,1.42087254405,13.9807610512
0.269331036809,-0.000385664984598,1.42087254405,13.9959099293
0.269337406541,-0.000343497323932,1.4482742133,14.015488863
0.269337406541,-0.000343497323932,1.4482742133,14.0294630527
0.269337406541,-0.000343497323932,1.4482742133,14.046118021
0.269358254622,-0.000174191922889,1.45490646446,14.0626869202
0.269358254622,-0.000174191922889,1.45490646446,14.0794548988
0.269358254622,-0.000174191922889,1.45490646446,14.0958240032
0.269382910566,3.76080098099e-05,1.46852003263,14.1130049229
0.269382910566,3.76080098099e-05,1.46852003263,14.1292769909
0.269382910566,3.76080098099e-05,1.47166162528,14.1460669041
0.269382910566,3.76080098099e-05,1.47166162528,14.1633839607
0.269382910566,3.76080098099e-05,1.47166162528,14.1792929173
0.269416676818,0.000377101287418,1.47619948134,14.1963078976
Actuacion(lineal,angular) = 0.0027388386774,-0.421972786847
0.269416676818,0.000377101287418,1.47619948134,14.2136249542
0.269416676818,0.000377101287418,1.47619948134,14.2293050289
0.26931194447,-0.00072673848869,1.47672308011,14.2463128567
0.26931194447,-0.00072673848869,1.47672308011,14.266422987
0.26931194447,-0.00072673848869,1.47672308011,14.2813229561
0.269063576368,-0.00335910220701,1.48405346297,14.2959718704
0.269063576368,-0.00335910220701,1.48405346297,14.3128550053
0.269063576368,-0.00335910220701,1.48405346297,14.329472065
0.269063576368,-0.00335910220701,1.48405346297,14.3460249901
0.26936653379,0.000124725472338,1.49155837875,14.3626160622
0.26936653379,0.000124725472338,1.49155837875,14.3799090385
0.26936653379,0.000124725472338,1.49155837875,14.3963088989
Actuacion(lineal,angular) = 0.00442243740357,-0.362019049588
0.26936653379,0.000124725472338,1.49155837875,14.4129240513
0.26942054419,0.000804921222048,1.49714343236,14.429268837
0.26942054419,0.000804921222048,1.49714343236,14.4468438625
0.26942054419,0.000804921222048,1.49714343236,14.4625179768
0.269426820521,0.000889982070865,1.51302592855,14.4794809818
0.269426820521,0.000889982070865,1.51302592855,14.4961650372
0.269426820521,0.000889982070865,1.51302592855,14.5127520561
0.269426820521,0.000889982070865,1.51302592855,14.5293719769
0.269480991315,0.00182662987305,1.52402150284,14.5461268425
0.269480991315,0.00182662987305,1.52402150284,14.5627028942
0.269480991315,0.00182662987305,1.52402150284,14.5794098377
0.269504919721,0.00233782267749,1.52332337114,14.5960919857
0.269504919721,0.00233782267749,1.52332337114,14.613147974
0.269504919721,0.00233782267749,1.52332337114,14.6295199394
0.269504919721,0.00233782267749,1.52297430529,14.6461620331
0.269504919721,0.00233782267749,1.52297430529,14.6629638672
0.269502881079,0.00229522538862,1.51948364679,14.6812679768
0.269502881079,0.00229522538862,1.51948364679,14.6959929466
0.269502881079,0.00229522538862,1.51948364679,14.7126860619
0.269505068401,0.00233781530178,1.51930911386,14.7293848991
0.269505068401,0.00233781530178,1.51930911386,14.7460570335
0.269505068401,0.00233781530178,1.51930911386,14.7633390427
0.269516042181,0.00255076295552,1.51861098216,14.7795948982
0.269516042181,0.00255076295552,1.51861098216,14.7960660458
Actuacion(lineal,angular) = 0.0079253467702,-0.302003156606
0.269516042181,0.00255076295552,1.51861098216,14.8129689693
0.269516042181,0.00255076295552,1.51738925168,14.830231905
0.269516042181,0.00255076295552,1.51738925168,14.8461689949
0.269516042181,0.00255076295552,1.51738925168,14.8625559807
0.269516042181,0.00255076295552,1.51721471876,14.8796129227
0.269516042181,0.00255076295552,1.51721471876,14.896887064
0.269516042181,0.00255076295552,1.51721471876,14.9131970406
0.269516042181,0.00255076295552,1.51721471876,14.929473877
0.269516042181,0.00255076295552,1.51721471876,14.9464738369
0.269516042181,0.00255076295552,1.51721471876,14.96270895
0.269516042181,0.00255076295552,1.51721471876,14.9821538925
0.269516042181,0.00255076295552,1.51721471876,14.9959728718
Actuacion(lineal,angular) = 0.0165868292342,-0.242063152257
0.269516042181,0.00255076295552,1.51704018583,15.0129759312
0.269516042181,0.00255076295552,1.51704018583,15.029394865
0.269516042181,0.00255076295552,1.51704018583,15.0462369919
0.269516042181,0.00255076295552,1.51704018583,15.0632789135
0.269516042181,0.00255076295552,1.51704018583,15.0795989037
0.269516042181,0.00255076295552,1.51704018583,15.0959179401
0.269516042181,0.00255076295552,1.51704018583,15.1127500534
0.269516042181,0.00255076295552,1.51686565291,15.1292920113
0.269516042181,0.00255076295552,1.51686565291,15.1471199989
0.269516042181,0.00255076295552,1.51686565291,15.1627449989
0.269516042181,0.00255076295552,1.51686565291,15.1813540459
0.269516042181,0.00255076295552,1.51686565291,15.1961610317
Actuacion(lineal,angular) = 0.0460851656972,-0.182049691144
0.269516042181,0.00255076295552,1.51721471876,15.2127079964
0.269516042181,0.00255076295552,1.51721471876,15.2295019627
0.269516042181,0.00255076295552,1.51721471876,15.2483768463
0.269516042181,0.00255076295552,1.51721471876,15.263354063
0.269516042181,0.00255076295552,1.51721471876,15.2794320583
0.269516042181,0.00255076295552,1.51721471876,15.2961878777
0.269552585387,0.00323212040601,1.51721471876,15.3130009174
0.269552585387,0.00323212040601,1.51721471876,15.3294639587
0.269573140941,0.00361538397192,1.51721471876,15.3461329937
0.269573140941,0.00361538397192,1.51721471876,15.3629379272
0.269573140941,0.00361538397192,1.51721471876,15.3795628548
0.26962338785,0.00455225046635,1.51686565291,15.3961110115
0.26962338785,0.00455225046635,1.51686565291,15.4129729271
0.269683157044,0.00565943552747,1.51704018583,15.4306778908
0.269683157044,0.00565943552747,1.51704018583,15.4461829662
0.269683157044,0.00565943552747,1.51704018583,15.462954998
0.269683157044,0.00565943552747,1.51704018583,15.4798979759
0.269733567466,0.00659629323789,1.51651658706,15.4959468842
0.269733567466,0.00659629323789,1.51651658706,15.5127029419
0.269733567466,0.00659629323789,1.51651658706,15.5293779373
0.269733567466,0.00659629323789,1.51651658706,15.5462920666
0.269798350496,0.00778862383973,1.51616752121,15.5627150536
0.269798350496,0.00778862383973,1.51616752121,15.5795278549
0.269798350496,0.00778862383973,1.51616752121,15.5959980488
Actuacion(lineal,angular) = 0.0408498988456,-0.122045242253
0.269854235549,0.00881060205315,1.51581845536,15.612860918
0.269854235549,0.00881060205315,1.51581845536,15.6294620037
0.269854235549,0.00881060205315,1.51581845536,15.6461789608
0.269854235549,0.00881060205315,1.51581845536,15.6636788845
0.269924537783,0.0100880503577,1.51546938951,15.6814098358
0.269924537783,0.0100880503577,1.51546938951,15.6960549355
0.269924537783,0.0100880503577,1.51546938951,15.7128219604
0.269966986669,0.0108545045696,1.51564392243,15.7295839787
