0.0,0.0,0.10541788682
0.0,0.0,0.10541788682
0.0,0.0,0.10541788682
0.0,0.0,0.10541788682
4.24077333011e-05,4.50213719612e-06,0.105592419746
0.000127227901612,1.34620009452e-05,0.104894288045
0.000127227901612,1.34620009452e-05,0.10541788682
0.000127227901612,1.34620009452e-05,0.105243353895
0.000127227901612,1.34620009452e-05,0.10541788682
0.000212048071215,2.24218648307e-05,0.105243353895
0.000296868240818,3.13817287162e-05,0.105243353895
0.00038168997292,4.0326788553e-05,0.104894288045
0.000551335775705,5.81947016088e-05,0.104545222194
0.000720996334383,7.59219669621e-05,0.103847090494
0.00101793497124,0.0001066300384,0.101752695391
0.0014422301271,0.000149548814208,0.0989601685881
0.00216379496525,0.000219857614509,0.0944223125329
0.00292821426294,0.000289970814202,0.0886627260013
0.00428808068766,0.000404341250307,0.0780162175641
0.00718114131694,0.000603174295232,0.0561996019142
0.00948136261629,0.000713132783471,0.0371755130675
0.0113568300961,0.00077276427099,0.0247836753783
0.0141284242655,0.000816661262915,0.00436332312999
0.0159195454254,0.000815016346592,-0.0336848545635
0.0164291726201,0.000767964611423,-0.103847090494
0.0171480579782,0.000675250136883,-0.193731546971
0.0169362324366,0.000706014243383,-0.288851991205
0.0166102649406,0.000807150775528,-0.40718531449
0.0168037183085,0.000717747836731,-0.503876555051
0.0172509501544,0.000468452108104,-0.61261056745
0.0171052221583,0.000558541022376,-0.732165621212
0.0168947024216,0.000770178096634,-0.874933554025
0.0168805559579,0.000760251309964,-1.01368722956
0.0170453671855,0.000461595351916,-1.14615771978
0.0168912842583,0.000813445781845,-1.22696646415
