0.0,0.0,0.0,0.0434110164642
0.0,0.0,0.0,0.0600349903107
0.0,0.0,0.0,0.0766849517822
0.0,0.0,0.0,0.0933680534363
0.0,0.0,0.0,0.110059022903
0.0,0.0,0.0,0.126715898514
0.0,0.0,0.0,0.143408060074
0.0,0.0,0.0,0.160075902939
0.0,0.0,0.0,0.176738023758
0.0,0.0,0.0,0.193414926529
0.0,0.0,0.0,0.210062980652
0.0,0.0,0.0,0.226717948914
0.0,0.0,0.0,0.243401050568
0.0,0.0,0.0,0.260035037994
0.0,0.0,0.0,0.276694059372
0.0,0.0,0.0,0.293382883072
0.0,0.0,0.0,0.310062885284
0.0,0.0,0.0,0.326701879501
0.0,0.0,0.0,0.343429088593
0.0,0.0,0.0,0.360056877136
0.0,0.0,0.0,0.378165960312
0.0,0.0,0.0,0.393430948257
0.0,0.0,0.0,0.410058021545
0.0,0.0,0.0,0.426759958267
0.0,0.0,0.0,0.44340801239
0.0,0.0,0.0,0.460094928741
0.0,0.0,0.0,0.476809024811
0.0,0.0,0.0,0.493675947189
0.0,0.0,0.0,0.510557889938
0.0,0.0,0.0,0.526762962341
0.0,0.0,0.0,0.54345202446
0.0,0.0,0.0,0.560081005096
0.0,0.0,0.0,0.577058076859
0.0,0.0,0.0,0.593501091003
0.0,0.0,0.0,0.610086917877
0.0,0.0,0.0,0.626703023911
0.0,0.0,0.0,0.643658876419
0.0,0.0,0.0,0.660490036011
0.0,0.0,0.0,0.676820993423
0.0,0.0,0.0,0.693513870239
0.0,0.0,0.0,0.710104942322
0.0,0.0,0.0,0.726847887039
0.0,0.0,0.0,0.743464946747
0.0,0.0,0.0,0.760144948959
0.0,0.0,0.0,0.776808023453
0.0,0.0,0.0,0.793459892273
0.0,0.0,0.0,0.810116052628
0.0,0.0,0.0,0.826910972595
0.0,0.0,0.0,0.843873977661
0.0,0.0,0.0,0.860080957413
0.0,0.0,0.0,0.876812934875
0.0,0.0,0.0,0.893653869629
0.0,0.0,0.0,0.91011095047
0.0,0.0,0.0,0.926992893219
0.0,0.0,0.0,0.943420886993
0.0,0.0,0.0,0.960224866867
0.0,0.0,0.0,0.977062940598
0.0,0.0,0.0,0.993515968323
0.0,0.0,0.0,1.01018309593
0.0,0.0,0.0,1.02692294121
0.0,0.0,0.0,1.04370689392
0.0,0.0,0.0,1.06045508385
0.0,0.0,0.0,1.07708406448
0.0,0.0,0.0,1.09358501434
0.0,0.0,0.0,1.11030197144
0.0,0.0,0.0,1.12696099281
0.0,0.0,0.0,1.1436290741
0.0,0.0,0.0,1.16038703918
0.0,0.0,0.0,1.17766499519
0.0,0.0,0.0,1.19355893135
0.0,0.0,0.0,1.2101418972
0.0,0.0,0.0,1.22698688507
0.0,0.0,0.0,1.24372887611
0.0,0.0,0.0,1.26032304764
0.0,0.0,0.0,1.27705597878
0.0,0.0,0.0,1.29379105568
0.0,0.0,0.0,1.31033492088
0.0,0.0,0.0,1.32690596581
0.0,0.0,0.0,1.34358692169
0.0,0.0,0.0,1.36036300659
0.0,0.0,0.0,1.37706303596
0.0,0.0,0.0,1.39378905296
0.0,0.0,0.0,1.41029691696
0.0,0.0,0.0,1.4270260334
0.0,0.0,0.0,1.44374895096
0.0,0.0,0.0,1.4602689743
0.0,0.0,0.0,1.47703695297
0.0,0.0,0.0,1.49345898628
0.0,0.0,0.0,1.51027607918
0.0,0.0,0.0,1.52678894997
0.0,0.0,0.0,1.5434448719
0.0,0.0,0.0,1.56028699875
0.0,0.0,0.0,1.57702493668
0.0,0.0,0.0,1.59367203712
0.0,0.0,0.0,1.61029601097
0.0,0.0,0.0,1.62704801559
0.0,0.0,0.0,1.64368700981
0.0,0.0,0.0,1.66042494774
0.0,0.0,0.0,1.67704987526
0.0,0.0,0.0,1.6936750412
0.0,0.0,0.0,1.71049904823
0.0,0.0,0.0,1.72703003883
0.0,0.0,0.0,1.74368000031
0.0,0.0,0.0,1.76020097733
0.0,0.0,0.0,1.7768099308
0.0,0.0,0.0,1.79357600212
0.0,0.0,0.0,1.81017804146
0.0,0.0,0.0,1.82702803612
0.0,0.0,0.0,1.84378504753
0.0,0.0,0.0,1.86045694351
0.0,0.0,0.0,1.87693691254
0.0,0.0,0.0,1.89375591278
0.0,0.0,0.0,1.91012191772
0.0,0.0,0.0,1.92696404457
0.0,0.0,0.0,1.94376802444
0.0,0.0,0.0,1.96075201035
0.0,0.0,0.0,1.97692203522
0.0,0.0,0.0,1.99372196198
0.0,0.0,0.0,2.01022195816
0.0,0.0,0.0,2.02707600594
0.0,0.0,0.0,2.04373908043
0.0,0.0,0.0,2.06011390686
0.0,0.0,0.0,2.07694196701
0.0,0.0,0.0,2.09359002113
0.0,0.0,0.0,2.11011099815
0.0,0.0,0.0,2.12687397003
0.0,0.0,0.0,2.14370799065
0.0,0.0,0.0,2.16025996208
0.0,0.0,0.0,2.17683291435
0.0,0.0,0.0,2.19353699684
0.0,0.0,0.0,2.21016287804
0.0,0.0,0.0,2.22674202919
0.0,0.0,0.0,2.24338793755
0.0,0.0,0.0,2.2600440979
0.0,0.0,0.0,2.27673196793
0.0,0.0,0.0,2.29349207878
0.0,0.0,0.0,2.31015586853
0.0,0.0,0.0,2.32670092583
0.0,0.0,0.0,2.34342193604
0.0,0.0,0.0,2.36005306244
0.0,0.0,0.0,2.37670493126
0.0,0.0,0.0,2.39339089394
0.0,0.0,0.0,2.41316795349
0.0,0.0,0.0,2.42670989037
0.0,0.0,0.0,2.4434170723
0.0,0.0,0.0,2.46004891396
0.0,0.0,0.0,2.47671103477
0.0,0.0,0.0,2.49336791039
0.0,0.0,0.0,2.51006698608
0.0,0.0,0.0,2.52694201469
0.0,0.0,0.0,2.54346489906
0.0,0.0,0.0,2.56005191803
0.0,0.0,0.0,2.57670903206
0.0,0.0,0.0,2.59346103668
0.0,0.0,0.0,2.61009693146
0.0,0.0,0.0,2.62681388855
0.0,0.0,0.0,2.6434879303
0.0,0.0,0.0,2.66030192375
0.0,0.0,0.0,2.67677307129
0.0,0.0,0.0,2.69344091415
0.0,0.0,0.0,2.71011900902
0.0,0.0,0.0,2.72680902481
0.0,0.0,0.0,2.74345898628
0.0,0.0,0.0,2.76026105881
0.0,0.0,0.0,2.77689290047
0.0,0.0,0.0,2.79356789589
0.0,0.0,0.0,2.81010293961
0.0,0.0,0.0,2.82730007172
0.0,0.0,0.0,2.84356999397
0.0,0.0,0.0,2.86009001732
0.0,0.0,0.0,2.8768029213
0.0,0.0,0.0,2.8936290741
0.0,0.0,0.0,2.91025996208
0.0,0.0,0.0,2.92686796188
0.0,0.0,0.0,2.94356107712
0.0,0.0,0.0,2.96022796631
0.0,0.0,0.0,2.97685098648
0.0,0.0,0.0,2.99354696274
0.0,0.0,0.0,3.01024198532
0.0,0.0,0.0,3.02687597275
0.0,0.0,0.0,3.04366087914
0.0,0.0,0.0,3.06019902229
0.0,0.0,0.0,3.07691502571
0.0,0.0,0.0,3.09353208542
0.0,0.0,0.0,3.11019802094
0.0,0.0,0.0,3.12861299515
0.0,0.0,0.0,3.14353895187
0.0,0.0,0.0,3.16024303436
0.0,0.0,0.0,3.17688202858
0.0,0.0,0.0,3.19371199608
0.0,0.0,0.0,3.21038889885
0.0,0.0,0.0,3.22694301605
0.0,0.0,0.0,3.24358892441
0.0,0.0,0.0,3.260242939
0.0,0.0,0.0,3.27685499191
0.0,0.0,0.0,3.29469299316
0.0,0.0,0.0,3.31019186974
0.0,0.0,0.0,3.32686305046
0.0,0.0,0.0,3.34354996681
0.0,0.0,0.0,3.36018610001
0.0,0.0,0.0,3.37691307068
0.0,0.0,0.0,3.39351987839
0.0,0.0,0.0,3.41018390656
0.0,0.0,0.0,3.42685103416
0.0,0.0,0.0,3.44360494614
0.0,0.0,0.0,3.46024489403
0.0,0.0,0.0,3.47696805
0.0,0.0,0.0,3.4935939312
0.0,0.0,0.0,3.51024699211
0.0,0.0,0.0,3.5269370079
0.0,0.0,0.0,3.5436398983
0.0,0.0,0.0,3.56018400192
0.0,0.0,0.0,3.57678198814
0.0,0.0,0.0,3.59342908859
0.0,0.0,0.0,3.6103758812
0.0,0.0,0.0,3.62703895569
0.0,0.0,0.0,3.64372897148
0.0,0.0,0.0,3.66053199768
0.0,0.0,0.0,3.67700099945
0.0,0.0,0.0,3.69354391098
0.0,0.0,0.0,3.71017098427
0.0,0.0,0.0,3.72688603401
0.0,0.0,0.0,3.74395108223
0.0,0.0,0.0,3.76038002968
0.0,0.0,0.0,3.77696204185
0.0,0.0,0.0,3.79378890991
0.0,0.0,0.0,3.81044602394
0.0,0.0,0.0,3.82704496384
0.0,0.0,0.0,3.84364008904
0.0,0.0,0.0,3.86036491394
0.0,0.0,0.0,3.87700986862
0.0,0.0,0.0,3.89375209808
0.0,0.0,0.0,3.91033005714
0.0,0.0,0.0,3.92823290825
0.0,0.0,0.0,3.94388103485
0.0,0.0,0.0,3.96039795876
0.0,0.0,0.0,3.97708487511
0.0,0.0,0.0,3.99419093132
0.0,0.0,0.0,4.0110039711
0.0,0.0,0.0,4.0273270607
0.0,0.0,0.0,4.04376101494
0.0,0.0,0.0,4.06052398682
0.0,0.0,0.0,4.07711195946
0.0,0.0,0.0,4.09376096725
0.0,0.0,0.0,4.11041808128
0.0,0.0,0.0,4.12713289261
0.0,0.0,0.0,4.14378404617
0.0,0.0,0.0,4.16065001488
0.0,0.0,0.0,4.17708492279
0.0,0.0,0.0,4.19393706322
0.0,0.0,0.0,4.21115088463
0.0,0.0,0.0,4.22770094872
0.0,0.0,0.0,4.24366188049
0.0,0.0,0.0,4.26037597656
0.0,0.0,0.0,4.27725100517
0.0,0.0,0.0,4.29404091835
0.0,0.0,0.0,4.31058096886
0.0,0.0,0.0,4.32722496986
0.0,0.0,0.0,4.34370303154
0.0,0.0,0.0,4.36039400101
0.0,0.0,0.0,4.37701106071
0.0,0.0,0.0,4.3937458992
0.0,0.0,0.0,4.4102909565
0.0,0.0,0.0,4.42703700066
0.0,0.0,0.0,4.44370007515
0.0,0.0,0.0,4.46037006378
0.0,0.0,0.0,4.4770898819
0.0,0.0,0.0,4.49400401115
0.0,0.0,0.0,4.51018190384
0.0,0.0,0.0,4.52683901787
0.0,0.0,0.0,4.54355597496
0.0,0.0,0.0,4.5603659153
0.0,0.0,0.0,4.5770149231
0.0,0.0,0.0,4.59381389618
0.0,0.0,0.0,4.61039805412
0.0,0.0,0.0,4.62703108788
0.0,0.0,0.0,4.6437458992
0.0,0.0,0.0,4.66035199165
0.0,0.0,0.0,4.6772210598
0.0,0.0,0.0,4.69366693497
0.0,0.0,0.0,4.71066689491
0.0,0.0,0.0,4.7286438942
0.0,0.0,0.0,4.74399995804
0.0,0.0,0.0,4.76040005684
0.0,0.0,0.0,4.77704906464
0.0,0.0,0.0,4.79438209534
0.0,0.0,0.0,4.81027793884
0.0,0.0,0.0,4.82712697983
0.0,0.0,0.0,4.84420704842
0.0,0.0,0.0,4.86030507088
0.0,0.0,0.0,4.87709093094
0.0,0.0,0.0,4.89408993721
0.0,0.0,0.0,4.91044807434
0.0,0.0,0.0,4.9281668663
0.0,0.0,0.0,4.9439330101
0.0,0.0,0.0,4.96074295044
0.0,0.0,0.0,4.97765994072
0.0,0.0,0.0,4.99421405792
0.0,0.0,0.0,5.01110291481
0.0,0.0,0.0,5.02819895744
0.0,0.0,0.0,5.04438591003
0.0,0.0,0.0,5.06064295769
0.0,0.0,0.0,5.07775998116
0.0,0.0,0.0,5.09498786926
0.0,0.0,0.0,5.11037993431
0.0,0.0,0.0,5.12727689743
0.0,0.0,0.0,5.14477491379
0.0,0.0,0.0,5.16047286987
0.0,0.0,0.0,5.17697787285
0.0,0.0,0.0,5.19372010231
0.0,0.0,0.0,5.210324049
0.0,0.0,0.0,5.22726106644
0.0,0.0,0.0,5.24378299713
0.0,0.0,0.0,5.26049995422
0.0,0.0,0.0,5.27705597878
0.0,0.0,0.0,5.29376101494
0.0,0.0,0.0,5.31034803391
0.0,0.0,0.0,5.32707500458
0.0,0.0,0.0,5.34371209145
0.0,0.0,0.0,5.36068701744
0.0,0.0,0.0,5.37705993652
0.0,0.0,0.0,5.39377498627
0.0,0.0,0.0,5.41041302681
0.0,0.0,0.0,5.42723488808
0.0,0.0,0.0,5.44381690025
0.0,0.0,0.0,5.46057200432
0.0,0.0,0.0,5.47707796097
0.0,0.0,0.0,5.49366688728
0.0,0.0,0.0,5.51031088829
0.0,0.0,0.0,5.52691197395
0.0,0.0,0.0,5.54377198219
0.0,0.0,0.0,5.56050300598
0.0,0.0,0.0,5.57727503777
0.0,0.0,0.0,5.59406590462
0.0,0.0,0.0,5.61050105095
0.0,0.0,0.0,5.62722802162
0.0,0.0,0.0,5.64376807213
0.0,0.0,0.0,5.66100692749
0.0,0.0,0.0,5.67700099945
0.0,0.0,0.0,5.69374489784
0.0,0.0,0.0,5.71035790443
0.0,0.0,0.0,5.72712206841
0.0,0.0,0.0,5.74394392967
0.0,0.0,0.0,5.76046395302
0.0,0.0,0.0,5.77722501755
0.0,0.0,0.0,5.79372787476
0.0,0.0,0.0,5.8105700016
0.0,0.0,0.0,5.82730507851
0.0,0.0,0.0,5.84559297562
0.0,0.0,0.0,5.86038398743
0.0,0.0,0.0,5.87703800201
0.0,0.0,0.0,5.89388203621
0.0,0.0,0.0,5.91046309471
0.0,0.0,0.0,5.92730808258
0.0,0.0,0.0,5.94418597221
0.0,0.0,0.0,5.96073794365
0.0,0.0,0.0,5.97708797455
0.0,0.0,0.0,5.99426293373
0.0,0.0,0.0,6.01040792465
0.0,0.0,0.0,6.02711987495
0.0,0.0,0.0,6.04439902306
0.0,0.0,0.0,6.06137895584
0.0,0.0,0.0,6.07707500458
0.0,0.0,0.0,6.09418106079
0.0,0.0,0.0,6.11144208908
0.0,0.0,0.0,6.12708687782
0.0,0.0,0.0,6.14483690262
0.0,0.0,0.0,6.16837406158
0.0,0.0,0.0,6.17695188522
0.0,0.0,0.0,6.19355988503
0.0,0.0,0.0,6.21044588089
0.0,0.0,0.0,6.22727298737
0.0,0.0,0.0,6.24381709099
0.0,0.0,0.0,6.26052093506
0.0,0.0,0.0,6.27696704865
0.0,0.0,0.0,6.29376888275
0.0,0.0,0.0,6.31070208549
0.0,0.0,0.0,6.32814908028
0.0,0.0,0.0,6.34384703636
0.0,0.0,0.0,6.36156105995
0.0,0.0,0.0,6.37710595131
0.0,0.0,0.0,6.39464187622
0.0,0.0,0.0,6.41043996811
0.0,0.0,0.0,6.42734098434
0.0,0.0,0.0,6.44368505478
0.0,0.0,0.0,6.46147108078
0.0,0.0,0.0,6.47958087921
0.0,0.0,0.0,6.4938158989
0.0,0.0,0.0,6.51023888588
0.0,0.0,0.0,6.52700209618
0.0,0.0,0.0,6.54381799698
0.0,0.0,0.0,6.56042098999
0.0,0.0,0.0,6.57719707489
0.0,0.0,0.0,6.59377598763
0.0,0.0,0.0,6.61052489281
0.0,0.0,0.0,6.62729001045
0.0,0.0,0.0,6.64371705055
0.0,0.0,0.0,6.66091394424
0.0,0.0,0.0,6.67706990242
0.0,0.0,0.0,6.69394993782
0.0,0.0,0.0,6.71025800705
0.0,0.0,0.0,6.72731995583
0.0,0.0,0.0,6.74375605583
0.0,0.0,0.0,6.76096200943
0.0,0.0,0.0,6.7771499157
0.0,0.0,0.0,6.79370307922
0.0,0.0,0.0,6.81040406227
0.0,0.0,0.0,6.82714509964
0.0,0.0,0.0,6.84357595444
0.0,0.0,0.0,6.86017894745
0.0,0.0,0.0,6.8770608902
0.0,0.0,0.0,6.89402389526
0.0,0.0,0.0,6.9104309082
0.0,0.0,0.0,6.92711901665
0.0,0.0,0.0,6.94381189346
0.0,0.0,0.0,6.96120095253
0.0,0.0,0.0,6.97708487511
0.0,0.0,0.0,6.99370598793
0.0,0.0,0.0,7.01041793823
0.0,0.0,0.0,7.02723097801
0.0,0.0,0.0,7.04380393028
0.0,0.0,0.0,7.06113290787
0.0,0.0,0.0,7.07803797722
0.0,0.0,0.0,7.0937628746
0.0,0.0,0.0,7.11046695709
0.0,0.0,0.0,7.12707400322
0.0,0.0,0.0,7.14374303818
0.0,0.0,0.0,7.16075086594
0.0,0.0,0.0,7.17687106133
0.0,0.0,0.0,7.19361805916
0.0,0.0,0.0,7.21035790443
0.0,0.0,0.0,7.22724795341
0.0,0.0,0.0,7.24372506142
0.0,0.0,0.0,7.2604060173
0.0,0.0,0.0,7.27701091766
0.0,0.0,0.0,7.29375004768
0.0,0.0,0.0,7.31038093567
0.0,0.0,0.0,7.32714891434
0.0,0.0,0.0,7.34380698204
0.0,0.0,0.0,7.36097502708
0.0,0.0,0.0,7.37714099884
0.0,0.0,0.0,7.39411592484
0.0,0.0,0.0,7.41046404839
0.0,0.0,0.0,7.42705202103
0.0,0.0,0.0,7.44371509552
0.0,0.0,0.0,7.46037197113
0.0,0.0,0.0,7.4769949913
0.0,0.0,0.0,7.49382996559
0.0,0.0,0.0,7.51038789749
0.0,0.0,0.0,7.52696490288
0.0,0.0,0.0,7.54363799095
0.0,0.0,0.0,7.56043386459
0.0,0.0,0.0,7.57699489594
0.0,0.0,0.0,7.5938949585
0.0,0.0,0.0,7.61028504372
0.0,0.0,0.0,7.62707805634
0.0,0.0,0.0,7.6437420845
0.0,0.0,0.0,7.66042089462
0.0,0.0,0.0,7.67697286606
0.0,0.0,0.0,7.69759202003
0.0,0.0,0.0,7.71035504341
0.0,0.0,0.0,7.72745203972
0.0,0.0,0.0,7.74385309219
0.0,0.0,0.0,7.7607190609
0.0,0.0,0.0,7.77801203728
0.0,0.0,0.0,7.79385209084
0.0,0.0,0.0,7.81035590172
0.0,0.0,0.0,7.8283469677
0.0,0.0,0.0,7.8439810276
0.0,0.0,0.0,7.86058688164
0.0,0.0,0.0,7.87701392174
0.0,0.0,0.0,7.89386200905
0.0,0.0,0.0,7.91033387184
0.0,0.0,0.0,7.92728996277
0.0,0.0,0.0,7.94378209114
0.0,0.0,0.0,7.96228694916
0.0,0.0,0.0,7.97694802284
0.0,0.0,0.0,7.99374008179
0.0,0.0,0.0,8.01075601578
0.0,0.0,0.0,8.02769804001
0.0,0.0,0.0,8.04393100739
0.0,0.0,0.0,8.06060695648
0.0,0.0,0.0,8.07753396034
0.0,0.0,0.0,8.09384489059
0.0,0.0,0.0,8.11131000519
0.0,0.0,0.0,8.12735700607
0.0,0.0,0.0,8.1438229084
0.0,0.0,0.0,8.16891908646
0.0,0.0,0.0,8.17698407173
0.0,0.0,0.0,8.1937918663
0.0,0.0,0.0,8.21048808098
0.0,0.0,0.0,8.22710394859
0.0,0.0,0.0,8.24374389648
0.0,0.0,0.0,8.26058506966
0.0,0.0,0.0,8.27724003792
0.0,0.0,0.0,8.29403209686
0.0,0.0,0.0,8.31052207947
0.0,0.0,0.0,8.32737898827
0.0,0.0,0.0,8.34361195564
0.0,0.0,0.0,8.36161589622
0.0,0.0,0.0,8.37705993652
0.0,0.0,0.0,8.39508605003
0.0,0.0,0.0,8.41045808792
0.0,0.0,0.0,8.42730498314
0.0,0.0,0.0,8.44385004044
0.0,0.0,0.0,8.4608809948
0.0,0.0,0.0,8.47720503807
0.0,0.0,0.0,8.49411797523
0.0,0.0,0.0,8.5104739666
0.0,0.0,0.0,8.52811002731
0.0,0.0,0.0,8.54371094704
0.0,0.0,0.0,8.56081199646
0.0,0.0,0.0,8.57717490196
0.0,0.0,0.0,8.59374189377
0.0,0.0,0.0,8.61046600342
0.0,0.0,0.0,8.62805199623
0.0,0.0,0.0,8.64374303818
0.0,0.0,0.0,8.66035103798
0.0,0.0,0.0,8.6772248745
0.0,0.0,0.0,8.69373297691
0.0,0.0,0.0,8.71048903465
0.0,0.0,0.0,8.72740101814
0.0,0.0,0.0,8.74367403984
0.0,0.0,0.0,8.76035690308
0.0,0.0,0.0,8.77697587013
0.0,0.0,0.0,8.79402709007
0.0,0.0,0.0,8.81154608727
0.0,0.0,0.0,8.82737994194
0.0,0.0,0.0,8.8436858654
0.0,0.0,0.0,8.86256408691
0.0,0.0,0.0,8.87759590149
0.0,0.0,0.0,8.89447999001
0.0,0.0,0.0,8.91042709351
0.0,0.0,0.0,8.92737388611
0.0,0.0,0.0,8.94359493256
0.0,0.0,0.0,8.96062302589
0.0,0.0,0.0,8.97801399231
0.0,0.0,0.0,8.99545788765
0.0,0.0,0.0,9.01047492027
0.0,0.0,0.0,9.02750706673
0.0,0.0,0.0,9.04377007484
0.0,0.0,0.0,9.06033086777
0.0,0.0,0.0,9.07702589035
0.0,0.0,0.0,9.09412002563
0.0,0.0,0.0,9.11064600945
0.0,0.0,0.0,9.1292181015
0.0,0.0,0.0,9.14373993874
0.0,0.0,0.0,9.16035699844
0.0,0.0,0.0,9.17720890045
0.0,0.0,0.0,9.19350910187
0.0,0.0,0.0,9.21032595634
0.0,0.0,0.0,9.22739100456
0.0,0.0,0.0,9.24375391006
0.0,0.0,0.0,9.26038694382
0.0,0.0,0.0,9.2770819664
0.0,0.0,0.0,9.29394006729
0.0,0.0,0.0,9.31055188179
0.0,0.0,0.0,9.32729792595
0.0,0.0,0.0,9.34383702278
0.0,0.0,0.0,9.36047387123
0.0,0.0,0.0,9.37709307671
0.0,0.0,0.0,9.39373207092
0.0,0.0,0.0,9.41024899483
0.0,0.0,0.0,9.42744398117
0.0,0.0,0.0,9.44377398491
0.0,0.0,0.0,9.46076607704
0.0,0.0,0.0,9.47704386711
0.0,0.0,0.0,9.49382090569
0.0,0.0,0.0,9.5110309124
0.0,0.0,0.0,9.5270280838
0.0,0.0,0.0,9.54373407364
0.0,0.0,0.0,9.56040596962
0.0,0.0,0.0,9.57707309723
0.0,0.0,0.0,9.59389400482
0.0,0.0,0.0,9.61046600342
0.0,0.0,0.0,9.62849998474
0.0,0.0,0.0,9.64366602898
0.0,0.0,0.0,9.66032505035
0.0,0.0,0.0,9.67701387405
0.0,0.0,0.0,9.6968319416
0.0,0.0,0.0,9.71024703979
0.0,0.0,0.0,9.72710394859
0.0,0.0,0.0,9.74369192123
0.0,0.0,0.0,9.76075601578
0.0,0.0,0.0,9.77725696564
0.0,0.0,0.0,9.79698204994
0.0,0.0,0.0,9.81236195564
0.0,0.0,0.0,9.82970905304
0.0,0.0,0.0,9.84472608566
0.0,0.0,0.0,9.86166906357
0.0,0.0,0.0,9.8779630661
0.0,0.0,0.0,9.89507508278
0.0,0.0,0.0,9.91041994095
0.0,0.0,0.0,9.92702198029
0.0,0.0,0.0,9.94362092018
0.0,0.0,0.0,9.96029210091
0.0,0.0,0.0,9.97779107094
0.0,0.0,0.0,9.99390602112
0.0,0.0,0.0,10.0105369091
0.0,0.0,0.0,10.0269930363
0.0,0.0,0.0,10.0436708927
0.0,0.0,0.0,10.0603308678
0.0,0.0,0.0,10.0773720741
0.0,0.0,0.0,10.094192028
0.0,0.0,0.0,10.1104080677
0.0,0.0,0.0,10.1272900105
0.0,0.0,0.0,10.1441679001
0.0,0.0,0.0,10.1606009007
0.0,0.0,0.0,10.1799070835
0.0,0.0,0.0,10.1935870647
0.0,0.0,0.0,10.2102179527
0.0,0.0,0.0,10.2269630432
0.0,0.0,0.0,10.2437579632
0.0,0.0,0.0,10.2602849007
0.0,0.0,0.0,10.2769460678
0.0,0.0,0.0,10.2936890125
0.0,0.0,0.0,10.310352087
0.0,0.0,0.0,10.3270878792
0.0,0.0,0.0,10.343611002
0.0,0.0,0.0,10.3606119156
0.0,0.0,0.0,10.3771650791
0.0,0.0,0.0,10.3951370716
0.0,0.0,0.0,10.4104990959
0.0,0.0,0.0,10.4270920753
0.0,0.0,0.0,10.443572998
0.0,0.0,0.0,10.4600889683
0.0,0.0,0.0,10.476913929
0.0,0.0,0.0,10.4939250946
0.0,0.0,0.0,10.51029706
0.0,0.0,0.0,10.526900053
0.0,0.0,0.0,10.5436480045
0.0,0.0,0.0,10.5602378845
0.0,0.0,0.0,10.5769660473
0.0,0.0,0.0,10.5937919617
0.0,0.0,0.0,10.6102879047
0.0,0.0,0.0,10.6268920898
0.0,0.0,0.0,10.6443710327
0.0,0.0,0.0,10.6603009701
0.0,0.0,0.0,10.6796679497
0.0,0.0,0.0,10.6956429482
0.0,0.0,0.0,10.7104558945
0.0,0.0,0.0,10.7270820141
0.0,0.0,0.0,10.7452468872
0.0,0.0,0.0,10.760422945
0.0,0.0,0.0,10.7769150734
0.0,0.0,0.0,10.7958190441
0.0,0.0,0.0,10.810199976
0.0,0.0,0.0,10.8301799297
0.0,0.0,0.0,10.8437149525
0.0,0.0,0.0,10.8602678776
0.0,0.0,0.0,10.8768200874
0.0,0.0,0.0,10.8934819698
0.0,0.0,0.0,10.9102549553
0.0,0.0,0.0,10.9268600941
0.0,0.0,0.0,10.9435698986
0.0,0.0,0.0,10.9601888657
0.0,0.0,0.0,10.9769029617
0.0,0.0,0.0,10.9936048985
0.0,0.0,0.0,11.0101590157
0.0,0.0,0.0,11.026845932
0.0,0.0,0.0,11.0435609818
0.0,0.0,0.0,11.0603358746
0.0,0.0,0.0,11.0768930912
0.0,0.0,0.0,11.0937149525
0.0,0.0,0.0,11.1106059551
0.0,0.0,0.0,11.1269900799
0.0,0.0,0.0,11.1437630653
0.0,0.0,0.0,11.1603319645
0.0,0.0,0.0,11.1778330803
0.0,0.0,0.0,11.1938800812
0.0,0.0,0.0,11.2102560997
0.0,0.0,0.0,11.2276449203
0.0,0.0,0.0,11.2438290119
0.0,0.0,0.0,11.2610139847
0.0,0.0,0.0,11.2771539688
0.0,0.0,0.0,11.2939040661
0.0,0.0,0.0,11.310354948
0.0,0.0,0.0,11.3269319534
0.0,0.0,0.0,11.3439340591
0.0,0.0,0.0,11.3605048656
0.0,0.0,0.0,11.3770089149
0.0,0.0,0.0,11.3938760757
0.0,0.0,0.0,11.4110729694
0.0,0.0,0.0,11.4272170067
0.0,0.0,0.0,11.4445118904
0.0,0.0,0.0,11.4602530003
0.0,0.0,0.0,11.4777579308
0.0,0.0,0.0,11.4938089848
0.0,0.0,0.0,11.5104019642
0.0,0.0,0.0,11.5270428658
0.0,0.0,0.0,11.543694973
0.0,0.0,0.0,11.5602269173
0.0,0.0,0.0,11.5770010948
0.0,0.0,0.0,11.5937259197
0.0,0.0,0.0,11.6103200912
0.0,0.0,0.0,11.6270968914
0.0,0.0,0.0,11.6436998844
0.0,0.0,0.0,11.6603848934
0.0,0.0,0.0,11.6770238876
0.0,0.0,0.0,11.6936430931
0.0,0.0,0.0,11.7103638649
0.0,0.0,0.0,11.7269809246
0.0,0.0,0.0,11.7436819077
0.0,0.0,0.0,11.7603318691
0.0,0.0,0.0,11.7772328854
0.0,0.0,0.0,11.7937250137
0.0,0.0,0.0,11.8103439808
0.0,0.0,0.0,11.8270769119
0.0,0.0,0.0,11.843832016
0.0,0.0,0.0,11.8604440689
0.0,0.0,0.0,11.8769309521
0.0,0.0,0.0,11.8935339451
0.0,0.0,0.0,11.9102180004
0.0,0.0,0.0,11.9273519516
0.0,0.0,0.0,11.9435288906
0.0,0.0,0.0,11.9603509903
0.0,0.0,0.0,11.9773221016
0.0,0.0,0.0,11.9936800003
0.0,0.0,0.0,12.0105009079
0.0,0.0,0.0,12.0269999504
0.0,0.0,0.0,12.0437479019
0.0,0.0,0.0,12.0602519512
0.0,0.0,0.0,12.0769879818
0.0,0.0,0.0,12.0934438705
0.0,0.0,0.0,12.110159874
0.0,0.0,0.0,12.1268310547
0.0,0.0,0.0,12.1434860229
0.0,0.0,0.0,12.1601059437
0.0,0.0,0.0,12.1769199371
0.0,0.0,0.0,12.1936190128
0.0,0.0,0.0,12.2102160454
0.0,0.0,0.0,12.2268800735
0.0,0.0,0.0,12.2436358929
0.0,0.0,0.0,12.2601869106
0.0,0.0,0.0,12.2768809795
0.0,0.0,0.0,12.2935130596
0.0,0.0,0.0,12.3101940155
0.0,0.0,0.0,12.3268740177
0.0,0.0,0.0,12.3435969353
0.0,0.0,0.0,12.3601720333
0.0,0.0,0.0,12.3769090176
0.0,0.0,0.0,12.3935608864
0.0,0.0,0.0,12.4101779461
0.0,0.0,0.0,12.426995039
0.0,0.0,0.0,12.4436399937
0.0,0.0,0.0,12.460146904
0.0,0.0,0.0,12.476913929
0.0,0.0,0.0,12.4934959412
0.0,0.0,0.0,12.5101978779
0.0,0.0,0.0,12.526941061
0.0,0.0,0.0,12.5436608791
0.0,0.0,0.0,12.5602228642
0.0,0.0,0.0,12.5769479275
0.0,0.0,0.0,12.5935089588
0.0,0.0,0.0,12.610188961
0.0,0.0,0.0,12.6268520355
0.0,0.0,0.0,12.6435709
0.0,0.0,0.0,12.6601588726
0.0,0.0,0.0,12.676874876
0.0,0.0,0.0,12.693518877
0.0,0.0,0.0,12.7102220058
0.0,0.0,0.0,12.7269248962
0.0,0.0,0.0,12.7436020374
0.0,0.0,0.0,12.760999918
0.0,0.0,0.0,12.7780139446
0.0,0.0,0.0,12.7950909138
0.0,0.0,0.0,12.811316967
0.0,0.0,0.0,12.8278958797
0.0,0.0,0.0,12.8436019421
0.0,0.0,0.0,12.8606328964
0.0,0.0,0.0,12.8769040108
0.0,0.0,0.0,12.8935499191
0.0,0.0,0.0,12.9103329182
0.0,0.0,0.0,12.92689991
0.0,0.0,0.0,12.943584919
0.0,0.0,0.0,12.9601840973
0.0,0.0,0.0,12.976872921
0.0,0.0,0.0,12.9935178757
0.0,0.0,0.0,13.0103418827
0.0,0.0,0.0,13.0272190571
0.0,0.0,0.0,13.0436170101
0.0,0.0,0.0,13.0601558685
0.0,0.0,0.0,13.0768949986
0.0,0.0,0.0,13.0935869217
0.0,0.0,0.0,13.1104710102
0.0,0.0,0.0,13.1268708706
0.0,0.0,0.0,13.1436059475
0.0,0.0,0.0,13.1601819992
0.0,0.0,0.0,13.1769480705
0.0,0.0,0.0,13.1936080456
0.0,0.0,0.0,13.2102608681
0.0,0.0,0.0,13.2268168926
0.0,0.0,0.0,13.2436048985
0.0,0.0,0.0,13.2602009773
0.0,0.0,0.0,13.2768449783
0.0,0.0,0.0,13.293555975
0.0,0.0,0.0,13.3101699352
0.0,0.0,0.0,13.3268649578
0.0,0.0,0.0,13.3436019421
0.0,0.0,0.0,13.3601510525
0.0,0.0,0.0,13.3768720627
0.0,0.0,0.0,13.3943560123
0.0,0.0,0.0,13.4102120399
0.0,0.0,0.0,13.4269449711
0.0,0.0,0.0,13.4436490536
0.0,0.0,0.0,13.4613389969
0.0,0.0,0.0,13.4768719673
0.0,0.0,0.0,13.4935650826
0.0,0.0,0.0,13.5102450848
0.0,0.0,0.0,13.5269210339
0.0,0.0,0.0,13.5436649323
0.0,0.0,0.0,13.560199976
0.0,0.0,0.0,13.576914072
0.0,0.0,0.0,13.5935239792
0.0,0.0,0.0,13.6102089882
0.0,0.0,0.0,13.626844883
0.0,0.0,0.0,13.6435439587
0.0,0.0,0.0,13.6602060795
0.0,0.0,0.0,13.677134037
0.0,0.0,0.0,13.6935338974
0.0,0.0,0.0,13.7102239132
0.0,0.0,0.0,13.7269160748
0.0,0.0,0.0,13.7435829639
0.0,0.0,0.0,13.7605969906
0.0,0.0,0.0,13.777025938
0.0,0.0,0.0,13.7935540676
0.0,0.0,0.0,13.8102109432
0.0,0.0,0.0,13.8268499374
0.0,0.0,0.0,13.8435878754
0.0,0.0,0.0,13.8602499962
0.0,0.0,0.0,13.8769030571
0.0,0.0,0.0,13.893725872
0.0,0.0,0.0,13.9102799892
0.0,0.0,0.0,13.9269020557
0.0,0.0,0.0,13.9435639381
0.0,0.0,0.0,13.9601750374
0.0,0.0,0.0,13.9771158695
0.0,0.0,0.0,13.9935569763
0.0,0.0,0.0,14.0102059841
0.0,0.0,0.0,14.0268318653
0.0,0.0,0.0,14.0436370373
0.0,0.0,0.0,14.0608980656
0.0,0.0,0.0,14.0771729946
0.0,0.0,0.0,14.093517065
0.0,0.0,0.0,14.1101939678
0.0,0.0,0.0,14.1268708706
0.0,0.0,0.0,14.1436729431
0.0,0.0,0.0,14.160161972
0.0,0.0,0.0,14.1769380569
0.0,0.0,0.0,14.1935698986
0.0,0.0,0.0,14.2102460861
0.0,0.0,0.0,14.2267580032
0.0,0.0,0.0,14.2435798645
0.0,0.0,0.0,14.260240078
0.0,0.0,0.0,14.2773098946
0.0,0.0,0.0,14.2962598801
0.0,0.0,0.0,14.3101820946
0.0,0.0,0.0,14.3270740509
0.0,0.0,0.0,14.343556881
0.0,0.0,0.0,14.3602640629
0.0,0.0,0.0,14.3773519993
0.0,0.0,0.0,14.3937380314
0.0,0.0,0.0,14.410269022
0.0,0.0,0.0,14.4268410206
0.0,0.0,0.0,14.4434809685
0.0,0.0,0.0,14.4600989819
0.0,0.0,0.0,14.4776079655
0.0,0.0,0.0,14.4935090542
0.0,0.0,0.0,14.5101909637
0.0,0.0,0.0,14.5270779133
0.0,0.0,0.0,14.5436460972
0.0,0.0,0.0,14.5602030754
0.0,0.0,0.0,14.5768809319
0.0,0.0,0.0,14.5935249329
0.0,0.0,0.0,14.6102030277
0.0,0.0,0.0,14.626899004
0.0,0.0,0.0,14.6435980797
0.0,0.0,0.0,14.6601519585
0.0,0.0,0.0,14.6769480705
0.0,0.0,0.0,14.6941170692
0.0,0.0,0.0,14.7102248669
0.0,0.0,0.0,14.7268540859
0.0,0.0,0.0,14.7435779572
0.0,0.0,0.0,14.7601480484
0.0,0.0,0.0,14.7768750191
0.0,0.0,0.0,14.793514967
0.0,0.0,0.0,14.8102018833
0.0,0.0,0.0,14.8268499374
0.0,0.0,0.0,14.8436260223
0.0,0.0,0.0,14.8602380753
0.0,0.0,0.0,14.8769040108
0.0,0.0,0.0,14.8935949802
0.0,0.0,0.0,14.9102349281
0.0,0.0,0.0,14.9269030094
0.0,0.0,0.0,14.9436030388
0.0,0.0,0.0,14.9601480961
0.0,0.0,0.0,14.9768519402
0.0,0.0,0.0,14.9935240746
0.0,0.0,0.0,15.0102090836
0.0,0.0,0.0,15.0268540382
0.0,0.0,0.0,15.0435750484
0.0,0.0,0.0,15.060174942
0.0,0.0,0.0,15.0768809319
0.0,0.0,0.0,15.0935668945
0.0,0.0,0.0,15.1102309227
0.0,0.0,0.0,15.1268689632
0.0,0.0,0.0,15.1438190937
0.0,0.0,0.0,15.1601910591
0.0,0.0,0.0,15.1768860817
0.0,0.0,0.0,15.1935870647
0.0,0.0,0.0,15.2102310658
0.0,0.0,0.0,15.2268769741
0.0,0.0,0.0,15.2436010838
0.0,0.0,0.0,15.2601940632
0.0,0.0,0.0,15.2768750191
0.0,0.0,0.0,15.2935199738
0.0,0.0,0.0,15.3102149963
0.0,0.0,0.0,15.3268139362
0.0,0.0,0.0,15.3435740471
0.0,0.0,0.0,15.3601760864
0.0,0.0,0.0,15.3768498898
0.0,0.0,0.0,15.393517971
0.0,0.0,0.0,15.4102389812
0.0,0.0,0.0,15.4268429279
0.0,0.0,0.0,15.4436049461
0.0,0.0,0.0,15.4603140354
0.0,0.0,0.0,15.4768950939
0.0,0.0,0.0,15.4945180416
0.0,0.0,0.0,15.5102229118
0.0,0.0,0.0,15.5269060135
0.0,0.0,0.0,15.5436198711
0.0,0.0,0.0,15.5602149963
0.0,0.0,0.0,15.576898098
0.0,0.0,0.0,15.5935430527
0.0,0.0,0.0,15.61024189
0.0,0.0,0.0,15.6269099712
0.0,0.0,0.0,15.6436049938
0.0,0.0,0.0,15.6601939201
0.0,0.0,0.0,15.6768410206
0.0,0.0,0.0,15.6934909821
0.0,0.0,0.0,15.710201025
0.0,0.0,0.0,15.7268168926
0.0,0.0,0.0,15.743598938
0.0,0.0,0.0,15.7601568699
0.0,0.0,0.0,15.7768330574
0.0,0.0,0.0,15.7939610481
0.0,0.0,0.0,15.8107030392
0.0,0.0,0.0,15.8268859386
0.0,0.0,0.0,15.8435809612
0.0,0.0,0.0,15.8602230549
0.0,0.0,0.0,15.8768970966
0.0,0.0,0.0,15.8934910297
0.0,0.0,0.0,15.9101839066
0.0,0.0,0.0,15.9268290997
0.0,0.0,0.0,15.9435400963
0.0,0.0,0.0,15.9602680206
0.0,0.0,0.0,15.9768428802
0.0,0.0,0.0,15.9934689999
0.0,0.0,0.0,16.0101819038
0.0,0.0,0.0,16.0268309116
0.0,0.0,0.0,16.0435159206
0.0,0.0,0.0,16.0601670742
0.0,0.0,0.0,16.0768630505
0.0,0.0,0.0,16.0935139656
0.0,0.0,0.0,16.1101839542
0.0,0.0,0.0,16.1268799305
0.0,0.0,0.0,16.1435449123
0.0,0.0,0.0,16.1602060795
0.0,0.0,0.0,16.1770179272
0.0,0.0,0.0,16.1935470104
0.0,0.0,0.0,16.210201025
0.0,0.0,0.0,16.2268688679
0.0,0.0,0.0,16.2435870171
0.0,0.0,0.0,16.2601640224
0.0,0.0,0.0,16.2768509388
0.0,0.0,0.0,16.2935039997
0.0,0.0,0.0,16.3101840019
0.0,0.0,0.0,16.3268659115
0.0,0.0,0.0,16.343556881
0.0,0.0,0.0,16.3601639271
0.0,0.0,0.0,16.3768599033
0.0,0.0,0.0,16.3934988976
0.0,0.0,0.0,16.4101860523
0.0,0.0,0.0,16.4268939495
0.0,0.0,0.0,16.4435739517
0.0,0.0,0.0,16.460162878
0.0,0.0,0.0,16.4768850803
0.0,0.0,0.0,16.4935278893
0.0,0.0,0.0,16.5102939606
0.0,0.0,0.0,16.5268909931
0.0,0.0,0.0,16.5435779095
0.0,0.0,0.0,16.5602049828
0.0,0.0,0.0,16.5768449306
0.0,0.0,0.0,16.5934798717
0.0,0.0,0.0,16.6101689339
0.0,0.0,0.0,16.626832962
0.0,0.0,0.0,16.6435348988
0.0,0.0,0.0,16.6601660252
0.0,0.0,0.0,16.6768488884
0.0,0.0,0.0,16.6934731007
0.0,0.0,0.0,16.7101809978
0.0,0.0,0.0,16.7268269062
0.0,0.0,0.0,16.7435429096
0.0,0.0,0.0,16.7601540089
0.0,0.0,0.0,16.7768599987
0.0,0.0,0.0,16.7935650349
0.0,0.0,0.0,16.8103070259
0.0,0.0,0.0,16.8268489838
0.0,0.0,0.0,16.8435878754
0.0,0.0,0.0,16.8602221012
0.0,0.0,0.0,16.8768830299
0.0,0.0,0.0,16.8935148716
0.0,0.0,0.0,16.9102618694
0.0,0.0,0.0,16.9268689156
0.0,0.0,0.0,16.9435460567
0.0,0.0,0.0,16.9601728916
0.0,0.0,0.0,16.9769530296
0.0,0.0,0.0,16.9934899807
0.0,0.0,0.0,17.0102119446
0.0,0.0,0.0,17.0268778801
0.0,0.0,0.0,17.0435540676
0.0,0.0,0.0,17.0601599216
0.0,0.0,0.0,17.0768818855
0.0,0.0,0.0,17.0934920311
0.0,0.0,0.0,17.1101930141
0.0,0.0,0.0,17.126901865
0.0,0.0,0.0,17.1436200142
0.0,0.0,0.0,17.1601579189
0.0,0.0,0.0,17.1769180298
0.0,0.0,0.0,17.1935529709
0.0,0.0,0.0,17.2102050781
0.0,0.0,0.0,17.2268669605
0.0,0.0,0.0,17.2435719967
0.0,0.0,0.0,17.2601709366
0.0,0.0,0.0,17.2768449783
0.0,0.0,0.0,17.2935268879
0.0,0.0,0.0,17.3101348877
0.0,0.0,0.0,17.3268270493
0.0,0.0,0.0,17.3435618877
0.0,0.0,0.0,17.3601579666
0.0,0.0,0.0,17.3768389225
0.0,0.0,0.0,17.3935289383
0.0,0.0,0.0,17.4101889133
0.0,0.0,0.0,17.4268980026
0.0,0.0,0.0,17.4435529709
0.0,0.0,0.0,17.4601759911
0.0,0.0,0.0,17.4768800735
0.0,0.0,0.0,17.4935200214
0.0,0.0,0.0,17.5102190971
0.0,0.0,0.0,17.5268809795
0.0,0.0,0.0,17.5435740948
0.0,0.0,0.0,17.5601859093
0.0,0.0,0.0,17.5768420696
0.0,0.0,0.0,17.5935869217
0.0,0.0,0.0,17.6101830006
0.0,0.0,0.0,17.6268560886
0.0,0.0,0.0,17.6435580254
0.0,0.0,0.0,17.6601688862
0.0,0.0,0.0,17.6768479347
0.0,0.0,0.0,17.6941099167
0.0,0.0,0.0,17.7101938725
0.0,0.0,0.0,17.7268469334
0.0,0.0,0.0,17.7435390949
0.0,0.0,0.0,17.7606060505
0.0,0.0,0.0,17.7768740654
0.0,0.0,0.0,17.7935619354
0.0,0.0,0.0,17.8102350235
0.0,0.0,0.0,17.8268530369
0.0,0.0,0.0,17.8436019421
0.0,0.0,0.0,17.8602039814
0.0,0.0,0.0,17.8768959045
0.0,0.0,0.0,17.8935370445
0.0,0.0,0.0,17.9102339745
0.0,0.0,0.0,17.9268140793
0.0,0.0,0.0,17.9435539246
0.0,0.0,0.0,17.9601728916
0.0,0.0,0.0,17.9768750668
0.0,0.0,0.0,17.9935109615
0.0,0.0,0.0,18.0101730824
0.0,0.0,0.0,18.026829958
0.0,0.0,0.0,18.0435431004
0.0,0.0,0.0,18.0601429939
0.0,0.0,0.0,18.076898098
0.0,0.0,0.0,18.0935020447
0.0,0.0,0.0,18.1101970673
0.0,0.0,0.0,18.1268520355
0.0,0.0,0.0,18.1446518898
0.0,0.0,0.0,18.1601910591
0.0,0.0,0.0,18.17689991
0.0,0.0,0.0,18.1935610771
0.0,0.0,0.0,18.2102110386
0.0,0.0,0.0,18.2268359661
0.0,0.0,0.0,18.2435798645
0.0,0.0,0.0,18.260242939
0.0,0.0,0.0,18.276859045
0.0,0.0,0.0,18.2935249805
0.0,0.0,0.0,18.3102009296
0.0,0.0,0.0,18.3272960186
0.0,0.0,0.0,18.3435609341
0.0,0.0,0.0,18.3601739407
0.0,0.0,0.0,18.3769390583
0.0,0.0,0.0,18.3935439587
0.0,0.0,0.0,18.410228014
0.0,0.0,0.0,18.4268269539
0.0,0.0,0.0,18.4435629845
0.0,0.0,0.0,18.4602189064
0.0,0.0,0.0,18.4770169258
0.0,0.0,0.0,18.4935588837
0.0,0.0,0.0,18.5102519989
0.0,0.0,0.0,18.5268959999
0.0,0.0,0.0,18.5435678959
0.0,0.0,0.0,18.5601899624
0.0,0.0,0.0,18.5768759251
0.0,0.0,0.0,18.5936188698
0.0,0.0,0.0,18.6102209091
0.0,0.0,0.0,18.6268339157
0.0,0.0,0.0,18.6435389519
0.0,0.0,0.0,18.6601860523
0.0,0.0,0.0,18.6768629551
0.0,0.0,0.0,18.6935129166
0.0,0.0,0.0,18.7101840973
0.0,0.0,0.0,18.7268240452
0.0,0.0,0.0,18.7438709736
0.0,0.0,0.0,18.7601759434
0.0,0.0,0.0,18.7782940865
0.0,0.0,0.0,18.7937619686
0.0,0.0,0.0,18.8108870983
0.0,0.0,0.0,18.8268759251
0.0,0.0,0.0,18.8435509205
0.0,0.0,0.0,18.8602049351
0.0,0.0,0.0,18.8769209385
0.0,0.0,0.0,18.8935399055
0.0,0.0,0.0,18.9101910591
0.0,0.0,0.0,18.9268839359
0.0,0.0,0.0,18.9435219765
0.0,0.0,0.0,18.9601740837
0.0,0.0,0.0,18.9770009518
0.0,0.0,0.0,18.9935150146
0.0,0.0,0.0,19.0101809502
0.0,0.0,0.0,19.0268259048
0.0,0.0,0.0,19.0435569286
0.0,0.0,0.0,19.0601520538
0.0,0.0,0.0,19.0768299103
0.0,0.0,0.0,19.0935249329
0.0,0.0,0.0,19.1101720333
0.0,0.0,0.0,19.1269118786
0.0,0.0,0.0,19.1435420513
0.0,0.0,0.0,19.1601920128
0.0,0.0,0.0,19.1769180298
0.0,0.0,0.0,19.1935389042
0.0,0.0,0.0,19.2101919651
0.0,0.0,0.0,19.2268850803
0.0,0.0,0.0,19.2435529232
0.0,0.0,0.0,19.2601978779
0.0,0.0,0.0,19.2768740654
0.0,0.0,0.0,19.2935380936
0.0,0.0,0.0,19.3101658821
0.0,0.0,0.0,19.3268120289
0.0,0.0,0.0,19.3435499668
0.0,0.0,0.0,19.3601539135
0.0,0.0,0.0,19.3768460751
0.0,0.0,0.0,19.3935580254
0.0,0.0,0.0,19.4101850986
0.0,0.0,0.0,19.4268898964
0.0,0.0,0.0,19.443543911
0.0,0.0,0.0,19.4601490498
0.0,0.0,0.0,19.476845026
0.0,0.0,0.0,19.4936490059
0.0,0.0,0.0,19.5102910995
0.0,0.0,0.0,19.5268499851
0.0,0.0,0.0,19.5435779095
0.0,0.0,0.0,19.5601520538
0.0,0.0,0.0,19.5768649578
0.0,0.0,0.0,19.5935230255
0.0,0.0,0.0,19.6101710796
0.0,0.0,0.0,19.6268589497
0.0,0.0,0.0,19.6438150406
0.0,0.0,0.0,19.6601500511
0.0,0.0,0.0,19.6768960953
0.0,0.0,0.0,19.6934878826
0.0,0.0,0.0,19.7101728916
0.0,0.0,0.0,19.7269098759
0.0,0.0,0.0,19.7435350418
0.0,0.0,0.0,19.760158062
0.0,0.0,0.0,19.7768790722
0.0,0.0,0.0,19.7935290337
0.0,0.0,0.0,19.8109869957
0.0,0.0,0.0,19.8277339935
0.0,0.0,0.0,19.8435618877
0.0,0.0,0.0,19.8602058887
0.0,0.0,0.0,19.8768630028
0.0,0.0,0.0,19.8935530186
0.0,0.0,0.0,19.9101989269
0.0,0.0,0.0,19.9268379211
0.0,0.0,0.0,19.9435770512
0.0,0.0,0.0,19.9601740837
0.0,0.0,0.0,19.9768490791
0.0,0.0,0.0,19.993532896
0.0,0.0,0.0,20.010174036
0.0,0.0,0.0,20.0268719196
0.0,0.0,0.0,20.0435199738
0.0,0.0,0.0,20.0601449013
0.0,0.0,0.0,20.0772628784
0.0,0.0,0.0,20.0935530663
0.0,0.0,0.0,20.1106278896
0.0,0.0,0.0,20.126914978
0.0,0.0,0.0,20.1435239315
0.0,0.0,0.0,20.160629034
0.0,0.0,0.0,20.1769120693
0.0,0.0,0.0,20.1935660839
0.0,0.0,0.0,20.2101988792
0.0,0.0,0.0,20.226872921
0.0,0.0,0.0,20.2435419559
0.0,0.0,0.0,20.2602329254
0.0,0.0,0.0,20.2772119045
0.0,0.0,0.0,20.2935400009
0.0,0.0,0.0,20.3101699352
0.0,0.0,0.0,20.3268260956
0.0,0.0,0.0,20.3435409069
0.0,0.0,0.0,20.3601548672
0.0,0.0,0.0,20.3768339157
0.0,0.0,0.0,20.3935530186
0.0,0.0,0.0,20.4101309776
0.0,0.0,0.0,20.4268229008
0.0,0.0,0.0,20.444480896
0.0,0.0,0.0,20.4601528645
0.0,0.0,0.0,20.4768459797
0.0,0.0,0.0,20.4935679436
0.0,0.0,0.0,20.5102419853
0.0,0.0,0.0,20.5268509388
0.0,0.0,0.0,20.5435628891
0.0,0.0,0.0,20.5601539612
0.0,0.0,0.0,20.5768530369
0.0,0.0,0.0,20.5935649872
0.0,0.0,0.0,20.6101920605
0.0,0.0,0.0,20.6268320084
0.0,0.0,0.0,20.6435480118
0.0,0.0,0.0,20.6601769924
0.0,0.0,0.0,20.6768190861
0.0,0.0,0.0,20.6935539246
0.0,0.0,0.0,20.7101709843
0.0,0.0,0.0,20.7268490791
0.0,0.0,0.0,20.7435240746
0.0,0.0,0.0,20.760174036
0.0,0.0,0.0,20.7769079208
0.0,0.0,0.0,20.7935190201
0.0,0.0,0.0,20.8101608753
0.0,0.0,0.0,20.8268940449
0.0,0.0,0.0,20.8435280323
0.0,0.0,0.0,20.8602049351
0.0,0.0,0.0,20.8768870831
0.0,0.0,0.0,20.8935370445
0.0,0.0,0.0,20.9102640152
0.0,0.0,0.0,20.9269030094
0.0,0.0,0.0,20.9435629845
0.0,0.0,0.0,20.9601120949
0.0,0.0,0.0,20.976845026
0.0,0.0,0.0,20.9935178757
0.0,0.0,0.0,21.0101730824
0.0,0.0,0.0,21.0268230438
0.0,0.0,0.0,21.0435469151
0.0,0.0,0.0,21.0601511002
0.0,0.0,0.0,21.076925993
0.0,0.0,0.0,21.0934989452
0.0,0.0,0.0,21.110172987
0.0,0.0,0.0,21.1268699169
0.0,0.0,0.0,21.1435499191
0.0,0.0,0.0,21.1601150036
0.0,0.0,0.0,21.1768610477
0.0,0.0,0.0,21.1935300827
0.0,0.0,0.0,21.2101800442
0.0,0.0,0.0,21.2268788815
0.0,0.0,0.0,21.2435719967
0.0,0.0,0.0,21.2601969242
0.0,0.0,0.0,21.2768650055
0.0,0.0,0.0,21.2934939861
0.0,0.0,0.0,21.3101770878
0.0,0.0,0.0,21.3268520832
0.0,0.0,0.0,21.3435409069
0.0,0.0,0.0,21.3601410389
0.0,0.0,0.0,21.3770170212
0.0,0.0,0.0,21.3935890198
0.0,0.0,0.0,21.4101800919
0.0,0.0,0.0,21.4268269539
0.0,0.0,0.0,21.4435369968
0.0,0.0,0.0,21.460144043
0.0,0.0,0.0,21.4768440723
0.0,0.0,0.0,21.4935128689
0.0,0.0,0.0,21.5101900101
0.0,0.0,0.0,21.5268878937
0.0,0.0,0.0,21.5435540676
0.0,0.0,0.0,21.5601849556
0.0,0.0,0.0,21.5770709515
0.0,0.0,0.0,21.5935320854
0.0,0.0,0.0,21.6101689339
0.0,0.0,0.0,21.626942873
0.0,0.0,0.0,21.6435739994
0.0,0.0,0.0,21.6601269245
0.0,0.0,0.0,21.6770460606
0.0,0.0,0.0,21.6934969425
0.0,0.0,0.0,21.7102570534
0.0,0.0,0.0,21.7268829346
0.0,0.0,0.0,21.7435619831
0.0,0.0,0.0,21.7601420879
0.0,0.0,0.0,21.7770440578
0.0,0.0,0.0,21.7935020924
0.0,0.0,0.0,21.8106229305
0.0,0.0,0.0,21.8268249035
0.0,0.0,0.0,21.8435559273
0.0,0.0,0.0,21.8601760864
0.0,0.0,0.0,21.8770239353
0.0,0.0,0.0,21.8935379982
0.0,0.0,0.0,21.9102470875
0.0,0.0,0.0,21.9268779755
0.0,0.0,0.0,21.9435539246
0.0,0.0,0.0,21.9601559639
0.0,0.0,0.0,21.9769980907
0.0,0.0,0.0,21.9943869114
0.0,0.0,0.0,22.0102279186
0.0,0.0,0.0,22.0268540382
0.0,0.0,0.0,22.0435838699
0.0,0.0,0.0,22.0601248741
0.0,0.0,0.0,22.0770409107
0.0,0.0,0.0,22.0935189724
0.0,0.0,0.0,22.1101748943
0.0,0.0,0.0,22.1268320084
0.0,0.0,0.0,22.1435480118
0.0,0.0,0.0,22.1601510048
0.0,0.0,0.0,22.1768488884
0.0,0.0,0.0,22.1935448647
0.0,0.0,0.0,22.2102310658
0.0,0.0,0.0,22.2268679142
0.0,0.0,0.0,22.2437260151
0.0,0.0,0.0,22.2602210045
0.0,0.0,0.0,22.2769870758
0.0,0.0,0.0,22.2935199738
0.0,0.0,0.0,22.3103048801
0.0,0.0,0.0,22.3268129826
0.0,0.0,0.0,22.3436169624
0.0,0.0,0.0,22.3601548672
0.0,0.0,0.0,22.376983881
0.0,0.0,0.0,22.3935079575
0.0,0.0,0.0,22.4109680653
0.0,0.0,0.0,22.4268400669
0.0,0.0,0.0,22.4435539246
0.0,0.0,0.0,22.4602339268
0.0,0.0,0.0,22.4769499302
0.0,0.0,0.0,22.4935059547
0.0,0.0,0.0,22.5102529526
0.0,0.0,0.0,22.5268740654
0.0,0.0,0.0,22.5435760021
0.0,0.0,0.0,22.5601949692
0.0,0.0,0.0,22.5769619942
0.0,0.0,0.0,22.593888998
0.0,0.0,0.0,22.6104578972
0.0,0.0,0.0,22.6268279552
0.0,0.0,0.0,22.643558979
0.0,0.0,0.0,22.6601109505
0.0,0.0,0.0,22.6769499779
0.0,0.0,0.0,22.6934900284
0.0,0.0,0.0,22.7102880478
0.0,0.0,0.0,22.7268650532
0.0,0.0,0.0,22.7437560558
0.0,0.0,0.0,22.7603139877
0.0,0.0,0.0,22.77698493
0.0,0.0,0.0,22.7935550213
0.0,0.0,0.0,22.8113529682
0.0,0.0,0.0,22.826843977
0.0,0.0,0.0,22.8436789513
0.0,0.0,0.0,22.8602590561
0.0,0.0,0.0,22.8769738674
0.0,0.0,0.0,22.8935410976
0.0,0.0,0.0,22.910394907
0.0,0.0,0.0,22.9268538952
0.0,0.0,0.0,22.9435510635
0.0,0.0,0.0,22.9601700306
0.0,0.0,0.0,22.9769530296
0.0,0.0,0.0,22.9935019016
0.0,0.0,0.0,23.0102710724
0.0,0.0,0.0,23.027602911
0.0,0.0,0.0,23.0435578823
0.0,0.0,0.0,23.0602228642
0.0,0.0,0.0,23.0769219398
0.0,0.0,0.0,23.0935370922
0.0,0.0,0.0,23.1104459763
0.0,0.0,0.0,23.1268260479
0.0,0.0,0.0,23.1440320015
0.0,0.0,0.0,23.1602830887
0.0,0.0,0.0,23.1769249439
0.0,0.0,0.0,23.1935350895
0.0,0.0,0.0,23.2103700638
0.0,0.0,0.0,23.2274150848
0.0,0.0,0.0,23.2435910702
0.0,0.0,0.0,23.2602069378
0.0,0.0,0.0,23.2769088745
0.0,0.0,0.0,23.2934839725
0.0,0.0,0.0,23.3116550446
0.0,0.0,0.0,23.3268380165
0.0,0.0,0.0,23.3435540199
0.0,0.0,0.0,23.360172987
0.0,0.0,0.0,23.3768889904
0.0,0.0,0.0,23.3935470581
0.0,0.0,0.0,23.4112260342
0.0,0.0,0.0,23.427644968
0.0,0.0,0.0,23.4435448647
0.0,0.0,0.0,23.4601569176
0.0,0.0,0.0,23.4769690037
0.0,0.0,0.0,23.4935500622
0.0,0.0,0.0,23.5108790398
0.0,0.0,0.0,23.5268769264
0.0,0.0,0.0,23.5435769558
0.0,0.0,0.0,23.5601968765
0.0,0.0,0.0,23.5769920349
0.0,0.0,0.0,23.59354496
0.0,0.0,0.0,23.6102249622
0.0,0.0,0.0,23.6268410683
0.0,0.0,0.0,23.6435508728
0.0,0.0,0.0,23.6601569653
0.0,0.0,0.0,23.6770138741
0.0,0.0,0.0,23.6935129166
0.0,0.0,0.0,23.7107720375
0.0,0.0,0.0,23.7268059254
0.0,0.0,0.0,23.7435560226
0.0,0.0,0.0,23.7601630688
0.0,0.0,0.0,23.7771189213
0.0,0.0,0.0,23.7935080528
0.0,0.0,0.0,23.8102450371
0.0,0.0,0.0,23.8268508911
0.0,0.0,0.0,23.8435769081
0.0,0.0,0.0,23.860200882
0.0,0.0,0.0,23.8769609928
0.0,0.0,0.0,23.8935170174
0.0,0.0,0.0,23.9103338718
0.0,0.0,0.0,23.9268689156
0.0,0.0,0.0,23.9435780048
0.0,0.0,0.0,23.9601709843
0.0,0.0,0.0,23.9770019054
0.0,0.0,0.0,23.9934740067
0.0,0.0,0.0,24.0101809502
0.0,0.0,0.0,24.0268769264
0.0,0.0,0.0,24.0435540676
0.0,0.0,0.0,24.060158968
0.0,0.0,0.0,24.0770061016
0.0,0.0,0.0,24.0935308933
0.0,0.0,0.0,24.1104979515
0.0,0.0,0.0,24.1268410683
0.0,0.0,0.0,24.143707037
0.0,0.0,0.0,24.1601970196
0.0,0.0,0.0,24.1769349575
0.0,0.0,0.0,24.193600893
0.0,0.0,0.0,24.2101900578
0.0,0.0,0.0,24.2270510197
0.0,0.0,0.0,24.2435379028
0.0,0.0,0.0,24.2601780891
0.0,0.0,0.0,24.2770500183
0.0,0.0,0.0,24.2934908867
0.0,0.0,0.0,24.3102068901
0.0,0.0,0.0,24.3268129826
0.0,0.0,0.0,24.3435540199
0.0,0.0,0.0,24.3601830006
0.0,0.0,0.0,24.3770699501
0.0,0.0,0.0,24.3934869766
0.0,0.0,0.0,24.410284996
0.0,0.0,0.0,24.4268438816
0.0,0.0,0.0,24.443723917
0.0,0.0,0.0,24.4601669312
0.0,0.0,0.0,24.4769001007
0.0,0.0,0.0,24.4935519695
0.0,0.0,0.0,24.5102438927
0.0,0.0,0.0,24.5268719196
0.0,0.0,0.0,24.5435459614
0.0,0.0,0.0,24.5602140427
0.0,0.0,0.0,24.5769760609
0.0,0.0,0.0,24.5935499668
0.0,0.0,0.0,24.6102039814
0.0,0.0,0.0,24.626844883
0.0,0.0,0.0,24.6435558796
0.0,0.0,0.0,24.6601490974
0.0,0.0,0.0,24.6769368649
0.0,0.0,0.0,24.6934900284
0.0,0.0,0.0,24.710185051
0.0,0.0,0.0,24.7268409729
0.0,0.0,0.0,24.7435369492
0.0,0.0,0.0,24.761826992
0.0,0.0,0.0,24.7769339085
0.0,0.0,0.0,24.7935070992
0.0,0.0,0.0,24.8101909161
0.0,0.0,0.0,24.826818943
0.0,0.0,0.0,24.8439478874
0.0,0.0,0.0,24.860213995
0.0,0.0,0.0,24.8770170212
0.0,0.0,0.0,24.8935098648
0.0,0.0,0.0,24.9101989269
0.0,0.0,0.0,24.926833868
0.0,0.0,0.0,24.9435958862
0.0,0.0,0.0,24.9601750374
0.0,0.0,0.0,24.9769170284
0.0,0.0,0.0,24.9937579632
0.0,0.0,0.0,25.0101850033
0.0,0.0,0.0,25.0268270969
0.0,0.0,0.0,25.0435369015
0.0,0.0,0.0,25.0601658821
0.0,0.0,0.0,25.0769588947
0.0,0.0,0.0,25.0939099789
0.0,0.0,0.0,25.1102468967
0.0,0.0,0.0,25.1268908978
0.0,0.0,0.0,25.1436049938
0.0,0.0,0.0,25.1602129936
0.0,0.0,0.0,25.1768679619
0.0,0.0,0.0,25.19354105
0.0,0.0,0.0,25.2102110386
0.0,0.0,0.0,25.2269420624
0.0,0.0,0.0,25.243776083
0.0,0.0,0.0,25.2602250576
0.0,0.0,0.0,25.2769310474
0.0,0.0,0.0,25.2934930325
0.0,0.0,0.0,25.3101871014
0.0,0.0,0.0,25.3268220425
0.0,0.0,0.0,25.3435440063
0.0,0.0,0.0,25.3601799011
0.0,0.0,0.0,25.3769080639
0.0,0.0,0.0,25.3935229778
0.0,0.0,0.0,25.4102420807
0.0,0.0,0.0,25.4269340038
0.0,0.0,0.0,25.4437339306
0.0,0.0,0.0,25.4601840973
0.0,0.0,0.0,25.4768910408
0.0,0.0,0.0,25.4935040474
0.0,0.0,0.0,25.5101959705
0.0,0.0,0.0,25.5272350311
0.0,0.0,0.0,25.5435369015
0.0,0.0,0.0,25.560174942
0.0,0.0,0.0,25.5769450665
0.0,0.0,0.0,25.5935599804
0.0,0.0,0.0,25.6101999283
0.0,0.0,0.0,25.627603054
0.0,0.0,0.0,25.6437790394
0.0,0.0,0.0,25.6601889133
0.0,0.0,0.0,25.6768980026
0.0,0.0,0.0,25.6934659481
0.0,0.0,0.0,25.7101750374
0.0,0.0,0.0,25.7268600464
0.0,0.0,0.0,25.7435390949
0.0,0.0,0.0,25.760160923
0.0,0.0,0.0,25.7769529819
0.0,0.0,0.0,25.7935090065
0.0,0.0,0.0,25.8102500439
0.0,0.0,0.0,25.8268890381
0.0,0.0,0.0,25.8435769081
0.0,0.0,0.0,25.8603990078
0.0,0.0,0.0,25.8770110607
0.0,0.0,0.0,25.8935339451
0.0,0.0,0.0,25.9101920128
0.0,0.0,0.0,25.926897049
0.0,0.0,0.0,25.9435460567
0.0,0.0,0.0,25.9601829052
0.0,0.0,0.0,25.9768829346
0.0,0.0,0.0,25.9935219288
0.0,0.0,0.0,26.0101690292
0.0,0.0,0.0,26.0268239975
0.0,0.0,0.0,26.0435009003
0.0,0.0,0.0,26.0601730347
0.0,0.0,0.0,26.0768990517
0.0,0.0,0.0,26.0935220718
0.0,0.0,0.0,26.1101548672
0.0,0.0,0.0,26.1268589497
0.0,0.0,0.0,26.1435790062
0.0,0.0,0.0,26.161151886
0.0,0.0,0.0,26.1768670082
0.0,0.0,0.0,26.19354105
0.0,0.0,0.0,26.2102088928
0.0,0.0,0.0,26.2268929482
0.0,0.0,0.0,26.2435860634
0.0,0.0,0.0,26.2602109909
0.0,0.0,0.0,26.2769060135
0.0,0.0,0.0,26.2934889793
0.0,0.0,0.0,26.3101968765
0.0,0.0,0.0,26.3268260956
0.0,0.0,0.0,26.3435029984
0.0,0.0,0.0,26.360172987
0.0,0.0,0.0,26.3774530888
0.0,0.0,0.0,26.3935160637
0.0,0.0,0.0,26.4101660252
0.0,0.0,0.0,26.4268460274
0.0,0.0,0.0,26.4435338974
0.0,0.0,0.0,26.4601759911
0.0,0.0,0.0,26.4768688679
0.0,0.0,0.0,26.4935369492
0.0,0.0,0.0,26.5102379322
0.0,0.0,0.0,26.5268979073
0.0,0.0,0.0,26.5435509682
0.0,0.0,0.0,26.5603120327
0.0,0.0,0.0,26.5769290924
0.0,0.0,0.0,26.5935609341
0.0,0.0,0.0,26.6102058887
0.0,0.0,0.0,26.6268460751
0.0,0.0,0.0,26.6435060501
0.0,0.0,0.0,26.6601750851
0.0,0.0,0.0,26.6768960953
0.0,0.0,0.0,26.693518877
0.0,0.0,0.0,26.7101540565
0.0,0.0,0.0,26.7268590927
0.0,0.0,0.0,26.7435410023
0.0,0.0,0.0,26.7601258755
0.0,0.0,0.0,26.7768959999
0.0,0.0,0.0,26.7935159206
0.0,0.0,0.0,26.8102080822
0.0,0.0,0.0,26.8268558979
0.0,0.0,0.0,26.8435959816
0.0,0.0,0.0,26.8601579666
0.0,0.0,0.0,26.8769750595
0.0,0.0,0.0,26.893517971
0.0,0.0,0.0,26.9101800919
0.0,0.0,0.0,26.9268820286
0.0,0.0,0.0,26.9435310364
0.0,0.0,0.0,26.9601759911
0.0,0.0,0.0,26.9768619537
0.0,0.0,0.0,26.9934709072
0.0,0.0,0.0,27.0101759434
0.0,0.0,0.0,27.0268599987
0.0,0.0,0.0,27.0435318947
0.0,0.0,0.0,27.0619359016
0.0,0.0,0.0,27.0769150257
0.0,0.0,0.0,27.0935668945
0.0,0.0,0.0,27.1102049351
0.0,0.0,0.0,27.1268870831
0.0,0.0,0.0,27.1435539722
0.0,0.0,0.0,27.1601788998
0.0,0.0,0.0,27.1768350601
0.0,0.0,0.0,27.193582058
0.0,0.0,0.0,27.2102060318
0.0,0.0,0.0,27.2268750668
0.0,0.0,0.0,27.2435500622
0.0,0.0,0.0,27.2602479458
0.0,0.0,0.0,27.2768390179
0.0,0.0,0.0,27.2935791016
0.0,0.0,0.0,27.3101649284
0.0,0.0,0.0,27.3268430233
0.0,0.0,0.0,27.343599081
0.0,0.0,0.0,27.3601400852
0.0,0.0,0.0,27.3768620491
0.0,0.0,0.0,27.3938720226
0.0,0.0,0.0,27.4101519585
0.0,0.0,0.0,27.4268400669
0.0,0.0,0.0,27.4435799122
0.0,0.0,0.0,27.4601910114
0.0,0.0,0.0,27.4773330688
0.0,0.0,0.0,27.4935460091
0.0,0.0,0.0,27.5101668835
0.0,0.0,0.0,27.5268969536
0.0,0.0,0.0,27.5435640812
0.0,0.0,0.0,27.5602638721
0.0,0.0,0.0,27.576898098
0.0,0.0,0.0,27.5935659409
0.0,0.0,0.0,27.6101760864
0.0,0.0,0.0,27.626940012
0.0,0.0,0.0,27.6435620785
0.0,0.0,0.0,27.6601250172
0.0,0.0,0.0,27.6768360138
0.0,0.0,0.0,27.6935100555
0.0,0.0,0.0,27.7101569176
0.0,0.0,0.0,27.7268459797
0.0,0.0,0.0,27.743532896
0.0,0.0,0.0,27.7601959705
0.0,0.0,0.0,27.776802063
0.0,0.0,0.0,27.7935290337
0.0,0.0,0.0,27.8101789951
0.0,0.0,0.0,27.8268699646
0.0,0.0,0.0,27.8435659409
0.0,0.0,0.0,27.8602919579
0.0,0.0,0.0,27.8768789768
0.0,0.0,0.0,27.8935649395
0.0,0.0,0.0,27.9102458954
0.0,0.0,0.0,27.9269189835
0.0,0.0,0.0,27.9435739517
0.0,0.0,0.0,27.9601430893
0.0,0.0,0.0,27.976829052
0.0,0.0,0.0,27.9935259819
0.0,0.0,0.0,28.0101909637
0.0,0.0,0.0,28.0268609524
0.0,0.0,0.0,28.043489933
0.0,0.0,0.0,28.0601708889
0.0,0.0,0.0,28.0768408775
0.0,0.0,0.0,28.093515873
0.0,0.0,0.0,28.1102130413
0.0,0.0,0.0,28.1268870831
0.0,0.0,0.0,28.1435649395
0.0,0.0,0.0,28.1601929665
0.0,0.0,0.0,28.1768360138
0.0,0.0,0.0,28.1935520172
0.0,0.0,0.0,28.2102200985
0.0,0.0,0.0,28.2268788815
0.0,0.0,0.0,28.2435529232
0.0,0.0,0.0,28.2602500916
0.0,0.0,0.0,28.2768309116
0.0,0.0,0.0,28.2944099903
0.0,0.0,0.0,28.3101890087
0.0,0.0,0.0,28.326832056
0.0,0.0,0.0,28.3435230255
0.0,0.0,0.0,28.3601589203
0.0,0.0,0.0,28.3768079281
0.0,0.0,0.0,28.3934960365
0.0,0.0,0.0,28.4101679325
0.0,0.0,0.0,28.4268620014
0.0,0.0,0.0,28.443518877
0.0,0.0,0.0,28.4601759911
0.0,0.0,0.0,28.4768249989
0.0,0.0,0.0,28.4935970306
0.0,0.0,0.0,28.5104539394
0.0,0.0,0.0,28.5271420479
0.0,0.0,0.0,28.5435380936
0.0,0.0,0.0,28.5602149963
0.0,0.0,0.0,28.576818943
0.0,0.0,0.0,28.593791008
0.0,0.0,0.0,28.6101880074
0.0,0.0,0.0,28.6268379688
0.0,0.0,0.0,28.6435289383
0.0,0.0,0.0,28.660187006
0.0,0.0,0.0,28.6768128872
0.0,0.0,0.0,28.6934568882
0.0,0.0,0.0,28.7101569176
0.0,0.0,0.0,28.7268328667
0.0,0.0,0.0,28.743530035
0.0,0.0,0.0,28.7602028847
0.0,0.0,0.0,28.7768008709
0.0,0.0,0.0,28.793487072
0.0,0.0,0.0,28.8101599216
0.0,0.0,0.0,28.826859951
0.0,0.0,0.0,28.8435609341
0.0,0.0,0.0,28.8602089882
0.0,0.0,0.0,28.8768610954
0.0,0.0,0.0,28.8935370445
0.0,0.0,0.0,28.9102420807
0.0,0.0,0.0,28.9268610477
0.0,0.0,0.0,28.9435710907
0.0,0.0,0.0,28.9601988792
0.0,0.0,0.0,28.9768018723
0.0,0.0,0.0,28.9935178757
0.0,0.0,0.0,29.0101759434
0.0,0.0,0.0,29.0268390179
0.0,0.0,0.0,29.043530941
0.0,0.0,0.0,29.0601730347
0.0,0.0,0.0,29.0768048763
0.0,0.0,0.0,29.0935890675
0.0,0.0,0.0,29.1111340523
0.0,0.0,0.0,29.1268758774
0.0,0.0,0.0,29.1435620785
0.0,0.0,0.0,29.1601819992
0.0,0.0,0.0,29.1768100262
0.0,0.0,0.0,29.1935479641
0.0,0.0,0.0,29.2102179527
0.0,0.0,0.0,29.2268750668
0.0,0.0,0.0,29.2435519695
0.0,0.0,0.0,29.2602360249
0.0,0.0,0.0,29.2768280506
0.0,0.0,0.0,29.2934699059
0.0,0.0,0.0,29.3101699352
0.0,0.0,0.0,29.3268530369
0.0,0.0,0.0,29.3436889648
0.0,0.0,0.0,29.3601698875
0.0,0.0,0.0,29.3767879009
0.0,0.0,0.0,29.3934950829
0.0,0.0,0.0,29.4112010002
0.0,0.0,0.0,29.4268550873
0.0,0.0,0.0,29.4441099167
0.0,0.0,0.0,29.4601869583
0.0,0.0,0.0,29.4768149853
0.0,0.0,0.0,29.4935290813
0.0,0.0,0.0,29.5101709366
0.0,0.0,0.0,29.5268728733
0.0,0.0,0.0,29.5435900688
0.0,0.0,0.0,29.5602059364
0.0,0.0,0.0,29.5768640041
0.0,0.0,0.0,29.5935518742
0.0,0.0,0.0,29.6101980209
0.0,0.0,0.0,29.6268589497
0.0,0.0,0.0,29.6435670853
0.0,0.0,0.0,29.660187006
0.0,0.0,0.0,29.6768569946
0.0,0.0,0.0,29.693502903
0.0,0.0,0.0,29.7101829052
0.0,0.0,0.0,29.7270128727
0.0,0.0,0.0,29.7435278893
0.0,0.0,0.0,29.7601869106
0.0,0.0,0.0,29.7768549919
0.0,0.0,0.0,29.7935578823
0.0,0.0,0.0,29.8102340698
0.0,0.0,0.0,29.8268470764
0.0,0.0,0.0,29.8435668945
0.0,0.0,0.0,29.8603310585
0.0,0.0,0.0,29.8768808842
0.0,0.0,0.0,29.8935420513
0.0,0.0,0.0,29.9101529121
0.0,0.0,0.0,29.9268929958
0.0,0.0,0.0,29.9435958862
0.0,0.0,0.0,29.9602110386
0.0,0.0,0.0,29.9768130779
0.0,0.0,0.0,29.9934930801
0.0,0.0,0.0,30.0101680756
0.0,0.0,0.0,30.0268480778
0.0,0.0,0.0,30.0435359478
0.0,0.0,0.0,30.0601370335
0.0,0.0,0.0,30.0768358707
0.0,0.0,0.0,30.0935459137
0.0,0.0,0.0,30.110159874
0.0,0.0,0.0,30.1268510818
0.0,0.0,0.0,30.1440069675
0.0,0.0,0.0,30.1601860523
0.0,0.0,0.0,30.1768798828
0.0,0.0,0.0,30.1935091019
0.0,0.0,0.0,30.2101900578
0.0,0.0,0.0,30.2268669605
0.0,0.0,0.0,30.2435538769
0.0,0.0,0.0,30.2602388859
0.0,0.0,0.0,30.2768290043
0.0,0.0,0.0,30.2935390472
0.0,0.0,0.0,30.3102400303
0.0,0.0,0.0,30.3273448944
0.0,0.0,0.0,30.3435189724
0.0,0.0,0.0,30.3601770401
0.0,0.0,0.0,30.3768279552
0.0,0.0,0.0,30.3935198784
0.0,0.0,0.0,30.4104468822
0.0,0.0,0.0,30.4281818867
0.0,0.0,0.0,30.4442028999
0.0,0.0,0.0,30.460187912
0.0,0.0,0.0,30.4768378735
0.0,0.0,0.0,30.4935159683
0.0,0.0,0.0,30.5106918812
0.0,0.0,0.0,30.5268568993
0.0,0.0,0.0,30.5435400009
0.0,0.0,0.0,30.560229063
0.0,0.0,0.0,30.576843977
0.0,0.0,0.0,30.5935840607
0.0,0.0,0.0,30.6101679802
0.0,0.0,0.0,30.6268360615
0.0,0.0,0.0,30.6439790726
0.0,0.0,0.0,30.6601660252
0.0,0.0,0.0,30.6768269539
0.0,0.0,0.0,30.6935079098
0.0,0.0,0.0,30.7101678848
0.0,0.0,0.0,30.7268378735
0.0,0.0,0.0,30.7435128689
0.0,0.0,0.0,30.7601799965
0.0,0.0,0.0,30.7768540382
0.0,0.0,0.0,30.7935268879
0.0,0.0,0.0,30.8102149963
0.0,0.0,0.0,30.8268389702
0.0,0.0,0.0,30.8435809612
0.0,0.0,0.0,30.8601939678
0.0,0.0,0.0,30.8768730164
0.0,0.0,0.0,30.8935260773
0.0,0.0,0.0,30.91020298
0.0,0.0,0.0,30.9268119335
0.0,0.0,0.0,30.9435720444
0.0,0.0,0.0,30.9601728916
0.0,0.0,0.0,30.9768400192
0.0,0.0,0.0,30.993516922
0.0,0.0,0.0,31.0101599693
0.0,0.0,0.0,31.0268559456
0.0,0.0,0.0,31.0435240269
0.0,0.0,0.0,31.0601930618
0.0,0.0,0.0,31.0768620968
0.0,0.0,0.0,31.0935029984
0.0,0.0,0.0,31.1101939678
0.0,0.0,0.0,31.1269009113
0.0,0.0,0.0,31.1437780857
0.0,0.0,0.0,31.1601800919
0.0,0.0,0.0,31.176833868
0.0,0.0,0.0,31.1935510635
0.0,0.0,0.0,31.2102079391
0.0,0.0,0.0,31.2268738747
0.0,0.0,0.0,31.2435569763
0.0,0.0,0.0,31.2602288723
0.0,0.0,0.0,31.2768719196
0.0,0.0,0.0,31.2935080528
0.0,0.0,0.0,31.3101670742
0.0,0.0,0.0,31.326843977
0.0,0.0,0.0,31.3435370922
0.0,0.0,0.0,31.3601560593
0.0,0.0,0.0,31.376901865
0.0,0.0,0.0,31.3935098648
0.0,0.0,0.0,31.4101800919
0.0,0.0,0.0,31.4268019199
0.0,0.0,0.0,31.4439640045
0.0,0.0,0.0,31.4607570171
0.0,0.0,0.0,31.4772520065
0.0,0.0,0.0,31.4936978817
0.0,0.0,0.0,31.510240078
0.0,0.0,0.0,31.5268919468
0.0,0.0,0.0,31.5439789295
0.0,0.0,0.0,31.5602450371
0.0,0.0,0.0,31.5768690109
0.0,0.0,0.0,31.5935590267
0.0,0.0,0.0,31.6101579666
0.0,0.0,0.0,31.6268279552
0.0,0.0,0.0,31.643805027
0.0,0.0,0.0,31.6604700089
0.0,0.0,0.0,31.6768290997
0.0,0.0,0.0,31.6934890747
0.0,0.0,0.0,31.7101988792
0.0,0.0,0.0,31.7268300056
0.0,0.0,0.0,31.7434990406
0.0,0.0,0.0,31.7601759434
0.0,0.0,0.0,31.7769038677
0.0,0.0,0.0,31.7935099602
0.0,0.0,0.0,31.8101689816
0.0,0.0,0.0,31.826818943
0.0,0.0,0.0,31.844078064
0.0,0.0,0.0,31.8603239059
0.0,0.0,0.0,31.8768670559
0.0,0.0,0.0,31.893543005
0.0,0.0,0.0,31.9101960659
0.0,0.0,0.0,31.9268989563
0.0,0.0,0.0,31.9435150623
0.0,0.0,0.0,31.9601750374
0.0,0.0,0.0,31.9767899513
0.0,0.0,0.0,31.993500948
0.0,0.0,0.0,32.0101530552
0.0,0.0,0.0,32.0268409252
0.0,0.0,0.0,32.0435779095
0.0,0.0,0.0,32.0601799488
0.0,0.0,0.0,32.0768229961
0.0,0.0,0.0,32.093503952
0.0,0.0,0.0,32.1101379395
0.0,0.0,0.0,32.1268410683
0.0,0.0,0.0,32.1435739994
0.0,0.0,0.0,32.1602220535
0.0,0.0,0.0,32.1768670082
0.0,0.0,0.0,32.1935639381
0.0,0.0,0.0,32.2102110386
0.0,0.0,0.0,32.2268719673
0.0,0.0,0.0,32.2441868782
0.0,0.0,0.0,32.2602379322
0.0,0.0,0.0,32.2769320011
0.0,0.0,0.0,32.2935268879
0.0,0.0,0.0,32.3101520538
0.0,0.0,0.0,32.3267989159
0.0,0.0,0.0,32.3435380459
0.0,0.0,0.0,32.3601861
0.0,0.0,0.0,32.376789093
0.0,0.0,0.0,32.3953919411
0.0,0.0,0.0,32.4101479053
0.0,0.0,0.0,32.4268550873
0.0,0.0,0.0,32.4435448647
0.0,0.0,0.0,32.4601700306
0.0,0.0,0.0,32.4768140316
0.0,0.0,0.0,32.4935100079
0.0,0.0,0.0,32.5105900764
0.0,0.0,0.0,32.5268909931
0.0,0.0,0.0,32.5437989235
0.0,0.0,0.0,32.5602660179
0.0,0.0,0.0,32.5768449306
0.0,0.0,0.0,32.5935549736
0.0,0.0,0.0,32.610159874
0.0,0.0,0.0,32.6268229485
0.0,0.0,0.0,32.6435098648
0.0,0.0,0.0,32.6601850986
0.0,0.0,0.0,32.6768279076
0.0,0.0,0.0,32.6935091019
0.0,0.0,0.0,32.7101519108
0.0,0.0,0.0,32.7268440723
0.0,0.0,0.0,32.7435100079
0.0,0.0,0.0,32.7605829239
0.0,0.0,0.0,32.7768239975
0.0,0.0,0.0,32.7935080528
0.0,0.0,0.0,32.8101489544
0.0,0.0,0.0,32.8268239498
0.0,0.0,0.0,32.843558073
0.0,0.0,0.0,32.8602669239
0.0,0.0,0.0,32.8769099712
0.0,0.0,0.0,32.8935370445
0.0,0.0,0.0,32.9101979733
0.0,0.0,0.0,32.9268388748
0.0,0.0,0.0,32.9435319901
0.0,0.0,0.0,32.9606730938
0.0,0.0,0.0,32.9768109322
0.0,0.0,0.0,32.9935109615
0.0,0.0,0.0,33.0101749897
0.0,0.0,0.0,33.0268309116
0.0,0.0,0.0,33.0435330868
0.0,0.0,0.0,33.0601580143
0.0,0.0,0.0,33.0768370628
0.0,0.0,0.0,33.0935080051
0.0,0.0,0.0,33.1105880737
0.0,0.0,0.0,33.1268780231
0.0,0.0,0.0,33.1437709332
0.0,0.0,0.0,33.1601629257
0.0,0.0,0.0,33.1769180298
0.0,0.0,0.0,33.1935470104
0.0,0.0,0.0,33.2102060318
0.0,0.0,0.0,33.2268710136
0.0,0.0,0.0,33.2443859577
0.0,0.0,0.0,33.2602539062
0.0,0.0,0.0,33.2768309116
0.0,0.0,0.0,33.2935020924
0.0,0.0,0.0,33.3101558685
0.0,0.0,0.0,33.3268580437
0.0,0.0,0.0,33.3435099125
0.0,0.0,0.0,33.3601830006
0.0,0.0,0.0,33.3768379688
0.0,0.0,0.0,33.3934938908
0.0,0.0,0.0,33.4101910591
0.0,0.0,0.0,33.426872015
0.0,0.0,0.0,33.4435200691
0.0,0.0,0.0,33.4601659775
0.0,0.0,0.0,33.4775869846
0.0,0.0,0.0,33.4935619831
0.0,0.0,0.0,33.5101599693
0.0,0.0,0.0,33.5271060467
0.0,0.0,0.0,33.5435318947
0.0,0.0,0.0,33.5602140427
0.0,0.0,0.0,33.5768589973
0.0,0.0,0.0,33.5935618877
0.0,0.0,0.0,33.610200882
0.0,0.0,0.0,33.6273019314
0.0,0.0,0.0,33.6435220242
0.0,0.0,0.0,33.6601769924
0.0,0.0,0.0,33.6777229309
0.0,0.0,0.0,33.6935060024
0.0,0.0,0.0,33.7101669312
0.0,0.0,0.0,33.7268950939
0.0,0.0,0.0,33.7435319424
0.0,0.0,0.0,33.7601869106
0.0,0.0,0.0,33.7768108845
0.0,0.0,0.0,33.7941510677
0.0,0.0,0.0,33.8101599216
0.0,0.0,0.0,33.8268790245
0.0,0.0,0.0,33.8435359001
0.0,0.0,0.0,33.8602330685
0.0,0.0,0.0,33.8768649101
0.0,0.0,0.0,33.8935379982
0.0,0.0,0.0,33.9106349945
0.0,0.0,0.0,33.9268529415
0.0,0.0,0.0,33.9435229301
0.0,0.0,0.0,33.9601159096
0.0,0.0,0.0,33.976806879
0.0,0.0,0.0,33.9934999943
0.0,0.0,0.0,34.0101380348
0.0,0.0,0.0,34.0268540382
0.0,0.0,0.0,34.0435249805
0.0,0.0,0.0,34.060213089
0.0,0.0,0.0,34.0768358707
0.0,0.0,0.0,34.0935020447
0.0,0.0,0.0,34.1102199554
0.0,0.0,0.0,34.126844883
0.0,0.0,0.0,34.1435360909
0.0,0.0,0.0,34.1601839066
0.0,0.0,0.0,34.1772539616
0.0,0.0,0.0,34.1935470104
0.0,0.0,0.0,34.2102029324
0.0,0.0,0.0,34.2268629074
0.0,0.0,0.0,34.2441210747
0.0,0.0,0.0,34.2602388859
0.0,0.0,0.0,34.2768740654
0.0,0.0,0.0,34.2935080528
0.0,0.0,0.0,34.3101658821
0.0,0.0,0.0,34.3268549442
0.0,0.0,0.0,34.3435490131
0.0,0.0,0.0,34.3601930141
0.0,0.0,0.0,34.3768930435
0.0,0.0,0.0,34.3935098648
0.0,0.0,0.0,34.4101729393
0.0,0.0,0.0,34.4268519878
0.0,0.0,0.0,34.4435169697
0.0,0.0,0.0,34.4601690769
0.0,0.0,0.0,34.4767820835
0.0,0.0,0.0,34.4935178757
0.0,0.0,0.0,34.5101480484
0.0,0.0,0.0,34.5268819332
0.0,0.0,0.0,34.5435380936
0.0,0.0,0.0,34.5602068901
0.0,0.0,0.0,34.5768580437
0.0,0.0,0.0,34.5934760571
0.0,0.0,0.0,34.6102058887
0.0,0.0,0.0,34.6268539429
0.0,0.0,0.0,34.6435248852
0.0,0.0,0.0,34.6601800919
0.0,0.0,0.0,34.6768069267
0.0,0.0,0.0,34.693780899
0.0,0.0,0.0,34.710146904
0.0,0.0,0.0,34.7268469334
0.0,0.0,0.0,34.7435510159
0.0,0.0,0.0,34.7603359222
0.0,0.0,0.0,34.7768440247
0.0,0.0,0.0,34.7935109138
0.0,0.0,0.0,34.8101480007
0.0,0.0,0.0,34.8268389702
0.0,0.0,0.0,34.8435559273
0.0,0.0,0.0,34.8604049683
0.0,0.0,0.0,34.8768570423
0.0,0.0,0.0,34.893584013
0.0,0.0,0.0,34.9104759693
0.0,0.0,0.0,34.9268369675
0.0,0.0,0.0,34.943584919
0.0,0.0,0.0,34.960365057
0.0,0.0,0.0,34.9768280983
0.0,0.0,0.0,34.9935059547
0.0,0.0,0.0,35.0101530552
0.0,0.0,0.0,35.0268518925
0.0,0.0,0.0,35.0435168743
0.0,0.0,0.0,35.0603320599
0.0,0.0,0.0,35.0768039227
0.0,0.0,0.0,35.093517065
0.0,0.0,0.0,35.110585928
0.0,0.0,0.0,35.1270549297
0.0,0.0,0.0,35.1435370445
0.0,0.0,0.0,35.1603159904
0.0,0.0,0.0,35.1768388748
0.0,0.0,0.0,35.1934900284
0.0,0.0,0.0,35.2102100849
0.0,0.0,0.0,35.2268540859
0.0,0.0,0.0,35.2435488701
0.0,0.0,0.0,35.2603769302
0.0,0.0,0.0,35.2768900394
0.0,0.0,0.0,35.2934989929
0.0,0.0,0.0,35.3101480007
0.0,0.0,0.0,35.3268470764
0.0,0.0,0.0,35.3435308933
0.0,0.0,0.0,35.3603029251
0.0,0.0,0.0,35.3768339157
0.0,0.0,0.0,35.3935120106
0.0,0.0,0.0,35.4101860523
0.0,0.0,0.0,35.4268538952
0.0,0.0,0.0,35.4435288906
0.0,0.0,0.0,35.4603049755
0.0,0.0,0.0,35.476804018
0.0,0.0,0.0,35.4935479164
0.0,0.0,0.0,35.5105979443
0.0,0.0,0.0,35.5269010067
0.0,0.0,0.0,35.5435459614
0.0,0.0,0.0,35.5603380203
0.0,0.0,0.0,35.5768549442
0.0,0.0,0.0,35.5935640335
0.0,0.0,0.0,35.6101670265
0.0,0.0,0.0,35.6271090508
0.0,0.0,0.0,35.6435189247
0.0,0.0,0.0,35.6603069305
0.0,0.0,0.0,35.6768269539
0.0,0.0,0.0,35.693477869
0.0,0.0,0.0,35.710162878
0.0,0.0,0.0,35.7274000645
0.0,0.0,0.0,35.7435128689
0.0,0.0,0.0,35.7603120804
0.0,0.0,0.0,35.7768399715
0.0,0.0,0.0,35.7950530052
0.0,0.0,0.0,35.8105289936
0.0,0.0,0.0,35.8274068832
0.0,0.0,0.0,35.8435399532
0.0,0.0,0.0,35.8603188992
0.0,0.0,0.0,35.8768758774
0.0,0.0,0.0,35.893529892
0.0,0.0,0.0,35.9101760387
0.0,0.0,0.0,35.9268639088
0.0,0.0,0.0,35.9435360432
0.0,0.0,0.0,35.9603180885
0.0,0.0,0.0,35.9768469334
0.0,0.0,0.0,35.9935081005
0.0,0.0,0.0,36.010185957
0.0,0.0,0.0,36.0268189907
0.0,0.0,0.0,36.0435130596
0.0,0.0,0.0,36.0603120327
0.0,0.0,0.0,36.0768260956
0.0,0.0,0.0,36.0936510563
0.0,0.0,0.0,36.1105000973
0.0,0.0,0.0,36.1268639565
0.0,0.0,0.0,36.1435170174
0.0,0.0,0.0,36.160284996
0.0,0.0,0.0,36.1768300533
0.0,0.0,0.0,36.1935350895
0.0,0.0,0.0,36.2101609707
0.0,0.0,0.0,36.22687006
0.0,0.0,0.0,36.2435359955
0.0,0.0,0.0,36.2603259087
0.0,0.0,0.0,36.2768859863
0.0,0.0,0.0,36.2935218811
0.0,0.0,0.0,36.310131073
0.0,0.0,0.0,36.3268389702
0.0,0.0,0.0,36.3435459137
0.0,0.0,0.0,36.3602910042
0.0,0.0,0.0,36.3768129349
0.0,0.0,0.0,36.3935508728
0.0,0.0,0.0,36.4101700783
0.0,0.0,0.0,36.4268538952
0.0,0.0,0.0,36.4435129166
0.0,0.0,0.0,36.4602758884
0.0,0.0,0.0,36.4768300056
0.0,0.0,0.0,36.4935419559
0.0,0.0,0.0,36.5101509094
0.0,0.0,0.0,36.5268878937
0.0,0.0,0.0,36.5435450077
0.0,0.0,0.0,36.560311079
0.0,0.0,0.0,36.5768539906
0.0,0.0,0.0,36.5935599804
0.0,0.0,0.0,36.6101419926
0.0,0.0,0.0,36.6268460751
0.0,0.0,0.0,36.6435289383
0.0,0.0,0.0,36.6602759361
0.0,0.0,0.0,36.6769220829
0.0,0.0,0.0,36.693500042
0.0,0.0,0.0,36.7101390362
0.0,0.0,0.0,36.7268409729
0.0,0.0,0.0,36.7436280251
0.0,0.0,0.0,36.7602720261
0.0,0.0,0.0,36.7768499851
0.0,0.0,0.0,36.7935070992
0.0,0.0,0.0,36.8101608753
0.0,0.0,0.0,36.8277449608
0.0,0.0,0.0,36.8436300755
0.0,0.0,0.0,36.8602809906
0.0,0.0,0.0,36.876857996
0.0,0.0,0.0,36.8935379982
0.0,0.0,0.0,36.9101719856
0.0,0.0,0.0,36.9268651009
0.0,0.0,0.0,36.9435429573
0.0,0.0,0.0,36.960285902
0.0,0.0,0.0,36.9768300056
0.0,0.0,0.0,36.9935100079
0.0,0.0,0.0,37.0101220608
0.0,0.0,0.0,37.0268790722
0.0,0.0,0.0,37.0435349941
0.0,0.0,0.0,37.060281992
0.0,0.0,0.0,37.0768299103
0.0,0.0,0.0,37.0935139656
0.0,0.0,0.0,37.1101579666
0.0,0.0,0.0,37.126983881
0.0,0.0,0.0,37.1435489655
0.0,0.0,0.0,37.1602580547
0.0,0.0,0.0,37.176831007
0.0,0.0,0.0,37.1935260296
0.0,0.0,0.0,37.2102129459
0.0,0.0,0.0,37.2269198895
0.0,0.0,0.0,37.2435319424
0.0,0.0,0.0,37.2602598667
0.0,0.0,0.0,37.2768909931
0.0,0.0,0.0,37.2935330868
0.0,0.0,0.0,37.3101298809
0.0,0.0,0.0,37.3268389702
0.0,0.0,0.0,37.3435308933
0.0,0.0,0.0,37.3602340221
0.0,0.0,0.0,37.3768379688
0.0,0.0,0.0,37.3935198784
0.0,0.0,0.0,37.4101240635
0.0,0.0,0.0,37.4268460274
0.0,0.0,0.0,37.4435660839
0.0,0.0,0.0,37.4602320194
0.0,0.0,0.0,37.4768569469
0.0,0.0,0.0,37.4941980839
0.0,0.0,0.0,37.5101370811
0.0,0.0,0.0,37.5272610188
0.0,0.0,0.0,37.5435540676
0.0,0.0,0.0,37.5602529049
0.0,0.0,0.0,37.5768458843
0.0,0.0,0.0,37.593503952
0.0,0.0,0.0,37.6101520061
0.0,0.0,0.0,37.6268289089
0.0,0.0,0.0,37.643501997
0.0,0.0,0.0,37.660214901
0.0,0.0,0.0,37.6768810749
0.0,0.0,0.0,37.6935091019
0.0,0.0,0.0,37.7101519108
0.0,0.0,0.0,37.7269148827
0.0,0.0,0.0,37.7435178757
0.0,0.0,0.0,37.7601969242
0.0,0.0,0.0,37.7769858837
0.0,0.0,0.0,37.7935159206
0.0,0.0,0.0,37.8102080822
0.0,0.0,0.0,37.8268990517
0.0,0.0,0.0,37.843515873
0.0,0.0,0.0,37.860213995
0.0,0.0,0.0,37.8768780231
0.0,0.0,0.0,37.893545866
0.0,0.0,0.0,37.9101910591
0.0,0.0,0.0,37.9268670082
0.0,0.0,0.0,37.9435279369
0.0,0.0,0.0,37.960201025
0.0,0.0,0.0,37.9768130779
0.0,0.0,0.0,37.9935128689
0.0,0.0,0.0,38.0102219582
0.0,0.0,0.0,38.0268349648
0.0,0.0,0.0,38.0435888767
0.0,0.0,0.0,38.0608580112
0.0,0.0,0.0,38.0768210888
0.0,0.0,0.0,38.0934989452
0.0,0.0,0.0,38.1101679802
0.0,0.0,0.0,38.1268410683
0.0,0.0,0.0,38.143682003
0.0,0.0,0.0,38.1606490612
0.0,0.0,0.0,38.1768350601
0.0,0.0,0.0,38.1935520172
0.0,0.0,0.0,38.2101988792
0.0,0.0,0.0,38.2268490791
0.0,0.0,0.0,38.2438390255
0.0,0.0,0.0,38.2601809502
0.0,0.0,0.0,38.2768518925
0.0,0.0,0.0,38.2935929298
0.0,0.0,0.0,38.310174942
0.0,0.0,0.0,38.3268630505
0.0,0.0,0.0,38.3435099125
0.0,0.0,0.0,38.3601748943
0.0,0.0,0.0,38.3768010139
0.0,0.0,0.0,38.3936109543
0.0,0.0,0.0,38.4101769924
0.0,0.0,0.0,38.4268820286
0.0,0.0,0.0,38.4435300827
0.0,0.0,0.0,38.4601929188
0.0,0.0,0.0,38.4772748947
0.0,0.0,0.0,38.4936769009
0.0,0.0,0.0,38.5101149082
0.0,0.0,0.0,38.5274949074
0.0,0.0,0.0,38.5435628891
0.0,0.0,0.0,38.5602049828
0.0,0.0,0.0,38.5768718719
0.0,0.0,0.0,38.5937628746
0.0,0.0,0.0,38.6102170944
0.0,0.0,0.0,38.6268610954
0.0,0.0,0.0,38.643543005
0.0,0.0,0.0,38.6601390839
0.0,0.0,0.0,38.6768279076
0.0,0.0,0.0,38.6935620308
0.0,0.0,0.0,38.7101540565
0.0,0.0,0.0,38.726888895
0.0,0.0,0.0,38.7436208725
0.0,0.0,0.0,38.7602009773
0.0,0.0,0.0,38.7768318653
0.0,0.0,0.0,38.793514967
0.0,0.0,0.0,38.8101949692
0.0,0.0,0.0,38.8268830776
0.0,0.0,0.0,38.8436908722
0.0,0.0,0.0,38.8602199554
0.0,0.0,0.0,38.8768870831
0.0,0.0,0.0,38.8935229778
0.0,0.0,0.0,38.9101929665
0.0,0.0,0.0,38.9268629551
0.0,0.0,0.0,38.9439079762
0.0,0.0,0.0,38.9601790905
0.0,0.0,0.0,38.9768109322
0.0,0.0,0.0,38.993516922
0.0,0.0,0.0,39.0101718903
0.0,0.0,0.0,39.0268409252
0.0,0.0,0.0,39.043530941
0.0,0.0,0.0,39.0601949692
0.0,0.0,0.0,39.076818943
0.0,0.0,0.0,39.0935108662
0.0,0.0,0.0,39.1102581024
0.0,0.0,0.0,39.1268339157
0.0,0.0,0.0,39.1440610886
0.0,0.0,0.0,39.1602299213
0.0,0.0,0.0,39.1768300533
0.0,0.0,0.0,39.1935369968
0.0,0.0,0.0,39.2102298737
0.0,0.0,0.0,39.226847887
0.0,0.0,0.0,39.243555069
0.0,0.0,0.0,39.2602190971
0.0,0.0,0.0,39.2770678997
0.0,0.0,0.0,39.2935180664
0.0,0.0,0.0,39.3101480007
0.0,0.0,0.0,39.3268220425
0.0,0.0,0.0,39.3435559273
0.0,0.0,0.0,39.3603949547
0.0,0.0,0.0,39.376830101
0.0,0.0,0.0,39.3944060802
0.0,0.0,0.0,39.4101638794
0.0,0.0,0.0,39.4268488884
0.0,0.0,0.0,39.44363904
0.0,0.0,0.0,39.4609389305
0.0,0.0,0.0,39.4772648811
0.0,0.0,0.0,39.4935090542
0.0,0.0,0.0,39.5101659298
0.0,0.0,0.0,39.5268800259
0.0,0.0,0.0,39.5435640812
0.0,0.0,0.0,39.5603020191
0.0,0.0,0.0,39.5768630505
0.0,0.0,0.0,39.5935540199
0.0,0.0,0.0,39.6101849079
0.0,0.0,0.0,39.6268770695
0.0,0.0,0.0,39.6435160637
0.0,0.0,0.0,39.6602370739
0.0,0.0,0.0,39.6768400669
0.0,0.0,0.0,39.6935091019
0.0,0.0,0.0,39.7101619244
0.0,0.0,0.0,39.7268269062
0.0,0.0,0.0,39.7434999943
0.0,0.0,0.0,39.7614719868
0.0,0.0,0.0,39.7768499851
0.0,0.0,0.0,39.7935039997
0.0,0.0,0.0,39.8101871014
0.0,0.0,0.0,39.8268458843
0.0,0.0,0.0,39.8435490131
0.0,0.0,0.0,39.8601779938
0.0,0.0,0.0,39.8768730164
0.0,0.0,0.0,39.893517971
0.0,0.0,0.0,39.9102070332
0.0,0.0,0.0,39.9268651009
0.0,0.0,0.0,39.9435760975
0.0,0.0,0.0,39.9602570534
0.0,0.0,0.0,39.9768309593
0.0,0.0,0.0,39.9935319424
0.0,0.0,0.0,40.0101640224
0.0,0.0,0.0,40.0268490314
0.0,0.0,0.0,40.0435340405
0.0,0.0,0.0,40.0602109432
0.0,0.0,0.0,40.0768630505
0.0,0.0,0.0,40.094588995
0.0,0.0,0.0,40.1101820469
0.0,0.0,0.0,40.1268529892
0.0,0.0,0.0,40.1435630322
0.0,0.0,0.0,40.1614198685
0.0,0.0,0.0,40.1779429913
0.0,0.0,0.0,40.1935110092
0.0,0.0,0.0,40.2102119923
0.0,0.0,0.0,40.2268679142
0.0,0.0,0.0,40.2435479164
0.0,0.0,0.0,40.2602069378
0.0,0.0,0.0,40.2768809795
0.0,0.0,0.0,40.2937378883
0.0,0.0,0.0,40.310158968
0.0,0.0,0.0,40.3268380165
0.0,0.0,0.0,40.3435258865
0.0,0.0,0.0,40.3602180481
0.0,0.0,0.0,40.376940012
0.0,0.0,0.0,40.3936429024
0.0,0.0,0.0,40.4101788998
0.0,0.0,0.0,40.4268488884
0.0,0.0,0.0,40.4435210228
0.0,0.0,0.0,40.4601860046
0.0,0.0,0.0,40.4771440029
0.0,0.0,0.0,40.4960849285
0.0,0.0,0.0,40.5125379562
0.0,0.0,0.0,40.5268549919
0.0,0.0,0.0,40.54352808
0.0,0.0,0.0,40.5602369308
0.0,0.0,0.0,40.5769059658
0.0,0.0,0.0,40.5935199261
0.0,0.0,0.0,40.6102149487
0.0,0.0,0.0,40.6268439293
0.0,0.0,0.0,40.643545866
0.0,0.0,0.0,40.6602070332
0.0,0.0,0.0,40.676887989
0.0,0.0,0.0,40.693516016
0.0,0.0,0.0,40.7101938725
0.0,0.0,0.0,40.7269740105
0.0,0.0,0.0,40.7435538769
0.0,0.0,0.0,40.7601780891
0.0,0.0,0.0,40.7776019573
0.0,0.0,0.0,40.7935199738
0.0,0.0,0.0,40.8115620613
0.0,0.0,0.0,40.8268420696
0.0,0.0,0.0,40.8435409069
0.0,0.0,0.0,40.8609390259
0.0,0.0,0.0,40.8779568672
0.0,0.0,0.0,40.8935608864
0.0,0.0,0.0,40.910187006
0.0,0.0,0.0,40.9268660545
0.0,0.0,0.0,40.9435300827
0.0,0.0,0.0,40.9601829052
0.0,0.0,0.0,40.9768340588
0.0,0.0,0.0,40.9935228825
0.0,0.0,0.0,41.0101790428
0.0,0.0,0.0,41.0268568993
0.0,0.0,0.0,41.0437541008
0.0,0.0,0.0,41.0601918697
0.0,0.0,0.0,41.0769069195
0.0,0.0,0.0,41.0935199261
0.0,0.0,0.0,41.1113569736
0.0,0.0,0.0,41.1276779175
0.0,0.0,0.0,41.1435449123
0.0,0.0,0.0,41.1614310741
0.0,0.0,0.0,41.1774950027
0.0,0.0,0.0,41.193557024
0.0,0.0,0.0,41.2109489441
0.0,0.0,0.0,41.2269430161
0.0,0.0,0.0,41.2439410686
0.0,0.0,0.0,41.2602200508
0.0,0.0,0.0,41.2789850235
0.0,0.0,0.0,41.2960209846
0.0,0.0,0.0,41.3101809025
0.0,0.0,0.0,41.3269529343
0.0,0.0,0.0,41.3436141014
0.0,0.0,0.0,41.3604159355
0.0,0.0,0.0,41.3771178722
0.0,0.0,0.0,41.3935508728
0.0,0.0,0.0,41.4101939201
0.0,0.0,0.0,41.4268410206
0.0,0.0,0.0,41.4435470104
0.0,0.0,0.0,41.4601929188
0.0,0.0,0.0,41.4770100117
0.0,0.0,0.0,41.4935998917
0.0,0.0,0.0,41.5116100311
0.0,0.0,0.0,41.5268609524
0.0,0.0,0.0,41.5436019897
0.0,0.0,0.0,41.5604150295
0.0,0.0,0.0,41.5769019127
0.0,0.0,0.0,41.5939280987
0.0,0.0,0.0,41.6102120876
0.0,0.0,0.0,41.6268599033
0.0,0.0,0.0,41.6435749531
0.0,0.0,0.0,41.6602370739
0.0,0.0,0.0,41.6768698692
0.0,0.0,0.0,41.693543911
0.0,0.0,0.0,41.710201025
0.0,0.0,0.0,41.726845026
0.0,0.0,0.0,41.7435460091
0.0,0.0,0.0,41.7614889145
0.0,0.0,0.0,41.776902914
0.0,0.0,0.0,41.793544054
0.0,0.0,0.0,41.8102109432
0.0,0.0,0.0,41.8268830776
0.0,0.0,0.0,41.8436079025
0.0,0.0,0.0,41.8601861
0.0,0.0,0.0,41.8768670559
0.0,0.0,0.0,41.8935329914
0.0,0.0,0.0,41.9101560116
0.0,0.0,0.0,41.9268679619
0.0,0.0,0.0,41.9435260296
0.0,0.0,0.0,41.9602200985
0.0,0.0,0.0,41.9768910408
0.0,0.0,0.0,41.993532896
0.0,0.0,0.0,42.0101900101
0.0,0.0,0.0,42.0268499851
0.0,0.0,0.0,42.0435569286
0.0,0.0,0.0,42.0601871014
0.0,0.0,0.0,42.0768549442
0.0,0.0,0.0,42.0935180187
0.0,0.0,0.0,42.1102190018
0.0,0.0,0.0,42.1268439293
0.0,0.0,0.0,42.1437978745
0.0,0.0,0.0,42.1601910591
0.0,0.0,0.0,42.1768610477
0.0,0.0,0.0,42.1935100555
0.0,0.0,0.0,42.21032691
0.0,0.0,0.0,42.2268378735
0.0,0.0,0.0,42.2435519695
0.0,0.0,0.0,42.2601959705
