0.0,0.0,0.0,0.0207319259644
0.0,0.0,0.0,0.0372729301453
0.0,0.0,0.0,0.053986787796
0.0,0.0,0.0,0.0709278583527
0.0,0.0,0.0,0.0886659622192
0.0,0.0,0.0,0.103879928589
0.0,0.0,0.0,0.120790958405
0.0,0.0,0.0,0.137506008148
0.0,0.0,0.0,0.154821872711
0.0,0.0,0.0,0.171066999435
0.0,0.0,0.0,0.187816858292
0.0,0.0,0.0,0.204463005066
0.0,0.0,0.0,0.221793889999
0.0,0.0,0.0,0.237679004669
0.0,0.0,0.0,0.25431895256
0.0,0.0,0.0,0.271145820618
0.0,0.0,0.0,0.287728786469
0.0,0.0,0.0,0.304212808609
0.0,0.0,0.0,0.321058988571
0.0,0.0,0.0,0.337653875351
0.0,0.0,0.0,0.354338884354
0.0,0.0,0.0,0.371034860611
0.0,0.0,0.0,0.387938976288
0.0,0.0,0.0,0.404522895813
0.0,0.0,0.0,0.421252965927
0.0,0.0,0.0,0.437940835953
0.0,0.0,0.0,0.454296827316
0.0,0.0,0.0,0.47128200531
0.0,0.0,0.0,0.48773598671
0.0,0.0,0.0,0.504437923431
0.0,0.0,0.0,0.521145820618
0.0,0.0,0.0,0.537720918655
0.0,0.0,0.0,0.554397821426
0.0,0.0,0.0,0.571038961411
0.0,0.0,0.0,0.587844848633
0.0,0.0,0.0,0.604054927826
0.0,0.0,0.0,0.620630979538
0.0,0.0,0.0,0.637663841248
0.0,0.0,0.0,0.654378890991
0.0,0.0,0.0,0.671194791794
0.0,0.0,0.0,0.687922954559
0.0,0.0,0.0,0.70481300354
0.0,0.0,0.0,0.721019983292
0.0,0.0,0.0,0.737805843353
0.0,0.0,0.0,0.754463911057
0.0,0.0,0.0,0.771159887314
0.0,0.0,0.0,0.787795782089
0.0,0.0,0.0,0.804710865021
0.0,0.0,0.0,0.820818901062
0.0,0.0,0.0,0.837418794632
0.0,0.0,0.0,0.854297876358
0.0,0.0,0.0,0.871642827988
0.0,0.0,0.0,0.88791179657
0.0,0.0,0.0,0.90459394455
0.0,0.0,0.0,0.920826911926
0.0,0.0,0.0,0.937656879425
0.0,0.0,0.0,0.954268932343
0.0,0.0,0.0,0.971284866333
0.0,0.0,0.0,0.987832784653
0.0,0.0,0.0,1.00462889671
0.0,0.0,0.0,1.02106380463
0.0,0.0,0.0,1.03757500648
0.0,0.0,0.0,1.05398583412
0.0,0.0,0.0,1.0708990097
0.0,0.0,0.0,1.08734297752
0.0,0.0,0.0,1.10449695587
0.0,0.0,0.0,1.12110996246
0.0,0.0,0.0,1.13896393776
0.0,0.0,0.0,1.15437793732
0.0,0.0,0.0,1.1715939045
0.0,0.0,0.0,1.18827700615
0.0,0.0,0.0,1.2047059536
0.0,0.0,0.0,1.2209148407
0.0,0.0,0.0,1.23788785934
0.0,0.0,0.0,1.25439381599
0.0,0.0,0.0,1.27120184898
0.0,0.0,0.0,1.2878267765
0.0,0.0,0.0,1.304448843
0.0,0.0,0.0,1.3208489418
0.0,0.0,0.0,1.33815979958
0.0,0.0,0.0,1.35420489311
0.0,0.0,0.0,1.37104082108
0.0,0.0,0.0,1.38778090477
0.0,0.0,0.0,1.40413999557
0.0,0.0,0.0,1.4210767746
0.0,0.0,0.0,1.43779182434
0.0,0.0,0.0,1.45427083969
0.0,0.0,0.0,1.47121286392
0.0,0.0,0.0,1.48788881302
0.0,0.0,0.0,1.50453281403
0.0,0.0,0.0,1.52091193199
0.0,0.0,0.0,1.53785800934
0.0,0.0,0.0,1.55425190926
0.0,0.0,0.0,1.57117891312
0.0,0.0,0.0,1.58803486824
0.0,0.0,0.0,1.60460400581
0.0,0.0,0.0,1.62148284912
0.0,0.0,0.0,1.63844394684
0.0,0.0,0.0,1.654722929
0.0,0.0,0.0,1.67124199867
0.0,0.0,0.0,1.68771696091
0.0,0.0,0.0,1.70417499542
0.0,0.0,0.0,1.72084593773
0.0,0.0,0.0,1.73770093918
0.0,0.0,0.0,1.75432181358
0.0,0.0,0.0,1.77093887329
0.0,0.0,0.0,1.78777194023
0.0,0.0,0.0,1.80448198318
0.0,0.0,0.0,1.82134580612
0.0,0.0,0.0,1.83769989014
0.0,0.0,0.0,1.85435986519
0.0,0.0,0.0,1.87097191811
0.0,0.0,0.0,1.8879108429
0.0,0.0,0.0,1.90423297882
0.0,0.0,0.0,1.9208688736
0.0,0.0,0.0,1.93765497208
0.0,0.0,0.0,1.95444583893
0.0,0.0,0.0,1.97096586227
0.0,0.0,0.0,1.98778295517
0.0,0.0,0.0,2.00608086586
0.0,0.0,0.0,2.0209197998
0.0,0.0,0.0,2.03785896301
0.0,0.0,0.0,2.05437994003
0.0,0.0,0.0,2.07125496864
0.0,0.0,0.0,2.08782887459
0.0,0.0,0.0,2.10415482521
0.0,0.0,0.0,2.12072086334
0.0,0.0,0.0,2.13771486282
0.0,0.0,0.0,2.15437698364
0.0,0.0,0.0,2.17117500305
0.0,0.0,0.0,2.18777084351
0.0,0.0,0.0,2.20470499992
0.0,0.0,0.0,2.22132396698
0.0,0.0,0.0,2.23763489723
0.0,0.0,0.0,2.25431585312
0.0,0.0,0.0,2.2774348259
0.0,0.0,0.0,2.28892087936
0.0,0.0,0.0,2.30452680588
0.0,0.0,0.0,2.32081699371
0.0,0.0,0.0,2.33756089211
0.0,0.0,0.0,2.35432481766
0.0,0.0,0.0,2.37102890015
0.0,0.0,0.0,2.38826179504
0.0,0.0,0.0,2.40438199043
0.0,0.0,0.0,2.42103099823
0.0,0.0,0.0,2.4382109642
0.0,0.0,0.0,2.45425081253
0.0,0.0,0.0,2.47081589699
0.0,0.0,0.0,2.48759889603
0.0,0.0,0.0,2.50455594063
0.0,0.0,0.0,2.52078080177
0.0,0.0,0.0,2.53775787354
0.0,0.0,0.0,2.55426478386
0.0,0.0,0.0,2.57094788551
0.0,0.0,0.0,2.58804583549
0.0,0.0,0.0,2.60396194458
0.0,0.0,0.0,2.62080597878
0.0,0.0,0.0,2.6378018856
0.0,0.0,0.0,2.65418100357
0.0,0.0,0.0,2.67076992989
0.0,0.0,0.0,2.68763279915
0.0,0.0,0.0,2.70471477509
0.0,0.0,0.0,2.72074580193
0.0,0.0,0.0,2.73774600029
0.0,0.0,0.0,2.75418686867
0.0,0.0,0.0,2.77078986168
0.0,0.0,0.0,2.78766989708
0.0,0.0,0.0,2.80432796478
0.0,0.0,0.0,2.82102894783
0.0,0.0,0.0,2.8376557827
0.0,0.0,0.0,2.85433578491
0.0,0.0,0.0,2.87110900879
0.0,0.0,0.0,2.8874027729
0.0,0.0,0.0,2.9042840004
0.0,0.0,0.0,2.92072987556
0.0,0.0,0.0,2.93738484383
0.0,0.0,0.0,2.95412778854
0.0,0.0,0.0,2.97084093094
0.0,0.0,0.0,2.98745679855
0.0,0.0,0.0,3.00548386574
0.0,0.0,0.0,3.02065777779
0.0,0.0,0.0,3.0375058651
0.0,0.0,0.0,3.05400085449
0.0,0.0,0.0,3.07125282288
0.0,0.0,0.0,3.08743691444
0.0,0.0,0.0,3.10577297211
0.0,0.0,0.0,3.12155389786
0.0,0.0,0.0,3.13748884201
0.0,0.0,0.0,3.15554785728
0.0,0.0,0.0,3.17389798164
0.0,0.0,0.0,3.18788480759
0.0,0.0,0.0,3.20520091057
0.0,0.0,0.0,3.22133398056
0.0,0.0,0.0,3.2376139164
0.0,0.0,0.0,3.25402498245
0.0,0.0,0.0,3.27118992805
0.0,0.0,0.0,3.28757691383
0.0,0.0,0.0,3.30951690674
0.0,0.0,0.0,3.32085680962
0.0,0.0,0.0,3.33814001083
0.0,0.0,0.0,3.35416889191
0.0,0.0,0.0,3.37157392502
0.0,0.0,0.0,3.38744187355
0.0,0.0,0.0,3.40417289734
0.0,0.0,0.0,3.42079997063
0.0,0.0,0.0,3.43771386147
0.0,0.0,0.0,3.45410490036
0.0,0.0,0.0,3.47114896774
0.0,0.0,0.0,3.48913788795
0.0,0.0,0.0,3.50659179688
0.0,0.0,0.0,3.52082681656
0.0,0.0,0.0,3.53766584396
0.0,0.0,0.0,3.55433678627
0.0,0.0,0.0,3.57107686996
0.0,0.0,0.0,3.58771181107
0.0,0.0,0.0,3.60466980934
0.0,0.0,0.0,3.62085199356
0.0,0.0,0.0,3.63792300224
0.0,0.0,0.0,3.65441894531
0.0,0.0,0.0,3.67101979256
0.0,0.0,0.0,3.68741178513
0.0,0.0,0.0,3.70431399345
0.0,0.0,0.0,3.72075200081
0.0,0.0,0.0,3.7376639843
0.0,0.0,0.0,3.7548828125
0.0,0.0,0.0,3.77232193947
0.0,0.0,0.0,3.78755187988
0.0,0.0,0.0,3.80797886848
0.0,0.0,0.0,3.82159399986
0.0,0.0,0.0,3.83784985542
0.0,0.0,0.0,3.85439181328
0.0,0.0,0.0,3.87108683586
0.0,0.0,0.0,3.88854289055
0.0,0.0,0.0,3.90460085869
0.0,0.0,0.0,3.92101979256
0.0,0.0,0.0,3.93777894974
0.0,0.0,0.0,3.95419692993
0.0,0.0,0.0,3.97271990776
0.0,0.0,0.0,3.98753094673
0.0,0.0,0.0,4.0077278614
0.0,0.0,0.0,4.0214099884
0.0,0.0,0.0,4.03776788712
0.0,0.0,0.0,4.05420088768
0.0,0.0,0.0,4.07070493698
0.0,0.0,0.0,4.08741784096
0.0,0.0,0.0,4.10610389709
0.0,0.0,0.0,4.12084889412
0.0,0.0,0.0,4.13783788681
0.0,0.0,0.0,4.15410089493
0.0,0.0,0.0,4.17118692398
0.0,0.0,0.0,4.18768000603
0.0,0.0,0.0,4.2042529583
0.0,0.0,0.0,4.22074985504
0.0,0.0,0.0,4.23766493797
0.0,0.0,0.0,4.25410985947
0.0,0.0,0.0,4.27112197876
0.0,0.0,0.0,4.28751587868
0.0,0.0,0.0,4.30415296555
0.0,0.0,0.0,4.32090783119
0.0,0.0,0.0,4.33748483658
0.0,0.0,0.0,4.35407996178
0.0,0.0,0.0,4.37125992775
0.0,0.0,0.0,4.3876748085
0.0,0.0,0.0,4.40426778793
0.0,0.0,0.0,4.4208419323
0.0,0.0,0.0,4.43767499924
0.0,0.0,0.0,4.45482683182
0.0,0.0,0.0,4.47095394135
0.0,0.0,0.0,4.48776578903
0.0,0.0,0.0,4.50433778763
0.0,0.0,0.0,4.52073478699
0.0,0.0,0.0,4.53786683083
0.0,0.0,0.0,4.5544219017
0.0,0.0,0.0,4.57134890556
0.0,0.0,0.0,4.58734083176
0.0,0.0,0.0,4.60426092148
0.0,0.0,0.0,4.62094593048
0.0,0.0,0.0,4.63766479492
0.0,0.0,0.0,4.65428090096
0.0,0.0,0.0,4.67103695869
0.0,0.0,0.0,4.68830990791
0.0,0.0,0.0,4.70491290092
0.0,0.0,0.0,4.7208878994
0.0,0.0,0.0,4.73780989647
0.0,0.0,0.0,4.75421690941
0.0,0.0,0.0,4.77175784111
0.0,0.0,0.0,4.78796577454
0.0,0.0,0.0,4.80450487137
0.0,0.0,0.0,4.8222990036
0.0,0.0,0.0,4.83778882027
0.0,0.0,0.0,4.85477685928
0.0,0.0,0.0,4.871311903
0.0,0.0,0.0,4.88753199577
0.0,0.0,0.0,4.9044508934
0.0,0.0,0.0,4.92129397392
0.0,0.0,0.0,4.93781900406
0.0,0.0,0.0,4.9543569088
0.0,0.0,0.0,4.97104287148
0.0,0.0,0.0,4.98838996887
0.0,0.0,0.0,5.0081949234
0.0,0.0,0.0,5.0208427906
0.0,0.0,0.0,5.03758788109
0.0,0.0,0.0,5.05410194397
0.0,0.0,0.0,5.0710568428
0.0,0.0,0.0,5.08766078949
0.0,0.0,0.0,5.10427188873
0.0,0.0,0.0,5.12088084221
0.0,0.0,0.0,5.13736891747
0.0,0.0,0.0,5.15418791771
0.0,0.0,0.0,5.17104291916
0.0,0.0,0.0,5.18767786026
0.0,0.0,0.0,5.20522284508
0.0,0.0,0.0,5.22090792656
0.0,0.0,0.0,5.24001693726
0.0,0.0,0.0,5.25403881073
0.0,0.0,0.0,5.27091598511
0.0,0.0,0.0,5.2874379158
0.0,0.0,0.0,5.30583977699
0.0,0.0,0.0,5.32088279724
0.0,0.0,0.0,5.33770179749
0.0,0.0,0.0,5.35422182083
0.0,0.0,0.0,5.37075901031
0.0,0.0,0.0,5.38760781288
0.0,0.0,0.0,5.4044778347
0.0,0.0,0.0,5.42081689835
0.0,0.0,0.0,5.43957400322
0.0,0.0,0.0,5.45409989357
0.0,0.0,0.0,5.47102689743
0.0,0.0,0.0,5.48740792274
0.0,0.0,0.0,5.50425195694
0.0,0.0,0.0,5.52074790001
0.0,0.0,0.0,5.53750395775
0.0,0.0,0.0,5.55421185493
0.0,0.0,0.0,5.57073092461
0.0,0.0,0.0,5.58752083778
0.0,0.0,0.0,5.6042869091
0.0,0.0,0.0,5.62140393257
0.0,0.0,0.0,5.63744783401
0.0,0.0,0.0,5.65410280228
0.0,0.0,0.0,5.67100000381
0.0,0.0,0.0,5.6881108284
0.0,0.0,0.0,5.70590591431
0.0,0.0,0.0,5.72143793106
0.0,0.0,0.0,5.73799085617
0.0,0.0,0.0,5.75407099724
0.0,0.0,0.0,5.77081990242
0.0,0.0,0.0,5.78743982315
0.0,0.0,0.0,5.80507683754
0.0,0.0,0.0,5.82084679604
0.0,0.0,0.0,5.83769488335
0.0,0.0,0.0,5.85467195511
0.0,0.0,0.0,5.87088799477
0.0,0.0,0.0,5.88748288155
0.0,0.0,0.0,5.90423893929
0.0,0.0,0.0,5.92068481445
0.0,0.0,0.0,5.93754291534
0.0,0.0,0.0,5.95482993126
0.0,0.0,0.0,5.97093892097
0.0,0.0,0.0,5.98744678497
0.0,0.0,0.0,6.00508499146
0.0,0.0,0.0,6.02082586288
0.0,0.0,0.0,6.03733992577
0.0,0.0,0.0,6.05406594276
0.0,0.0,0.0,6.07100081444
0.0,0.0,0.0,6.08753585815
0.0,0.0,0.0,6.10456395149
0.0,0.0,0.0,6.12087893486
0.0,0.0,0.0,6.1378967762
0.0,0.0,0.0,6.15439891815
0.0,0.0,0.0,6.1708548069
0.0,0.0,0.0,6.18832397461
0.0,0.0,0.0,6.20569586754
0.0,0.0,0.0,6.22235584259
0.0,0.0,0.0,6.23809695244
0.0,0.0,0.0,6.25490784645
0.0,0.0,0.0,6.27083277702
0.0,0.0,0.0,6.28749990463
0.0,0.0,0.0,6.30426192284
0.0,0.0,0.0,6.32120895386
0.0,0.0,0.0,6.33740997314
0.0,0.0,0.0,6.35475587845
0.0,0.0,0.0,6.37125992775
0.0,0.0,0.0,6.38747596741
0.0,0.0,0.0,6.40434789658
0.0,0.0,0.0,6.42097997665
0.0,0.0,0.0,6.43920898438
0.0,0.0,0.0,6.45412492752
0.0,0.0,0.0,6.47098994255
0.0,0.0,0.0,6.48751783371
0.0,0.0,0.0,6.5041179657
0.0,0.0,0.0,6.52075600624
0.0,0.0,0.0,6.53750181198
0.0,0.0,0.0,6.5541138649
0.0,0.0,0.0,6.57115292549
0.0,0.0,0.0,6.58770298958
0.0,0.0,0.0,6.60486292839
0.0,0.0,0.0,6.62074494362
0.0,0.0,0.0,6.6380469799
0.0,0.0,0.0,6.65489387512
0.0,0.0,0.0,6.67119193077
0.0,0.0,0.0,6.68829393387
0.0,0.0,0.0,6.70439386368
0.0,0.0,0.0,6.72077989578
0.0,0.0,0.0,6.73749399185
0.0,0.0,0.0,6.75427794456
0.0,0.0,0.0,6.77093887329
0.0,0.0,0.0,6.78736186028
0.0,0.0,0.0,6.80426692963
0.0,0.0,0.0,6.82086586952
0.0,0.0,0.0,6.83752083778
0.0,0.0,0.0,6.85424590111
0.0,0.0,0.0,6.87110280991
0.0,0.0,0.0,6.88776493073
0.0,0.0,0.0,6.90511488914
0.0,0.0,0.0,6.92070388794
0.0,0.0,0.0,6.93766188622
0.0,0.0,0.0,6.95435094833
0.0,0.0,0.0,6.97096681595
0.0,0.0,0.0,6.9875459671
0.0,0.0,0.0,7.00405979156
0.0,0.0,0.0,7.02114486694
0.0,0.0,0.0,7.03743982315
0.0,0.0,0.0,7.05424690247
0.0,0.0,0.0,7.07336378098
0.0,0.0,0.0,7.08767485619
0.0,0.0,0.0,7.10411000252
0.0,0.0,0.0,7.12056589127
0.0,0.0,0.0,7.1380469799
0.0,0.0,0.0,7.1543598175
0.0,0.0,0.0,7.17084479332
0.0,0.0,0.0,7.18866181374
0.0,0.0,0.0,7.20769000053
0.0,0.0,0.0,7.22108793259
0.0,0.0,0.0,7.23780679703
0.0,0.0,0.0,7.25442695618
0.0,0.0,0.0,7.27248883247
0.0,0.0,0.0,7.28741383553
0.0,0.0,0.0,7.30472493172
0.0,0.0,0.0,7.32088088989
0.0,0.0,0.0,7.33746290207
0.0,0.0,0.0,7.35430288315
0.0,0.0,0.0,7.37108898163
0.0,0.0,0.0,7.38746380806
0.0,0.0,0.0,7.40477895737
0.0,0.0,0.0,7.4211127758
0.0,0.0,0.0,7.43763780594
0.0,0.0,0.0,7.45410299301
0.0,0.0,0.0,7.47092795372
0.0,0.0,0.0,7.4875099659
0.0,0.0,0.0,7.50469994545
0.0,0.0,0.0,7.52066493034
0.0,0.0,0.0,7.54047989845
0.0,0.0,0.0,7.55425882339
0.0,0.0,0.0,7.57269191742
0.0,0.0,0.0,7.58759784698
0.0,0.0,0.0,7.60526490211
0.0,0.0,0.0,7.62099289894
0.0,0.0,0.0,7.63779497147
0.0,0.0,0.0,7.65408992767
0.0,0.0,0.0,7.67103791237
0.0,0.0,0.0,7.6874859333
0.0,0.0,0.0,7.70411491394
0.0,0.0,0.0,7.72076487541
0.0,0.0,0.0,7.73762488365
0.0,0.0,0.0,7.75481081009
0.0,0.0,0.0,7.77083992958
0.0,0.0,0.0,7.78771996498
0.0,0.0,0.0,7.80437397957
0.0,0.0,0.0,7.82085084915
0.0,0.0,0.0,7.83901977539
0.0,0.0,0.0,7.85441589355
0.0,0.0,0.0,7.87106394768
0.0,0.0,0.0,7.88776087761
0.0,0.0,0.0,7.90430688858
0.0,0.0,0.0,7.92074084282
0.0,0.0,0.0,7.93972182274
0.0,0.0,0.0,7.95400285721
0.0,0.0,0.0,7.970900774
0.0,0.0,0.0,7.98742794991
0.0,0.0,0.0,8.00469088554
0.0,0.0,0.0,8.02079987526
0.0,0.0,0.0,8.03948092461
0.0,0.0,0.0,8.05407786369
0.0,0.0,0.0,8.07092285156
0.0,0.0,0.0,8.08738780022
0.0,0.0,0.0,8.10404491425
0.0,0.0,0.0,8.12078881264
0.0,0.0,0.0,8.13762497902
0.0,0.0,0.0,8.1542699337
0.0,0.0,0.0,8.17091488838
0.0,0.0,0.0,8.18749499321
0.0,0.0,0.0,8.20420098305
0.0,0.0,0.0,8.22069096565
0.0,0.0,0.0,8.2375998497
0.0,0.0,0.0,8.25427794456
0.0,0.0,0.0,8.27145791054
0.0,0.0,0.0,8.28783798218
0.0,0.0,0.0,8.30426597595
0.0,0.0,0.0,8.32162690163
0.0,0.0,0.0,8.33960986137
0.0,0.0,0.0,8.3540058136
0.0,0.0,0.0,8.37083387375
0.0,0.0,0.0,8.38773488998
0.0,0.0,0.0,8.40541195869
0.0,0.0,0.0,8.42090392113
0.0,0.0,0.0,8.43777680397
0.0,0.0,0.0,8.45415878296
0.0,0.0,0.0,8.47089099884
0.0,0.0,0.0,8.48739600182
0.0,0.0,0.0,8.50411200523
0.0,0.0,0.0,8.52075386047
0.0,0.0,0.0,8.53757786751
0.0,0.0,0.0,8.55447292328
0.0,0.0,0.0,8.57098484039
0.0,0.0,0.0,8.58771395683
0.0,0.0,0.0,8.60395693779
0.0,0.0,0.0,8.62086391449
0.0,0.0,0.0,8.63797688484
0.0,0.0,0.0,8.6549179554
0.0,0.0,0.0,8.67068696022
0.0,0.0,0.0,8.68757295609
0.0,0.0,0.0,8.70417284966
0.0,0.0,0.0,8.72069191933
0.0,0.0,0.0,8.73753380775
0.0,0.0,0.0,8.75400495529
0.0,0.0,0.0,8.77070999146
0.0,0.0,0.0,8.78736281395
0.0,0.0,0.0,8.80416083336
0.0,0.0,0.0,8.82096886635
0.0,0.0,0.0,8.83763885498
0.0,0.0,0.0,8.85419797897
0.0,0.0,0.0,8.87092089653
0.0,0.0,0.0,8.88743591309
0.0,0.0,0.0,8.90411877632
0.0,0.0,0.0,8.92081093788
0.0,0.0,0.0,8.93744897842
0.0,0.0,0.0,8.95483589172
0.0,0.0,0.0,8.97073698044
0.0,0.0,0.0,8.9873688221
0.0,0.0,0.0,9.0040268898
0.0,0.0,0.0,9.02069783211
0.0,0.0,0.0,9.03739500046
0.0,0.0,0.0,9.05401992798
0.0,0.0,0.0,9.07075691223
0.0,0.0,0.0,9.08747792244
0.0,0.0,0.0,9.1040828228
0.0,0.0,0.0,9.12078595161
0.0,0.0,0.0,9.13744497299
0.0,0.0,0.0,9.15411877632
0.0,0.0,0.0,9.17080187798
0.0,0.0,0.0,9.18751096725
0.0,0.0,0.0,9.20420193672
0.0,0.0,0.0,9.22075200081
0.0,0.0,0.0,9.23745393753
0.0,0.0,0.0,9.25449490547
0.0,0.0,0.0,9.27070879936
0.0,0.0,0.0,9.28740787506
0.0,0.0,0.0,9.30617499352
0.0,0.0,0.0,9.32078695297
0.0,0.0,0.0,9.3374209404
0.0,0.0,0.0,9.35401988029
0.0,0.0,0.0,9.37073397636
0.0,0.0,0.0,9.38743591309
0.0,0.0,0.0,9.40412187576
0.0,0.0,0.0,9.42074489594
0.0,0.0,0.0,9.43741178513
0.0,0.0,0.0,9.45408082008
0.0,0.0,0.0,9.4707698822
0.0,0.0,0.0,9.48745083809
0.0,0.0,0.0,9.50409388542
0.0,0.0,0.0,9.52080392838
0.0,0.0,0.0,9.53743481636
0.0,0.0,0.0,9.55412793159
0.0,0.0,0.0,9.57337999344
0.0,0.0,0.0,9.58743596077
0.0,0.0,0.0,9.60453796387
0.0,0.0,0.0,9.62080693245
0.0,0.0,0.0,9.63744688034
0.0,0.0,0.0,9.65412092209
0.0,0.0,0.0,9.67085981369
0.0,0.0,0.0,9.6877849102
0.0,0.0,0.0,9.7042529583
0.0,0.0,0.0,9.72079086304
0.0,0.0,0.0,9.73760485649
0.0,0.0,0.0,9.75400185585
0.0,0.0,0.0,9.77117800713
0.0,0.0,0.0,9.78831195831
0.0,0.0,0.0,9.80446481705
0.0,0.0,0.0,9.82079577446
0.0,0.0,0.0,9.83781194687
0.0,0.0,0.0,9.85414600372
0.0,0.0,0.0,9.87067580223
0.0,0.0,0.0,9.88742399216
0.0,0.0,0.0,9.90422987938
0.0,0.0,0.0,9.92079687119
0.0,0.0,0.0,9.93775296211
0.0,0.0,0.0,9.95406389236
0.0,0.0,0.0,9.97073984146
0.0,0.0,0.0,9.98734498024
0.0,0.0,0.0,10.0041139126
0.0,0.0,0.0,10.0208449364
0.0,0.0,0.0,10.0375359058
0.0,0.0,0.0,10.0543279648
0.0,0.0,0.0,10.0711078644
0.0,0.0,0.0,10.0878429413
0.0,0.0,0.0,10.1042058468
0.0,0.0,0.0,10.1210758686
0.0,0.0,0.0,10.1375088692
0.0,0.0,0.0,10.1541829109
0.0,0.0,0.0,10.1710319519
0.0,0.0,0.0,10.1874189377
0.0,0.0,0.0,10.2041449547
0.0,0.0,0.0,10.2212178707
0.0,0.0,0.0,10.2376849651
0.0,0.0,0.0,10.2543668747
0.0,0.0,0.0,10.2709538937
0.0,0.0,0.0,10.2878267765
0.0,0.0,0.0,10.3042168617
0.0,0.0,0.0,10.3211557865
0.0,0.0,0.0,10.3374547958
0.0,0.0,0.0,10.3542218208
0.0,0.0,0.0,10.3709747791
0.0,0.0,0.0,10.3875489235
0.0,0.0,0.0,10.4041500092
0.0,0.0,0.0,10.4208168983
0.0,0.0,0.0,10.4375288486
0.0,0.0,0.0,10.4542999268
0.0,0.0,0.0,10.4709148407
0.0,0.0,0.0,10.4875760078
0.0,0.0,0.0,10.5042569637
0.0,0.0,0.0,10.5210549831
0.0,0.0,0.0,10.5376648903
0.0,0.0,0.0,10.5541949272
0.0,0.0,0.0,10.5709397793
0.0,0.0,0.0,10.587802887
0.0,0.0,0.0,10.6042158604
0.0,0.0,0.0,10.6208438873
0.0,0.0,0.0,10.6380689144
0.0,0.0,0.0,10.6545469761
0.0,0.0,0.0,10.6715519428
0.0,0.0,0.0,10.6881067753
0.0,0.0,0.0,10.7050909996
0.0,0.0,0.0,10.7207629681
0.0,0.0,0.0,10.7379479408
0.0,0.0,0.0,10.7544398308
0.0,0.0,0.0,10.7707509995
0.0,0.0,0.0,10.7892677784
0.0,0.0,0.0,10.8047969341
0.0,0.0,0.0,10.8213019371
0.0,0.0,0.0,10.8376228809
0.0,0.0,0.0,10.8539729118
0.0,0.0,0.0,10.870705843
0.0,0.0,0.0,10.88732481
0.0,0.0,0.0,10.9042778015
0.0,0.0,0.0,10.9208908081
0.0,0.0,0.0,10.9374759197
0.0,0.0,0.0,10.9542598724
0.0,0.0,0.0,10.9708609581
0.0,0.0,0.0,10.9879319668
0.0,0.0,0.0,11.0043148994
0.0,0.0,0.0,11.0212309361
0.0,0.0,0.0,11.0376729965
0.0,0.0,0.0,11.0543828011
0.0,0.0,0.0,11.0710058212
0.0,0.0,0.0,11.0879158974
0.0,0.0,0.0,11.1055037975
0.0,0.0,0.0,11.1210849285
0.0,0.0,0.0,11.1377139091
0.0,0.0,0.0,11.1543178558
0.0,0.0,0.0,11.1708509922
0.0,0.0,0.0,11.187502861
0.0,0.0,0.0,11.2041578293
0.0,0.0,0.0,11.2207458019
0.0,0.0,0.0,11.2376439571
0.0,0.0,0.0,11.2540998459
0.0,0.0,0.0,11.2708568573
0.0,0.0,0.0,11.2880768776
0.0,0.0,0.0,11.3051269054
0.0,0.0,0.0,11.3218719959
0.0,0.0,0.0,11.3388359547
0.0,0.0,0.0,11.3550078869
0.0,0.0,0.0,11.3715348244
0.0,0.0,0.0,11.388781786
0.0,0.0,0.0,11.4044368267
0.0,0.0,0.0,11.4210867882
0.0,0.0,0.0,11.4375529289
0.0,0.0,0.0,11.4541258812
0.0,0.0,0.0,11.4709839821
0.0,0.0,0.0,11.487885952
0.0,0.0,0.0,11.5043389797
0.0,0.0,0.0,11.5209178925
0.0,0.0,0.0,11.5376439095
0.0,0.0,0.0,11.554546833
0.0,0.0,0.0,11.5710408688
0.0,0.0,0.0,11.5873999596
0.0,0.0,0.0,11.6043379307
0.0,0.0,0.0,11.6210799217
0.0,0.0,0.0,11.6376619339
0.0,0.0,0.0,11.654253006
0.0,0.0,0.0,11.6708648205
0.0,0.0,0.0,11.6877608299
0.0,0.0,0.0,11.7040419579
0.0,0.0,0.0,11.7209188938
0.0,0.0,0.0,11.7374839783
0.0,0.0,0.0,11.7540018559
0.0,0.0,0.0,11.7708768845
0.0,0.0,0.0,11.7879149914
0.0,0.0,0.0,11.8040988445
0.0,0.0,0.0,11.8211967945
0.0,0.0,0.0,11.8376708031
0.0,0.0,0.0,11.8544797897
0.0,0.0,0.0,11.8709559441
0.0,0.0,0.0,11.8879828453
0.0,0.0,0.0,11.9040799141
0.0,0.0,0.0,11.9207489491
0.0,0.0,0.0,11.9381887913
0.0,0.0,0.0,11.9541277885
0.0,0.0,0.0,11.971023798
0.0,0.0,0.0,11.987831831
0.0,0.0,0.0,12.0041999817
0.0,0.0,0.0,12.0206799507
0.0,0.0,0.0,12.0375738144
0.0,0.0,0.0,12.0541708469
0.0,0.0,0.0,12.0708220005
0.0,0.0,0.0,12.087392807
0.0,0.0,0.0,12.1041138172
0.0,0.0,0.0,12.120828867
0.0,0.0,0.0,12.1376497746
0.0,0.0,0.0,12.1540608406
0.0,0.0,0.0,12.1713888645
0.0,0.0,0.0,12.1886899471
0.0,0.0,0.0,12.2042839527
0.0,0.0,0.0,12.2218949795
0.0,0.0,0.0,12.2375078201
0.0,0.0,0.0,12.2542619705
0.0,0.0,0.0,12.2707388401
0.0,0.0,0.0,12.2884597778
0.0,0.0,0.0,12.3051888943
0.0,0.0,0.0,12.3213558197
0.0,0.0,0.0,12.3375837803
0.0,0.0,0.0,12.3542778492
0.0,0.0,0.0,12.3708689213
0.0,0.0,0.0,12.3879768848
0.0,0.0,0.0,12.4042959213
0.0,0.0,0.0,12.4208037853
0.0,0.0,0.0,12.4374568462
0.0,0.0,0.0,12.4543278217
0.0,0.0,0.0,12.4707629681
0.0,0.0,0.0,12.4883189201
0.0,0.0,0.0,12.5046479702
0.0,0.0,0.0,12.5212337971
0.0,0.0,0.0,12.5378718376
0.0,0.0,0.0,12.5553338528
0.0,0.0,0.0,12.5718648434
0.0,0.0,0.0,12.5890069008
0.0,0.0,0.0,12.6044199467
0.0,0.0,0.0,12.6209068298
0.0,0.0,0.0,12.6373929977
0.0,0.0,0.0,12.6544709206
0.0,0.0,0.0,12.670830965
0.0,0.0,0.0,12.6879208088
0.0,0.0,0.0,12.7055978775
0.0,0.0,0.0,12.7210068703
0.0,0.0,0.0,12.7377078533
0.0,0.0,0.0,12.7544519901
0.0,0.0,0.0,12.7710938454
0.0,0.0,0.0,12.788107872
0.0,0.0,0.0,12.8041698933
0.0,0.0,0.0,12.8210558891
0.0,0.0,0.0,12.8374028206
0.0,0.0,0.0,12.8554809093
0.0,0.0,0.0,12.8710989952
0.0,0.0,0.0,12.8880028725
0.0,0.0,0.0,12.9041059017
0.0,0.0,0.0,12.9221417904
0.0,0.0,0.0,12.9375088215
0.0,0.0,0.0,12.9545049667
0.0,0.0,0.0,12.9725928307
0.0,0.0,0.0,12.9879629612
0.0,0.0,0.0,13.0042159557
0.0,0.0,0.0,13.020857811
0.0,0.0,0.0,13.0391278267
0.0,0.0,0.0,13.0547997952
0.0,0.0,0.0,13.0717468262
0.0,0.0,0.0,13.0875549316
0.0,0.0,0.0,13.1042089462
0.0,0.0,0.0,13.1208879948
0.0,0.0,0.0,13.1375379562
0.0,0.0,0.0,13.1542999744
0.0,0.0,0.0,13.1708619595
0.0,0.0,0.0,13.1878979206
0.0,0.0,0.0,13.2041189671
0.0,0.0,0.0,13.2208359241
0.0,0.0,0.0,13.2375028133
0.0,0.0,0.0,13.2541589737
0.0,0.0,0.0,13.2708117962
0.0,0.0,0.0,13.287322998
0.0,0.0,0.0,13.3040859699
0.0,0.0,0.0,13.3210408688
0.0,0.0,0.0,13.3379809856
0.0,0.0,0.0,13.3542649746
0.0,0.0,0.0,13.3708307743
0.0,0.0,0.0,13.3873758316
0.0,0.0,0.0,13.4061059952
0.0,0.0,0.0,13.421309948
0.0,0.0,0.0,13.4381659031
0.0,0.0,0.0,13.454297781
0.0,0.0,0.0,13.4710538387
0.0,0.0,0.0,13.4876658916
0.0,0.0,0.0,13.5041768551
0.0,0.0,0.0,13.5208117962
0.0,0.0,0.0,13.5376319885
0.0,0.0,0.0,13.5541129112
0.0,0.0,0.0,13.5713429451
0.0,0.0,0.0,13.5874688625
0.0,0.0,0.0,13.6042029858
0.0,0.0,0.0,13.6206958294
0.0,0.0,0.0,13.6376218796
0.0,0.0,0.0,13.6540298462
0.0,0.0,0.0,13.6708898544
0.0,0.0,0.0,13.6875388622
0.0,0.0,0.0,13.7050538063
0.0,0.0,0.0,13.7206678391
0.0,0.0,0.0,13.737443924
0.0,0.0,0.0,13.7542748451
0.0,0.0,0.0,13.7708950043
0.0,0.0,0.0,13.7874619961
0.0,0.0,0.0,13.8041219711
0.0,0.0,0.0,13.8208158016
0.0,0.0,0.0,13.8381288052
0.0,0.0,0.0,13.8541967869
0.0,0.0,0.0,13.8710858822
0.0,0.0,0.0,13.8873398304
0.0,0.0,0.0,13.9052557945
0.0,0.0,0.0,13.9207808971
0.0,0.0,0.0,13.9373338223
0.0,0.0,0.0,13.9540297985
0.0,0.0,0.0,13.9708869457
0.0,0.0,0.0,13.9876999855
0.0,0.0,0.0,14.0042829514
0.0,0.0,0.0,14.0213088989
0.0,0.0,0.0,14.0385708809
0.0,0.0,0.0,14.0541448593
0.0,0.0,0.0,14.0708069801
0.0,0.0,0.0,14.0873289108
0.0,0.0,0.0,14.1044418812
0.0,0.0,0.0,14.1207838058
0.0,0.0,0.0,14.1379599571
0.0,0.0,0.0,14.1544048786
0.0,0.0,0.0,14.1709668636
0.0,0.0,0.0,14.1877639294
0.0,0.0,0.0,14.2042548656
0.0,0.0,0.0,14.221143961
0.0,0.0,0.0,14.2375369072
0.0,0.0,0.0,14.2542657852
0.0,0.0,0.0,14.2708199024
0.0,0.0,0.0,14.2880489826
0.0,0.0,0.0,14.3041369915
0.0,0.0,0.0,14.3210258484
0.0,0.0,0.0,14.3375887871
0.0,0.0,0.0,14.3547968864
0.0,0.0,0.0,14.3714439869
0.0,0.0,0.0,14.3875069618
0.0,0.0,0.0,14.4042048454
0.0,0.0,0.0,14.4211268425
0.0,0.0,0.0,14.4375720024
0.0,0.0,0.0,14.454282999
0.0,0.0,0.0,14.4727067947
0.0,0.0,0.0,14.4876937866
0.0,0.0,0.0,14.5041480064
0.0,0.0,0.0,14.5221560001
0.0,0.0,0.0,14.5376148224
0.0,0.0,0.0,14.5540978909
0.0,0.0,0.0,14.5722718239
0.0,0.0,0.0,14.5877068043
0.0,0.0,0.0,14.6041328907
0.0,0.0,0.0,14.6211659908
0.0,0.0,0.0,14.6374509335
0.0,0.0,0.0,14.6553030014
0.0,0.0,0.0,14.6714339256
0.0,0.0,0.0,14.6883628368
0.0,0.0,0.0,14.7050278187
0.0,0.0,0.0,14.7211179733
0.0,0.0,0.0,14.7375259399
0.0,0.0,0.0,14.7543978691
0.0,0.0,0.0,14.7710409164
0.0,0.0,0.0,14.787514925
0.0,0.0,0.0,14.8040277958
0.0,0.0,0.0,14.8210778236
0.0,0.0,0.0,14.8374350071
0.0,0.0,0.0,14.8553748131
0.0,0.0,0.0,14.8711009026
0.0,0.0,0.0,14.8876309395
0.0,0.0,0.0,14.9045789242
0.0,0.0,0.0,14.9221339226
0.0,0.0,0.0,14.937445879
0.0,0.0,0.0,14.954200983
0.0,0.0,0.0,14.9709038734
0.0,0.0,0.0,14.9880509377
0.0,0.0,0.0,15.0041849613
0.0,0.0,0.0,15.0208590031
0.0,0.0,0.0,15.0374457836
0.0,0.0,0.0,15.0547609329
0.0,0.0,0.0,15.0707099438
0.0,0.0,0.0,15.0875740051
0.0,0.0,0.0,15.1041238308
0.0,0.0,0.0,15.1220178604
0.0,0.0,0.0,15.1378619671
0.0,0.0,0.0,15.154504776
0.0,0.0,0.0,15.1710309982
0.0,0.0,0.0,15.1878118515
0.0,0.0,0.0,15.2043418884
0.0,0.0,0.0,15.2207798958
0.0,0.0,0.0,15.237475872
0.0,0.0,0.0,15.2540359497
0.0,0.0,0.0,15.2709348202
0.0,0.0,0.0,15.2893610001
0.0,0.0,0.0,15.3051269054
0.0,0.0,0.0,15.321947813
0.0,0.0,0.0,15.3383359909
0.0,0.0,0.0,15.3541178703
0.0,0.0,0.0,15.3714478016
0.0,0.0,0.0,15.388532877
0.0,0.0,0.0,15.4041719437
0.0,0.0,0.0,15.4213328362
0.0,0.0,0.0,15.4383838177
0.0,0.0,0.0,15.4545300007
0.0,0.0,0.0,15.4708278179
0.0,0.0,0.0,15.4877438545
0.0,0.0,0.0,15.5040578842
0.0,0.0,0.0,15.5217928886
0.0,0.0,0.0,15.5376369953
0.0,0.0,0.0,15.5543119907
0.0,0.0,0.0,15.5708169937
0.0,0.0,0.0,15.5895419121
0.0,0.0,0.0,15.6052119732
0.0,0.0,0.0,15.6219878197
0.0,0.0,0.0,15.6374289989
0.0,0.0,0.0,15.6541659832
0.0,0.0,0.0,15.6708979607
0.0,0.0,0.0,15.688395977
0.0,0.0,0.0,15.7041628361
0.0,0.0,0.0,15.7226669788
0.0,0.0,0.0,15.7374658585
0.0,0.0,0.0,15.7546358109
0.0,0.0,0.0,15.7707948685
0.0,0.0,0.0,15.7874929905
0.0,0.0,0.0,15.8045408726
0.0,0.0,0.0,15.8207969666
0.0,0.0,0.0,15.8376100063
0.0,0.0,0.0,15.854216814
0.0,0.0,0.0,15.8710680008
0.0,0.0,0.0,15.8880519867
0.0,0.0,0.0,15.9040699005
0.0,0.0,0.0,15.9211709499
0.0,0.0,0.0,15.9376878738
0.0,0.0,0.0,15.9541108608
0.0,0.0,0.0,15.970553875
0.0,0.0,0.0,15.9884328842
0.0,0.0,0.0,16.0044279099
0.0,0.0,0.0,16.0210390091
0.0,0.0,0.0,16.0378029346
0.0,0.0,0.0,16.0541388988
0.0,0.0,0.0,16.0708069801
0.0,0.0,0.0,16.0878899097
0.0,0.0,0.0,16.104818821
0.0,0.0,0.0,16.1207787991
0.0,0.0,0.0,16.1377878189
0.0,0.0,0.0,16.1543269157
0.0,0.0,0.0,16.1708829403
0.0,0.0,0.0,16.1876728535
0.0,0.0,0.0,16.2042667866
0.0,0.0,0.0,16.221342802
0.0,0.0,0.0,16.2377109528
0.0,0.0,0.0,16.2544038296
0.0,0.0,0.0,16.2707178593
0.0,0.0,0.0,16.2876338959
0.0,0.0,0.0,16.3043549061
0.0,0.0,0.0,16.3210289478
0.0,0.0,0.0,16.3387129307
0.0,0.0,0.0,16.3543918133
0.0,0.0,0.0,16.3708229065
0.0,0.0,0.0,16.3886768818
0.0,0.0,0.0,16.4053800106
0.0,0.0,0.0,16.4209928513
0.0,0.0,0.0,16.4375858307
0.0,0.0,0.0,16.454335928
0.0,0.0,0.0,16.4707667828
0.0,0.0,0.0,16.4877150059
0.0,0.0,0.0,16.5046429634
0.0,0.0,0.0,16.5206217766
0.0,0.0,0.0,16.5374159813
0.0,0.0,0.0,16.5545139313
0.0,0.0,0.0,16.5711009502
0.0,0.0,0.0,16.5875008106
0.0,0.0,0.0,16.6051487923
0.0,0.0,0.0,16.6218419075
0.0,0.0,0.0,16.6378619671
0.0,0.0,0.0,16.654350996
0.0,0.0,0.0,16.6712470055
0.0,0.0,0.0,16.6890449524
0.0,0.0,0.0,16.7047169209
0.0,0.0,0.0,16.72149086
0.0,0.0,0.0,16.7385289669
0.0,0.0,0.0,16.7560918331
0.0,0.0,0.0,16.7742397785
0.0,0.0,0.0,16.7877647877
0.0,0.0,0.0,16.8040959835
0.0,0.0,0.0,16.821199894
0.0,0.0,0.0,16.837802887
0.0,0.0,0.0,16.8543498516
0.0,0.0,0.0,16.8706707954
0.0,0.0,0.0,16.8885529041
0.0,0.0,0.0,16.9041378498
0.0,0.0,0.0,16.9208829403
0.0,0.0,0.0,16.9379229546
0.0,0.0,0.0,16.9551529884
0.0,0.0,0.0,16.9708199501
0.0,0.0,0.0,16.9882588387
0.0,0.0,0.0,17.0043609142
0.0,0.0,0.0,17.0213878155
0.0,0.0,0.0,17.0377998352
0.0,0.0,0.0,17.0545339584
0.0,0.0,0.0,17.0713238716
0.0,0.0,0.0,17.0877897739
0.0,0.0,0.0,17.1041398048
0.0,0.0,0.0,17.1214389801
0.0,0.0,0.0,17.1378369331
0.0,0.0,0.0,17.1545789242
0.0,0.0,0.0,17.1712977886
0.0,0.0,0.0,17.1877608299
0.0,0.0,0.0,17.204240799
0.0,0.0,0.0,17.2213208675
0.0,0.0,0.0,17.2377429008
0.0,0.0,0.0,17.2554638386
0.0,0.0,0.0,17.271476984
0.0,0.0,0.0,17.2875618935
0.0,0.0,0.0,17.3040328026
0.0,0.0,0.0,17.3206369877
0.0,0.0,0.0,17.3376219273
0.0,0.0,0.0,17.3545539379
0.0,0.0,0.0,17.3710148335
0.0,0.0,0.0,17.3875348568
0.0,0.0,0.0,17.4042298794
0.0,0.0,0.0,17.4208619595
0.0,0.0,0.0,17.4376878738
0.0,0.0,0.0,17.4543089867
0.0,0.0,0.0,17.4708697796
0.0,0.0,0.0,17.4874908924
0.0,0.0,0.0,17.5048489571
0.0,0.0,0.0,17.5226140022
0.0,0.0,0.0,17.5376648903
0.0,0.0,0.0,17.5545618534
0.0,0.0,0.0,17.5707929134
0.0,0.0,0.0,17.5878338814
0.0,0.0,0.0,17.6045198441
0.0,0.0,0.0,17.6211409569
0.0,0.0,0.0,17.6375219822
0.0,0.0,0.0,17.6542198658
0.0,0.0,0.0,17.6708819866
0.0,0.0,0.0,17.6875169277
0.0,0.0,0.0,17.7042648792
0.0,0.0,0.0,17.7209868431
0.0,0.0,0.0,17.7375519276
0.0,0.0,0.0,17.7614898682
0.0,0.0,0.0,17.7707788944
0.0,0.0,0.0,17.787514925
0.0,0.0,0.0,17.8041749001
0.0,0.0,0.0,17.821256876
0.0,0.0,0.0,17.8374478817
0.0,0.0,0.0,17.8544290066
0.0,0.0,0.0,17.8713679314
0.0,0.0,0.0,17.8875379562
0.0,0.0,0.0,17.9042508602
0.0,0.0,0.0,17.9213228226
0.0,0.0,0.0,17.9378898144
0.0,0.0,0.0,17.9547109604
0.0,0.0,0.0,17.9708960056
0.0,0.0,0.0,17.9876298904
0.0,0.0,0.0,18.0041348934
0.0,0.0,0.0,18.0217568874
0.0,0.0,0.0,18.0375390053
0.0,0.0,0.0,18.0541369915
0.0,0.0,0.0,18.0727717876
0.0,0.0,0.0,18.0879428387
0.0,0.0,0.0,18.1043059826
0.0,0.0,0.0,18.1210668087
0.0,0.0,0.0,18.1375448704
0.0,0.0,0.0,18.1558709145
0.0,0.0,0.0,18.1708698273
0.0,0.0,0.0,18.1878929138
0.0,0.0,0.0,18.2044849396
0.0,0.0,0.0,18.2211389542
0.0,0.0,0.0,18.238011837
0.0,0.0,0.0,18.2541489601
0.0,0.0,0.0,18.2707738876
0.0,0.0,0.0,18.2877318859
0.0,0.0,0.0,18.3042259216
0.0,0.0,0.0,18.3208858967
0.0,0.0,0.0,18.3373658657
0.0,0.0,0.0,18.3542718887
0.0,0.0,0.0,18.3708028793
0.0,0.0,0.0,18.3874847889
0.0,0.0,0.0,18.4042239189
0.0,0.0,0.0,18.4208879471
0.0,0.0,0.0,18.4374608994
0.0,0.0,0.0,18.4550988674
0.0,0.0,0.0,18.4707849026
0.0,0.0,0.0,18.487651825
0.0,0.0,0.0,18.5045089722
0.0,0.0,0.0,18.5214397907
0.0,0.0,0.0,18.5376298428
0.0,0.0,0.0,18.5543069839
0.0,0.0,0.0,18.5708479881
0.0,0.0,0.0,18.5882139206
0.0,0.0,0.0,18.604175806
0.0,0.0,0.0,18.6213438511
0.0,0.0,0.0,18.6374537945
0.0,0.0,0.0,18.654435873
0.0,0.0,0.0,18.670953989
0.0,0.0,0.0,18.6878449917
0.0,0.0,0.0,18.7040808201
0.0,0.0,0.0,18.7215747833
0.0,0.0,0.0,18.7375898361
0.0,0.0,0.0,18.7545058727
0.0,0.0,0.0,18.7711498737
0.0,0.0,0.0,18.7879989147
0.0,0.0,0.0,18.8040649891
0.0,0.0,0.0,18.8208408356
0.0,0.0,0.0,18.8374118805
0.0,0.0,0.0,18.8541388512
0.0,0.0,0.0,18.8707139492
0.0,0.0,0.0,18.8890779018
0.0,0.0,0.0,18.9046227932
0.0,0.0,0.0,18.9211249352
0.0,0.0,0.0,18.9374728203
0.0,0.0,0.0,18.9541938305
0.0,0.0,0.0,18.97082901
0.0,0.0,0.0,18.9877529144
0.0,0.0,0.0,19.0040400028
0.0,0.0,0.0,19.0211617947
0.0,0.0,0.0,19.0376448631
0.0,0.0,0.0,19.0543539524
0.0,0.0,0.0,19.0714509487
0.0,0.0,0.0,19.0886058807
0.0,0.0,0.0,19.1041529179
0.0,0.0,0.0,19.1218128204
0.0,0.0,0.0,19.1374149323
0.0,0.0,0.0,19.154489994
0.0,0.0,0.0,19.1709787846
0.0,0.0,0.0,19.1883718967
0.0,0.0,0.0,19.2045838833
0.0,0.0,0.0,19.221143961
0.0,0.0,0.0,19.2373888493
0.0,0.0,0.0,19.2547209263
0.0,0.0,0.0,19.2711207867
0.0,0.0,0.0,19.2877810001
0.0,0.0,0.0,19.3053889275
0.0,0.0,0.0,19.3212099075
0.0,0.0,0.0,19.3386628628
0.0,0.0,0.0,19.355632782
0.0,0.0,0.0,19.3711838722
0.0,0.0,0.0,19.3892059326
0.0,0.0,0.0,19.4048428535
0.0,0.0,0.0,19.4224288464
0.0,0.0,0.0,19.4375720024
0.0,0.0,0.0,19.4545879364
0.0,0.0,0.0,19.4710259438
0.0,0.0,0.0,19.4891078472
0.0,0.0,0.0,19.5042848587
0.0,0.0,0.0,19.5211338997
0.0,0.0,0.0,19.5375218391
0.0,0.0,0.0,19.5545899868
0.0,0.0,0.0,19.57117486
0.0,0.0,0.0,19.5878019333
0.0,0.0,0.0,19.604282856
0.0,0.0,0.0,19.6208319664
0.0,0.0,0.0,19.6375219822
0.0,0.0,0.0,19.6544308662
0.0,0.0,0.0,19.6709458828
0.0,0.0,0.0,19.6876368523
0.0,0.0,0.0,19.7040708065
0.0,0.0,0.0,19.7207188606
0.0,0.0,0.0,19.7375659943
0.0,0.0,0.0,19.7542438507
0.0,0.0,0.0,19.7714920044
0.0,0.0,0.0,19.7877418995
0.0,0.0,0.0,19.8041079044
0.0,0.0,0.0,19.8208220005
0.0,0.0,0.0,19.8375399113
0.0,0.0,0.0,19.8542218208
0.0,0.0,0.0,19.8715209961
0.0,0.0,0.0,19.8876838684
0.0,0.0,0.0,19.9040689468
0.0,0.0,0.0,19.9211919308
0.0,0.0,0.0,19.937420845
0.0,0.0,0.0,19.9543149471
0.0,0.0,0.0,19.9707448483
0.0,0.0,0.0,19.9874339104
0.0,0.0,0.0,20.0040450096
0.0,0.0,0.0,20.0207738876
0.0,0.0,0.0,20.0373849869
0.0,0.0,0.0,20.0543169975
0.0,0.0,0.0,20.0707929134
0.0,0.0,0.0,20.0877029896
0.0,0.0,0.0,20.1041498184
0.0,0.0,0.0,20.1210730076
0.0,0.0,0.0,20.1375889778
0.0,0.0,0.0,20.1542308331
0.0,0.0,0.0,20.1708707809
0.0,0.0,0.0,20.1893019676
0.0,0.0,0.0,20.2042839527
0.0,0.0,0.0,20.2211577892
0.0,0.0,0.0,20.2374927998
0.0,0.0,0.0,20.2544448376
0.0,0.0,0.0,20.2710289955
0.0,0.0,0.0,20.2874729633
0.0,0.0,0.0,20.304101944
0.0,0.0,0.0,20.3208198547
0.0,0.0,0.0,20.3391809464
0.0,0.0,0.0,20.3544409275
0.0,0.0,0.0,20.3709068298
0.0,0.0,0.0,20.3892529011
0.0,0.0,0.0,20.4040169716
0.0,0.0,0.0,20.4215109348
0.0,0.0,0.0,20.4378848076
0.0,0.0,0.0,20.4540598392
0.0,0.0,0.0,20.4706268311
0.0,0.0,0.0,20.4890258312
0.0,0.0,0.0,20.5042989254
0.0,0.0,0.0,20.5209069252
0.0,0.0,0.0,20.5374908447
0.0,0.0,0.0,20.5550899506
0.0,0.0,0.0,20.5708708763
0.0,0.0,0.0,20.5876507759
0.0,0.0,0.0,20.6043758392
0.0,0.0,0.0,20.6211278439
0.0,0.0,0.0,20.6373608112
0.0,0.0,0.0,20.6544139385
0.0,0.0,0.0,20.6706728935
0.0,0.0,0.0,20.6885049343
0.0,0.0,0.0,20.7042119503
0.0,0.0,0.0,20.7212569714
0.0,0.0,0.0,20.7376759052
0.0,0.0,0.0,20.7548918724
0.0,0.0,0.0,20.7710499763
0.0,0.0,0.0,20.787842989
0.0,0.0,0.0,20.8044278622
0.0,0.0,0.0,20.8212339878
0.0,0.0,0.0,20.8375608921
0.0,0.0,0.0,20.8542809486
0.0,0.0,0.0,20.8712389469
0.0,0.0,0.0,20.8877639771
0.0,0.0,0.0,20.9043009281
0.0,0.0,0.0,20.9210188389
0.0,0.0,0.0,20.9380488396
0.0,0.0,0.0,20.9541687965
0.0,0.0,0.0,20.9712119102
0.0,0.0,0.0,20.9888458252
0.0,0.0,0.0,21.0045089722
0.0,0.0,0.0,21.022769928
0.0,0.0,0.0,21.0375487804
0.0,0.0,0.0,21.0541439056
0.0,0.0,0.0,21.0707259178
0.0,0.0,0.0,21.0893208981
0.0,0.0,0.0,21.1049838066
0.0,0.0,0.0,21.1221239567
0.0,0.0,0.0,21.1374809742
0.0,0.0,0.0,21.1583249569
0.0,0.0,0.0,21.1708099842
0.0,0.0,0.0,21.1895179749
0.0,0.0,0.0,21.2050299644
0.0,0.0,0.0,21.2227809429
0.0,0.0,0.0,21.2374618053
0.0,0.0,0.0,21.2579088211
0.0,0.0,0.0,21.2714898586
0.0,0.0,0.0,21.2886328697
0.0,0.0,0.0,21.3048198223
0.0,0.0,0.0,21.3216519356
0.0,0.0,0.0,21.3380508423
0.0,0.0,0.0,21.3554029465
0.0,0.0,0.0,21.3708198071
0.0,0.0,0.0,21.390021801
0.0,0.0,0.0,21.4043848515
0.0,0.0,0.0,21.4212338924
0.0,0.0,0.0,21.4374787807
0.0,0.0,0.0,21.4541199207
0.0,0.0,0.0,21.4707198143
0.0,0.0,0.0,21.4874839783
0.0,0.0,0.0,21.5040400028
0.0,0.0,0.0,21.5208098888
0.0,0.0,0.0,21.5374429226
0.0,0.0,0.0,21.5556287766
0.0,0.0,0.0,21.5707249641
0.0,0.0,0.0,21.5879290104
0.0,0.0,0.0,21.6040399075
0.0,0.0,0.0,21.6217517853
0.0,0.0,0.0,21.6375617981
0.0,0.0,0.0,21.6542959213
0.0,0.0,0.0,21.6707389355
0.0,0.0,0.0,21.6879658699
0.0,0.0,0.0,21.7041637897
0.0,0.0,0.0,21.7208139896
0.0,0.0,0.0,21.7373559475
0.0,0.0,0.0,21.7541508675
0.0,0.0,0.0,21.7707819939
0.0,0.0,0.0,21.7878308296
0.0,0.0,0.0,21.8043580055
0.0,0.0,0.0,21.8208940029
0.0,0.0,0.0,21.8374958038
0.0,0.0,0.0,21.8541259766
0.0,0.0,0.0,21.8709909916
0.0,0.0,0.0,21.8881030083
0.0,0.0,0.0,21.9041368961
0.0,0.0,0.0,21.9214818478
0.0,0.0,0.0,21.9375507832
0.0,0.0,0.0,21.9541969299
0.0,0.0,0.0,21.970831871
0.0,0.0,0.0,21.9880838394
0.0,0.0,0.0,22.0041079521
0.0,0.0,0.0,22.0214269161
0.0,0.0,0.0,22.0377528667
0.0,0.0,0.0,22.054117918
0.0,0.0,0.0,22.0708727837
0.0,0.0,0.0,22.0880157948
0.0,0.0,0.0,22.1040349007
0.0,0.0,0.0,22.1208429337
0.0,0.0,0.0,22.1375098228
0.0,0.0,0.0,22.1541199684
0.0,0.0,0.0,22.1717839241
0.0,0.0,0.0,22.1877889633
0.0,0.0,0.0,22.2041409016
0.0,0.0,0.0,22.2209019661
0.0,0.0,0.0,22.2375957966
0.0,0.0,0.0,22.2541689873
0.0,0.0,0.0,22.2708899975
0.0,0.0,0.0,22.2874238491
0.0,0.0,0.0,22.3051459789
0.0,0.0,0.0,22.3211259842
0.0,0.0,0.0,22.3377850056
0.0,0.0,0.0,22.3540399075
0.0,0.0,0.0,22.3707048893
0.0,0.0,0.0,22.3886950016
0.0,0.0,0.0,22.4041860104
0.0,0.0,0.0,22.4211168289
0.0,0.0,0.0,22.4374809265
0.0,0.0,0.0,22.4546339512
0.0,0.0,0.0,22.4717409611
0.0,0.0,0.0,22.4879357815
0.0,0.0,0.0,22.5046579838
0.0,0.0,0.0,22.5214109421
0.0,0.0,0.0,22.5373978615
0.0,0.0,0.0,22.5543489456
0.0,0.0,0.0,22.5707278252
0.0,0.0,0.0,22.5886528492
0.0,0.0,0.0,22.6040959358
0.0,0.0,0.0,22.6209177971
0.0,0.0,0.0,22.6376059055
0.0,0.0,0.0,22.6541969776
0.0,0.0,0.0,22.6707859039
0.0,0.0,0.0,22.6875288486
0.0,0.0,0.0,22.7043859959
0.0,0.0,0.0,22.7216877937
0.0,0.0,0.0,22.7375807762
0.0,0.0,0.0,22.7540419102
0.0,0.0,0.0,22.7709209919
0.0,0.0,0.0,22.7874758244
0.0,0.0,0.0,22.8041138649
0.0,0.0,0.0,22.8206858635
0.0,0.0,0.0,22.8377537727
0.0,0.0,0.0,22.854321003
0.0,0.0,0.0,22.8707687855
0.0,0.0,0.0,22.8877258301
0.0,0.0,0.0,22.9041478634
0.0,0.0,0.0,22.9208297729
0.0,0.0,0.0,22.9374849796
0.0,0.0,0.0,22.9542257786
0.0,0.0,0.0,22.9709458351
0.0,0.0,0.0,22.9876658916
0.0,0.0,0.0,23.0042769909
0.0,0.0,0.0,23.021119833
0.0,0.0,0.0,23.0377299786
0.0,0.0,0.0,23.0541729927
0.0,0.0,0.0,23.0709359646
0.0,0.0,0.0,23.0874838829
0.0,0.0,0.0,23.1048150063
0.0,0.0,0.0,23.1207118034
0.0,0.0,0.0,23.1373717785
0.0,0.0,0.0,23.1540949345
0.0,0.0,0.0,23.1707069874
0.0,0.0,0.0,23.1874539852
0.0,0.0,0.0,23.2042548656
0.0,0.0,0.0,23.2216417789
0.0,0.0,0.0,23.2374258041
0.0,0.0,0.0,23.2542099953
0.0,0.0,0.0,23.27095294
0.0,0.0,0.0,23.2874758244
0.0,0.0,0.0,23.3042910099
Actuacion(lineal,angular) = 0.039990568161,0.0
0.0,0.0,0.0,23.3207509518
0.0,0.0,0.0,23.3377578259
0.0,0.0,0.0,23.3542308807
0.0,0.0,0.0,23.3709568977
0.0,0.0,0.0,23.3873639107
0.0,0.0,-0.000174532925199,23.4066338539
0.0,0.0,-0.000174532925199,23.4207999706
0.0,0.0,-0.000174532925199,23.437445879
0.0,0.0,-0.000174532925199,23.4542078972
0.0,0.0,-0.000174532925199,23.4709057808
0.0,0.0,-0.000174532925199,23.4875319004
0.0,0.0,-0.000174532925199,23.5043208599
0.000511752522207,-8.93176657026e-08,0.0,23.5217068195
0.000511752522207,-8.93176657026e-08,0.0,23.5373687744
0.000639690654707,-8.93176653483e-08,0.000174532925199,23.5540719032
0.000639690654707,-8.93176653483e-08,0.000174532925199,23.5706779957
0.000639690654707,-8.93176653483e-08,0.000174532925199,23.5874979496
0.00123673526395,1.488627806e-08,0.000174532925199,23.6040999889
0.00123673526395,1.488627806e-08,0.000174532925199,23.6217279434
0.0013646733945,3.72156943802e-08,0.000349065850399,23.6378638744
0.0013646733945,3.72156943802e-08,0.000349065850399,23.6541888714
0.0013646733945,3.72156943802e-08,0.000349065850399,23.670830965
0.00179113381019,1.86078468011e-07,0.000349065850399,23.6873869896
0.00179113381019,1.86078468011e-07,0.000349065850399,23.704185009
0.00179113381019,1.86078468011e-07,0.000349065850399,23.7219119072
0.0020470100596,2.75396131837e-07,0.000523598775598,23.7374789715
0.0020470100596,2.75396131837e-07,0.000523598775598,23.7539999485
0.0020470100596,2.75396131837e-07,0.000523598775598,23.7709629536
0.00238817836616,4.54031456338e-07,0.000349065850399,23.7877378464
0.00238817836616,4.54031456338e-07,0.000349065850399,23.8041448593
0.00238817836616,4.54031456338e-07,0.000349065850399,23.8207318783
0.00238817836616,4.54031456338e-07,0.000349065850399,23.8375988007
0.00289993086499,6.3266678399e-07,0.000523598775598,23.8539979458
0.00289993086499,6.3266678399e-07,0.000523598775598,23.8707799911
0.00289993086499,6.3266678399e-07,0.000523598775598,23.8874189854
0.00345432936316,9.22949185853e-07,0.000523598775598,23.9042518139
0.00345432936316,9.22949185853e-07,0.000523598775598,23.9210948944
0.00345432936316,9.22949185853e-07,0.000523598775598,23.9375469685
0.00371020559309,1.05692567834e-06,0.000523598775598,23.9543550014
0.00371020559309,1.05692567834e-06,0.000523598775598,23.9711108208
0.00371020559309,1.05692567834e-06,0.000523598775598,23.9877138138
0.00447783428286,1.45885515758e-06,0.000523598775598,24.0045897961
0.00447783428286,1.45885515758e-06,0.000523598775598,24.0213708878
0.00477635655111,1.61516106519e-06,0.000523598775598,24.0377299786
0.00477635655111,1.61516106519e-06,0.000523598775598,24.0549759865
0.00477635655111,1.61516106519e-06,0.000523598775598,24.070966959
0.00503223278103,1.74913755768e-06,0.000698131700798,24.0874819756
0.00503223278103,1.74913755768e-06,0.000698131700798,24.104336977
0.00503223278103,1.74913755768e-06,0.000698131700798,24.1217339039
0.00503223278103,1.74913755768e-06,0.000698131700798,24.13743186
0.00503223278103,1.74913755768e-06,0.000698131700798,24.1541337967
0.00503223278103,1.74913755768e-06,0.000698131700798,24.1711068153
0.00503223278103,1.74913755768e-06,0.000698131700798,24.1883249283
0.00503223278103,1.74913755768e-06,0.000698131700798,24.2042739391
0.00503223278103,1.74913755768e-06,0.000698131700798,24.2208809853
0.00503223278103,1.74913755768e-06,0.000698131700798,24.2374849319
0.00503223278103,1.74913755768e-06,0.000698131700798,24.2545928955
0.00503223278103,1.74913755768e-06,0.000698131700798,24.271217823
0.00503223278103,1.74913755768e-06,0.000698131700798,24.2874848843
Actuacion(lineal,angular) = 0.0799509525299,-0.00104982978963
0.00503223278103,1.74913755768e-06,0.000698131700798,24.3057098389
0.00503223278103,1.74913755768e-06,0.000698131700798,24.3210778236
0.00503223278103,1.74913755768e-06,0.000698131700798,24.337364912
0.00503223278103,1.74913755768e-06,0.000698131700798,24.3542277813
0.00503223278103,1.74913755768e-06,0.000698131700798,24.3706870079
0.00503223278103,1.74913755768e-06,0.000698131700798,24.3876488209
0.00503223278103,1.74913755768e-06,0.000698131700798,24.4041018486
0.00503223278103,1.74913755768e-06,0.000698131700798,24.4223749638
0.00631161379426,2.64231414548e-06,0.000698131700798,24.437458992
0.00631161379426,2.64231414548e-06,0.000698131700798,24.4545459747
0.00631161379426,2.64231414548e-06,0.000698131700798,24.4709358215
0.00840126944919,4.10116923901e-06,0.000523598775598,24.4874129295
0.00840126944919,4.10116923901e-06,0.000523598775598,24.5044269562
0.00840126944919,4.10116923901e-06,0.000523598775598,24.5207169056
0.00840126944919,4.10116923901e-06,0.000523598775598,24.5376079082
0.0117276604382,5.84286364667e-06,0.000523598775598,24.5541648865
0.0117276604382,5.84286364667e-06,0.000523598775598,24.5709788799
0.0117276604382,5.84286364667e-06,0.000523598775598,24.5875787735
0.0144996529291,7.29427565424e-06,0.000523598775598,24.6040968895
0.0144996529291,7.29427565424e-06,0.000523598775598,24.6207618713
0.0144996529291,7.29427565424e-06,0.000523598775598,24.6373999119
0.0156084499254,7.8748404562e-06,0.000698131700798,24.6542348862
0.0156084499254,7.8748404562e-06,0.000698131700798,24.6709828377
0.0156084499254,7.8748404562e-06,0.000698131700798,24.6873619556
0.0182951500532,9.75051129023e-06,0.000698131700798,24.7039189339
0.0182951500532,9.75051129023e-06,0.000698131700798,24.7208988667
0.0193613008976,1.04948251128e-05,0.000698131700798,24.7374489307
0.0193613008976,1.04948251128e-05,0.000698131700798,24.7541589737
0.0193613008976,1.04948251128e-05,0.000698131700798,24.7706198692
0.0219627089578,1.23109508418e-05,0.000349065850399,24.7876148224
0.0219627089578,1.23109508418e-05,0.000349065850399,24.8041498661
0.0219627089578,1.23109508418e-05,0.000349065850399,24.8208317757
0.0247347016597,1.32785588713e-05,0.000698131700798,24.8374638557
0.0247347016597,1.32785588713e-05,0.000698131700798,24.8542039394
0.0257155604366,1.39633275889e-05,0.000872664625997,24.8706948757
0.0257155604366,1.39633275889e-05,0.000872664625997,24.8875899315
0.0257155604366,1.39633275889e-05,0.000872664625997,24.9041659832
0.0288287204753,1.66800729192e-05,0.0010471975512,24.9209690094
0.0288287204753,1.66800729192e-05,0.0010471975512,24.9374887943
0.0288287204753,1.66800729192e-05,0.0010471975512,24.9540719986
0.0317286498886,1.97168730098e-05,0.000698131700798,24.9708848
0.0317286498886,1.97168730098e-05,0.000698131700798,24.9873948097
0.0326242165979,2.03420966206e-05,0.000872664625997,25.0045399666
0.0326242165979,2.03420966206e-05,0.000872664625997,25.0208728313
0.0326242165979,2.03420966206e-05,0.000872664625997,25.037706852
0.0341594736033,2.16818614403e-05,0.0010471975512,25.0540328026
0.0341594736033,2.16818614403e-05,0.0010471975512,25.0709707737
0.0341594736033,2.16818614403e-05,0.0010471975512,25.0878939629
0.0342874116656,2.18158379148e-05,0.0012217304764,25.1044998169
0.0342874116656,2.18158379148e-05,0.0012217304764,25.1207098961
0.034841809826,2.24931633804e-05,0.0010471975512,25.1376869678
0.034841809826,2.24931633804e-05,0.0010471975512,25.1541559696
0.034841809826,2.24931633804e-05,0.0010471975512,25.1707689762
0.034841809826,2.24931633804e-05,0.0010471975512,25.1874368191
0.034841809826,2.24931633804e-05,0.0010471975512,25.2042329311
0.034841809826,2.24931633804e-05,0.0010471975512,25.2211868763
0.034841809826,2.24931633804e-05,0.0010471975512,25.2374429703
0.034841809826,2.24931633804e-05,0.0010471975512,25.2540569305
0.034841809826,2.24931633804e-05,0.0010471975512,25.2707238197
0.034841809826,2.24931633804e-05,0.0010471975512,25.287378788
0.034841809826,2.24931633804e-05,0.0010471975512,25.303937912
0.034841809826,2.24931633804e-05,0.0010471975512,25.3207218647
0.034841809826,2.24931633804e-05,0.0010471975512,25.3374660015
0.034841809826,2.24931633804e-05,0.0010471975512,25.3566198349
0.034841809826,2.24931633804e-05,0.0010471975512,25.3708498478
0.034841809826,2.24931633804e-05,0.0010471975512,25.3874118328
0.034841809826,2.24931633804e-05,0.0010471975512,25.404050827
0.034841809826,2.24931633804e-05,0.0010471975512,25.4209787846
0.034841809826,2.24931633804e-05,0.0010471975512,25.4375369549
0.034841809826,2.24931633804e-05,0.0010471975512,25.4542148113
0.034841809826,2.24931633804e-05,0.0010471975512,25.4708039761
0.034841809826,2.24931633804e-05,0.0010471975512,25.4877259731
0.034841809826,2.24931633804e-05,0.0010471975512,25.5041029453
0.034841809826,2.24931633804e-05,0.0010471975512,25.5208268166
0.034841809826,2.24931633804e-05,0.0010471975512,25.5374019146
0.034841809826,2.24931633804e-05,0.0010471975512,25.5543758869
0.034841809826,2.24931633804e-05,0.0010471975512,25.5708668232
0.034841809826,2.24931633804e-05,0.0010471975512,25.5874829292
0.034841809826,2.24931633804e-05,0.0010471975512,25.6046760082
0.034841809826,2.24931633804e-05,0.0010471975512,25.6216158867
0.034841809826,2.24931633804e-05,0.0010471975512,25.6377468109
0.034841809826,2.24931633804e-05,0.0010471975512,25.6545898914
0.034841809826,2.24931633804e-05,0.0010471975512,25.671036005
0.034841809826,2.24931633804e-05,0.0010471975512,25.6876378059
0.034841809826,2.24931633804e-05,0.0010471975512,25.7048988342
0.034841809826,2.24931633804e-05,0.0010471975512,25.7208859921
0.034841809826,2.24931633804e-05,0.0010471975512,25.7383418083
0.034841809826,2.24931633804e-05,0.0010471975512,25.754472971
0.034841809826,2.24931633804e-05,0.0010471975512,25.7708358765
0.034841809826,2.24931633804e-05,0.0010471975512,25.7876808643
0.034841809826,2.24931633804e-05,0.0010471975512,25.8051037788
0.034841809826,2.24931633804e-05,0.0010471975512,25.8211009502
0.034841809826,2.24931633804e-05,0.0010471975512,25.8378279209
0.034841809826,2.24931633804e-05,0.0010471975512,25.8541498184
0.034841809826,2.24931633804e-05,0.0010471975512,25.8706829548
0.034841809826,2.24931633804e-05,0.0010471975512,25.8875279427
0.034841809826,2.24931633804e-05,0.0010471975512,25.9053909779
0.034841809826,2.24931633804e-05,0.0010471975512,25.9219048023
0.034841809826,2.24931633804e-05,0.0010471975512,25.9377939701
0.034841809826,2.24931633804e-05,0.0010471975512,25.9549319744
0.034841809826,2.24931633804e-05,0.0010471975512,25.9712738991
0.034841809826,2.24931633804e-05,0.0010471975512,25.9881529808
0.034841809826,2.24931633804e-05,0.0010471975512,26.0040857792
0.034841809826,2.24931633804e-05,0.0010471975512,26.0221829414
0.034841809826,2.24931633804e-05,0.0010471975512,26.0382578373
0.034841809826,2.24931633804e-05,0.0010471975512,26.0541789532
0.034841809826,2.24931633804e-05,0.0010471975512,26.070720911
0.034841809826,2.24931633804e-05,0.0010471975512,26.0875308514
0.034841809826,2.24931633804e-05,0.0010471975512,26.1039237976
0.034841809826,2.24931633804e-05,0.0010471975512,26.1209979057
0.034841809826,2.24931633804e-05,0.0010471975512,26.1375730038
0.034841809826,2.24931633804e-05,0.0010471975512,26.1542229652
0.034841809826,2.24931633804e-05,0.0010471975512,26.1708908081
0.034841809826,2.24931633804e-05,0.0010471975512,26.1875720024
0.034841809826,2.24931633804e-05,0.0010471975512,26.2046020031
0.034841809826,2.24931633804e-05,0.0010471975512,26.2226707935
0.034841809826,2.24931633804e-05,0.0010471975512,26.2375237942
0.034841809826,2.24931633804e-05,0.0010471975512,26.2545669079
0.034841809826,2.24931633804e-05,0.0010471975512,26.2711088657
0.034841809826,2.24931633804e-05,0.0010471975512,26.2879397869
0.034841809826,2.24931633804e-05,0.0010471975512,26.3047878742
0.034841809826,2.24931633804e-05,0.0010471975512,26.3212578297
0.034841809826,2.24931633804e-05,0.0010471975512,26.3376028538
0.034841809826,2.24931633804e-05,0.0010471975512,26.3541779518
0.034841809826,2.24931633804e-05,0.0010471975512,26.3707909584
0.034841809826,2.24931633804e-05,0.0010471975512,26.3882699013
0.034841809826,2.24931633804e-05,0.0010471975512,26.4044919014
0.034841809826,2.24931633804e-05,0.0010471975512,26.4211189747
0.034841809826,2.24931633804e-05,0.0010471975512,26.4374818802
0.034841809826,2.24931633804e-05,0.0010471975512,26.4541819096
0.034841809826,2.24931633804e-05,0.0010471975512,26.4709529877
0.034841809826,2.24931633804e-05,0.0010471975512,26.4874207973
0.034841809826,2.24931633804e-05,0.0010471975512,26.5042607784
0.034841809826,2.24931633804e-05,0.0010471975512,26.5208089352
0.034841809826,2.24931633804e-05,0.0010471975512,26.5373017788
0.034841809826,2.24931633804e-05,0.0010471975512,26.5542898178
0.034841809826,2.24931633804e-05,0.0010471975512,26.5709278584
0.034841809826,2.24931633804e-05,0.0010471975512,26.5878839493
0.034841809826,2.24931633804e-05,0.0010471975512,26.6041328907
0.034841809826,2.24931633804e-05,0.0010471975512,26.6208279133
0.034841809826,2.24931633804e-05,0.0010471975512,26.637444973
0.034841809826,2.24931633804e-05,0.0010471975512,26.6542088985
0.034841809826,2.24931633804e-05,0.0010471975512,26.6710629463
0.034841809826,2.24931633804e-05,0.0010471975512,26.6875989437
0.034841809826,2.24931633804e-05,0.0010471975512,26.7053070068
0.034841809826,2.24931633804e-05,0.0010471975512,26.7208349705
0.034841809826,2.24931633804e-05,0.0010471975512,26.7373609543
0.034841809826,2.24931633804e-05,0.0010471975512,26.7542059422
0.034841809826,2.24931633804e-05,0.0010471975512,26.7706978321
0.034841809826,2.24931633804e-05,0.0010471975512,26.7876179218
0.034841809826,2.24931633804e-05,0.0010471975512,26.8043417931
0.034841809826,2.24931633804e-05,0.0010471975512,26.8208558559
0.034841809826,2.24931633804e-05,0.0010471975512,26.837692976
0.034841809826,2.24931633804e-05,0.0010471975512,26.8541858196
0.034841809826,2.24931633804e-05,0.0010471975512,26.871516943
0.034841809826,2.24931633804e-05,0.0010471975512,26.8881449699
0.034841809826,2.24931633804e-05,0.0010471975512,26.9057807922
0.034841809826,2.24931633804e-05,0.0010471975512,26.920899868
0.034841809826,2.24931633804e-05,0.0010471975512,26.937445879
0.034841809826,2.24931633804e-05,0.0010471975512,26.9546608925
0.034841809826,2.24931633804e-05,0.0010471975512,26.9709939957
0.034841809826,2.24931633804e-05,0.0010471975512,26.9875769615
0.034841809826,2.24931633804e-05,0.0010471975512,27.005453825
0.034841809826,2.24931633804e-05,0.0010471975512,27.0208489895
0.034841809826,2.24931633804e-05,0.0010471975512,27.0383877754
0.034841809826,2.24931633804e-05,0.0010471975512,27.0550978184
0.034841809826,2.24931633804e-05,0.0010471975512,27.0706179142
0.034841809826,2.24931633804e-05,0.0010471975512,27.0874989033
0.034841809826,2.24931633804e-05,0.0010471975512,27.1058418751
0.034841809826,2.24931633804e-05,0.0010471975512,27.121929884
0.034841809826,2.24931633804e-05,0.0010471975512,27.1374189854
0.034841809826,2.24931633804e-05,0.0010471975512,27.1542139053
0.034841809826,2.24931633804e-05,0.0010471975512,27.1710147858
0.034841809826,2.24931633804e-05,0.0010471975512,27.1875088215
0.034841809826,2.24931633804e-05,0.0010471975512,27.2042999268
0.034841809826,2.24931633804e-05,0.0010471975512,27.2215209007
0.034841809826,2.24931633804e-05,0.0010471975512,27.2372899055
0.034841809826,2.24931633804e-05,0.0010471975512,27.2539558411
0.034841809826,2.24931633804e-05,0.0010471975512,27.2706139088
0.034841809826,2.24931633804e-05,0.0010471975512,27.2875778675
0.034841809826,2.24931633804e-05,0.0010471975512,27.3042140007
0.034841809826,2.24931633804e-05,0.0010471975512,27.3207719326
0.034841809826,2.24931633804e-05,0.0010471975512,27.3375468254
0.034841809826,2.24931633804e-05,0.0010471975512,27.3541309834
0.034841809826,2.24931633804e-05,0.0010471975512,27.3710939884
0.034841809826,2.24931633804e-05,0.0010471975512,27.3876099586
0.034841809826,2.24931633804e-05,0.0010471975512,27.4044008255
0.034841809826,2.24931633804e-05,0.0010471975512,27.4215688705
0.034841809826,2.24931633804e-05,0.0010471975512,27.4382629395
0.034841809826,2.24931633804e-05,0.0010471975512,27.4542529583
0.034841809826,2.24931633804e-05,0.0010471975512,27.4729177952
0.034841809826,2.24931633804e-05,0.0010471975512,27.4875278473
0.034841809826,2.24931633804e-05,0.0010471975512,27.5064477921
0.034841809826,2.24931633804e-05,0.0010471975512,27.5207948685
0.034841809826,2.24931633804e-05,0.0010471975512,27.5378768444
0.034841809826,2.24931633804e-05,0.0010471975512,27.5557157993
0.034841809826,2.24931633804e-05,0.0010471975512,27.5713348389
0.034841809826,2.24931633804e-05,0.0010471975512,27.5898878574
