0.0,0.0,0.0,0.0425729751587
0.0,0.0,0.0,0.059494972229
0.0,0.0,0.0,0.075884103775
0.0,0.0,0.0,0.0925400257111
0.0,0.0,0.0,0.109295129776
0.0,0.0,0.0,0.125853061676
0.0,0.0,0.0,0.142579078674
0.0,0.0,0.0,0.15972495079
0.0,0.0,0.0,0.175895929337
0.0,0.0,0.0,0.192476987839
0.0,0.0,0.0,0.209393024445
0.0,0.0,0.0,0.225848913193
0.0,0.0,0.0,0.242501020432
0.0,0.0,0.0,0.259731054306
0.0,0.0,0.0,0.275830030441
0.0,0.0,0.0,0.29252910614
0.0,0.0,0.0,0.309602022171
0.0,0.0,0.0,0.326028108597
0.0,0.0,0.0,0.342729091644
0.0,0.0,0.0,0.359462022781
0.0,0.0,0.0,0.376076936722
0.0,0.0,0.0,0.392686128616
0.0,0.0,0.0,0.409595012665
0.0,0.0,0.0,0.426054000854
0.0,0.0,0.0,0.442758083344
0.0,0.0,0.0,0.459213018417
0.0,0.0,0.0,0.476026058197
0.0,0.0,0.0,0.49271607399
0.0,0.0,0.0,0.509465932846
0.0,0.0,0.0,0.526044130325
0.0,0.0,0.0,0.542721033096
0.0,0.0,0.0,0.559602022171
0.0,0.0,0.0,0.576328039169
0.0,0.0,0.0,0.592652082443
0.0,0.0,0.0,0.609528064728
0.0,0.0,0.0,0.626076936722
0.0,0.0,0.0,0.642717123032
0.0,0.0,0.0,0.659430980682
0.0,0.0,0.0,0.676046133041
0.0,0.0,0.0,0.692711114883
0.0,0.0,0.0,0.709315061569
0.0,0.0,0.0,0.72585606575
0.0,0.0,0.0,0.742695093155
0.0,0.0,0.0,0.759433031082
0.0,0.0,0.0,0.77606010437
0.0,0.0,0.0,0.792762041092
0.0,0.0,0.0,0.809504985809
0.0,0.0,0.0,0.826088905334
0.0,0.0,0.0,0.842900037766
0.0,0.0,0.0,0.859434127808
0.0,0.0,0.0,0.876231908798
0.0,0.0,0.0,0.892774105072
0.0,0.0,0.0,0.909614086151
0.0,0.0,0.0,0.926021099091
0.0,0.0,0.0,0.942757129669
0.0,0.0,0.0,0.959383964539
0.0,0.0,0.0,0.976778030396
0.0,0.0,0.0,0.992891073227
0.0,0.0,0.0,1.00959205627
0.0,0.0,0.0,1.02604198456
0.0,0.0,0.0,1.04291605949
0.0,0.0,0.0,1.0593059063
0.0,0.0,0.0,1.07625699043
0.0,0.0,0.0,1.09276390076
0.0,0.0,0.0,1.10957193375
0.0,0.0,0.0,1.12613511086
0.0,0.0,0.0,1.14285206795
0.0,0.0,0.0,1.1595621109
0.0,0.0,0.0,1.17600011826
0.0,0.0,0.0,1.19267106056
0.0,0.0,0.0,1.20960211754
0.0,0.0,0.0,1.22603702545
0.0,0.0,0.0,1.24281001091
0.0,0.0,0.0,1.25949406624
0.0,0.0,0.0,1.27620196342
0.0,0.0,0.0,1.2926659584
0.0,0.0,0.0,1.30953192711
0.0,0.0,0.0,1.32606697083
0.0,0.0,0.0,1.34290289879
0.0,0.0,0.0,1.35967803001
0.0,0.0,0.0,1.37611508369
0.0,0.0,0.0,1.39272689819
0.0,0.0,0.0,1.40964508057
0.0,0.0,0.0,1.42604494095
0.0,0.0,0.0,1.44284009933
0.0,0.0,0.0,1.45964312553
0.0,0.0,0.0,1.47662210464
0.0,0.0,0.0,1.49272608757
0.0,0.0,0.0,1.50952100754
0.0,0.0,0.0,1.52603292465
0.0,0.0,0.0,1.54302692413
0.0,0.0,0.0,1.5595331192
0.0,0.0,0.0,1.576390028
0.0,0.0,0.0,1.5931789875
0.0,0.0,0.0,1.60946202278
0.0,0.0,0.0,1.62604212761
0.0,0.0,0.0,1.64274907112
0.0,0.0,0.0,1.65945696831
0.0,0.0,0.0,1.67612290382
0.0,0.0,0.0,1.69274902344
0.0,0.0,0.0,1.70963692665
0.0,0.0,0.0,1.72604990005
0.0,0.0,0.0,1.74299407005
0.0,0.0,0.0,1.75944304466
0.0,0.0,0.0,1.77607703209
0.0,0.0,0.0,1.79276299477
0.0,0.0,0.0,1.81005692482
0.0,0.0,0.0,1.8260641098
0.0,0.0,0.0,1.84273791313
0.0,0.0,0.0,1.8593621254
0.0,0.0,0.0,1.87630295753
0.0,0.0,0.0,1.89268398285
0.0,0.0,0.0,1.90959692001
0.0,0.0,0.0,1.92600512505
0.0,0.0,0.0,1.94272398949
0.0,0.0,0.0,1.95940995216
0.0,0.0,0.0,1.97608804703
0.0,0.0,0.0,1.99280190468
0.0,0.0,0.0,2.00944590569
0.0,0.0,0.0,2.02615308762
0.0,0.0,0.0,2.04293203354
0.0,0.0,0.0,2.05935692787
0.0,0.0,0.0,2.07606101036
0.0,0.0,0.0,2.09274506569
0.0,0.0,0.0,2.10963511467
0.0,0.0,0.0,2.1263821125
0.0,0.0,0.0,2.14273691177
0.0,0.0,0.0,2.15928411484
0.0,0.0,0.0,2.17607498169
0.0,0.0,0.0,2.19306206703
0.0,0.0,0.0,2.20943593979
0.0,0.0,0.0,2.22605800629
0.0,0.0,0.0,2.24277496338
0.0,0.0,0.0,2.25945496559
0.0,0.0,0.0,2.27608108521
0.0,0.0,0.0,2.29282593727
0.0,0.0,0.0,2.31079697609
0.0,0.0,0.0,2.3260550499
0.0,0.0,0.0,2.34278893471
0.0,0.0,0.0,2.36005091667
0.0,0.0,0.0,2.37601590157
0.0,0.0,0.0,2.39353013039
0.0,0.0,0.0,2.40941596031
0.0,0.0,0.0,2.42622303963
0.0,0.0,0.0,2.44276499748
0.0,0.0,0.0,2.45956206322
0.0,0.0,0.0,2.47685909271
0.0,0.0,0.0,2.49312090874
0.0,0.0,0.0,2.50945591927
0.0,0.0,0.0,2.52604007721
0.0,0.0,0.0,2.54278302193
0.0,0.0,0.0,2.55950808525
0.0,0.0,0.0,2.57606005669
0.0,0.0,0.0,2.5930480957
0.0,0.0,0.0,2.60938405991
0.0,0.0,0.0,2.62597799301
0.0,0.0,0.0,2.64261507988
0.0,0.0,0.0,2.65950512886
0.0,0.0,0.0,2.67612290382
0.0,0.0,0.0,2.69259595871
0.0,0.0,0.0,2.70949602127
0.0,0.0,0.0,2.72625398636
0.0,0.0,0.0,2.7427251339
0.0,0.0,0.0,2.75958800316
0.0,0.0,0.0,2.77609491348
0.0,0.0,0.0,2.79272508621
0.0,0.0,0.0,2.81001901627
0.0,0.0,0.0,2.8258600235
0.0,0.0,0.0,2.84251689911
0.0,0.0,0.0,2.85923790932
0.0,0.0,0.0,2.87588906288
0.0,0.0,0.0,2.89251494408
0.0,0.0,0.0,2.90918302536
0.0,0.0,0.0,2.92585611343
0.0,0.0,0.0,2.94250798225
0.0,0.0,0.0,2.95917391777
0.0,0.0,0.0,2.97586297989
0.0,0.0,0.0,2.99257707596
0.0,0.0,0.0,3.00917506218
0.0,0.0,0.0,3.02583599091
0.0,0.0,0.0,3.04301905632
0.0,0.0,0.0,3.05936098099
0.0,0.0,0.0,3.07607507706
0.0,0.0,0.0,3.09297990799
0.0,0.0,0.0,3.10950708389
0.0,0.0,0.0,3.12603592873
0.0,0.0,0.0,3.14293789864
0.0,0.0,0.0,3.15963196754
0.0,0.0,0.0,3.17601490021
0.0,0.0,0.0,3.19274902344
0.0,0.0,0.0,3.20961999893
0.0,0.0,0.0,3.22606992722
0.0,0.0,0.0,3.24273490906
0.0,0.0,0.0,3.25961995125
0.0,0.0,0.0,3.27602410316
0.0,0.0,0.0,3.29273104668
0.0,0.0,0.0,3.31043100357
0.0,0.0,0.0,3.3259909153
0.0,0.0,0.0,3.34269809723
0.0,0.0,0.0,3.35950112343
0.0,0.0,0.0,3.376101017
0.0,0.0,0.0,3.39272689819
0.0,0.0,0.0,3.40956997871
0.0,0.0,0.0,3.42613911629
0.0,0.0,0.0,3.44264411926
0.0,0.0,0.0,3.45943903923
0.0,0.0,0.0,3.47605800629
0.0,0.0,0.0,3.49291205406
0.0,0.0,0.0,3.50945305824
0.0,0.0,0.0,3.52598309517
0.0,0.0,0.0,3.54269695282
0.0,0.0,0.0,3.55941390991
0.0,0.0,0.0,3.57605910301
0.0,0.0,0.0,3.59268093109
0.0,0.0,0.0,3.60951805115
0.0,0.0,0.0,3.62600708008
0.0,0.0,0.0,3.64268302917
0.0,0.0,0.0,3.66000390053
0.0,0.0,0.0,3.67609095573
0.0,0.0,0.0,3.6926920414
0.0,0.0,0.0,3.70950293541
0.0,0.0,0.0,3.72605895996
0.0,0.0,0.0,3.74274396896
0.0,0.0,0.0,3.75948405266
0.0,0.0,0.0,3.77627491951
0.0,0.0,0.0,3.79338407516
0.0,0.0,0.0,3.80933690071
0.0,0.0,0.0,3.82604002953
0.0,0.0,0.0,3.84277391434
0.0,0.0,0.0,3.85965013504
0.0,0.0,0.0,3.8764231205
0.0,0.0,0.0,3.89287805557
0.0,0.0,0.0,3.90962195396
0.0,0.0,0.0,3.92623591423
0.0,0.0,0.0,3.94269609451
0.0,0.0,0.0,3.95942592621
0.0,0.0,0.0,3.97622108459
0.0,0.0,0.0,3.99268913269
0.0,0.0,0.0,4.00952291489
0.0,0.0,0.0,4.02593302727
0.0,0.0,0.0,4.04270100594
0.0,0.0,0.0,4.05937600136
0.0,0.0,0.0,4.07624292374
0.0,0.0,0.0,4.09277796745
0.0,0.0,0.0,4.10988402367
0.0,0.0,0.0,4.12609004974
0.0,0.0,0.0,4.14271712303
0.0,0.0,0.0,4.15953707695
0.0,0.0,0.0,4.17613005638
0.0,0.0,0.0,4.19272494316
0.0,0.0,0.0,4.20960092545
0.0,0.0,0.0,4.22589802742
0.0,0.0,0.0,4.24265789986
0.0,0.0,0.0,4.25956392288
0.0,0.0,0.0,4.27604198456
0.0,0.0,0.0,4.29276990891
0.0,0.0,0.0,4.3099861145
0.0,0.0,0.0,4.32709598541
0.0,0.0,0.0,4.34270501137
0.0,0.0,0.0,4.35963511467
0.0,0.0,0.0,4.37596011162
0.0,0.0,0.0,4.39277100563
0.0,0.0,0.0,4.40957212448
0.0,0.0,0.0,4.4260699749
0.0,0.0,0.0,4.44286513329
0.0,0.0,0.0,4.4596529007
0.0,0.0,0.0,4.47588300705
0.0,0.0,0.0,4.49270105362
0.0,0.0,0.0,4.50950312614
0.0,0.0,0.0,4.52703809738
0.0,0.0,0.0,4.54280304909
0.0,0.0,0.0,4.55950093269
0.0,0.0,0.0,4.57620191574
0.0,0.0,0.0,4.5926759243
0.0,0.0,0.0,4.60947489738
0.0,0.0,0.0,4.62643408775
0.0,0.0,0.0,4.64295601845
0.0,0.0,0.0,4.65936303139
0.0,0.0,0.0,4.67653203011
0.0,0.0,0.0,4.692663908
0.0,0.0,0.0,4.70949292183
0.0,0.0,0.0,4.72627496719
0.0,0.0,0.0,4.74289608002
0.0,0.0,0.0,4.75939106941
0.0,0.0,0.0,4.77746796608
0.0,0.0,0.0,4.7925889492
0.0,0.0,0.0,4.80942296982
0.0,0.0,0.0,4.82604694366
0.0,0.0,0.0,4.84270405769
0.0,0.0,0.0,4.85971403122
0.0,0.0,0.0,4.87626290321
0.0,0.0,0.0,4.89266490936
0.0,0.0,0.0,4.90955805779
0.0,0.0,0.0,4.92597699165
0.0,0.0,0.0,4.94329404831
0.0,0.0,0.0,4.95930409431
0.0,0.0,0.0,4.97645497322
0.0,0.0,0.0,4.99272608757
0.0,0.0,0.0,5.00955605507
0.0,0.0,0.0,5.02651190758
0.0,0.0,0.0,5.04299402237
0.0,0.0,0.0,5.05930900574
0.0,0.0,0.0,5.07596492767
0.0,0.0,0.0,5.09308004379
0.0,0.0,0.0,5.1092300415
0.0,0.0,0.0,5.12587094307
0.0,0.0,0.0,5.14266204834
0.0,0.0,0.0,5.1593310833
0.0,0.0,0.0,5.17601490021
0.0,0.0,0.0,5.19294810295
0.0,0.0,0.0,5.2095489502
0.0,0.0,0.0,5.22617912292
0.0,0.0,0.0,5.24377799034
0.0,0.0,0.0,5.25951004028
0.0,0.0,0.0,5.27605700493
0.0,0.0,0.0,5.29257512093
0.0,0.0,0.0,5.30946302414
0.0,0.0,0.0,5.32638597488
0.0,0.0,0.0,5.34275794029
0.0,0.0,0.0,5.35965800285
0.0,0.0,0.0,5.37599611282
0.0,0.0,0.0,5.39340305328
0.0,0.0,0.0,5.40944600105
0.0,0.0,0.0,5.42589092255
0.0,0.0,0.0,5.44391512871
0.0,0.0,0.0,5.45923900604
0.0,0.0,0.0,5.47582006454
0.0,0.0,0.0,5.49271202087
0.0,0.0,0.0,5.50920009613
0.0,0.0,0.0,5.52586102486
0.0,0.0,0.0,5.54300904274
0.0,0.0,0.0,5.55920100212
0.0,0.0,0.0,5.57586097717
0.0,0.0,0.0,5.59253811836
0.0,0.0,0.0,5.60920906067
0.0,0.0,0.0,5.6258289814
0.0,0.0,0.0,5.64254999161
0.0,0.0,0.0,5.65924596786
0.0,0.0,0.0,5.6758749485
0.0,0.0,0.0,5.69254899025
0.0,0.0,0.0,5.70921492577
0.0,0.0,0.0,5.72591400146
0.0,0.0,0.0,5.74307990074
0.0,0.0,0.0,5.75918102264
0.0,0.0,0.0,5.77592897415
0.0,0.0,0.0,5.79240202904
0.0,0.0,0.0,5.8094599247
0.0,0.0,0.0,5.82613110542
0.0,0.0,0.0,5.84274792671
0.0,0.0,0.0,5.85949707031
0.0,0.0,0.0,5.87607002258
0.0,0.0,0.0,5.89287304878
0.0,0.0,0.0,5.90962791443
0.0,0.0,0.0,5.92603302002
0.0,0.0,0.0,5.94272613525
0.0,0.0,0.0,5.95947098732
0.0,0.0,0.0,5.97625112534
0.0,0.0,0.0,5.99275112152
0.0,0.0,0.0,6.00958704948
0.0,0.0,0.0,6.02614092827
0.0,0.0,0.0,6.042937994
0.0,0.0,0.0,6.05935406685
0.0,0.0,0.0,6.07604789734
0.0,0.0,0.0,6.09316706657
0.0,0.0,0.0,6.10946011543
0.0,0.0,0.0,6.12580800056
0.0,0.0,0.0,6.14252996445
0.0,0.0,0.0,6.15936493874
0.0,0.0,0.0,6.17603707314
0.0,0.0,0.0,6.19262194633
0.0,0.0,0.0,6.20923709869
0.0,0.0,0.0,6.22603106499
0.0,0.0,0.0,6.2427611351
0.0,0.0,0.0,6.25945496559
0.0,0.0,0.0,6.27605509758
0.0,0.0,0.0,6.29275512695
0.0,0.0,0.0,6.30940103531
