0,0,0,0.0597651004791
0,0,0,0.0765910148621
0,0,0,0.0933802127838
0.0,0.0,0.0,0.00667691230774
0.0,0.0,0.0,0.0232350826263
0.0,0.0,0.0,0.0398709774017
0.0,0.0,0.0,0.0563271045685
0.0,0.0,0.0,0.0729291439056
0.0,0.0,0.0,0.0896790027618
0.0,0.0,0.0,0.106523990631
0.0,0.0,0.0,0.12396812439
0.0,0.0,0.0,0.139626026154
0.0,0.0,0.0,0.156563043594
0.0,0.0,0.0,0.173494100571
0.0,0.0,0.0,0.189732074738
0.0,0.0,0.0,0.206586122513
0.0,0.0,0.0,0.223943948746
0.0,0.0,0.0,0.240014076233
0.0,0.0,0.0,0.25729393959
0.0,0.0,0.0,0.273544073105
0.0,0.0,0.0,0.289995908737
0.0,0.0,0.0,0.306764125824
0.0,0.0,0.0,0.323599100113
0.0,0.0,0.0,0.340013027191
0.0,0.0,0.0,0.35670208931
0.0,0.0,0.0,0.373826980591
0.0,0.0,0.0,0.390059947968
0.0,0.0,0.0,0.407400131226
0.0,0.0,0.0,0.423707962036
0.0,0.0,0.0,0.440207958221
0.0,0.0,0.0,0.456686973572
0.0,0.0,0.0,0.47341299057
0.0,0.0,0.0,0.490075111389
0.0,0.0,0.0,0.507208108902
0.0,0.0,0.0,0.523597002029
0.0,0.0,0.0,0.540004014969
0.0,0.0,0.0,0.556777000427
0.0,0.0,0.0,0.573404073715
0.0,0.0,0.0,0.589982032776
0.0,0.0,0.0,0.606755018234
0.0,0.0,0.0,0.623203039169
0.0,0.0,0.0,0.639919996262
0.0,0.0,0.0,0.656388998032
0.0,0.0,0.0,0.673269987106
0.0,0.0,0.0,0.689944028854
0.0,0.0,0.0,0.706901073456
0.0,0.0,0.0,0.723577022552
0.0,0.0,0.0,0.739907026291
0.0,0.0,0.0,0.75723195076
0.0,0.0,0.0,0.77314209938
0.0,0.0,0.0,0.790051937103
0.0,0.0,0.0,0.806796073914
0.0,0.0,0.0,0.823224067688
0.0,0.0,0.0,0.839802980423
0.0,0.0,0.0,0.856776952744
0.0,0.0,0.0,0.873286008835
0.0,0.0,0.0,0.890254020691
0.0,0.0,0.0,0.906887054443
0.0,0.0,0.0,0.923629999161
0.0,0.0,0.0,0.939979076385
0.0,0.0,0.0,0.956757068634
0.0,0.0,0.0,0.973222970963
0.0,0.0,0.0,0.9927110672
0.0,0.0,0.0,1.00683712959
0.0,0.0,0.0,1.02352595329
0.0,0.0,0.0,1.03978896141
0.0,0.0,0.0,1.0568780899
0.0,0.0,0.0,1.07318305969
0.0,0.0,0.0,1.09009814262
0.0,0.0,0.0,1.10692811012
0.0,0.0,0.0,1.12387609482
0.0,0.0,0.0,1.1401450634
0.0,0.0,0.0,1.15673899651
0.0,0.0,0.0,1.1748919487
0.0,0.0,0.0,1.19192194939
0.0,0.0,0.0,1.20671510696
0.0,0.0,0.0,1.22401404381
0.0,0.0,0.0,1.23990011215
0.0,0.0,0.0,1.25663113594
0.0,0.0,0.0,1.27351498604
0.0,0.0,0.0,1.29006505013
0.0,0.0,0.0,1.30689191818
0.0,0.0,0.0,1.32349896431
0.0,0.0,0.0,1.33994197845
0.0,0.0,0.0,1.35687398911
0.0,0.0,0.0,1.37474012375
0.0,0.0,0.0,1.39018797874
0.0,0.0,0.0,1.40683507919
0.0,0.0,0.0,1.42317414284
0.0,0.0,0.0,1.43996500969
0.0,0.0,0.0,1.45666098595
0.0,0.0,0.0,1.47336006165
0.0,0.0,0.0,1.49009799957
0.0,0.0,0.0,1.50681209564
0.0,0.0,0.0,1.5231859684
0.0,0.0,0.0,1.5399119854
0.0,0.0,0.0,1.55679512024
0.0,0.0,0.0,1.5733499527
0.0,0.0,0.0,1.58997392654
0.0,0.0,0.0,1.60657906532
0.0,0.0,0.0,1.62338995934
0.0,0.0,0.0,1.63987398148
0.0,0.0,0.0,1.65706896782
0.0,0.0,0.0,1.67342996597
0.0,0.0,0.0,1.69072008133
0.0,0.0,0.0,1.7065179348
0.0,0.0,0.0,1.72352409363
0.0,0.0,0.0,1.73985695839
0.0,0.0,0.0,1.75651192665
0.0,0.0,0.0,1.77322411537
0.0,0.0,0.0,1.79022502899
0.0,0.0,0.0,1.806620121
0.0,0.0,0.0,1.82330393791
0.0,0.0,0.0,1.83992004395
0.0,0.0,0.0,1.85675191879
0.0,0.0,0.0,1.87333011627
0.0,0.0,0.0,1.890157938
0.0,0.0,0.0,1.90692996979
0.0,0.0,0.0,1.92375397682
0.0,0.0,0.0,1.93981003761
0.0,0.0,0.0,1.9564781189
0.0,0.0,0.0,1.97333312035
0.0,0.0,0.0,1.99081110954
0.0,0.0,0.0,2.0064971447
0.0,0.0,0.0,2.02343606949
0.0,0.0,0.0,2.04014801979
0.0,0.0,0.0,2.05695796013
0.0,0.0,0.0,2.07327413559
0.0,0.0,0.0,2.08999991417
0.0,0.0,0.0,2.10675692558
0.0,0.0,0.0,2.12424993515
0.0,0.0,0.0,2.1403939724
0.0,0.0,0.0,2.15667796135
0.0,0.0,0.0,2.17339611053
0.0,0.0,0.0,2.19052505493
0.0,0.0,0.0,2.20714902878
0.0,0.0,0.0,2.22322106361
0.0,0.0,0.0,2.23985910416
0.0,0.0,0.0,2.25701594353
0.0,0.0,0.0,2.27325391769
0.0,0.0,0.0,2.28998994827
0.0,0.0,0.0,2.30671596527
0.0,0.0,0.0,2.3235681057
0.0,0.0,0.0,2.3398771286
0.0,0.0,0.0,2.3570561409
0.0,0.0,0.0,2.37340593338
0.0,0.0,0.0,2.39107394218
0.0,0.0,0.0,2.40652012825
0.0,0.0,0.0,2.42341804504
0.0,0.0,0.0,2.44013094902
0.0,0.0,0.0,2.45654010773
0.0,0.0,0.0,2.47336006165
0.0,0.0,0.0,2.49022603035
0.0,0.0,0.0,2.50652194023
0.0,0.0,0.0,2.52330994606
0.0,0.0,0.0,2.54000806808
0.0,0.0,0.0,2.55675196648
0.0,0.0,0.0,2.57347512245
0.0,0.0,0.0,2.59022808075
0.0,0.0,0.0,2.60675001144
0.0,0.0,0.0,2.62332201004
0.0,0.0,0.0,2.63980197906
0.0,0.0,0.0,2.65683913231
0.0,0.0,0.0,2.67359805107
0.0,0.0,0.0,2.69023609161
0.0,0.0,0.0,2.7067091465
0.0,0.0,0.0,2.72335410118
0.0,0.0,0.0,2.73995709419
0.0,0.0,0.0,2.75663208961
0.0,0.0,0.0,2.77328205109
0.0,0.0,0.0,2.79046010971
0.0,0.0,0.0,2.80673694611
0.0,0.0,0.0,2.82384395599
0.0,0.0,0.0,2.84040594101
0.0,0.0,0.0,2.85709214211
0.0,0.0,0.0,2.87315297127
0.0,0.0,0.0,2.889991045
0.0,0.0,0.0,2.90657997131
0.0,0.0,0.0,2.92343211174
0.0,0.0,0.0,2.94019198418
0.0,0.0,0.0,2.95688700676
0.0,0.0,0.0,2.97362709045
0.0,0.0,0.0,2.99087500572
0.0,0.0,0.0,3.00695300102
0.0,0.0,0.0,3.02347493172
0.0,0.0,0.0,3.03992700577
0.0,0.0,0.0,3.05693101883
0.0,0.0,0.0,3.07334804535
0.0,0.0,0.0,3.09152507782
0.0,0.0,0.0,3.10650897026
0.0,0.0,0.0,3.12318396568
0.0,0.0,0.0,3.14001393318
0.0,0.0,0.0,3.156924963
0.0,0.0,0.0,3.17319512367
0.0,0.0,0.0,3.19107198715
0.0,0.0,0.0,3.20664906502
0.0,0.0,0.0,3.22480893135
0.0,0.0,0.0,3.2409760952
0.0,0.0,0.0,3.25896501541
0.0,0.0,0.0,3.27310109138
0.0,0.0,0.0,3.29637694359
0.0,0.0,0.0,3.30646800995
0.0,0.0,0.0,3.32337903976
0.0,0.0,0.0,3.34001708031
0.0,0.0,0.0,3.35884809494
0.0,0.0,0.0,3.37393808365
0.0,0.0,0.0,3.39240694046
0.0,0.0,0.0,3.40785312653
0.0,0.0,0.0,3.42490911484
0.0,0.0,0.0,3.43997192383
0.0,0.0,0.0,3.45667409897
0.0,0.0,0.0,3.47354006767
0.0,0.0,0.0,3.4901509285
0.0,0.0,0.0,3.50813102722
0.0,0.0,0.0,3.52352905273
0.0,0.0,0.0,3.53991413116
0.0,0.0,0.0,3.55689811707
0.0,0.0,0.0,3.57337403297
0.0,0.0,0.0,3.59219908714
0.0,0.0,0.0,3.60770392418
0.0,0.0,0.0,3.62372493744
0.0,0.0,0.0,3.6403260231
0.0,0.0,0.0,3.65685009956
0.0,0.0,0.0,3.67363214493
0.0,0.0,0.0,3.69074892998
0.0,0.0,0.0,3.70717310905
0.0,0.0,0.0,3.7234890461
0.0,0.0,0.0,3.74003005028
0.0,0.0,0.0,3.75698494911
0.0,0.0,0.0,3.77386212349
0.0,0.0,0.0,3.79027509689
0.0,0.0,0.0,3.80658912659
0.0,0.0,0.0,3.82363009453
0.0,0.0,0.0,3.83998203278
0.0,0.0,0.0,3.85692691803
0.0,0.0,0.0,3.87330007553
0.0,0.0,0.0,3.89028406143
0.0,0.0,0.0,3.90663003922
0.0,0.0,0.0,3.92356801033
0.0,0.0,0.0,3.94005608559
0.0,0.0,0.0,3.95684313774
0.0,0.0,0.0,3.97351503372
0.0,0.0,0.0,3.99096608162
0.0,0.0,0.0,4.00740599632
0.0,0.0,0.0,4.02478313446
0.0,0.0,0.0,4.03997898102
0.0,0.0,0.0,4.05699014664
0.0,0.0,0.0,4.07346892357
0.0,0.0,0.0,4.09036707878
0.0,0.0,0.0,4.10664796829
0.0,0.0,0.0,4.12360095978
0.0,0.0,0.0,4.13985013962
0.0,0.0,0.0,4.15696191788
0.0,0.0,0.0,4.17341399193
0.0,0.0,0.0,4.19033503532
0.0,0.0,0.0,4.20845198631
0.0,0.0,0.0,4.22469902039
0.0,0.0,0.0,4.23984599113
0.0,0.0,0.0,4.2568590641
0.0,0.0,0.0,4.27312207222
0.0,0.0,0.0,4.29047107697
0.0,0.0,0.0,4.30725908279
0.0,0.0,0.0,4.32358813286
0.0,0.0,0.0,4.34000706673
0.0,0.0,0.0,4.35696792603
0.0,0.0,0.0,4.37442111969
0.0,0.0,0.0,4.39057898521
0.0,0.0,0.0,4.40663599968
0.0,0.0,0.0,4.4231159687
0.0,0.0,0.0,4.43980193138
0.0,0.0,0.0,4.45655298233
0.0,0.0,0.0,4.47305893898
0.0,0.0,0.0,4.48981499672
0.0,0.0,0.0,4.50642895699
0.0,0.0,0.0,4.52310991287
0.0,0.0,0.0,4.53980612755
0.0,0.0,0.0,4.5564289093
0.0,0.0,0.0,4.57314109802
0.0,0.0,0.0,4.58981394768
0.0,0.0,0.0,4.60646390915
0.0,0.0,0.0,4.62320303917
0.0,0.0,0.0,4.63987803459
0.0,0.0,0.0,4.65656995773
0.0,0.0,0.0,4.67335009575
0.0,0.0,0.0,4.68984603882
0.0,0.0,0.0,4.7064769268
0.0,0.0,0.0,4.72316503525
0.0,0.0,0.0,4.73984599113
0.0,0.0,0.0,4.75647306442
0.0,0.0,0.0,4.77315998077
0.0,0.0,0.0,4.7915251255
0.0,0.0,0.0,4.8065290451
0.0,0.0,0.0,4.82314109802
0.0,0.0,0.0,4.83981204033
0.0,0.0,0.0,4.85647296906
0.0,0.0,0.0,4.87318706512
0.0,0.0,0.0,4.88984107971
0.0,0.0,0.0,4.90650391579
0.0,0.0,0.0,4.92315101624
0.0,0.0,0.0,4.93981099129
0.0,0.0,0.0,4.95646500587
0.0,0.0,0.0,4.97316193581
0.0,0.0,0.0,4.98999595642
0.0,0.0,0.0,5.00647306442
0.0,0.0,0.0,5.0233669281
0.0,0.0,0.0,5.0403881073
0.0,0.0,0.0,5.05698800087
0.0,0.0,0.0,5.07453012466
0.0,0.0,0.0,5.09121513367
0.0,0.0,0.0,5.1066930294
0.0,0.0,0.0,5.12342500687
0.0,0.0,0.0,5.13977599144
0.0,0.0,0.0,5.15746903419
0.0,0.0,0.0,5.17335700989
0.0,0.0,0.0,5.19398903847
0.0,0.0,0.0,5.20654797554
0.0,0.0,0.0,5.22341108322
0.0,0.0,0.0,5.23977994919
0.0,0.0,0.0,5.2567460537
0.0,0.0,0.0,5.27330112457
0.0,0.0,0.0,5.28994512558
0.0,0.0,0.0,5.30642199516
0.0,0.0,0.0,5.32335114479
0.0,0.0,0.0,5.34080195427
0.0,0.0,0.0,5.35640406609
0.0,0.0,0.0,5.37331795692
0.0,0.0,0.0,5.3898370266
0.0,0.0,0.0,5.40651702881
0.0,0.0,0.0,5.42368197441
0.0,0.0,0.0,5.44003605843
0.0,0.0,0.0,5.45675992966
0.0,0.0,0.0,5.47371196747
0.0,0.0,0.0,5.49156713486
0.0,0.0,0.0,5.50693511963
0.0,0.0,0.0,5.5237390995
0.0,0.0,0.0,5.54006195068
0.0,0.0,0.0,5.55756211281
0.0,0.0,0.0,5.57367110252
0.0,0.0,0.0,5.59043693542
0.0,0.0,0.0,5.60672307014
0.0,0.0,0.0,5.62387394905
0.0,0.0,0.0,5.64001202583
Actuacion(lineal,angular) = 0.0399888038635,0.0
0.0,0.0,0.0,5.65660905838
0.0,0.0,0.0,5.6731069088
0.0,0.0,0.0,5.690335989
0.0,0.0,0.0,5.70662212372
0.0,0.0,0.0,5.72351813316
0.0,0.0,0.0,5.73983812332
0.0,0.0,0.0,5.75670099258
0.0,0.0,0.0,5.77575206757
0.0,0.0,0.0,5.79073214531
0.0,0.0,0.0,5.80693912506
0.0,0.0,0.0,5.82411813736
0.000383814397501,-2.16687968567e-17,0.0,5.84064102173
0.000383814397501,-2.16687968567e-17,0.0,5.85764193535
0.000383814397501,-2.16687968567e-17,0.0,5.87363195419
0.000383814397501,-2.16687968567e-17,0.0,5.89036107063
0.000724982750836,2.12063168675e-17,0.0,5.90675902367
0.000852920883337,-3.79131947191e-18,0.000174532925197,5.92363595963
0.000852920883337,-3.79131947191e-18,0.000174532925197,5.93983006477
0.000852920883337,-3.79131947191e-18,0.000174532925197,5.95723605156
0.000852920883337,-3.79131947191e-18,0.000174532925197,5.97331404686
0.00123673527499,6.69882490949e-08,0.000349065850395,5.98993611336
0.00140731944127,1.26533358616e-07,0.000523598775602,6.00646901131
0.00140731944127,1.26533358616e-07,0.000523598775602,6.0244641304
0.00140731944127,1.26533358616e-07,0.000523598775602,6.04044914246
0.00140731944127,1.26533358616e-07,0.000523598775602,6.05657291412
0.00166319567119,2.60509851466e-07,0.000349065850395,6.07382106781
0.00166319567119,2.60509851466e-07,0.000349065850395,6.0933599472
0.00166319567119,2.60509851466e-07,0.000349065850395,6.10671710968
0.00204701004531,3.94486347792e-07,0.000523598775602,6.12318706512
0.00204701004531,3.94486347792e-07,0.000523598775602,6.14013600349
0.00204701004531,3.94486347792e-07,0.000523598775602,6.15654993057
0.00204701004531,3.94486347792e-07,0.000523598775602,6.17361593246
0.00251611646684,6.40109918055e-07,0.000698131700791,6.19107103348
0.00251611646684,6.40109918055e-07,0.000698131700791,6.20661711693
0.00251611646684,6.40109918055e-07,0.000698131700791,6.22333812714
0.00289993077081,9.08062894393e-07,0.000698131700791,6.24006891251
0.00289993077081,9.08062894393e-07,0.000698131700791,6.25791811943
0.00289993077081,9.08062894393e-07,0.000698131700791,6.27333402634
0.00289993077081,9.08062894393e-07,0.000698131700791,6.29060101509
0.00332639110855,1.20578842379e-06,0.00104719755119,6.30756211281
0.00353962121247,1.42908254817e-06,0.00104719755119,6.32419514656
0.00353962121247,1.42908254817e-06,0.00104719755119,6.34060311317
0.00353962121247,1.42908254817e-06,0.00104719755119,6.35731101036
0.00353962121247,1.42908254817e-06,0.00104719755119,6.37398195267
0.00405137346187,1.96498844636e-06,0.00104719755119,6.38996505737
0.00405137346187,1.96498844636e-06,0.00104719755119,6.40658211708
0.00405137346187,1.96498844636e-06,0.00104719755119,6.42409110069
0.00434989560735,2.27760022039e-06,0.00139626340159,6.44021010399
0.00434989560735,2.27760022039e-06,0.00139626340159,6.45698404312
0.00434989560735,2.27760022039e-06,0.00139626340159,6.47349095345
0.00434989560735,2.27760022039e-06,0.00139626340159,6.49609208107
0.00434989560735,2.27760022039e-06,0.00104719755119,6.5063700676
0.00434989560735,2.27760022039e-06,0.00104719755119,6.5235440731
0.00434989560735,2.27760022039e-06,0.00104719755119,6.53983211517
0.00434989560735,2.27760022039e-06,0.00104719755119,6.55814909935
0.00434989560735,2.27760022039e-06,0.00104719755119,6.57327103615
0.00434989560735,2.27760022039e-06,0.00104719755119,6.59074997902
0.00434989560735,2.27760022039e-06,0.00104719755119,6.6065299511
0.00434989560735,2.27760022039e-06,0.00104719755119,6.62340307236
0.00426460356578,2.18828257073e-06,0.00122173047639,6.64045596123
0.00426460356578,2.18828257073e-06,0.00122173047639,6.65682005882
0.00426460356578,2.18828257073e-06,0.00122173047639,6.67495512962
0.00426460356578,2.18828257073e-06,0.00122173047639,6.69158601761
0.00426460356578,2.18828257073e-06,0.00139626340159,6.70747613907
0.00426460356578,2.18828257073e-06,0.00139626340159,6.72453999519
0.00426460356578,2.18828257073e-06,0.00139626340159,6.74113202095
0.00426460356578,2.18828257073e-06,0.00139626340159,6.76005411148
0.00426460356578,2.18828257073e-06,0.00139626340159,6.77433896065
0.00426460356578,2.18828257073e-06,0.00139626340159,6.79089999199
0.00426460356578,2.18828257073e-06,0.00139626340159,6.80714702606
0.00426460356578,2.18828257073e-06,0.00139626340159,6.82431292534
0.00426460356578,2.18828257073e-06,0.00139626340159,6.84041595459
0.00426460356578,2.18828257073e-06,0.00139626340159,6.85674095154
0.00426460356578,2.18828257073e-06,0.00139626340159,6.87318205833
0.00426460356578,2.18828257073e-06,0.00139626340159,6.89002394676
0.00426460356578,2.18828257073e-06,0.00139626340159,6.90660500526
0.00426460356578,2.18828257073e-06,0.00139626340159,6.92434811592
0.00426460356578,2.18828257073e-06,0.00139626340159,6.94113397598
0.00426460356578,2.18828257073e-06,0.00139626340159,6.95952701569
0.00426460356578,2.18828257073e-06,0.00139626340159,6.97331213951
0.00426460356578,2.18828257073e-06,0.00139626340159,6.99022006989
0.00426460356578,2.18828257073e-06,0.00139626340159,7.00683808327
0.00426460356578,2.18828257073e-06,0.00139626340159,7.02359414101
0.00426460356578,2.18828257073e-06,0.00139626340159,7.04008197784
0.00426460356578,2.18828257073e-06,0.00139626340159,7.05694913864
0.00426460356578,2.18828257073e-06,0.00139626340159,7.07445192337
0.00426460356578,2.18828257073e-06,0.00139626340159,7.09095907211
0.00426460356578,2.18828257073e-06,0.00139626340159,7.10674095154
0.00426460356578,2.18828257073e-06,0.00139626340159,7.12371110916
0.00426460356578,2.18828257073e-06,0.00139626340159,7.13985800743
0.00426460356578,2.18828257073e-06,0.00139626340159,7.15746212006
0.00426460356578,2.18828257073e-06,0.00139626340159,7.17354297638
0.00426460356578,2.18828257073e-06,0.00139626340159,7.19052600861
0.00426460356578,2.18828257073e-06,0.00139626340159,7.20688796043
0.00426460356578,2.18828257073e-06,0.00139626340159,7.22363805771
0.00426460356578,2.18828257073e-06,0.00139626340159,7.2399930954
0.00426460356578,2.18828257073e-06,0.00139626340159,7.25680708885
0.00426460356578,2.18828257073e-06,0.00139626340159,7.27320098877
0.00426460356578,2.18828257073e-06,0.00139626340159,7.29012703896
0.00426460356578,2.18828257073e-06,0.00139626340159,7.30716300011
0.00426460356578,2.18828257073e-06,0.00139626340159,7.32543992996
0.00426460356578,2.18828257073e-06,0.00139626340159,7.34017705917
0.00426460356578,2.18828257073e-06,0.00139626340159,7.35702896118
0.00426460356578,2.18828257073e-06,0.00139626340159,7.37318396568
0.00426460356578,2.18828257073e-06,0.00139626340159,7.38997292519
0.00426460356578,2.18828257073e-06,0.00139626340159,7.40646314621
0.00426460356578,2.18828257073e-06,0.00139626340159,7.42327809334
0.00426460356578,2.18828257073e-06,0.00139626340159,7.43993496895
0.00426460356578,2.18828257073e-06,0.00139626340159,7.45642709732
0.00426460356578,2.18828257073e-06,0.00139626340159,7.47341704369
0.00426460356578,2.18828257073e-06,0.00139626340159,7.48991203308
0.00426460356578,2.18828257073e-06,0.00139626340159,7.50640201569
0.00426460356578,2.18828257073e-06,0.00139626340159,7.52363014221
0.00426460356578,2.18828257073e-06,0.00139626340159,7.53992199898
0.00426460356578,2.18828257073e-06,0.00139626340159,7.55751204491
0.00426460356578,2.18828257073e-06,0.00139626340159,7.57338213921
0.00426460356578,2.18828257073e-06,0.00139626340159,7.59045600891
0.00426460356578,2.18828257073e-06,0.00139626340159,7.60661101341
0.00426460356578,2.18828257073e-06,0.00139626340159,7.62379693985
0.00426460356578,2.18828257073e-06,0.00139626340159,7.64026904106
0.00426460356578,2.18828257073e-06,0.00139626340159,7.65674710274
0.00426460356578,2.18828257073e-06,0.00139626340159,7.67309212685
0.00426460356578,2.18828257073e-06,0.00139626340159,7.690128088
0.00426460356578,2.18828257073e-06,0.00139626340159,7.70658302307
0.00426460356578,2.18828257073e-06,0.00139626340159,7.72570610046
0.00426460356578,2.18828257073e-06,0.00139626340159,7.73983693123
0.00426460356578,2.18828257073e-06,0.00139626340159,7.7568359375
0.00426460356578,2.18828257073e-06,0.00139626340159,7.7733271122
0.00426460356578,2.18828257073e-06,0.00139626340159,7.79043912888
0.00426460356578,2.18828257073e-06,0.00139626340159,7.80665493011
0.00426460356578,2.18828257073e-06,0.00139626340159,7.82325291634
0.00426460356578,2.18828257073e-06,0.00139626340159,7.840321064
0.00426460356578,2.18828257073e-06,0.00139626340159,7.85678696632
0.00426460356578,2.18828257073e-06,0.00139626340159,7.87480592728
0.00426460356578,2.18828257073e-06,0.00139626340159,7.89009213448
0.00426460356578,2.18828257073e-06,0.00139626340159,7.90686702728
0.00426460356578,2.18828257073e-06,0.00139626340159,7.92346906662
0.00426460356578,2.18828257073e-06,0.00139626340159,7.94076299667
0.00426460356578,2.18828257073e-06,0.00139626340159,7.95656895638
0.00426460356578,2.18828257073e-06,0.00139626340159,7.97380304337
0.00426460356578,2.18828257073e-06,0.00139626340159,7.99014592171
0.00426460356578,2.18828257073e-06,0.00139626340159,8.00719094276
0.00426460356578,2.18828257073e-06,0.00139626340159,8.02344107628
0.00426460356578,2.18828257073e-06,0.00139626340159,8.03987312317
0.00426460356578,2.18828257073e-06,0.00139626340159,8.05669403076
0.00426460356578,2.18828257073e-06,0.00139626340159,8.07360696793
0.00426460356578,2.18828257073e-06,0.00139626340159,8.09012103081
0.00426460356578,2.18828257073e-06,0.00139626340159,8.10672211647
0.00426460356578,2.18828257073e-06,0.00139626340159,8.1235499382
0.00426460356578,2.18828257073e-06,0.00139626340159,8.13987207413
0.00426460356578,2.18828257073e-06,0.00139626340159,8.15665698051
0.00426460356578,2.18828257073e-06,0.00139626340159,8.17317605019
0.00426460356578,2.18828257073e-06,0.00139626340159,8.19012594223
0.00426460356578,2.18828257073e-06,0.00139626340159,8.2064640522
0.00426460356578,2.18828257073e-06,0.00139626340159,8.22443795204
0.00426460356578,2.18828257073e-06,0.00139626340159,8.23971009254
0.00426460356578,2.18828257073e-06,0.00139626340159,8.2568860054
0.00426460356578,2.18828257073e-06,0.00139626340159,8.27379894257
0.00426460356578,2.18828257073e-06,0.00139626340159,8.29009914398
0.00426460356578,2.18828257073e-06,0.00139626340159,8.30769705772
0.00426460356578,2.18828257073e-06,0.00139626340159,8.32344198227
0.00426460356578,2.18828257073e-06,0.00139626340159,8.33994102478
0.00426460356578,2.18828257073e-06,0.00139626340159,8.35659003258
0.00426460356578,2.18828257073e-06,0.00139626340159,8.3731970787
0.00426460356578,2.18828257073e-06,0.00139626340159,8.39128804207
0.00426460356578,2.18828257073e-06,0.00139626340159,8.40651607513
0.00426460356578,2.18828257073e-06,0.00139626340159,8.42367291451
0.00426460356578,2.18828257073e-06,0.00139626340159,8.44176602364
0.00426460356578,2.18828257073e-06,0.00139626340159,8.45736408234
0.00426460356578,2.18828257073e-06,0.00139626340159,8.47378706932
0.00426460356578,2.18828257073e-06,0.00139626340159,8.49047994614
0.00426460356578,2.18828257073e-06,0.00139626340159,8.50770401955
0.00426460356578,2.18828257073e-06,0.00139626340159,8.5234401226
0.00426460356578,2.18828257073e-06,0.00139626340159,8.53991603851
0.00426460356578,2.18828257073e-06,0.00139626340159,8.55670404434
0.00426460356578,2.18828257073e-06,0.00139626340159,8.57314991951
0.00426460356578,2.18828257073e-06,0.00139626340159,8.59026193619
0.00426460356578,2.18828257073e-06,0.00139626340159,8.60657811165
0.00426460356578,2.18828257073e-06,0.00139626340159,8.62332296371
0.00426460356578,2.18828257073e-06,0.00139626340159,8.64010095596
0.00426460356578,2.18828257073e-06,0.00139626340159,8.65655207634
0.00426460356578,2.18828257073e-06,0.00139626340159,8.67323493958
0.00426460356578,2.18828257073e-06,0.00139626340159,8.69013595581
0.00426460356578,2.18828257073e-06,0.00139626340159,8.70666003227
0.00426460356578,2.18828257073e-06,0.00139626340159,8.7243680954
0.00426460356578,2.18828257073e-06,0.00139626340159,8.73985695839
0.00426460356578,2.18828257073e-06,0.00139626340159,8.75686407089
0.00426460356578,2.18828257073e-06,0.00139626340159,8.77346301079
0.00426460356578,2.18828257073e-06,0.00139626340159,8.79142308235
0.00426460356578,2.18828257073e-06,0.00139626340159,8.80672812462
0.00426460356578,2.18828257073e-06,0.00139626340159,8.82354593277
0.00426460356578,2.18828257073e-06,0.00139626340159,8.8406829834
0.00426460356578,2.18828257073e-06,0.00139626340159,8.85816001892
0.00426460356578,2.18828257073e-06,0.00139626340159,8.87570691109
0.00426460356578,2.18828257073e-06,0.00139626340159,8.89014291763
0.00426460356578,2.18828257073e-06,0.00139626340159,8.90663909912
0.00426460356578,2.18828257073e-06,0.00139626340159,8.92560005188
0.00426460356578,2.18828257073e-06,0.00139626340159,8.94080996513
0.00426460356578,2.18828257073e-06,0.00139626340159,8.95690202713
0.00426460356578,2.18828257073e-06,0.00139626340159,8.97314405441
0.00426460356578,2.18828257073e-06,0.00139626340159,8.99290513992
0.00426460356578,2.18828257073e-06,0.00139626340159,9.00656890869
0.00426460356578,2.18828257073e-06,0.00139626340159,9.02326512337
0.00426460356578,2.18828257073e-06,0.00139626340159,9.04018712044
0.00426460356578,2.18828257073e-06,0.00139626340159,9.05724000931
0.00426460356578,2.18828257073e-06,0.00139626340159,9.07344198227
0.00426460356578,2.18828257073e-06,0.00139626340159,9.09052395821
0.00426460356578,2.18828257073e-06,0.00139626340159,9.10665798187
0.00426460356578,2.18828257073e-06,0.00139626340159,9.12331199646
0.00426460356578,2.18828257073e-06,0.00139626340159,9.13989090919
0.00426460356578,2.18828257073e-06,0.00139626340159,9.15647411346
0.00426460356578,2.18828257073e-06,0.00139626340159,9.1730260849
0.00426460356578,2.18828257073e-06,0.00139626340159,9.1898829937
0.00426460356578,2.18828257073e-06,0.00139626340159,9.20676612854
0.00426460356578,2.18828257073e-06,0.00139626340159,9.2239780426
0.00426460356578,2.18828257073e-06,0.00139626340159,9.2398879528
0.00426460356578,2.18828257073e-06,0.00139626340159,9.25689291954
0.00426460356578,2.18828257073e-06,0.00139626340159,9.27331209183
0.00426460356578,2.18828257073e-06,0.00139626340159,9.29126906395
0.00426460356578,2.18828257073e-06,0.00139626340159,9.30656099319
0.00426460356578,2.18828257073e-06,0.00139626340159,9.32350611687
0.00426460356578,2.18828257073e-06,0.00139626340159,9.34002614021
0.00426460356578,2.18828257073e-06,0.00139626340159,9.35746002197
0.00426460356578,2.18828257073e-06,0.00139626340159,9.37323307991
0.00426460356578,2.18828257073e-06,0.00139626340159,9.38984894753
0.00426460356578,2.18828257073e-06,0.00139626340159,9.40677595139
0.00426460356578,2.18828257073e-06,0.00139626340159,9.42493104935
0.00426460356578,2.18828257073e-06,0.00139626340159,9.4405579567
0.00426460356578,2.18828257073e-06,0.00139626340159,9.45741796494
0.00426460356578,2.18828257073e-06,0.00139626340159,9.47361803055
0.00426460356578,2.18828257073e-06,0.00139626340159,9.4898250103
0.00426460356578,2.18828257073e-06,0.00139626340159,9.50662398338
0.00426460356578,2.18828257073e-06,0.00139626340159,9.52335906029
0.00426460356578,2.18828257073e-06,0.00139626340159,9.54017305374
0.00426460356578,2.18828257073e-06,0.00139626340159,9.55774712563
0.00426460356578,2.18828257073e-06,0.00139626340159,9.57362914085
0.00426460356578,2.18828257073e-06,0.00139626340159,9.59137105942
0.00426460356578,2.18828257073e-06,0.00139626340159,9.60639691353
0.00426460356578,2.18828257073e-06,0.00139626340159,9.62320899963
0.00426460356578,2.18828257073e-06,0.00139626340159,9.63982200623
0.00426460356578,2.18828257073e-06,0.00139626340159,9.65652298927
0.00426460356578,2.18828257073e-06,0.00139626340159,9.67314100266
0.00426460356578,2.18828257073e-06,0.00139626340159,9.68989300728
0.00426460356578,2.18828257073e-06,0.00139626340159,9.7067630291
0.00426460356578,2.18828257073e-06,0.00139626340159,9.72330713272
0.00426460356578,2.18828257073e-06,0.00139626340159,9.74058914185
0.00426460356578,2.18828257073e-06,0.00139626340159,9.75783896446
0.00426460356578,2.18828257073e-06,0.00139626340159,9.77333593369
0.00426460356578,2.18828257073e-06,0.00139626340159,9.79206800461
0.00426460356578,2.18828257073e-06,0.00139626340159,9.80690598488
0.00426460356578,2.18828257073e-06,0.00139626340159,9.8232820034
0.00426460356578,2.18828257073e-06,0.00139626340159,9.83982896805
0.00426460356578,2.18828257073e-06,0.00139626340159,9.85759711266
0.00426460356578,2.18828257073e-06,0.00139626340159,9.87324595451
0.00426460356578,2.18828257073e-06,0.00139626340159,9.89006495476
0.00426460356578,2.18828257073e-06,0.00139626340159,9.90659403801
0.00426460356578,2.18828257073e-06,0.00139626340159,9.92353892326
0.00426460356578,2.18828257073e-06,0.00139626340159,9.93983793259
0.00426460356578,2.18828257073e-06,0.00139626340159,9.95690608025
0.00426460356578,2.18828257073e-06,0.00139626340159,9.97320008278
0.00426460356578,2.18828257073e-06,0.00139626340159,9.98989796638
0.00426460356578,2.18828257073e-06,0.00139626340159,10.0073580742
0.00426460356578,2.18828257073e-06,0.00139626340159,10.023401022
0.00426460356578,2.18828257073e-06,0.00139626340159,10.0399389267
0.00426460356578,2.18828257073e-06,0.00139626340159,10.0566270351
0.00426460356578,2.18828257073e-06,0.00139626340159,10.0731360912
0.00426460356578,2.18828257073e-06,0.00139626340159,10.0911509991
0.00426460356578,2.18828257073e-06,0.00139626340159,10.1064920425
0.00426460356578,2.18828257073e-06,0.00139626340159,10.1233649254
0.00426460356578,2.18828257073e-06,0.00139626340159,10.1400589943
0.00426460356578,2.18828257073e-06,0.00139626340159,10.1567490101
0.00426460356578,2.18828257073e-06,0.00139626340159,10.1733279228
0.00426460356578,2.18828257073e-06,0.00139626340159,10.1900670528
0.00426460356578,2.18828257073e-06,0.00139626340159,10.2067320347
0.00426460356578,2.18828257073e-06,0.00139626340159,10.2236509323
0.00426460356578,2.18828257073e-06,0.00139626340159,10.2401471138
0.00426460356578,2.18828257073e-06,0.00139626340159,10.2566819191
0.00426460356578,2.18828257073e-06,0.00139626340159,10.2732560635
0.00426460356578,2.18828257073e-06,0.00139626340159,10.2898421288
0.00426460356578,2.18828257073e-06,0.00139626340159,10.3067240715
0.00426460356578,2.18828257073e-06,0.00139626340159,10.3234701157
0.00426460356578,2.18828257073e-06,0.00139626340159,10.3401749134
0.00426460356578,2.18828257073e-06,0.00139626340159,10.3566739559
0.00426460356578,2.18828257073e-06,0.00139626340159,10.373071909
0.00426460356578,2.18828257073e-06,0.00139626340159,10.3900151253
0.00426460356578,2.18828257073e-06,0.00139626340159,10.4065089226
0.00426460356578,2.18828257073e-06,0.00139626340159,10.4242141247
0.00426460356578,2.18828257073e-06,0.00139626340159,10.439893961
0.00426460356578,2.18828257073e-06,0.00139626340159,10.456510067
0.00426460356578,2.18828257073e-06,0.00139626340159,10.4732060432
0.00426460356578,2.18828257073e-06,0.00139626340159,10.4900610447
0.00426460356578,2.18828257073e-06,0.00139626340159,10.5073349476
0.00426460356578,2.18828257073e-06,0.00139626340159,10.5233709812
0.00426460356578,2.18828257073e-06,0.00139626340159,10.539919138
0.00426460356578,2.18828257073e-06,0.00139626340159,10.5578680038
0.00426460356578,2.18828257073e-06,0.00139626340159,10.5742580891
0.00426460356578,2.18828257073e-06,0.00139626340159,10.5909020901
0.00426460356578,2.18828257073e-06,0.00139626340159,10.607378006
0.00426460356578,2.18828257073e-06,0.00139626340159,10.6233599186
0.00426460356578,2.18828257073e-06,0.00139626340159,10.6398789883
0.00426460356578,2.18828257073e-06,0.00139626340159,10.6567220688
0.00426460356578,2.18828257073e-06,0.00139626340159,10.6731331348
0.00426460356578,2.18828257073e-06,0.00139626340159,10.6932110786
0.00426460356578,2.18828257073e-06,0.00139626340159,10.7064530849
0.00426460356578,2.18828257073e-06,0.00139626340159,10.7246010303
0.00426460356578,2.18828257073e-06,0.00139626340159,10.739923954
0.00426460356578,2.18828257073e-06,0.00139626340159,10.7567660809
0.00426460356578,2.18828257073e-06,0.00139626340159,10.7731721401
0.00426460356578,2.18828257073e-06,0.00139626340159,10.7899990082
0.00426460356578,2.18828257073e-06,0.00139626340159,10.806456089
0.00426460356578,2.18828257073e-06,0.00139626340159,10.8231711388
0.00426460356578,2.18828257073e-06,0.00139626340159,10.8397889137
0.00426460356578,2.18828257073e-06,0.00139626340159,10.8566241264
0.00426460356578,2.18828257073e-06,0.00139626340159,10.8731100559
0.00426460356578,2.18828257073e-06,0.00139626340159,10.8899929523
0.00426460356578,2.18828257073e-06,0.00139626340159,10.9064600468
0.00426460356578,2.18828257073e-06,0.00139626340159,10.9232699871
0.00426460356578,2.18828257073e-06,0.00139626340159,10.9398670197
0.00426460356578,2.18828257073e-06,0.00139626340159,10.9566650391
0.00426460356578,2.18828257073e-06,0.00139626340159,10.9733560085
0.00426460356578,2.18828257073e-06,0.00139626340159,10.9905149937
0.00426460356578,2.18828257073e-06,0.00139626340159,11.0066781044
0.00426460356578,2.18828257073e-06,0.00139626340159,11.0240020752
0.00426460356578,2.18828257073e-06,0.00139626340159,11.0403411388
0.00426460356578,2.18828257073e-06,0.00139626340159,11.056855917
0.00426460356578,2.18828257073e-06,0.00139626340159,11.0731320381
0.00426460356578,2.18828257073e-06,0.00139626340159,11.0922849178
0.00426460356578,2.18828257073e-06,0.00139626340159,11.1066300869
0.00426460356578,2.18828257073e-06,0.00139626340159,11.1234180927
0.00426460356578,2.18828257073e-06,0.00139626340159,11.1397740841
0.00426460356578,2.18828257073e-06,0.00139626340159,11.1568949223
0.00426460356578,2.18828257073e-06,0.00139626340159,11.1732599735
0.00426460356578,2.18828257073e-06,0.00139626340159,11.1900570393
0.00426460356578,2.18828257073e-06,0.00139626340159,11.2065849304
0.00426460356578,2.18828257073e-06,0.00139626340159,11.2232689857
0.00426460356578,2.18828257073e-06,0.00139626340159,11.2397711277
0.00426460356578,2.18828257073e-06,0.00139626340159,11.2566001415
0.00426460356578,2.18828257073e-06,0.00139626340159,11.2734041214
0.00426460356578,2.18828257073e-06,0.00139626340159,11.2901439667
0.00426460356578,2.18828257073e-06,0.00139626340159,11.306524992
0.00426460356578,2.18828257073e-06,0.00139626340159,11.3232741356
0.00426460356578,2.18828257073e-06,0.00139626340159,11.3397879601
0.00426460356578,2.18828257073e-06,0.00139626340159,11.3566660881
0.00426460356578,2.18828257073e-06,0.00139626340159,11.3732540607
0.00426460356578,2.18828257073e-06,0.00139626340159,11.3915319443
0.00426460356578,2.18828257073e-06,0.00139626340159,11.4066989422
0.00426460356578,2.18828257073e-06,0.00139626340159,11.423224926
0.00426460356578,2.18828257073e-06,0.00139626340159,11.4398391247
0.00426460356578,2.18828257073e-06,0.00139626340159,11.4567849636
0.00426460356578,2.18828257073e-06,0.00139626340159,11.4732739925
0.00426460356578,2.18828257073e-06,0.00139626340159,11.4897930622
0.00426460356578,2.18828257073e-06,0.00139626340159,11.5064899921
0.00426460356578,2.18828257073e-06,0.00139626340159,11.5234279633
0.00426460356578,2.18828257073e-06,0.00139626340159,11.5399949551
0.00426460356578,2.18828257073e-06,0.00139626340159,11.556538105
0.00426460356578,2.18828257073e-06,0.00139626340159,11.5732591152
0.00426460356578,2.18828257073e-06,0.00139626340159,11.5898830891
0.00426460356578,2.18828257073e-06,0.00139626340159,11.6064369678
0.00426460356578,2.18828257073e-06,0.00139626340159,11.6234419346
0.00426460356578,2.18828257073e-06,0.00139626340159,11.6397509575
0.00426460356578,2.18828257073e-06,0.00139626340159,11.6572780609
0.00426460356578,2.18828257073e-06,0.00139626340159,11.6732809544
0.00426460356578,2.18828257073e-06,0.00139626340159,11.6924309731
0.00426460356578,2.18828257073e-06,0.00139626340159,11.7065401077
0.00426460356578,2.18828257073e-06,0.00139626340159,11.7232921124
0.00426460356578,2.18828257073e-06,0.00139626340159,11.7400200367
0.00426460356578,2.18828257073e-06,0.00139626340159,11.7565751076
0.00426460356578,2.18828257073e-06,0.00139626340159,11.7730250359
0.00426460356578,2.18828257073e-06,0.00139626340159,11.789837122
0.00426460356578,2.18828257073e-06,0.00139626340159,11.8065609932
0.00426460356578,2.18828257073e-06,0.00139626340159,11.8237559795
0.00426460356578,2.18828257073e-06,0.00139626340159,11.8398740292
0.00426460356578,2.18828257073e-06,0.00139626340159,11.8567080498
0.00426460356578,2.18828257073e-06,0.00139626340159,11.8734850883
0.00426460356578,2.18828257073e-06,0.00139626340159,11.8921010494
0.00426460356578,2.18828257073e-06,0.00139626340159,11.9065139294
0.00426460356578,2.18828257073e-06,0.00139626340159,11.9232521057
0.00426460356578,2.18828257073e-06,0.00139626340159,11.940128088
0.00426460356578,2.18828257073e-06,0.00139626340159,11.956469059
0.00426460356578,2.18828257073e-06,0.00139626340159,11.9731061459
0.00426460356578,2.18828257073e-06,0.00139626340159,11.9901480675
0.00426460356578,2.18828257073e-06,0.00139626340159,12.0073149204
0.00426460356578,2.18828257073e-06,0.00139626340159,12.0232880116
0.00426460356578,2.18828257073e-06,0.00139626340159,12.0398161411
0.00426460356578,2.18828257073e-06,0.00139626340159,12.056759119
0.00426460356578,2.18828257073e-06,0.00139626340159,12.0736629963
0.00426460356578,2.18828257073e-06,0.00139626340159,12.0907371044
0.00426460356578,2.18828257073e-06,0.00139626340159,12.1068799496
0.00426460356578,2.18828257073e-06,0.00139626340159,12.1235411167
0.00426460356578,2.18828257073e-06,0.00139626340159,12.140171051
0.00426460356578,2.18828257073e-06,0.00139626340159,12.1566951275
0.00426460356578,2.18828257073e-06,0.00139626340159,12.1732709408
0.00426460356578,2.18828257073e-06,0.00139626340159,12.1897559166
0.00426460356578,2.18828257073e-06,0.00139626340159,12.2065489292
0.00426460356578,2.18828257073e-06,0.00139626340159,12.2232029438
0.00426460356578,2.18828257073e-06,0.00139626340159,12.2402899265
0.00426460356578,2.18828257073e-06,0.00139626340159,12.2565119267
0.00426460356578,2.18828257073e-06,0.00139626340159,12.2732410431
0.00426460356578,2.18828257073e-06,0.00139626340159,12.2900249958
0.00426460356578,2.18828257073e-06,0.00139626340159,12.3074901104
0.00426460356578,2.18828257073e-06,0.00139626340159,12.3241739273
0.00426460356578,2.18828257073e-06,0.00139626340159,12.3405020237
0.00426460356578,2.18828257073e-06,0.00139626340159,12.3579599857
0.00426460356578,2.18828257073e-06,0.00139626340159,12.3731329441
0.00426460356578,2.18828257073e-06,0.00139626340159,12.3899450302
0.00426460356578,2.18828257073e-06,0.00139626340159,12.4070320129
0.00426460356578,2.18828257073e-06,0.00139626340159,12.4233000278
0.00426460356578,2.18828257073e-06,0.00139626340159,12.4398210049
0.00426460356578,2.18828257073e-06,0.00139626340159,12.4566559792
0.00426460356578,2.18828257073e-06,0.00139626340159,12.4730601311
0.00426460356578,2.18828257073e-06,0.00139626340159,12.4898281097
0.00426460356578,2.18828257073e-06,0.00139626340159,12.5064430237
0.00426460356578,2.18828257073e-06,0.00139626340159,12.5231640339
0.00426460356578,2.18828257073e-06,0.00139626340159,12.5403559208
0.00426460356578,2.18828257073e-06,0.00139626340159,12.5564551353
0.00426460356578,2.18828257073e-06,0.00139626340159,12.5732550621
0.00426460356578,2.18828257073e-06,0.00139626340159,12.5898151398
0.00426460356578,2.18828257073e-06,0.00139626340159,12.606595993
0.00426460356578,2.18828257073e-06,0.00139626340159,12.6233890057
0.00426460356578,2.18828257073e-06,0.00139626340159,12.6403620243
0.00426460356578,2.18828257073e-06,0.00139626340159,12.6573829651
0.00426460356578,2.18828257073e-06,0.00139626340159,12.6731770039
0.00426460356578,2.18828257073e-06,0.00139626340159,12.6899399757
0.00426460356578,2.18828257073e-06,0.00139626340159,12.7072079182
0.00426460356578,2.18828257073e-06,0.00139626340159,12.7231230736
0.00426460356578,2.18828257073e-06,0.00139626340159,12.7401330471
0.00426460356578,2.18828257073e-06,0.00139626340159,12.7569141388
0.00426460356578,2.18828257073e-06,0.00139626340159,12.7733011246
0.00426460356578,2.18828257073e-06,0.00139626340159,12.7899210453
0.00426460356578,2.18828257073e-06,0.00139626340159,12.806579113
0.00426460356578,2.18828257073e-06,0.00139626340159,12.8233511448
0.00426460356578,2.18828257073e-06,0.00139626340159,12.8397870064
0.00426460356578,2.18828257073e-06,0.00139626340159,12.8566429615
0.00426460356578,2.18828257073e-06,0.00139626340159,12.8731269836
0.00426460356578,2.18828257073e-06,0.00139626340159,12.8900630474
0.00426460356578,2.18828257073e-06,0.00139626340159,12.9065849781
0.00426460356578,2.18828257073e-06,0.00139626340159,12.9233961105
0.00426460356578,2.18828257073e-06,0.00139626340159,12.9396939278
0.00426460356578,2.18828257073e-06,0.00139626340159,12.9565999508
0.00426460356578,2.18828257073e-06,0.00139626340159,12.9733431339
0.00426460356578,2.18828257073e-06,0.00139626340159,12.9898059368
0.00426460356578,2.18828257073e-06,0.00139626340159,13.0065600872
0.00426460356578,2.18828257073e-06,0.00139626340159,13.0233530998
0.00426460356578,2.18828257073e-06,0.00139626340159,13.0402169228
0.00426460356578,2.18828257073e-06,0.00139626340159,13.0568809509
0.00426460356578,2.18828257073e-06,0.00139626340159,13.0739450455
0.00426460356578,2.18828257073e-06,0.00139626340159,13.09019804
0.00426460356578,2.18828257073e-06,0.00139626340159,13.1065170765
0.00426460356578,2.18828257073e-06,0.00139626340159,13.1243510246
0.00426460356578,2.18828257073e-06,0.00139626340159,13.1398069859
0.00426460356578,2.18828257073e-06,0.00139626340159,13.1572029591
0.00426460356578,2.18828257073e-06,0.00139626340159,13.1730411053
0.00426460356578,2.18828257073e-06,0.00139626340159,13.1902401447
0.00426460356578,2.18828257073e-06,0.00139626340159,13.206469059
0.00426460356578,2.18828257073e-06,0.00139626340159,13.2243521214
0.00426460356578,2.18828257073e-06,0.00139626340159,13.2398519516
0.00426460356578,2.18828257073e-06,0.00139626340159,13.2581489086
0.00426460356578,2.18828257073e-06,0.00139626340159,13.2735879421
0.00426460356578,2.18828257073e-06,0.00139626340159,13.29063797
0.00426460356578,2.18828257073e-06,0.00139626340159,13.3074309826
0.00426460356578,2.18828257073e-06,0.00139626340159,13.324422121
0.00426460356578,2.18828257073e-06,0.00139626340159,13.3398840427
0.00426460356578,2.18828257073e-06,0.00139626340159,13.3568019867
0.00426460356578,2.18828257073e-06,0.00139626340159,13.3730700016
0.00426460356578,2.18828257073e-06,0.00139626340159,13.389783144
0.00426460356578,2.18828257073e-06,0.00139626340159,13.4065110683
0.00426460356578,2.18828257073e-06,0.00139626340159,13.4234490395
0.00426460356578,2.18828257073e-06,0.00139626340159,13.4399020672
0.00426460356578,2.18828257073e-06,0.00139626340159,13.4564189911
0.00426460356578,2.18828257073e-06,0.00139626340159,13.4730041027
0.00426460356578,2.18828257073e-06,0.00139626340159,13.4898400307
0.00426460356578,2.18828257073e-06,0.00139626340159,13.5067009926
0.00426460356578,2.18828257073e-06,0.00139626340159,13.5238180161
0.00426460356578,2.18828257073e-06,0.00139626340159,13.5398449898
0.00426460356578,2.18828257073e-06,0.00139626340159,13.5565080643
0.00426460356578,2.18828257073e-06,0.00139626340159,13.5734500885
0.00426460356578,2.18828257073e-06,0.00139626340159,13.5899391174
0.00426460356578,2.18828257073e-06,0.00139626340159,13.6064190865
0.00426460356578,2.18828257073e-06,0.00139626340159,13.6232120991
0.00426460356578,2.18828257073e-06,0.00139626340159,13.640075922
0.00426460356578,2.18828257073e-06,0.00139626340159,13.6565179825
0.00426460356578,2.18828257073e-06,0.00139626340159,13.6738390923
0.00426460356578,2.18828257073e-06,0.00139626340159,13.6900930405
0.00426460356578,2.18828257073e-06,0.00139626340159,13.7066030502
0.00426460356578,2.18828257073e-06,0.00139626340159,13.7236659527
0.00426460356578,2.18828257073e-06,0.00139626340159,13.7404720783
0.00426460356578,2.18828257073e-06,0.00139626340159,13.7567441463
0.00426460356578,2.18828257073e-06,0.00139626340159,13.7731769085
0.00426460356578,2.18828257073e-06,0.00139626340159,13.7902789116
0.00426460356578,2.18828257073e-06,0.00139626340159,13.8065159321
0.00426460356578,2.18828257073e-06,0.00139626340159,13.8233170509
0.00426460356578,2.18828257073e-06,0.00139626340159,13.8407239914
0.00426460356578,2.18828257073e-06,0.00139626340159,13.8566241264
0.00426460356578,2.18828257073e-06,0.00139626340159,13.873593092
0.00426460356578,2.18828257073e-06,0.00139626340159,13.8902099133
0.00426460356578,2.18828257073e-06,0.00139626340159,13.9067070484
0.00426460356578,2.18828257073e-06,0.00139626340159,13.9232430458
0.00426460356578,2.18828257073e-06,0.00139626340159,13.9399030209
0.00426460356578,2.18828257073e-06,0.00139626340159,13.9564540386
0.00426460356578,2.18828257073e-06,0.00139626340159,13.9738209248
0.00426460356578,2.18828257073e-06,0.00139626340159,13.9899299145
0.00426460356578,2.18828257073e-06,0.00139626340159,14.0064921379
0.00426460356578,2.18828257073e-06,0.00139626340159,14.023277998
0.00426460356578,2.18828257073e-06,0.00139626340159,14.040086031
0.00426460356578,2.18828257073e-06,0.00139626340159,14.0595231056
0.00426460356578,2.18828257073e-06,0.00139626340159,14.0739109516
