0.0,0.0,0.0,0.0271980762482
0.0,0.0,0.0,0.0436000823975
0.0,0.0,0.0,0.0603289604187
0.0,0.0,0.0,0.0769529342651
0.0,0.0,0.0,0.0935060977936
0.0,0.0,0.0,0.110618114471
0.0,0.0,0.0,0.12700510025
0.0,0.0,0.0,0.143494129181
0.0,0.0,0.0,0.160187959671
0.0,0.0,0.0,0.176908969879
0.0,0.0,0.0,0.193685054779
0.0,0.0,0.0,0.210215091705
0.0,0.0,0.0,0.226949930191
0.0,0.0,0.0,0.243713140488
0.0,0.0,0.0,0.260427951813
0.0,0.0,0.0,0.277096986771
0.0,0.0,0.0,0.294350147247
0.0,0.0,0.0,0.311275959015
0.0,0.0,0.0,0.32716012001
0.0,0.0,0.0,0.343836069107
0.0,0.0,0.0,0.360539913177
0.0,0.0,0.0,0.377021074295
0.0,0.0,0.0,0.393777132034
0.0,0.0,0.0,0.410907030106
0.0,0.0,0.0,0.427099943161
0.0,0.0,0.0,0.44367313385
0.0,0.0,0.0,0.460688114166
0.0,0.0,0.0,0.477056980133
0.0,0.0,0.0,0.494413137436
0.0,0.0,0.0,0.510481119156
0.0,0.0,0.0,0.527616024017
0.0,0.0,0.0,0.543792009354
0.0,0.0,0.0,0.560930013657
0.0,0.0,0.0,0.577382087708
0.0,0.0,0.0,0.593814134598
0.0,0.0,0.0,0.610795021057
0.0,0.0,0.0,0.627283096313
0.0,0.0,0.0,0.643846988678
0.0,0.0,0.0,0.660383939743
0.0,0.0,0.0,0.677083969116
0.0,0.0,0.0,0.694529056549
0.0,0.0,0.0,0.710381984711
0.0,0.0,0.0,0.727028131485
0.0,0.0,0.0,0.74361205101
0.0,0.0,0.0,0.7606549263
0.0,0.0,0.0,0.777156114578
0.0,0.0,0.0,0.794882059097
0.0,0.0,0.0,0.814250946045
0.0,0.0,0.0,0.827096939087
0.0,0.0,0.0,0.844506978989
0.0,0.0,0.0,0.860502958298
0.0,0.0,0.0,0.877515077591
0.0,0.0,0.0,0.894351959229
0.0,0.0,0.0,0.910670995712
0.0,0.0,0.0,0.927148103714
0.0,0.0,0.0,0.944316148758
0.0,0.0,0.0,0.960467100143
0.0,0.0,0.0,0.977532148361
0.0,0.0,0.0,0.994319915771
0.0,0.0,0.0,1.01057195663
0.0,0.0,0.0,1.02734804153
0.0,0.0,0.0,1.04356598854
0.0,0.0,0.0,1.06057906151
0.0,0.0,0.0,1.07722091675
0.0,0.0,0.0,1.09416604042
0.0,0.0,0.0,1.11135792732
0.0,0.0,0.0,1.12730097771
0.0,0.0,0.0,1.14445304871
0.0,0.0,0.0,1.16048002243
0.0,0.0,0.0,1.17735910416
0.0,0.0,0.0,1.19385409355
0.0,0.0,0.0,1.21035909653
0.0,0.0,0.0,1.22845697403
0.0,0.0,0.0,1.24391412735
0.0,0.0,0.0,1.26044106483
0.0,0.0,0.0,1.27724504471
0.0,0.0,0.0,1.29394292831
0.0,0.0,0.0,1.31295704842
0.0,0.0,0.0,1.32718992233
0.0,0.0,0.0,1.34398007393
0.0,0.0,0.0,1.36052298546
0.0,0.0,0.0,1.37752509117
0.0,0.0,0.0,1.39416193962
0.0,0.0,0.0,1.41118907928
0.0,0.0,0.0,1.42725610733
0.0,0.0,0.0,1.44383692741
0.0,0.0,0.0,1.46036100388
0.0,0.0,0.0,1.47745299339
0.0,0.0,0.0,1.49404096603
0.0,0.0,0.0,1.51097607613
0.0,0.0,0.0,1.52710700035
0.0,0.0,0.0,1.54371500015
0.0,0.0,0.0,1.56045198441
0.0,0.0,0.0,1.57752394676
0.0,0.0,0.0,1.59415507317
0.0,0.0,0.0,1.61145806313
0.0,0.0,0.0,1.62735795975
0.0,0.0,0.0,1.64386606216
0.0,0.0,0.0,1.66039991379
0.0,0.0,0.0,1.67710709572
0.0,0.0,0.0,1.6939330101
0.0,0.0,0.0,1.71062397957
0.0,0.0,0.0,1.72709202766
0.0,0.0,0.0,1.74355792999
0.0,0.0,0.0,1.76047992706
0.0,0.0,0.0,1.77718901634
0.0,0.0,0.0,1.79391098022
0.0,0.0,0.0,1.81195497513
0.0,0.0,0.0,1.82725906372
0.0,0.0,0.0,1.84405612946
0.0,0.0,0.0,1.86043310165
0.0,0.0,0.0,1.87725806236
0.0,0.0,0.0,1.89402198792
0.0,0.0,0.0,1.91041493416
0.0,0.0,0.0,1.92703294754
0.0,0.0,0.0,1.94403195381
0.0,0.0,0.0,1.96039414406
0.0,0.0,0.0,1.97709393501
0.0,0.0,0.0,1.9939789772
0.0,0.0,0.0,2.01041913033
0.0,0.0,0.0,2.02774095535
0.0,0.0,0.0,2.0456700325
0.0,0.0,0.0,2.0602619648
0.0,0.0,0.0,2.07704806328
0.0,0.0,0.0,2.09385204315
0.0,0.0,0.0,2.11054491997
0.0,0.0,0.0,2.12712812424
0.0,0.0,0.0,2.14380812645
0.0,0.0,0.0,2.16044402122
0.0,0.0,0.0,2.1769900322
0.0,0.0,0.0,2.19358801842
0.0,0.0,0.0,2.21027612686
0.0,0.0,0.0,2.22720694542
0.0,0.0,0.0,2.24550914764
0.0,0.0,0.0,2.26041507721
0.0,0.0,0.0,2.27741503716
0.0,0.0,0.0,2.29379606247
0.0,0.0,0.0,2.31041908264
0.0,0.0,0.0,2.32690501213
0.0,0.0,0.0,2.34362506866
0.0,0.0,0.0,2.36043310165
0.0,0.0,0.0,2.37714314461
0.0,0.0,0.0,2.39374303818
0.0,0.0,0.0,2.4103910923
0.0,0.0,0.0,2.42710399628
0.0,0.0,0.0,2.44389510155
0.0,0.0,0.0,2.46045207977
0.0,0.0,0.0,2.4770989418
0.0,0.0,0.0,2.49378609657
0.0,0.0,0.0,2.51072096825
0.0,0.0,0.0,2.52712607384
0.0,0.0,0.0,2.54431796074
0.0,0.0,0.0,2.56022500992
0.0,0.0,0.0,2.57727003098
0.0,0.0,0.0,2.59375309944
0.0,0.0,0.0,2.61068511009
0.0,0.0,0.0,2.627202034
0.0,0.0,0.0,2.6436920166
0.0,0.0,0.0,2.66043591499
0.0,0.0,0.0,2.67710709572
0.0,0.0,0.0,2.69359111786
0.0,0.0,0.0,2.71036601067
0.0,0.0,0.0,2.72699809074
0.0,0.0,0.0,2.74373197556
0.0,0.0,0.0,2.76046991348
0.0,0.0,0.0,2.77710795403
0.0,0.0,0.0,2.79393100739
0.0,0.0,0.0,2.81034207344
0.0,0.0,0.0,2.8274641037
0.0,0.0,0.0,2.84373402596
0.0,0.0,0.0,2.8604490757
0.0,0.0,0.0,2.88224601746
0.0,0.0,0.0,2.89370107651
0.0,0.0,0.0,2.91033506393
0.0,0.0,0.0,2.92703700066
0.0,0.0,0.0,2.94354701042
0.0,0.0,0.0,2.96049499512
0.0,0.0,0.0,2.97715902328
0.0,0.0,0.0,2.99378705025
0.0,0.0,0.0,3.01429605484
0.0,0.0,0.0,3.02735614777
0.0,0.0,0.0,3.04391908646
0.0,0.0,0.0,3.06072902679
0.0,0.0,0.0,3.07732105255
0.0,0.0,0.0,3.09374094009
0.0,0.0,0.0,3.11068201065
0.0,0.0,0.0,3.12756896019
0.0,0.0,0.0,3.14423012733
0.0,0.0,0.0,3.16049194336
0.0,0.0,0.0,3.17825007439
0.0,0.0,0.0,3.19417905807
0.0,0.0,0.0,3.21083402634
0.0,0.0,0.0,3.22709703445
0.0,0.0,0.0,3.24390006065
0.0,0.0,0.0,3.26047492027
0.0,0.0,0.0,3.27743506432
0.0,0.0,0.0,3.29399394989
0.0,0.0,0.0,3.31275510788
0.0,0.0,0.0,3.3284060955
0.0,0.0,0.0,3.34402799606
0.0,0.0,0.0,3.3604631424
0.0,0.0,0.0,3.37865900993
0.0,0.0,0.0,3.39433097839
0.0,0.0,0.0,3.41063213348
0.0,0.0,0.0,3.42719101906
0.0,0.0,0.0,3.4438431263
0.0,0.0,0.0,3.46062302589
0.0,0.0,0.0,3.47746491432
0.0,0.0,0.0,3.49453902245
0.0,0.0,0.0,3.51072406769
0.0,0.0,0.0,3.52758407593
0.0,0.0,0.0,3.5449860096
0.0,0.0,0.0,3.56031894684
0.0,0.0,0.0,3.57793903351
0.0,0.0,0.0,3.59428596497
0.0,0.0,0.0,3.61219406128
0.0,0.0,0.0,3.62758803368
0.0,0.0,0.0,3.64378809929
0.0,0.0,0.0,3.6612200737
0.0,0.0,0.0,3.67965197563
0.0,0.0,0.0,3.69419598579
0.0,0.0,0.0,3.71271395683
0.0,0.0,0.0,3.72699308395
0.0,0.0,0.0,3.74423313141
0.0,0.0,0.0,3.76044011116
0.0,0.0,0.0,3.77726197243
0.0,0.0,0.0,3.79403614998
0.0,0.0,0.0,3.81110191345
0.0,0.0,0.0,3.82728815079
0.0,0.0,0.0,3.84524512291
0.0,0.0,0.0,3.86202812195
0.0,0.0,0.0,3.87895393372
0.0,0.0,0.0,3.89428901672
0.0,0.0,0.0,3.91621899605
0.0,0.0,0.0,3.92700505257
0.0,0.0,0.0,3.9442179203
0.0,0.0,0.0,3.9605140686
0.0,0.0,0.0,3.97714996338
0.0,0.0,0.0,3.99449491501
0.0,0.0,0.0,4.01051807404
0.0,0.0,0.0,4.02698302269
0.0,0.0,0.0,4.04526495934
0.0,0.0,0.0,4.06038713455
0.0,0.0,0.0,4.07700109482
0.0,0.0,0.0,4.09371709824
0.0,0.0,0.0,4.11030292511
0.0,0.0,0.0,4.12696504593
0.0,0.0,0.0,4.14380908012
0.0,0.0,0.0,4.16037511826
0.0,0.0,0.0,4.17706012726
0.0,0.0,0.0,4.19375801086
0.0,0.0,0.0,4.21031308174
0.0,0.0,0.0,4.22695994377
0.0,0.0,0.0,4.24397301674
0.0,0.0,0.0,4.26054906845
0.0,0.0,0.0,4.2772090435
0.0,0.0,0.0,4.29393696785
0.0,0.0,0.0,4.31036710739
0.0,0.0,0.0,4.32705307007
0.0,0.0,0.0,4.34465098381
0.0,0.0,0.0,4.36036705971
0.0,0.0,0.0,4.37896704674
0.0,0.0,0.0,4.39374303818
0.0,0.0,0.0,4.41036391258
0.0,0.0,0.0,4.42701911926
0.0,0.0,0.0,4.44375991821
0.0,0.0,0.0,4.46036601067
0.0,0.0,0.0,4.47689700127
0.0,0.0,0.0,4.4937081337
0.0,0.0,0.0,4.51034712791
0.0,0.0,0.0,4.52698707581
0.0,0.0,0.0,4.54366207123
0.0,0.0,0.0,4.56043410301
0.0,0.0,0.0,4.57700610161
0.0,0.0,0.0,4.59372591972
0.0,0.0,0.0,4.61411499977
0.0,0.0,0.0,4.62698793411
0.0,0.0,0.0,4.64373111725
0.0,0.0,0.0,4.66029500961
0.0,0.0,0.0,4.67733097076
0.0,0.0,0.0,4.69382214546
0.0,0.0,0.0,4.71059393883
0.0,0.0,0.0,4.72702407837
0.0,0.0,0.0,4.74408006668
0.0,0.0,0.0,4.76058912277
0.0,0.0,0.0,4.78042006493
0.0,0.0,0.0,4.79448795319
0.0,0.0,0.0,4.81168103218
0.0,0.0,0.0,4.82845592499
0.0,0.0,0.0,4.84525513649
0.0,0.0,0.0,4.8604850769
0.0,0.0,0.0,4.87939500809
0.0,0.0,0.0,4.89428210258
0.0,0.0,0.0,4.9111571312
0.0,0.0,0.0,4.92715406418
0.0,0.0,0.0,4.94427514076
0.0,0.0,0.0,4.96066904068
0.0,0.0,0.0,4.97754192352
0.0,0.0,0.0,4.99413299561
0.0,0.0,0.0,5.01233911514
0.0,0.0,0.0,5.02735114098
0.0,0.0,0.0,5.04622793198
0.0,0.0,0.0,5.06039810181
0.0,0.0,0.0,5.07753801346
0.0,0.0,0.0,5.09400391579
0.0,0.0,0.0,5.11074113846
0.0,0.0,0.0,5.12711691856
0.0,0.0,0.0,5.14746713638
0.0,0.0,0.0,5.16073298454
0.0,0.0,0.0,5.17716908455
0.0,0.0,0.0,5.19382405281
0.0,0.0,0.0,5.21061110497
0.0,0.0,0.0,5.22699904442
0.0,0.0,0.0,5.24372410774
0.0,0.0,0.0,5.26076793671
0.0,0.0,0.0,5.27712106705
Actuacion(lineal,angular) = 0.0401626110077,0.0
0.0,0.0,0.0,5.29396414757
0.0,0.0,0.0,5.3107111454
0.0,0.0,0.0,5.32712101936
0.0,0.0,0.0,5.34386396408
0.0,0.0,0.0,5.36031103134
0.0,0.0,0.0,5.3775639534
0.0,0.0,0.0,5.39393806458
0.0,0.0,0.0,5.410779953
0.0,0.0,0.0,5.42704701424
0.0,0.0,-0.000174532925199,5.44412994385
0.000127938130551,-2.23294164714e-08,0.0,5.460324049
0.000127938130551,-2.23294164714e-08,0.0,5.47722291946
Actuacion(lineal,angular) = 0.0800044059753,6.35509732498e-05
0.000127938130551,-2.23294164714e-08,0.0,5.49411797523
0.000127938130551,-2.23294164714e-08,0.0,5.51087903976
0.000639690660553,-2.23294162531e-08,0.0,5.52696895599
0.000639690660553,-2.23294162531e-08,0.0,5.54460501671
0.000639690660553,-2.23294162531e-08,0.0,5.56028008461
0.000639690660553,-2.23294162531e-08,0.0,5.57730913162
0.00204701011806,-2.23294163079e-08,0.0,5.59393811226
0.00204701011806,-2.23294163079e-08,0.0,5.61076903343
0.00204701011806,-2.23294163079e-08,0.0,5.6270160675
0.00400872814973,-2.23294164179e-08,-0.000174532925199,5.64368414879
0.00400872814973,-2.23294164179e-08,-0.000174532925199,5.66039204597
0.00400872814973,-2.23294164179e-08,-0.000174532925199,5.67730212212
Actuacion(lineal,angular) = 0.120000219345,0.000293608984355
0.00400872814973,-2.23294164179e-08,-0.000174532925199,5.69394111633
0.00686601306538,-5.21019715683e-07,0.000174532925201,5.71081113815
0.00686601306538,-5.21019715683e-07,0.000174532925201,5.72696304321
0.00686601306538,-5.21019715683e-07,0.000174532925201,5.74396705627
0.0104056346773,9.67608046977e-08,0.000174532925201,5.76048398018
0.0104056346773,9.67608046977e-08,0.000174532925201,5.77719092369
0.0104056346773,9.67608046977e-08,0.000174532925201,5.79390311241
0.0104056346773,9.67608046977e-08,0.000174532925201,5.81047391891
0.0146275929855,8.3363154586e-07,0.000174532925201,5.82699108124
0.0146275929855,8.3363154586e-07,0.000174532925201,5.84389996529
0.0146275929855,8.3363154586e-07,0.000174532925201,5.8606801033
0.0146275929855,8.3363154586e-07,0.000174532925201,5.87772297859
Actuacion(lineal,angular) = 0.159962654114,-0.000263146601828
0.0196598261205,1.71192192417e-06,0.000523598775599,5.89393591881
0.0196598261205,1.71192192417e-06,0.000523598775599,5.9111559391
0.0196598261205,1.71192192417e-06,0.000523598775599,5.927120924
0.0246494126041,4.32446353648e-06,0.000523598775599,5.94409513474
0.0246494126041,4.32446353648e-06,0.000523598775599,5.96058392525
0.0246494126041,4.32446353648e-06,0.000523598775599,5.97721099854
0.0246494126041,4.32446353648e-06,0.000523598775599,5.99377894402
0.0301933975858,7.22728755015e-06,0.000698131700797,6.01071214676
0.0301933975858,7.22728755015e-06,0.000698131700797,6.02709102631
0.0301933975858,7.22728755015e-06,0.000698131700797,6.04458808899
0.0364197185168,1.15740802776e-05,0.000349065850398,6.06052398682
0.0387226047616,1.23779392557e-05,0.000698131700797,6.0794210434
Actuacion(lineal,angular) = 0.199980449677,-0.000752488095343
0.0387226047616,1.23779392557e-05,0.000698131700797,6.09387111664
0.0387226047616,1.23779392557e-05,0.000698131700797,6.11169195175
0.0387226047616,1.23779392557e-05,0.000698131700797,6.12740707397
0.0460150765369,1.74690458062e-05,0.000872664625996,6.14483094215
0.0482326699892,1.9404261658e-05,0.0010471975512,6.16121792793
0.0482326699892,1.9404261658e-05,0.0010471975512,6.17796301842
0.0482326699892,1.9404261658e-05,0.0010471975512,6.19484591484
0.0562501218965,2.78001207313e-05,0.0012217304764,6.21683907509
0.0562501218965,2.78001207313e-05,0.0012217304764,6.22721600533
0.0562501218965,2.78001207313e-05,0.0012217304764,6.24403691292
0.0562501218965,2.78001207313e-05,0.0012217304764,6.26059103012
0.0651631384755,3.86894301402e-05,0.0013962634016,6.27769804001
Actuacion(lineal,angular) = 0.239978456497,-0.00196442789853
0.0651631384755,3.86894301402e-05,0.0013962634016,6.29403400421
0.0651631384755,3.86894301402e-05,0.0013962634016,6.31105208397
0.0651631384755,3.86894301402e-05,0.0013962634016,6.32712006569
0.0744173210389,5.1610714962e-05,0.0015707963268,6.34400105476
0.0744173210389,5.1610714962e-05,0.0015707963268,6.36082410812
0.0744173210389,5.1610714962e-05,0.0015707963268,6.37897491455
0.0744173210389,5.1610714962e-05,0.0015707963268,6.3941090107
0.0840126691386,6.6683064908e-05,0.0012217304764,6.41211414337
0.0840126691386,6.6683064908e-05,0.0012217304764,6.42790794373
0.0840126691386,6.6683064908e-05,0.0012217304764,6.44717407227
0.0947594642481,7.98127585493e-05,0.0012217304764,6.4603369236
0.0947594642481,7.98127585493e-05,0.0012217304764,6.47750806808
Actuacion(lineal,angular) = 0.279957866669,-0.00197224804144
0.0947594642481,7.98127585493e-05,0.0012217304764,6.49363493919
0.0947594642481,7.98127585493e-05,0.0012217304764,6.51048398018
0.105762135432,9.32550639443e-05,0.0012217304764,6.5269651413
0.109600276542,9.79442402449e-05,0.0012217304764,6.54409503937
0.109600276542,9.79442402449e-05,0.0012217304764,6.56085705757
0.109600276542,9.79442402449e-05,0.0012217304764,6.57976508141
0.122010266133,0.000113105910283,0.0012217304764,6.59403014183
0.122010266133,0.000113105910283,0.0012217304764,6.61091399193
0.126189575342,0.000118211902255,0.0010471975512,6.62724804878
0.126189575342,0.000118211902255,0.0010471975512,6.64392614365
0.126189575342,0.000118211902255,0.0010471975512,6.6604809761
0.139537779848,0.000132190114435,0.0015707963268,6.67706108093
Actuacion(lineal,angular) = 0.3,-0.00200647685602
0.139537779848,0.000132190114435,0.0015707963268,6.69366192818
0.139537779848,0.000132190114435,0.0015707963268,6.71047711372
0.139537779848,0.000132190114435,0.0015707963268,6.72717905045
0.152800683221,0.000153023451472,0.0015707963268,6.74395895004
0.152800683221,0.000153023451472,0.0015707963268,6.76078701019
0.152800683221,0.000153023451472,0.0015707963268,6.7787361145
0.152800683221,0.000153023451472,0.0015707963268,6.7939889431
0.16649004651,0.000174526670728,0.00191986217719,6.81085205078
0.16649004651,0.000174526670728,0.00191986217719,6.82718801498
0.16649004651,0.000174526670728,0.00191986217719,6.84382009506
0.180392631287,0.000201217750199,0.00209439510239,6.86119103432
0.180392631287,0.000201217750199,0.00209439510239,6.87750196457
Actuacion(lineal,angular) = 0.3,-0.00345968688877
0.180392631287,0.000201217750199,0.00209439510239,6.89395999908
0.180392631287,0.000201217750199,0.00209439510239,6.91132712364
0.195020192354,0.000231853687253,0.00226892802759,6.92715096474
0.195020192354,0.000231853687253,0.00226892802759,6.94628405571
0.195020192354,0.000231853687253,0.00226892802759,6.9603729248
0.209477164114,0.000264655571962,0.00191986217719,6.9774389267
0.209477164114,0.000264655571962,0.00191986217719,6.99383306503
0.209477164114,0.000264655571962,0.00191986217719,7.01070904732
0.209477164114,0.000264655571962,0.00191986217719,7.02702903748
0.224104730305,0.000292738517541,0.00209439510239,7.0441660881
0.224104730305,0.000292738517541,0.00209439510239,7.06027007103
Actuacion(lineal,angular) = 0.0387408483172,-0.00366946547476
0.224104730305,0.000292738517541,0.00209439510239,7.08221697807
0.238476415669,0.000322838548991,0.00209439510239,7.09422111511
0.238476415669,0.000322838548991,0.00209439510239,7.11099004745
0.243338054041,0.000333020755475,0.00226892802759,7.12714314461
0.243338054041,0.000333020755475,0.00226892802759,7.14402294159
0.243338054041,0.000333020755475,0.00226892802759,7.16056203842
0.247346771874,0.000342116263329,0.00244346095279,7.17788314819
0.248242336128,0.00034430454397,0.00261799387799,7.19412302971
0.248242336128,0.00034430454397,0.00261799387799,7.21066403389
0.248242336128,0.00034430454397,0.00261799387799,7.22754311562
0.248242336128,0.00034430454397,0.00261799387799,7.2438390255
0.25250692593,0.000355469239471,0.00628318530718,7.26096796989
0.25250692593,0.000355469239471,0.00628318530718,7.27730703354
Actuacion(lineal,angular) = 0.0169536413581,0.0563491454795
0.25250692593,0.000355469239471,0.00628318530718,7.29508304596
0.25340247518,0.000361096215408,0.00575958653158,7.31406593323
0.25340247518,0.000361096215408,0.00575958653158,7.32700300217
0.25340247518,0.000361096215408,0.00575958653158,7.34403896332
0.25340247518,0.000361096215408,0.00575958653158,7.36038899422
0.254298027253,0.000366254282104,0.00575958653158,7.37789011002
0.254298027253,0.000366254282104,0.00575958653158,7.39385008812
0.254298027253,0.000366254282104,0.00575958653158,7.4103410244
0.254298027253,0.000366254282104,0.00575958653158,7.42698001862
0.255022997979,0.000370429859905,0.00575958653158,7.44373106956
0.255022997979,0.000370429859905,0.00575958653158,7.460324049
0.255022997979,0.000370429859905,0.00575958653158,7.47846293449
Actuacion(lineal,angular) = 0.0249597241725,0.116265117236
0.255406806011,0.000372640459918,0.00575958653158,7.49371099472
0.255406806011,0.000372640459918,0.00575958653158,7.5104060173
0.255406806011,0.000372640459918,0.00575958653158,7.52693104744
0.255406806011,0.000372640459918,0.00575958653158,7.54550909996
0.256003840726,0.000376079171048,0.00558505360638,7.5607149601
0.256003840726,0.000376079171048,0.00558505360638,7.57744908333
0.256003840726,0.000376079171048,0.00558505360638,7.59383201599
0.256003840726,0.000376079171048,0.00558505360638,7.61101913452
0.25672881217,0.000380128217525,0.00593411945678,7.62719011307
0.25672881217,0.000380128217525,0.00593411945678,7.64582014084
0.25672881217,0.000380128217525,0.00593411945678,7.66058301926
0.257667008623,0.0003856956527,0.00628318530718,7.67729496956
Actuacion(lineal,angular) = 0.0582714291371,0.176277433939
0.257667008623,0.0003856956527,0.00628318530718,7.69380092621
0.257667008623,0.0003856956527,0.00628318530718,7.71217393875
0.257667008623,0.0003856956527,0.00628318530718,7.72758293152
0.258434622266,0.000390518774931,0.00645771823238,7.74377012253
0.25873313835,0.000392446534491,0.00663225115758,7.76069498062
0.25873313835,0.000392446534491,0.00663225115758,7.77871012688
0.25873313835,0.000392446534491,0.00663225115758,7.79454398155
0.260993328981,0.00040743690621,0.00663225115758,7.81153392792
0.260993328981,0.00040743690621,0.00663225115758,7.82700395584
0.261718295787,0.000412245138649,0.00680678408278,7.84374904633
0.261718295787,0.000412245138649,0.00680678408278,7.86029791832
0.261718295787,0.000412245138649,0.00680678408278,7.87705612183
Actuacion(lineal,angular) = 0.0365963551818,0.236304484911
0.264234354104,0.000429371668859,0.00820304748437,7.89365196228
0.264234354104,0.000429371668859,0.00820304748437,7.91046595573
0.264234354104,0.000429371668859,0.00820304748437,7.92713403702
0.264234354104,0.000429371668859,0.00820304748437,7.94500494003
0.2664945184,0.000447912319767,0.00855211333477,7.96040201187
0.2664945184,0.000447912319767,0.00855211333477,7.97716999054
0.2664945184,0.000447912319767,0.00855211333477,7.99372410774
0.2664945184,0.000447912319767,0.00855211333477,8.01046299934
0.267944430878,0.000460312437912,0.00907571211037,8.02700805664
0.268456162332,0.000464956892786,0.00907571211037,8.04577898979
0.268456162332,0.000464956892786,0.00907571211037,8.06032896042
0.268456162332,0.000464956892786,0.00907571211037,8.07705712318
Actuacion(lineal,angular) = 0.0144661123952,0.296285616465
0.269607558103,0.000475406916253,0.00994837673637,8.0936820507
0.269607558103,0.000475406916253,0.00994837673637,8.11050605774
0.269607558103,0.000475406916253,0.00994837673637,8.12705492973
0.269607558103,0.000475406916253,0.00994837673637,8.1441950798
0.270545724648,0.000484740458395,0.010471975512,8.16207504272
0.270545724648,0.000484740458395,0.010471975512,8.17819213867
0.270545724648,0.000484740458395,0.010471975512,8.19387507439
0.270886874294,0.000488313099738,0.0123918376892,8.21048307419
0.270886874294,0.000488313099738,0.0123918376892,8.22694611549
0.270929517064,0.000488841549071,0.01308996939,8.24391913414
0.270929517064,0.000488841549071,0.01308996939,8.26047301292
0.270929517064,0.000488841549071,0.01308996939,8.27728009224
Actuacion(lineal,angular) = 0.0059158888058,0.356250511713
0.271057444236,0.000490516207484,0.0158824961931,8.29387497902
0.271057444236,0.000490516207484,0.0158824961931,8.31076097488
0.271057444236,0.000490516207484,0.0158824961931,8.32713603973
0.271057444236,0.000490516207484,0.0158824961931,8.3437359333
0.271355928894,0.000495257287591,0.0165806278939,8.36116504669
0.271441209259,0.000496671419173,0.0169296937443,8.37710595131
0.271441209259,0.000496671419173,0.0169296937443,8.3937420845
0.271441209259,0.000496671419173,0.0169296937443,8.41357898712
0.271441209259,0.000496671419173,0.0169296937443,8.42718505859
0.27161176899,0.000499559219089,0.0198967534727,8.44401502609
0.271697044196,0.000501256142776,0.0204203522483,8.46048498154
0.271697044196,0.000501256142776,0.0204203522483,8.47857999802
Actuacion(lineal,angular) = 0.00312840116221,0.416274773188
0.271697044196,0.000501256142776,0.0204203522483,8.49377202988
0.271824955655,0.000503868502944,0.0216420827247,8.51085400581
0.271824955655,0.000503868502944,0.0216420827247,8.527105093
0.271824955655,0.000503868502944,0.0216420827247,8.54403614998
0.271824955655,0.000503868502944,0.0216420827247,8.5606341362
0.272038135942,0.000508482888788,0.0230383461263,8.57708406448
0.272038135942,0.000508482888788,0.0230383461263,8.59367799759
0.272038135942,0.000508482888788,0.0230383461263,8.61047101021
0.272038135942,0.000508482888788,0.0230383461263,8.62698292732
0.272336579032,0.000515359740703,0.0240855436775,8.64382696152
0.272336579032,0.000515359740703,0.0240855436775,8.66059708595
0.272336579032,0.000515359740703,0.0240855436775,8.67733192444
Actuacion(lineal,angular) = 0.00196160940004,0.476293670245
0.272677648431,0.000523576171515,0.0260054058547,8.69427895546
0.272677648431,0.000523576171515,0.0260054058547,8.71037793159
0.272677648431,0.000523576171515,0.0260054058547,8.72799611092
0.272677648431,0.000523576171515,0.0260054058547,8.7437081337
0.272976069804,0.000531338490334,0.0287979326579,8.76070404053
0.272976069804,0.000531338490334,0.0287979326579,8.77740311623
0.272976069804,0.000531338490334,0.0287979326579,8.79381895065
0.273274468336,0.000539934127485,0.0305432619099,8.8107111454
0.273274468336,0.000539934127485,0.0305432619099,8.82697796822
0.273359720643,0.000542538821051,0.0312413936107,8.84378409386
0.273359720643,0.000542538821051,0.0312413936107,8.86117696762
0.273359720643,0.000542538821051,0.0312413936107,8.87742304802
Actuacion(lineal,angular) = 0.00133591109819,0.536245976992
0.273785972984,0.000555859872376,0.0338593874887,8.89380192757
0.273828594585,0.000557303565418,0.0345575191895,8.91051912308
0.273828594585,0.000557303565418,0.0345575191895,8.92696499825
0.273828594585,0.000557303565418,0.0345575191895,8.94380497932
0.273828594585,0.000557303565418,0.0345575191895,8.96087813377
0.274084318078,0.000566144254486,0.0375245789179,8.97726893425
0.274084318078,0.000566144254486,0.0375245789179,8.99375104904
0.274084318078,0.000566144254486,0.0375245789179,9.01045393944
0.274084318078,0.000566144254486,0.0375245789179,9.02693796158
0.274467862284,0.000580543348367,0.0404916386463,9.04398107529
0.274467862284,0.000580543348367,0.0404916386463,9.06052398682
0.274467862284,0.000580543348367,0.0404916386463,9.07803893089
Actuacion(lineal,angular) = 0.000957930903994,0.596232759066
0.274723528814,0.000590901366632,0.0467748239534,9.09366703033
0.274723528814,0.000590901366632,0.0467748239534,9.11110401154
0.274723528814,0.000590901366632,0.0467748239534,9.12709212303
0.274723528814,0.000590901366632,0.0467748239534,9.1436829567
0.275021724617,0.000604859603955,0.0513126800086,9.16045403481
0.275021724617,0.000604859603955,0.0513126800086,9.17807102203
0.275021724617,0.000604859603955,0.0513126800086,9.19382214546
0.275192084269,0.00061360889458,0.0558505360638,9.21061897278
0.275192084269,0.00061360889458,0.0558505360638,9.22710704803
0.275192084269,0.00061360889458,0.0558505360638,9.24387598038
0.275192084269,0.00061360889458,0.0558505360638,9.26042699814
0.275319822916,0.000620750593683,0.0659734457254,9.27857112885
Actuacion(lineal,angular) = 0.000711988443811,0.656225263186
0.275319822916,0.000620750593683,0.0659734457254,9.29389095306
0.275319822916,0.000620750593683,0.0659734457254,9.3103890419
0.275490035994,0.000631996457531,0.0727802298082,9.32751202583
0.275490035994,0.000631996457531,0.0727802298082,9.34398198128
0.275490035994,0.000631996457531,0.0727802298082,9.36041092873
0.275490035994,0.000631996457531,0.0727802298082,9.37732505798
0.275745234874,0.000650602754602,0.0792379480405,9.39370799065
0.275745234874,0.000650602754602,0.0792379480405,9.41034007072
0.275745234874,0.000650602754602,0.0792379480405,9.42704701424
0.275745234874,0.000650602754602,0.0792379480405,9.44385194778
0.276000308281,0.000670856654724,0.0865683308989,9.46058392525
0.276127767323,0.000681918217193,0.0902335223281,9.47832202911
Actuacion(lineal,angular) = 0.000583102694294,0.7
0.276127767323,0.000681918217193,0.0902335223281,9.49391293526
0.276127767323,0.000681918217193,0.0902335223281,9.51058697701
0.276382602611,0.000704975515023,0.104894288045,9.52719402313
0.276382602611,0.000704975515023,0.104894288045,9.5437400341
0.276552249195,0.000722836026054,0.1094321441,9.56094002724
0.276552249195,0.000722836026054,0.1094321441,9.57736611366
0.276552249195,0.000722836026054,0.1094321441,9.59384393692
0.276806594879,0.000750781260467,0.121823981789,9.61030101776
0.276806594879,0.000750781260467,0.121823981789,9.62707901001
0.276806594879,0.000750781260467,0.121823981789,9.64374494553
0.276806594879,0.000750781260467,0.121823981789,9.66053295135
0.277145234708,0.000792241018607,0.132994089002,9.67756104469
Actuacion(lineal,angular) = 0.000581139107869,0.7
0.277145234708,0.000792241018607,0.132994089002,9.69373393059
0.277145234708,0.000792241018607,0.132994089002,9.71050810814
0.277483390311,0.000837480754815,0.149923782746,9.72702002525
0.277483390311,0.000837480754815,0.149923782746,9.74411010742
0.277483390311,0.000837480754815,0.149923782746,9.76046013832
0.277483390311,0.000837480754815,0.149923782746,9.77710413933
0.277820731596,0.000888438605318,0.166329877715,9.79375600815
0.277820731596,0.000888438605318,0.166329877715,9.81060600281
0.277820731596,0.000888438605318,0.166329877715,9.82783412933
0.277820731596,0.000888438605318,0.166329877715,9.84571504593
0.278115134013,0.000937863153256,0.181688775133,9.86058497429
0.278115134013,0.000937863153256,0.181688775133,9.87754297256
Actuacion(lineal,angular) = 0.000581262608922,0.7
0.278115134013,0.000937863153256,0.181688775133,9.89501404762
0.278324854454,0.000976391894171,0.199491133503,9.91185808182
0.278366654722,0.000984843085565,0.204552588334,9.92704606056
0.278366654722,0.000984843085565,0.204552588334,9.9449429512
0.278366654722,0.000984843085565,0.204552588334,9.9603509903
0.278366654722,0.000984843085565,0.204552588334,9.97701597214
0.278658953428,0.00104548165243,0.219038821125,9.99476695061
0.278742207611,0.00106401489913,0.223925743031,10.0139360428
0.278742207611,0.00106401489913,0.223925743031,10.0286099911
0.278742207611,0.00106401489913,0.223925743031,10.0436999798
0.278742207611,0.00106401489913,0.223925743031,10.0604679585
0.27895011416,0.00111136460031,0.239459173374,10.0771770477
Actuacion(lineal,angular) = 0.000581422151641,0.7
0.27895011416,0.00111136460031,0.239459173374,10.0935721397
0.27895011416,0.00111136460031,0.239459173374,10.1105470657
0.279074401755,0.00114170861682,0.258657795146,10.1270849705
0.279074401755,0.00114170861682,0.258657795146,10.1440150738
0.279074401755,0.00114170861682,0.258657795146,10.1607050896
0.279074401755,0.00114170861682,0.258657795146,10.1773500443
0.279445448246,0.00123988190213,0.278729081543,10.1935970783
0.279445448246,0.00123988190213,0.278729081543,10.2106881142
0.279445448246,0.00123988190213,0.278729081543,10.2273340225
0.279568448719,0.00127508203262,0.299847565493,10.2463819981
0.279568448719,0.00127508203262,0.299847565493,10.2603330612
0.279568448719,0.00127508203262,0.299847565493,10.277269125
Actuacion(lineal,angular) = 0.000581413508819,0.7
0.279568448719,0.00127508203262,0.299847565493,10.2938320637
0.279772164933,0.00133806481889,0.316951792162,10.3114979267
0.279772164933,0.00133806481889,0.316951792162,10.3270850182
0.279772164933,0.00133806481889,0.316951792162,10.3439350128
0.279772164933,0.00133806481889,0.316951792162,10.3604249954
0.279974774129,0.00140452263085,0.333183354206,10.3770461082
0.280015074897,0.00141847014622,0.337895743186,10.3943760395
0.280015074897,0.00141847014622,0.337895743186,10.4103350639
0.280015074897,0.00141847014622,0.337895743186,10.4269039631
0.280015074897,0.00141847014622,0.337895743186,10.4436359406
0.28021624787,0.00148915650973,0.35412730523,10.4604740143
0.28021624787,0.00148915650973,0.35412730523,10.4772920609
Actuacion(lineal,angular) = 0.000582727483169,0.7
0.28021624787,0.00148915650973,0.35412730523,10.493737936
0.280376247208,0.00154831031796,0.370882466049,10.5104029179
0.280376247208,0.00154831031796,0.370882466049,10.5270941257
0.280415993657,0.00156376686655,0.37629298673,10.5438499451
0.280415993657,0.00156376686655,0.37629298673,10.5612120628
0.280415993657,0.00156376686655,0.37629298673,10.5770599842
0.280693629333,0.00167346645856,0.394793476801,10.5941340923
0.280693629333,0.00167346645856,0.394793476801,10.6104121208
0.280693629333,0.00167346645856,0.394793476801,10.6271510124
0.280693629333,0.00167346645856,0.400203997482,10.644010067
0.280693629333,0.00167346645856,0.400203997482,10.6603150368
0.280693629333,0.00167346645856,0.400203997482,10.6771681309
Actuacion(lineal,angular) = 0.000585136132211,0.7
0.280732905552,0.00169008162298,0.418529954628,10.6942830086
0.280732905552,0.00169008162298,0.418529954628,10.7105491161
0.280849801009,0.00174207794847,0.438950306877,10.7270801067
0.280849801009,0.00174207794847,0.438950306877,10.7438409328
0.280849801009,0.00174207794847,0.438950306877,10.7604079247
0.280849801009,0.00174207794847,0.438950306877,10.7769579887
0.281120022887,0.00186894680105,0.462512251778,10.7937171459
0.281120022887,0.00186894680105,0.462512251778,10.8103129864
0.281196353708,0.00190700394434,0.468969970011,10.827023983
0.281196353708,0.00190700394434,0.468969970011,10.8437130451
0.281196353708,0.00190700394434,0.468969970011,10.8603210449
0.281272437176,0.00194555321361,0.486772328381,10.8772609234
Actuacion(lineal,angular) = 0.000575547800761,0.7
0.281272437176,0.00194555321361,0.486772328381,10.8936340809
0.281272437176,0.00194555321361,0.486772328381,10.9105129242
0.2815739779,0.00210514343146,0.503003890425,10.9270009995
0.2815739779,0.00210514343146,0.503003890425,10.9438951015
0.2815739779,0.00210514343146,0.503003890425,10.9602730274
0.2815739779,0.00210514343146,0.503003890425,10.9772830009
0.281835524777,0.00224904895655,0.522027979272,10.9938180447
0.281835524777,0.00224904895655,0.522027979272,11.0104949474
0.281946422795,0.00231284390338,0.526914901177,11.0271451473
0.281946422795,0.00231284390338,0.526914901177,11.0461380482
0.281946422795,0.00231284390338,0.526914901177,11.0607860088
0.282204454309,0.00246296154669,0.543146463221,11.077381134
Actuacion(lineal,angular) = 0.000582649612053,0.7
0.282204454309,0.00246296154669,0.543146463221,11.0940051079
0.282204454309,0.00246296154669,0.543146463221,11.1103160381
0.282533032721,0.00266132918269,0.563392282544,11.1270270348
0.282533032721,0.00266132918269,0.563392282544,11.1438601017
0.282533032721,0.00266132918269,0.563392282544,11.1604130268
0.282533032721,0.00266132918269,0.563392282544,11.1772620678
0.282785417902,0.0028207571906,0.583463568942,11.1936919689
0.282785417902,0.0028207571906,0.583463568942,11.2105560303
0.282785417902,0.0028207571906,0.583463568942,11.227025032
0.282678645915,0.0027502737974,0.603360322414,11.2445039749
0.282678645915,0.0027502737974,0.603360322414,11.2602639198
0.282678645915,0.0027502737974,0.603360322414,11.2795059681
Actuacion(lineal,angular) = 0.000816421919025,0.624539499331
0.282678645915,0.0027502737974,0.603360322414,11.293751955
0.282994691578,0.00296805495102,0.617672022281,11.3103590012
0.282994691578,0.00296805495102,0.617672022281,11.3272731304
0.282994691578,0.00296805495102,0.617672022281,11.3438680172
0.282994691578,0.00296805495102,0.617672022281,11.3604910374
0.283098990439,0.00304214889995,0.631460123372,11.3772130013
0.283098990439,0.00304214889995,0.631460123372,11.393652916
0.283098990439,0.00304214889995,0.631460123372,11.413820982
0.283305525169,0.00319319878725,0.648040751265,11.4268989563
0.283305525169,0.00319319878725,0.648040751265,11.4436929226
0.283305525169,0.00319319878725,0.648040751265,11.4603359699
0.283339525495,0.00321894102779,0.652927673171,11.4769630432
Actuacion(lineal,angular) = 0.00199683609961,0.464655112253
0.283339525495,0.00321894102779,0.652927673171,11.4936721325
0.283441147854,0.00329666529608,0.667413905963,11.5104489326
0.283441147854,0.00329666529608,0.667413905963,11.5269999504
0.283441147854,0.00329666529608,0.667413905963,11.5437040329
0.28367561473,0.00348143773205,0.679980276577,11.5606510639
0.28367561473,0.00348143773205,0.679980276577,11.5770070553
0.28367561473,0.00348143773205,0.679980276577,11.594039917
0.28367561473,0.00348143773205,0.679980276577,11.6109819412
0.283874580306,0.00364232701824,0.694117443518,11.6269500256
0.283874580306,0.00364232701824,0.694117443518,11.6441159248
0.283907358848,0.00366960800569,0.696211838621,11.6609699726
0.283907358848,0.00366960800569,0.696211838621,11.67714715
Actuacion(lineal,angular) = 0.00535925355434,0.337690430678
0.283907358848,0.00366960800569,0.696211838621,11.6936709881
0.283940080181,0.00369695758448,0.700400628825,11.7105269432
0.283940080181,0.00369695758448,0.700400628825,11.7269089222
0.283940080181,0.00369695758448,0.700400628825,11.7440330982
0.284037899634,0.00377941678821,0.701971425152,11.7602901459
0.284037899634,0.00377941678821,0.701971425152,11.7772660255
0.284265842515,0.00397217988644,0.708778209235,11.7939379215
0.284265842515,0.00397217988644,0.708778209235,11.8103849888
0.284265842515,0.00397217988644,0.708778209235,11.8273191452
0.28468671847,0.00433304164681,0.714712328692,11.8438501358
0.28468671847,0.00433304164681,0.714712328692,11.8604271412
0.28468671847,0.00433304164681,0.714712328692,11.877300024
0.28468671847,0.00433304164681,0.714712328692,11.8939230442
0.285008816285,0.00461254389316,0.718202987196,11.9103760719
0.285008816285,0.00461254389316,0.718202987196,11.9271700382
0.285008816285,0.00461254389316,0.718202987196,11.9439229965
0.285297824472,0.00486510628042,0.720995513999,11.9602329731
0.285297824472,0.00486510628042,0.720995513999,11.9780240059
0.285297824472,0.00486510628042,0.720995513999,11.9936709404
0.285297824472,0.00486510628042,0.720995513999,12.0106179714
0.285650193307,0.0051747788482,0.723788040802,12.0270581245
0.285650193307,0.0051747788482,0.723788040802,12.0437040329
0.285650193307,0.0051747788482,0.723788040802,12.0604810715
0.28593778642,0.00542895141422,0.728325896857,12.0770299435
Actuacion(lineal,angular) = 0.0453498217153,0.200564189595
0.28593778642,0.00542895141422,0.728325896857,12.0938410759
0.28593778642,0.00542895141422,0.728325896857,12.1107940674
0.286001439032,0.0054857236366,0.729547627334,12.1271049976
0.286001439032,0.0054857236366,0.729547627334,12.1446089745
0.286001439032,0.0054857236366,0.729547627334,12.1608650684
0.286859812297,0.00625319791206,0.731991088286,12.1773331165
0.286859812297,0.00625319791206,0.731991088286,12.1936731339
0.286859812297,0.00625319791206,0.731991088286,12.2102870941
0.288128694388,0.0073933007029,0.734958148015,12.2269859314
0.288128694388,0.0073933007029,0.734958148015,12.2439069748
0.288128694388,0.0073933007029,0.734958148015,12.2604689598
0.290090209711,0.00916628775747,0.735656279716,12.2770390511
0.290090209711,0.00916628775747,0.735656279716,12.2940311432
0.290090209711,0.00916628775747,0.735656279716,12.3108980656
0.29069093978,0.00971004202118,0.736005345566,12.3270390034
0.29069093978,0.00971004202118,0.736005345566,12.3439719677
0.29069093978,0.00971004202118,0.736005345566,12.3602950573
0.292366130937,0.0112274150749,0.736878010192,12.3770720959
0.292366130937,0.0112274150749,0.736878010192,12.3937270641
0.292366130937,0.0112274150749,0.736878010192,12.4104371071
0.294134744452,0.0128322211868,0.737925207743,12.4270720482
0.294134744452,0.0128322211868,0.737925207743,12.4438610077
0.294134744452,0.0128322211868,0.737925207743,12.4602169991
0.294134744452,0.0128322211868,0.737925207743,12.4769499302
Actuacion(lineal,angular) = 0.0853392454672,0.151552877704
0.295901676448,0.0144388785061,0.738797872369,12.4945211411
0.295901676448,0.0144388785061,0.738797872369,12.5103290081
0.295901676448,0.0144388785061,0.738797872369,12.5271310806
0.297541096466,0.0159322058207,0.739321471145,12.5437870026
0.297541096466,0.0159322058207,0.739321471145,12.5603489876
0.297541096466,0.0159322058207,0.739321471145,12.5777130127
0.297541096466,0.0159322058207,0.739321471145,12.5935640335
0.299746955163,0.0179436093892,0.740543201621,12.610419035
0.299746955163,0.0179436093892,0.740543201621,12.6269900799
0.299746955163,0.0179436093892,0.740543201621,12.6435091496
0.302579897581,0.0205331627156,0.741590399172,12.6603500843
0.302579897581,0.0205331627156,0.741590399172,12.6769030094
Actuacion(lineal,angular) = 0.125353464751,0.140119096522
0.302579897581,0.0205331627156,0.741590399172,12.6943240166
0.303586201258,0.0214549470911,0.741939465023,12.710652113
0.303586201258,0.0214549470911,0.741939465023,12.7270350456
0.307044263875,0.0246247881668,0.7438593272,12.7441821098
0.307044263875,0.0246247881668,0.7438593272,12.760710001
0.307044263875,0.0246247881668,0.7438593272,12.7773170471
0.308048473501,0.0255488533983,0.74420839305,12.7944481373
0.308048473501,0.0255488533983,0.74420839305,12.8104040623
0.308048473501,0.0255488533983,0.74420839305,12.8279950619
0.312158135928,0.0293331802132,0.745604656452,12.8443500996
0.312158135928,0.0293331802132,0.745604656452,12.8607289791
0.316387834847,0.0332389685711,0.747000919854,12.877311945
Actuacion(lineal,angular) = 0.165341505675,0.128753888521
0.316387834847,0.0332389685711,0.747000919854,12.8935859203
0.316387834847,0.0332389685711,0.747000919854,12.9105730057
0.316387834847,0.0332389685711,0.747000919854,12.9271559715
0.32139434304,0.0378750459903,0.749444380806,12.9439430237
0.32139434304,0.0378750459903,0.749444380806,12.9605660439
0.322924112378,0.0392985868775,0.749967979582,12.9770600796
0.322924112378,0.0392985868775,0.749967979582,12.9942901134
0.322924112378,0.0392985868775,0.749967979582,13.0106129646
0.328509729801,0.0445017942295,0.751713308834,13.0275359154
0.328509729801,0.0445017942295,0.751713308834,13.0437679291
0.328509729801,0.0445017942295,0.751713308834,13.0605690479
0.33430433391,0.0499186007012,0.753633171011,13.0771930218
Actuacion(lineal,angular) = 0.205334124236,0.113605376324
0.33430433391,0.0499186007012,0.753633171011,13.0935809612
0.33430433391,0.0499186007012,0.753633171011,13.1105499268
0.33430433391,0.0499186007012,0.753633171011,13.1271619797
0.340554995076,0.0557842576151,0.755902099039,13.1436800957
0.340554995076,0.0557842576151,0.755902099039,13.1607890129
0.342758233284,0.057861210408,0.75660023074,13.1771650314
0.342758233284,0.057861210408,0.75660023074,13.1941721439
0.342758233284,0.057861210408,0.75660023074,13.2105240822
0.349828762749,0.0645357994171,0.758345559992,13.2270169258
0.349828762749,0.0645357994171,0.758345559992,13.2438881397
0.349828762749,0.0645357994171,0.758345559992,13.2615981102
0.357352031395,0.0716626475531,0.759916356318,13.2771251202
Actuacion(lineal,angular) = 0.245312723784,0.0922565871298
0.357352031395,0.0716626475531,0.759916356318,13.2943820953
0.357352031395,0.0716626475531,0.759916356318,13.3104979992
0.359886966755,0.074071577029,0.760439955094,13.3270361423
0.359886966755,0.074071577029,0.760439955094,13.3440999985
0.368167753969,0.0819490004984,0.762883416047,13.3603410721
0.368167753969,0.0819490004984,0.762883416047,13.3775980473
0.368167753969,0.0819490004984,0.762883416047,13.3944849968
0.371219582026,0.0848664099672,0.763232481897,13.4103541374
0.371219582026,0.0848664099672,0.763232481897,13.4269430637
0.371219582026,0.0848664099672,0.763232481897,13.4438581467
0.379663236611,0.0929438042592,0.764977811149,13.4605190754
0.379663236611,0.0929438042592,0.764977811149,13.4770879745
Actuacion(lineal,angular) = 0.285313305526,0.0748372077976
0.389015723406,0.101921921623,0.766374074551,13.4956691265
0.389015723406,0.101921921623,0.766374074551,13.5104470253
0.389015723406,0.101921921623,0.766374074551,13.52729702
0.389015723406,0.101921921623,0.766374074551,13.5438029766
0.398693623694,0.11123842705,0.768293936728,13.56072402
0.398693623694,0.11123842705,0.768293936728,13.5772669315
0.398693623694,0.11123842705,0.768293936728,13.5944800377
0.398693623694,0.11123842705,0.768293936728,13.6104710102
0.408966952835,0.121166198291,0.77003926598,13.6272690296
0.408966952835,0.121166198291,0.77003926598,13.6437630653
0.408966952835,0.121166198291,0.77003926598,13.6610939503
0.419529087951,0.131408770908,0.771086463531,13.6770710945
Actuacion(lineal,angular) = 0.3,0.065082810154
0.419529087951,0.131408770908,0.771086463531,13.6946880817
0.419529087951,0.131408770908,0.771086463531,13.7105939388
0.419529087951,0.131408770908,0.771086463531,13.7270591259
0.430386329058,0.141959605146,0.773180858633,13.7437429428
0.430386329058,0.141959605146,0.773180858633,13.7603800297
0.433835254483,0.145325270495,0.773704457409,13.7773549557
0.433835254483,0.145325270495,0.773704457409,13.7938950062
0.433835254483,0.145325270495,0.773704457409,13.810639143
0.444451295343,0.155695888353,0.775624319586,13.8270931244
0.444451295343,0.155695888353,0.775624319586,13.8438551426
0.444451295343,0.155695888353,0.775624319586,13.8604049683
0.448166023966,0.159338703204,0.776322451287,13.8771600723
Actuacion(lineal,angular) = 0.3,0.0642893949642
0.448166023966,0.159338703204,0.776322451287,13.8939270973
0.458998300201,0.169976121324,0.778591379315,13.9104170799
0.458998300201,0.169976121324,0.778591379315,13.9270370007
0.458998300201,0.169976121324,0.778591379315,13.9440140724
0.469381374892,0.180218798806,0.780511241492,13.9605410099
0.469381374892,0.180218798806,0.780511241492,13.9772250652
0.469381374892,0.180218798806,0.780511241492,13.9942150116
0.469381374892,0.180218798806,0.780511241492,14.0105669498
0.480108393688,0.190841482442,0.782082037819,14.0272779465
0.480108393688,0.190841482442,0.782082037819,14.0439651012
0.480108393688,0.190841482442,0.782082037819,14.0606880188
0.490606927205,0.201270616929,0.783827367071,14.077933073
Actuacion(lineal,angular) = 0.271461876585,0.0635506532712
0.490606927205,0.201270616929,0.783827367071,14.0939099789
0.490606927205,0.201270616929,0.783827367071,14.110532999
0.490606927205,0.201270616929,0.783827367071,14.127202034
0.501238255656,0.211868598431,0.785223630472,14.143805027
0.501238255656,0.211868598431,0.785223630472,14.1602921486
0.501238255656,0.211868598431,0.785223630472,14.1771731377
0.511613491617,0.222240213384,0.786445360949,14.1939380169
0.511613491617,0.222240213384,0.786445360949,14.2104051113
0.511613491617,0.222240213384,0.786445360949,14.2268919945
0.511613491617,0.222240213384,0.786445360949,14.2437601089
0.521433821706,0.232081132692,0.788016157275,14.2602550983
0.521433821706,0.232081132692,0.788016157275,14.2770531178
Actuacion(lineal,angular) = 0.229921801526,0.0667350378461
0.521433821706,0.232081132692,0.788016157275,14.2937431335
0.521433821706,0.232081132692,0.788016157275,14.3103971481
0.531178529091,0.241876997292,0.789063354827,14.3270640373
0.531178529091,0.241876997292,0.789063354827,14.3439459801
0.531178529091,0.241876997292,0.789063354827,14.3605639935
0.540282036755,0.251047482939,0.790634151153,14.3772380352
0.540282036755,0.251047482939,0.790634151153,14.3942899704
0.540282036755,0.251047482939,0.790634151153,14.4105260372
0.543101754902,0.253896884801,0.790983217004,14.4271681309
0.543101754902,0.253896884801,0.790983217004,14.4437959194
0.55134802001,0.262235779881,0.791157749929,14.4613330364
0.55134802001,0.262235779881,0.791157749929,14.478153944
Actuacion(lineal,angular) = 0.195615852793,0.0730749114522
0.55134802001,0.262235779881,0.791157749929,14.4952309132
0.55386643457,0.264783372873,0.791332282854,14.5103261471
0.55386643457,0.264783372873,0.791332282854,14.5269811153
0.56189995753,0.272912809893,0.792379480405,14.5448279381
0.56189995753,0.272912809893,0.792379480405,14.5615599155
0.56189995753,0.272912809893,0.792379480405,14.5780780315
0.569146417656,0.280261162691,0.79656827061,14.5948290825
0.569146417656,0.280261162691,0.79656827061,14.6112310886
0.569146417656,0.280261162691,0.79656827061,14.6280851364
0.569146417656,0.280261162691,0.79656827061,14.643862009
0.57660056635,0.287883726888,0.798139066937,14.6605119705
0.57660056635,0.287883726888,0.798139066937,14.6773400307
Actuacion(lineal,angular) = 0.166892313175,0.0750255070562
0.579160671456,0.290509913614,0.798488132787,14.6940970421
0.579160671456,0.290509913614,0.798488132787,14.7105541229
0.579160671456,0.290509913614,0.798488132787,14.7269370556
0.586124044104,0.297658015584,0.799709863264,14.743776083
0.586124044104,0.297658015584,0.799709863264,14.7605249882
0.586124044104,0.297658015584,0.799709863264,14.777173996
0.593375885102,0.30512045736,0.801280659591,14.794162035
0.593375885102,0.30512045736,0.801280659591,14.81072402
0.593375885102,0.30512045736,0.801280659591,14.8278479576
0.593375885102,0.30512045736,0.801280659591,14.8439610004
0.599666472548,0.311614107485,0.803375054693,14.8608191013
0.599666472548,0.311614107485,0.803375054693,14.8778629303
Actuacion(lineal,angular) = 0.140297531264,0.0810663852286
0.601798274832,0.313823967774,0.803898653469,14.8943481445
0.601798274832,0.313823967774,0.803898653469,14.9117929935
0.601798274832,0.313823967774,0.803898653469,14.9284420013
0.607894286661,0.32014981633,0.805818515646,14.9439160824
0.607894286661,0.32014981633,0.805818515646,14.960889101
0.609873016475,0.322211055196,0.806516647347,14.9783649445
0.609873016475,0.322211055196,0.806516647347,14.9956121445
0.609873016475,0.322211055196,0.806516647347,15.0105779171
0.615450745872,0.328029490091,0.808261976599,15.0285511017
0.615450745872,0.328029490091,0.808261976599,15.044932127
0.615450745872,0.328029490091,0.808261976599,15.0612220764
0.620959395654,0.333795977432,0.810007305851,15.0769529343
Actuacion(lineal,angular) = 0.119210641485,0.0863659505841
0.620959395654,0.333795977432,0.810007305851,15.0937550068
0.622606028331,0.3355257165,0.810705437551,15.1106801033
0.622606028331,0.3355257165,0.810705437551,15.1277689934
0.622606028331,0.3355257165,0.810705437551,15.1439459324
0.627601067572,0.340780198576,0.812450766803,15.1622819901
0.627601067572,0.340780198576,0.812450766803,15.1771490574
0.627601067572,0.340780198576,0.812450766803,15.1954219341
0.63214699951,0.345578991334,0.81402156313,15.2116630077
0.63214699951,0.345578991334,0.81402156313,15.2285001278
0.63214699951,0.345578991334,0.81402156313,15.2438631058
0.63214699951,0.345578991334,0.81402156313,15.2610499859
0.636685387918,0.350384918902,0.815592359457,15.2769610882
Actuacion(lineal,angular) = 0.100414848684,0.0935269718208
0.636685387918,0.350384918902,0.815592359457,15.2939550877
0.636685387918,0.350384918902,0.815592359457,15.3103950024
0.636685387918,0.350384918902,0.815592359457,15.3269810677
0.641303915151,0.355291125238,0.816639557008,15.3438920975
0.641303915151,0.355291125238,0.816639557008,15.360296011
0.641303915151,0.355291125238,0.816639557008,15.3771309853
0.645508520964,0.359767009936,0.817337688709,15.3942620754
0.645508520964,0.359767009936,0.817337688709,15.4108440876
0.645508520964,0.359767009936,0.817337688709,15.4271700382
0.649505762384,0.364028108545,0.818733952111,15.4468209743
0.649505762384,0.364028108545,0.818733952111,15.4604690075
0.649505762384,0.364028108545,0.818733952111,15.4772090912
Actuacion(lineal,angular) = 0.0822207989397,0.107563210392
0.65084590285,0.36546071497,0.818908485036,15.494079113
0.65084590285,0.36546071497,0.818908485036,15.5105381012
0.65084590285,0.36546071497,0.818908485036,15.5270011425
0.654399525237,0.369260856639,0.819955682587,15.5439350605
0.654399525237,0.369260856639,0.819955682587,15.5614550114
0.655708819027,0.370663920096,0.820304748437,15.5770161152
0.655708819027,0.370663920096,0.820304748437,15.5936491489
0.655708819027,0.370663920096,0.820304748437,15.6102309227
0.659198962889,0.374406641167,0.821526478914,15.6274981499
0.659198962889,0.374406641167,0.821526478914,15.6439299583
0.659198962889,0.374406641167,0.821526478914,15.660656929
0.662394067496,0.377841374935,0.823097275241,15.6774270535
Actuacion(lineal,angular) = 0.069123744958,0.122529371729
0.662394067496,0.377841374935,0.823097275241,15.6941840649
0.662394067496,0.377841374935,0.823097275241,15.7107551098
0.665496780931,0.381187312002,0.824493538642,15.7274780273
0.665496780931,0.381187312002,0.824493538642,15.7438189983
0.665496780931,0.381187312002,0.824493538642,15.7605419159
0.665496780931,0.381187312002,0.824493538642,15.7770609856
0.668594819533,0.384537578012,0.826587933745,15.7941629887
0.668594819533,0.384537578012,0.826587933745,15.8111979961
0.668594819533,0.384537578012,0.826587933745,15.8271789551
0.668594819533,0.384537578012,0.826587933745,15.8437619209
0.671454730638,0.387643353434,0.828158730071,15.8613350391
0.671454730638,0.387643353434,0.828158730071,15.8781220913
Actuacion(lineal,angular) = 0.0563527150139,0.140760730193
0.671454730638,0.387643353434,0.828158730071,15.8939261436
0.674021372904,0.390439449288,0.830427658099,15.9105679989
0.674021372904,0.390439449288,0.830427658099,15.9270739555
0.674021372904,0.390439449288,0.830427658099,15.943764925
0.674826857878,0.391320949748,0.8311257898,15.9605910778
0.674826857878,0.391320949748,0.8311257898,15.9773070812
0.677298956671,0.394030141958,0.832172987351,15.9941179752
0.677298956671,0.394030141958,0.832172987351,16.0104861259
0.677298956671,0.394030141958,0.832172987351,16.0269191265
0.679538518409,0.396489662901,0.834092849528,16.0440590382
0.679538518409,0.396489662901,0.834092849528,16.0607659817
0.679538518409,0.396489662901,0.834092849528,16.0771820545
Actuacion(lineal,angular) = 0.046132400496,0.161663596598
0.680254811894,0.397279347534,0.834441915378,16.0943300724
0.680254811894,0.397279347534,0.834441915378,16.1104810238
0.680254811894,0.397279347534,0.834441915378,16.1278810501
0.682517428108,0.39977554093,0.835663645855,16.1437389851
0.682517428108,0.39977554093,0.835663645855,16.1607730389
0.682517428108,0.39977554093,0.835663645855,16.1770551205
0.684776992959,0.40227449677,0.837234442182,16.1949961185
0.684776992959,0.40227449677,0.837234442182,16.2104971409
0.684776992959,0.40227449677,0.837234442182,16.2277309895
0.684776992959,0.40227449677,0.837234442182,16.2442071438
0.686832763129,0.404555258151,0.838805238508,16.2609660625
0.686832763129,0.404555258151,0.838805238508,16.2771379948
Actuacion(lineal,angular) = 0.0380605473394,0.189381218779
0.686832763129,0.404555258151,0.838805238508,16.2943639755
0.688514414745,0.406426859235,0.840026968985,16.310847044
0.688514414745,0.406426859235,0.840026968985,16.3277029991
0.688514414745,0.406426859235,0.840026968985,16.3438429832
0.688514414745,0.406426859235,0.840026968985,16.3603889942
0.690478416442,0.408618081956,0.841597765312,16.377188921
0.690478416442,0.408618081956,0.841597765312,16.3942229748
0.691075107798,0.409285913932,0.841946831162,16.4105551243
0.691075107798,0.409285913932,0.841946831162,16.4271829128
0.691075107798,0.409285913932,0.841946831162,16.4447669983
0.692750871317,0.411162788835,0.843168561638,16.4605910778
0.692750871317,0.411162788835,0.843168561638,16.480134964
Actuacion(lineal,angular) = 0.0169091117904,0.1294436463
0.692750871317,0.411162788835,0.843168561638,16.4943699837
0.694367612781,0.412978017436,0.845088423816,16.5105879307
0.694367612781,0.412978017436,0.845088423816,16.5284669399
0.694933666639,0.413616027673,0.845437489666,16.5438449383
0.694933666639,0.413616027673,0.845437489666,16.5613529682
0.694933666639,0.413616027673,0.845437489666,16.5775549412
0.696093620428,0.414924353639,0.847182818918,16.5943589211
0.696093620428,0.414924353639,0.847182818918,16.6108939648
0.696093620428,0.414924353639,0.847182818918,16.6272640228
0.696404214433,0.415275910546,0.847706417694,16.643695116
0.696404214433,0.415275910546,0.847706417694,16.6603839397
0.697363663177,0.416363043502,0.848055483544,16.6780209541
Actuacion(lineal,angular) = 0.00796801741063,0.0694223888991
0.697363663177,0.416363043502,0.848055483544,16.6940550804
0.697363663177,0.416363043502,0.848055483544,16.7108740807
0.697617534437,0.416650902626,0.84857908232,16.7280139923
0.697617534437,0.416650902626,0.84857908232,16.7439329624
0.697617534437,0.416650902626,0.84857908232,16.7605259418
0.698491460612,0.417642875108,0.848753615245,16.7772650719
0.698491460612,0.417642875108,0.848753615245,16.794011116
0.699280656897,0.418538988008,0.850149878646,16.8105630875
0.699280656897,0.418538988008,0.850149878646,16.8272180557
0.699280656897,0.418538988008,0.850149878646,16.8438661098
0.699280656897,0.418538988008,0.850149878646,16.8605380058
0.699899755995,0.419243941827,0.851197076198,16.8770539761
Actuacion(lineal,angular) = 0.00436985409912,0.0094379671691
0.699899755995,0.419243941827,0.851197076198,16.8941719532
0.699899755995,0.419243941827,0.851197076198,16.9107120037
0.700349472746,0.419757106737,0.853466004225,16.927544117
0.700349472746,0.419757106737,0.853466004225,16.9454369545
0.700349472746,0.419757106737,0.853466004225,16.960422039
0.700349472746,0.419757106737,0.853466004225,16.9771540165
0.700769989552,0.420239154203,0.855909465178,16.9941151142
0.700769989552,0.420239154203,0.855909465178,17.010666132
0.700769989552,0.420239154203,0.855909465178,17.027531147
0.701245238932,0.42078663755,0.85765479443,17.0440320969
0.701245238932,0.42078663755,0.85765479443,17.0606660843
0.701245238932,0.42078663755,0.85765479443,17.0772140026
Actuacion(lineal,angular) = 0.00650668060589,-0.0505176297547
0.701245238932,0.42078663755,0.85765479443,17.0938389301
0.701859030026,0.42149621776,0.85800386028,17.1105289459
0.701859030026,0.42149621776,0.85800386028,17.1273620129
0.702026360035,0.421689798056,0.858178393206,17.1438279152
0.702026360035,0.421689798056,0.858178393206,17.1604840755
0.702026360035,0.421689798056,0.858178393206,17.1772260666
0.702193656255,0.421883407554,0.859574656607,17.1941559315
0.702193656255,0.421883407554,0.859574656607,17.2106440067
0.702193656255,0.421883407554,0.859574656607,17.2271499634
0.702193656255,0.421883407554,0.859400123682,17.2437689304
0.702193656255,0.421883407554,0.859400123682,17.2603840828
0.702193656255,0.421883407554,0.859400123682,17.2771859169
Actuacion(lineal,angular) = 0.013060374031,-0.110513710153
0.702193656255,0.421883407554,0.859400123682,17.294095993
0.702193656255,0.421883407554,0.859574656607,17.3105840683
0.702193656255,0.421883407554,0.859574656607,17.3273379803
0.702193656255,0.421883407554,0.859574656607,17.3438961506
0.702193656255,0.421883407554,0.859574656607,17.3610260487
0.702332844361,0.422044943303,0.859574656607,17.3772089481
0.702332844361,0.422044943303,0.859574656607,17.3942050934
0.702332844361,0.422044943303,0.859574656607,17.4103269577
0.702499870089,0.422238786201,0.859400123682,17.4275331497
0.702499870089,0.422238786201,0.859400123682,17.4449300766
0.702499870089,0.422238786201,0.859400123682,17.462264061
0.702555556608,0.422303390783,0.859400123682,17.4781570435
Actuacion(lineal,angular) = 0.03185530439,-0.170483111513
0.702555556608,0.422303390783,0.859400123682,17.4952130318
0.702639086386,0.422400297655,0.859225590757,17.5115680695
0.702639086386,0.422400297655,0.859225590757,17.5280561447
0.702639086386,0.422400297655,0.859225590757,17.5444469452
0.702834028664,0.42262637967,0.859225590757,17.5622179508
0.702834028664,0.42262637967,0.859225590757,17.5780799389
0.702834028664,0.42262637967,0.859225590757,17.5951049328
0.702834028664,0.42262637967,0.859225590757,17.610460043
0.703056819839,0.422884759115,0.858876524906,17.6277630329
0.703056819839,0.422884759115,0.858876524906,17.643832922
0.703056819839,0.422884759115,0.858876524906,17.6623690128
0.703196120684,0.423046197653,0.858701991981,17.6777310371
Actuacion(lineal,angular) = 0.0129005576784,-0.230430053842
0.703196120684,0.423046197653,0.858701991981,17.6946051121
0.703502644528,0.423401308943,0.858701991981,17.7111461163
0.703502644528,0.423401308943,0.858701991981,17.7275021076
0.703502644528,0.423401308943,0.858701991981,17.7441580296
0.703614107743,0.423530440321,0.858527459056,17.7605011463
0.703614107743,0.423530440321,0.858527459056,17.7784810066
0.703669850619,0.423594996283,0.857480261505,17.7944171429
0.703669850619,0.423594996283,0.857480261505,17.8104140759
0.703669850619,0.423594996283,0.857480261505,17.8273439407
0.703697755843,0.423627245059,0.85730572858,17.8446190357
0.703697755843,0.423627245059,0.85730572858,17.8603219986
0.703697755843,0.423627245059,0.85730572858,17.8770000935
Actuacion(lineal,angular) = 0.00644335453047,-0.290427636278
0.703697755843,0.423627245059,0.85730572858,17.8937261105
0.703697755843,0.423627245059,0.857131195654,17.9104020596
0.703697755843,0.423627245059,0.857131195654,17.927273035
0.703697755843,0.423627245059,0.857131195654,17.9461159706
0.703697755843,0.423627245059,0.857131195654,17.9603121281
0.703697755843,0.423627245059,0.857131195654,17.9772210121
0.703697755843,0.423627245059,0.857131195654,17.9943089485
0.703697755843,0.423627245059,0.857131195654,18.0109190941
0.703697755843,0.423627245059,0.856956662729,18.0271649361
0.703697755843,0.423627245059,0.856956662729,18.0438051224
0.703697755843,0.423627245059,0.856956662729,18.0606310368
0.703697755843,0.423627245059,0.856956662729,18.0771369934
Actuacion(lineal,angular) = 0.00366707107602,-0.350457619798
0.703753600055,0.423691713379,0.856956662729,18.0946559906
0.703753600055,0.423691713379,0.856956662729,18.1104490757
0.703753600055,0.423691713379,0.856956662729,18.1271390915
0.703753600055,0.423691713379,0.856782129804,18.1437530518
0.703753600055,0.423691713379,0.856782129804,18.1607739925
0.703753600055,0.423691713379,0.856782129804,18.177175045
0.703753600055,0.423691713379,0.856782129804,18.1945810318
0.703781527786,0.423723942666,0.856607596879,18.2105350494
0.703781527786,0.423723942666,0.856607596879,18.227134943
0.703809461142,0.423756167078,0.856607596879,18.244410038
0.703809461142,0.423756167078,0.856607596879,18.260792017
0.703809461142,0.423756167078,0.856607596879,18.2771430016
Actuacion(lineal,angular) = 0.00228275807281,-0.410445331705
0.703837394498,0.42378839149,0.856083998103,18.2941460609
0.703837394498,0.42378839149,0.856083998103,18.3104429245
0.703837394498,0.42378839149,0.856083998103,18.3334360123
0.703837394498,0.42378839149,0.856083998103,18.3436141014
0.703837394498,0.42378839149,0.856083998103,18.3603329659
0.703781494048,0.423723971927,0.855560399328,18.3772721291
0.703781494048,0.423723971927,0.855560399328,18.3950409889
0.703781494048,0.423723971927,0.855560399328,18.4106230736
0.703809461134,0.423756167069,0.855560399328,18.4276061058
0.703809461134,0.423756167069,0.855560399328,18.4438910484
0.703809461134,0.423756167069,0.855560399328,18.4605741501
0.703809461134,0.423756167069,0.855560399328,18.4787211418
Actuacion(lineal,angular) = 0.00150794300092,-0.471281408441
0.703893362391,0.423852752496,0.855036800552,18.4941959381
0.703893362391,0.423852752496,0.855036800552,18.5104420185
0.703893362391,0.423852752496,0.855036800552,18.5277760029
0.703921346331,0.423884932991,0.854164135926,18.5437121391
0.703921346331,0.423884932991,0.854164135926,18.5614070892
0.703921346331,0.423884932991,0.854164135926,18.5769820213
0.703921346331,0.423884932991,0.854164135926,18.5944230556
0.703977370354,0.423949245114,0.85364053715,18.6105480194
0.703977370354,0.423949245114,0.85364053715,18.6274831295
0.703977370354,0.423949245114,0.85364053715,18.6443889141
0.704117514576,0.424109952065,0.853116938375,18.6613681316
0.704117514576,0.424109952065,0.853116938375,18.6782860756
Actuacion(lineal,angular) = 0.00105775833561,-0.530411743295
0.704117514576,0.424109952065,0.853116938375,18.6939110756
0.704117514576,0.424109952065,0.853116938375,18.7104890347
0.704257742925,0.424270585614,0.850324411572,18.7270071507
0.704257742925,0.424270585614,0.850324411572,18.7438540459
0.7042858782,0.424302633881,0.849800812796,18.7606649399
0.7042858782,0.424302633881,0.849800812796,18.7772750854
0.7042858782,0.424302633881,0.849800812796,18.7949471474
0.70445479051,0.424494835063,0.847357351843,18.811797142
0.70445479051,0.424494835063,0.847357351843,18.8276319504
0.70445479051,0.424494835063,0.847357351843,18.8447780609
0.704652402191,0.424718587588,0.844041226264,18.8622689247
0.704652402191,0.424718587588,0.844041226264,18.8778600693
Actuacion(lineal,angular) = 0.000767009024981,-0.590393804681
0.704652402191,0.424718587588,0.844041226264,18.896294117
0.704652402191,0.424718587588,0.844041226264,18.9104230404
0.704850754776,0.424941683579,0.841597765312,18.9273149967
0.704850754776,0.424941683579,0.841597765312,18.9443790913
0.704850754776,0.424941683579,0.841597765312,18.9614441395
0.704992824146,0.425100691193,0.838805238508,18.9784169197
0.704992824146,0.425100691193,0.838805238508,18.9944930077
0.704992824146,0.425100691193,0.838805238508,19.0110630989
0.704992824146,0.425100691193,0.838805238508,19.0271949768
0.705135336995,0.425259301454,0.834616448304,19.0443899632
0.705135336995,0.425259301454,0.834616448304,19.0621490479
0.705135336995,0.425259301454,0.834616448304,19.0793850422
Actuacion(lineal,angular) = 0.000573736197391,-0.650386022699
0.70524987778,0.425385710986,0.828333262997,19.0965220928
0.70524987778,0.425385710986,0.828333262997,19.1110620499
0.70524987778,0.425385710986,0.828333262997,19.1275310516
0.70524987778,0.425385710986,0.828333262997,19.1438159943
0.705278710974,0.425417132826,0.820828347213,19.160599947
0.705278710974,0.425417132826,0.820828347213,19.1772289276
0.705278710974,0.425417132826,0.820828347213,19.1949779987
0.705278710974,0.425417132826,0.820828347213,19.211053133
0.705569392949,0.425729178492,0.812450766803,19.2275321484
0.705569392949,0.425729178492,0.812450766803,19.2437031269
0.705569392949,0.425729178492,0.812450766803,19.2608280182
0.70586267888,0.426038778025,0.803724120543,19.2770950794
Actuacion(lineal,angular) = 0.000460184226723,-0.7
0.70586267888,0.426038778025,0.803724120543,19.2940070629
0.70586267888,0.426038778025,0.803724120543,19.3104720116
0.70586267888,0.426038778025,0.803724120543,19.3270981312
0.705951471829,0.426130886537,0.797091869386,19.343804121
0.705951471829,0.426130886537,0.797091869386,19.3605110645
0.705921671203,0.426100380673,0.794822941358,19.3769800663
0.705921671203,0.426100380673,0.794822941358,19.3938131332
0.705921671203,0.426100380673,0.794822941358,19.410503149
0.706011280498,0.426191695184,0.786096295098,19.4273970127
0.706011280498,0.426191695184,0.786096295098,19.4438560009
0.706011280498,0.426191695184,0.786096295098,19.4611461163
0.705951012003,0.42613134248,0.777020582988,19.4775469303
Actuacion(lineal,angular) = 0.000460184226723,-0.7
0.705951012003,0.42613134248,0.777020582988,19.4940340519
0.705951012003,0.42613134248,0.777020582988,19.510436058
0.705951012003,0.42613134248,0.777020582988,19.5272269249
0.70585979138,0.426041637611,0.767944870878,19.5438039303
0.70585979138,0.426041637611,0.767944870878,19.5610721111
0.70585979138,0.426041637611,0.767944870878,19.5772840977
0.705982499367,0.426160135337,0.757647428291,19.595911026
0.705982499367,0.426160135337,0.757647428291,19.6106569767
0.705982499367,0.426160135337,0.757647428291,19.6271939278
0.705982499367,0.426160135337,0.757647428291,19.6440200806
0.705951518946,0.426130828365,0.748048117405,19.6668131351
0.705951518946,0.426130828365,0.748048117405,19.6771070957
Actuacion(lineal,angular) = 0.000460184226723,-0.7
0.705951518946,0.426130828365,0.748048117405,19.6940050125
0.705951518946,0.426130828365,0.748048117405,19.7104530334
0.706045299894,0.426217853071,0.735830812641,19.7270100117
0.706045299894,0.426217853071,0.735830812641,19.7440180779
0.706045299894,0.426217853071,0.735830812641,19.760764122
0.706171749401,0.426332349725,0.722217244475,19.777009964
0.706171749401,0.426332349725,0.722217244475,19.7958359718
0.706171749401,0.426332349725,0.722217244475,19.8104910851
0.706235747626,0.426388732058,0.718552053046,19.8273489475
0.706235747626,0.426388732058,0.718552053046,19.8438439369
0.706235747626,0.426388732058,0.708254610459,19.860450983
0.706235747626,0.426388732058,0.708254610459,19.8770830631
Actuacion(lineal,angular) = 0.000460184226723,-0.7
0.706235747626,0.426388732058,0.708254610459,19.8945920467
0.706235747626,0.426388732058,0.708254610459,19.9116840363
0.706397695643,0.426527440266,0.700575161751,19.927396059
0.706397695643,0.426527440266,0.700575161751,19.9439721107
0.706462899016,0.42658242445,0.698306233723,19.9606859684
0.706462899016,0.42658242445,0.698306233723,19.9792571068
0.706462899016,0.42658242445,0.698306233723,19.9947271347
0.706724210858,0.426801768851,0.688008791136,20.0120630264
0.706724210858,0.426801768851,0.688008791136,20.0288851261
0.706790100017,0.426855929345,0.683820000931,20.0440990925
0.706790100017,0.426855929345,0.683820000931,20.0614569187
0.706790100017,0.426855929345,0.683820000931,20.0772619247
Actuacion(lineal,angular) = 0.000460184226723,-0.7
0.70682315774,0.426882871357,0.672300827868,20.094835043
0.70682315774,0.426882871357,0.672300827868,20.1105270386
0.70682315774,0.426882871357,0.672300827868,20.12718606
0.706956621233,0.426989109098,0.658512726777,20.143723011
0.706956621233,0.426989109098,0.658512726777,20.1619200706
0.706956621233,0.426989109098,0.658512726777,20.1774189472
0.707057807915,0.427067399717,0.642455697659,20.1947901249
0.707057807915,0.427067399717,0.642455697659,20.2117350101
0.707057807915,0.427067399717,0.642455697659,20.23092103
0.707057807915,0.427067399717,0.642455697659,20.2440741062
0.707160238614,0.427144055556,0.631983722147,20.2606389523
0.707160238614,0.427144055556,0.631983722147,20.2771091461
Actuacion(lineal,angular) = 0.000460184226723,-0.7
0.707160238614,0.427144055556,0.631983722147,20.2945649624
0.707160238614,0.427144055556,0.62133721371,20.3121230602
0.707160238614,0.427144055556,0.62133721371,20.3276021481
0.707160238614,0.427144055556,0.62133721371,20.3443329334
0.707160238614,0.427144055556,0.62133721371,20.3606059551
0.707264265207,0.427218531282,0.611563369899,20.3780400753
0.707264265207,0.427218531282,0.611563369899,20.3954701424
0.707229348698,0.427194046134,0.60824724432,20.410877943
0.707229348698,0.427194046134,0.60824724432,20.4287230968
0.707229348698,0.427194046134,0.60824724432,20.444437027
0.707299343723,0.427242784586,0.596902604182,20.4637789726
0.707299343723,0.427242784586,0.596902604182,20.4774270058
Actuacion(lineal,angular) = 0.000460184226723,-0.7
0.707299343723,0.427242784586,0.596902604182,20.4940910339
0.707299343723,0.427242784586,0.593411945678,20.5111179352
0.707299343723,0.427242784586,0.593411945678,20.5297811031
0.707157923031,0.427147395125,0.583987167717,20.5453910828
0.707157923031,0.427147395125,0.583987167717,20.5653190613
0.707157923031,0.427147395125,0.583987167717,20.5795321465
0.707157923031,0.427147395125,0.583987167717,20.5940289497
0.707051187965,0.427076855836,0.573864258056,20.6105310917
0.707051187965,0.427076855836,0.573864258056,20.628674984
0.707051187965,0.427076855836,0.573864258056,20.6446580887
0.707122817064,0.427123159319,0.561646953292,20.660722971
0.707122817064,0.427123159319,0.561646953292,20.6770670414
Actuacion(lineal,angular) = 0.000460184226723,-0.7
0.707122817064,0.427123159319,0.561646953292,20.694108963
0.707122817064,0.427123159319,0.561646953292,20.710930109
0.707195006507,0.427168584253,0.549778714378,20.7276010513
0.707195006507,0.427168584253,0.549778714378,20.7441940308
0.707195006507,0.427168584253,0.549778714378,20.7605950832
0.707413176887,0.427302279234,0.536514212063,20.7773480415
0.707413176887,0.427302279234,0.536514212063,20.7943649292
0.707413176887,0.427302279234,0.536514212063,20.8104560375
0.707413176887,0.427302279234,0.536514212063,20.8275110722
0.707449830976,0.427324077465,0.519584518319,20.8438000679
0.707449830976,0.427324077465,0.519584518319,20.8606541157
0.707449830976,0.427324077465,0.519584518319,20.8772621155
Actuacion(lineal,angular) = 0.000460184226723,-0.7
0.707375795264,0.427281728277,0.506669081854,20.895678997
0.707375795264,0.427281728277,0.506669081854,20.9121620655
0.707375795264,0.427281728277,0.506669081854,20.93136096
0.707375795264,0.427281728277,0.506669081854,20.9439649582
0.707450371744,0.427323117756,0.496371639267,20.9607629776
0.707450371744,0.427323117756,0.496371639267,20.978728056
0.707450371744,0.427323117756,0.496371639267,21.0000140667
0.707525370469,0.427363737107,0.487121394232,21.0109491348
0.707525370469,0.427363737107,0.487121394232,21.0272409916
0.707525370469,0.427363737107,0.487121394232,21.0438020229
0.707525370469,0.427363737107,0.483979801578,21.0606811047
0.707525370469,0.427363737107,0.483979801578,21.0772240162
Actuacion(lineal,angular) = 0.000460184226723,-0.7
0.707751859374,0.427482797759,0.470715299263,21.0947980881
0.707751859374,0.427482797759,0.470715299263,21.11039114
0.707751859374,0.427482797759,0.470715299263,21.1273040771
0.707827875445,0.42752147976,0.466177443208,21.1441550255
0.707827875445,0.42752147976,0.466177443208,21.161427021
0.707827875445,0.42752147976,0.466177443208,21.1774439812
0.707827875445,0.42752147976,0.452912940893,21.1956660748
0.707827875445,0.42752147976,0.452912940893,21.2103791237
0.707827875445,0.42752147976,0.452912940893,21.227410078
0.707559451273,0.427390850388,0.442964564156,21.2452640533
0.707559451273,0.427390850388,0.442964564156,21.2625689507
0.707559451273,0.427390850388,0.442964564156,21.2781009674
Actuacion(lineal,angular) = 0.000460184226723,-0.7
0.707675041452,0.427445687202,0.434936049597,21.2959840298
0.707675041452,0.427445687202,0.434936049597,21.312114954
0.707675041452,0.427445687202,0.434936049597,21.3284020424
0.70779106816,0.427499594242,0.43336525327,21.3450601101
0.70779106816,0.427499594242,0.43336525327,21.3604099751
0.707868475654,0.427535410722,0.427082067963,21.3781750202
0.707868475654,0.427535410722,0.427082067963,21.3965780735
0.707868475654,0.427535410722,0.427082067963,21.4103081226
0.707868475654,0.427535410722,0.427082067963,21.4282910824
0.70782966015,0.427517746017,0.418704487553,21.4441831112
0.70782966015,0.427517746017,0.418704487553,21.4620420933
0.70782966015,0.427517746017,0.418704487553,21.4784269333
Actuacion(lineal,angular) = 0.000460184226723,-0.7
0.70771277377,0.42746572929,0.407883446191,21.4963231087
0.70771277377,0.42746572929,0.407883446191,21.5117390156
0.70771277377,0.42746572929,0.407883446191,21.5274240971
0.707673626303,0.427448812999,0.404916386463,21.5437891483
0.707673626303,0.427448812999,0.404916386463,21.5610780716
0.70771282379,0.427465613063,0.396713338978,21.5782799721
0.70771282379,0.427465613063,0.396713338978,21.5954511166
0.70771282379,0.427465613063,0.396713338978,21.6113500595
0.707791491745,0.42749856899,0.394269878026,21.6278250217
0.707791491745,0.42749856899,0.394269878026,21.6440660954
0.707791491745,0.42749856899,0.394269878026,21.6606271267
0.707909614115,0.4275477144,0.386415896392,21.67710495
Actuacion(lineal,angular) = 0.000460184226723,-0.7
0.707909614115,0.4275477144,0.386415896392,21.6940159798
0.707988617255,0.427579858516,0.373151394076,21.7102780342
0.707988617255,0.427579858516,0.373151394076,21.7307701111
0.707988617255,0.427579858516,0.373151394076,21.7437181473
0.708107751086,0.427626498588,0.368788070946,21.7604711056
0.708107751086,0.427626498588,0.368788070946,21.7770459652
0.708107751086,0.427626498588,0.368788070946,21.7937700748
0.707988414884,0.427580378778,0.356221700332,21.8104820251
0.707988414884,0.427580378778,0.356221700332,21.8272309303
0.707988414884,0.427580378778,0.356221700332,21.8438019753
0.708068352433,0.427610123168,0.345575191895,21.8605251312
0.708068352433,0.427610123168,0.345575191895,21.8776021004
Actuacion(lineal,angular) = 0.000460184226723,-0.7
0.708068352433,0.427610123168,0.345575191895,21.8938469887
0.708268976647,0.427682352329,0.332485222505,21.9105279446
0.708268976647,0.427682352329,0.332485222505,21.9272720814
0.708268976647,0.427682352329,0.332485222505,21.9452300072
0.708268976647,0.427682352329,0.332485222505,21.960670948
0.708309287142,0.427696271706,0.315904594611,21.9771740437
0.708309287142,0.427696271706,0.315904594611,21.9951379299
0.708309287142,0.427696271706,0.315904594611,22.0105121136
0.708268751406,0.427683022585,0.299323966717,22.0281729698
0.708268751406,0.427683022585,0.299323966717,22.0436649323
0.708268751406,0.427683022585,0.299323966717,22.0605721474
0.708268751406,0.427683022585,0.299323966717,22.0771379471
Actuacion(lineal,angular) = 0.000460184226723,-0.7
0.708268751406,0.427683022585,0.282743338823,22.0942361355
0.708268751406,0.427683022585,0.282743338823,22.1104769707
0.70835065686,0.427706818319,0.277158285217,22.1279029846
0.70835065686,0.427706818319,0.277158285217,22.1436610222
0.70835065686,0.427706818319,0.277158285217,22.1604421139
0.708678805165,0.427800169995,0.257610597594,22.1771781445
0.708678805165,0.427800169995,0.257610597594,22.1944200993
0.708678805165,0.427800169995,0.257610597594,22.2105679512
0.708720043953,0.427811034959,0.251676478138,22.22727108
0.708720043953,0.427811034959,0.251676478138,22.2441129684
0.708720043953,0.427811034959,0.23596851487,22.2603540421
0.708720043953,0.427811034959,0.23596851487,22.277187109
Actuacion(lineal,angular) = 0.000460184226723,-0.7
0.708720043953,0.427811034959,0.23596851487,22.2946560383
0.708885900965,0.427850914941,0.221656815003,22.3101599216
0.708885900965,0.427850914941,0.221656815003,22.3272230625
0.708885900965,0.427850914941,0.221656815003,22.3438410759
0.708885900965,0.427850914941,0.221656815003,22.3609440327
0.709177119789,0.427916543938,0.201585528605,22.3774650097
0.709177119789,0.427916543938,0.201585528605,22.394215107
0.709177119789,0.427916543938,0.201585528605,22.4116179943
0.70955316208,0.42799339241,0.185353966562,22.4300169945
0.70955316208,0.42799339241,0.185353966562,22.4451270103
0.70955316208,0.42799339241,0.185353966562,22.46352005
0.70955316208,0.42799339241,0.185353966562,22.4779651165
Actuacion(lineal,angular) = 0.000460184226723,-0.7
0.709385499826,0.427961954693,0.173485727648,22.494852066
0.709385499826,0.427961954693,0.173485727648,22.510751009
0.709385499826,0.427961954693,0.173485727648,22.5273320675
0.709385499826,0.427961954693,0.173485727648,22.5436739922
0.709385499826,0.427961954693,0.162839219211,22.5615069866
0.709385499826,0.427961954693,0.162839219211,22.5770199299
0.709385499826,0.427961954693,0.162839219211,22.5937049389
0.710269219268,0.428107144465,0.154112572951,22.6103870869
0.710269219268,0.428107144465,0.154112572951,22.6270420551
0.710269219268,0.428107144465,0.154112572951,22.6436829567
0.710269219268,0.428107144465,0.154112572951,22.6603960991
0.710227078659,0.428100598158,0.139451807234,22.677079916
Actuacion(lineal,angular) = 0.000460184226723,-0.7
0.710227078659,0.428100598158,0.139451807234,22.6939620972
0.710227078659,0.428100598158,0.139451807234,22.7102761269
0.710311542761,0.428112453781,0.121823981789,22.7272660732
0.710311542761,0.428112453781,0.121823981789,22.7442741394
0.710311542761,0.428112453781,0.121823981789,22.7606489658
0.710311542761,0.428112453781,0.116238928183,22.7775931358
0.710311542761,0.428112453781,0.116238928183,22.7947909832
0.71077748365,0.428166859506,0.0979129710369,22.8103621006
0.71077748365,0.428166859506,0.0979129710369,22.8272471428
0.71077748365,0.428166859506,0.0979129710369,22.8436179161
0.71077748365,0.428166859506,0.0926769832809,22.8623950481
0.71077748365,0.428166859506,0.0926769832809,22.8779449463
Actuacion(lineal,angular) = 0.000460184226723,-0.7
0.71077748365,0.428166859506,0.0926769832809,22.8982789516
0.710735020618,0.428162912854,0.0781907504893,22.9103810787
0.710735020618,0.428162912854,0.0781907504893,22.9273869991
0.710735020618,0.428162912854,0.0781907504893,22.9438650608
0.710990115095,0.428182899631,0.0671951762018,22.9605519772
0.710990115095,0.428182899631,0.0671951762018,22.9772291183
0.710990115095,0.428182899631,0.0671951762018,22.9944820404
0.711500712729,0.428217261061,0.0532325421858,23.010612011
0.711500712729,0.428217261061,0.0532325421858,23.027228117
0.711500712729,0.428217261061,0.0532325421858,23.0437750816
0.711628469635,0.428224068317,0.0479965544298,23.0636911392
0.711628469635,0.428224068317,0.0479965544298,23.0770349503
0.711330291108,0.428209745775,0.0312413936107,23.0939860344
0.711330291108,0.428209745775,0.0312413936107,23.110615015
0.711330291108,0.428209745775,0.0312413936107,23.1271431446
0.711330291108,0.428209745775,0.0174532925199,23.1438729763
0.711330291108,0.428209745775,0.0174532925199,23.1607100964
0.711330291108,0.428209745775,0.0174532925199,23.1771090031
0.711415570206,0.428211234327,0.013962634016,23.193862915
0.711415570206,0.428211234327,0.013962634016,23.210408926
0.71226840795,0.428223142963,0.00226892802759,23.2273430824
0.71226840795,0.428223142963,0.00226892802759,23.2437689304
0.71226840795,0.428223142963,0.00226892802759,23.2607121468
0.712311053884,0.428223239723,-0.00174532925199,23.2776880264
Actuacion(lineal,angular) = 0.000460184226723,-0.7
0.712311053884,0.428223239723,-0.00174532925199,23.2938599586
0.712311053884,0.428223239723,-0.00174532925199,23.3108479977
0.711927240071,0.428223909605,-0.0164060949687,23.3271560669
0.711927240071,0.428223909605,-0.0164060949687,23.3438220024
0.711927240071,0.428223909605,-0.0164060949687,23.3620231152
0.712055160986,0.428221810734,-0.0216420827247,23.3780670166
0.712055160986,0.428221810734,-0.0216420827247,23.3986721039
0.712481521559,0.428212581963,-0.0373500459927,23.4104340076
0.712481521559,0.428212581963,-0.0373500459927,23.427282095
0.712481521559,0.428212581963,-0.0373500459927,23.4437711239
0.712907684574,0.428196657349,-0.0558505360638,23.4605751038
0.712907684574,0.428196657349,-0.0558505360638,23.4771220684
Actuacion(lineal,angular) = 0.000460184226723,-0.7
0.712907684574,0.428196657349,-0.0558505360638,23.4948461056
0.712737366378,0.428206179614,-0.0713839664066,23.5103750229
0.712737366378,0.428206179614,-0.0713839664066,23.5277540684
0.712737366378,0.428206179614,-0.0713839664066,23.5439429283
0.713035128424,0.428184888001,-0.0839503370209,23.5642809868
0.713035128424,0.428184888001,-0.0839503370209,23.5786499977
0.713035128424,0.428184888001,-0.0839503370209,23.5971989632
0.713035128424,0.428184888001,-0.0839503370209,23.6106650829
0.71375755796,0.428124096919,-0.0989601685881,23.6272649765
0.71375755796,0.428124096919,-0.0989601685881,23.6438360214
0.71375755796,0.428124096919,-0.0989601685881,23.660392046
0.71375755796,0.428124096919,-0.0989601685881,23.677159071
Actuacion(lineal,angular) = 0.000460184226723,-0.7
0.713884870147,0.428111456795,-0.117111592809,23.6943950653
0.713884870147,0.428111456795,-0.117111592809,23.7103290558
0.713884870147,0.428111456795,-0.117111592809,23.7273900509
0.713715454425,0.428131388545,-0.133866753628,23.7439661026
0.713715454425,0.428131388545,-0.133866753628,23.7613699436
0.713715454425,0.428131388545,-0.133866753628,23.777107954
0.713715454425,0.428131388545,-0.133866753628,23.7945120335
0.71409583492,0.428080161878,-0.150098315672,23.8105289936
0.71409583492,0.428080161878,-0.150098315672,23.8276200294
0.714306667661,0.428048276424,-0.155857902203,23.8438639641
0.714306667661,0.428048276424,-0.155857902203,23.8607211113
0.714306667661,0.428048276424,-0.155857902203,23.8769130707
Actuacion(lineal,angular) = 0.000460184226723,-0.7
0.714643700619,0.427995317659,-0.177150919077,23.8943800926
0.714643700619,0.427995317659,-0.177150919077,23.9105420113
0.714643700619,0.427995317659,-0.177150919077,23.9281561375
0.714685679242,0.427987802325,-0.183434104385,23.9437289238
0.714685679242,0.427987802325,-0.183434104385,23.961769104
0.714853401543,0.427956686555,-0.201760061531,23.977025032
0.714853401543,0.427956686555,-0.201760061531,23.9938669205
0.714853401543,0.427956686555,-0.201760061531,24.0116419792
0.715062306472,0.427913956498,-0.22287854548,24.0271251202
0.715062306472,0.427913956498,-0.22287854548,24.0438890457
0.715062306472,0.427913956498,-0.22287854548,24.0606291294
0.715062306472,0.427913956498,-0.22287854548,24.0771241188
Actuacion(lineal,angular) = 0.000460184226723,-0.7
0.715311853695,0.427857398151,-0.247836753783,24.0944199562
0.715311853695,0.427857398151,-0.247836753783,24.1105270386
0.715311853695,0.427857398151,-0.247836753783,24.1302740574
0.715601254759,0.427784168424,-0.263544717051,24.144217968
0.715601254759,0.427784168424,-0.263544717051,24.161921978
0.715601254759,0.427784168424,-0.263544717051,24.1775109768
0.715601254759,0.427784168424,-0.263544717051,24.1947820187
0.715930643467,0.427695292529,-0.282568805898,24.2110009193
0.715930643467,0.427695292529,-0.282568805898,24.2270810604
0.715930643467,0.427695292529,-0.282568805898,24.2435450554
0.715889688664,0.427707183249,-0.307527014201,24.260890007
0.715889688664,0.427707183249,-0.307527014201,24.2774910927
Actuacion(lineal,angular) = 0.000553893315847,-0.65806163902
0.715889688664,0.427707183249,-0.307527014201,24.2947280407
0.715930333972,0.42769427418,-0.313286600733,24.3152890205
0.715930333972,0.42769427418,-0.313286600733,24.3269619942
0.716254896236,0.427589130555,-0.328994564001,24.3441491127
0.716254896236,0.427589130555,-0.328994564001,24.3605539799
0.716254896236,0.427589130555,-0.328994564001,24.3772079945
0.716254896236,0.427589130555,-0.328994564001,24.3945310116
0.716375972748,0.427547794809,-0.345051593119,24.410599947
0.716375972748,0.427547794809,-0.345051593119,24.4270849228
0.716375972748,0.427547794809,-0.345051593119,24.4436450005
0.716255575545,0.427591069272,-0.36285395149,24.4625000954
0.716255575545,0.427591069272,-0.36285395149,24.4771010876
Actuacion(lineal,angular) = 0.00076883324537,-0.58992648993
0.716255575545,0.427591069272,-0.36285395149,24.494633913
0.716255575545,0.427591069272,-0.36285395149,24.5104830265
0.716534660362,0.427485110629,-0.382750704962,24.5300779343
0.716534660362,0.427485110629,-0.382750704962,24.5437219143
0.716534660362,0.427485110629,-0.382750704962,24.5604190826
0.716534660362,0.427485110629,-0.382750704962,24.5769860744
