0,0,0
0.0,0.0,2.84279228565
0.0,0.0,2.84279228565
0.0,0.0,2.84279228565
0.0,0.0,2.84279228565
0.0,0.0,2.84279228565
0.0,0.0,2.84279228565
0.0,0.0,2.84279228565
0.0,0.0,2.84279228565
0.0,0.0,2.84279228565
0.0,0.0,2.84279228565
0.0,0.0,2.84279228565
0.0,0.0,2.84279228565
0.0,0.0,2.84279228565
0.0,0.0,2.84279228565
0.0,0.0,2.84279228565
0.0,0.0,2.84279228565
0.0,0.0,2.84279228565
0.0,0.0,2.84279228565
0.0,0.0,2.84279228565
0.0,0.0,2.84279228565
0.0,0.0,2.84279228565
0.0,0.0,2.84279228565
0.0,0.0,2.84279228565
0.0,0.0,2.84279228565
0.0,0.0,2.84279228565
0.0,0.0,2.84279228565
0.0,0.0,2.84279228565
0.0,0.0,2.84279228565
0.0,0.0,2.84279228565
0.0,0.0,2.84279228565
0.0,0.0,2.84279228565
0.0,0.0,2.84279228565
0.0,0.0,2.84279228565
0.0,0.0,2.84279228565
0.0,0.0,2.84279228565
0.0,0.0,2.84279228565
0.0,0.0,2.84279228565
0.0,0.0,2.84279228565
0.0,0.0,2.84279228565
0.0,0.0,2.84279228565
0.0,0.0,2.84279228565
0.0,0.0,2.84279228565
0.0,0.0,2.84279228565
0.0,0.0,2.84279228565
0.0,0.0,2.84279228565
0.0,0.0,2.84279228565
0.0,0.0,2.84279228565
0.0,0.0,2.84279228565
0.0,0.0,2.84279228565
0.0,0.0,2.84279228565
0.0,0.0,2.84279228565
0.0,0.0,2.84279228565
0.0,0.0,2.84279228565
0.0,0.0,2.84279228565
0.0,0.0,2.84279228565
0.0,0.0,2.84279228565
0.0,0.0,2.84279228565
0.0,0.0,2.84279228565
0.0,0.0,2.84279228565
0.0,0.0,2.84279228565
0.0,0.0,2.84279228565
0.0,0.0,2.84279228565
0.0,0.0,2.84279228565
0.0,0.0,2.84279228565
0.0,0.0,2.84279228565
0.0,0.0,2.84279228565
0.0,0.0,2.84279228565
0.0,0.0,2.84279228565
0.0,0.0,2.84279228565
0.0,0.0,2.84279228565
0.0,0.0,2.84279228565
0.0,0.0,2.84279228565
0.0,0.0,2.84279228565
0.0,0.0,2.84279228565
0.0,0.0,2.84279228565
0.0,0.0,2.84279228565
0.0,0.0,2.84279228565
0.0,0.0,2.84279228565
0.0,0.0,2.84279228565
0.0,0.0,2.84279228565
0.0,0.0,2.84279228565
0.0,0.0,2.84279228565
0.0,0.0,2.84279228565
0.0,0.0,2.84279228565
0.0,0.0,2.84279228565
0.0,0.0,2.84279228565
0.0,0.0,2.84279228565
0.0,0.0,2.84279228565
0.0,0.0,2.84279228565
0.0,0.0,2.84279228565
0.0,0.0,2.84279228565
0.0,0.0,2.84279228565
0.0,0.0,2.84279228565
0.0,0.0,2.84279228565
0.0,0.0,2.84279228565
0.0,0.0,2.84279228565
0.0,0.0,2.84279228565
0.0,0.0,2.84279228565
0.0,0.0,2.84279228565
0.0,0.0,2.84279228565
0.0,0.0,2.84279228565
0.0,0.0,2.84279228565
0.0,0.0,2.84279228565
0.0,0.0,2.84279228565
0.0,0.0,2.84279228565
0.0,0.0,2.84279228565
0.0,0.0,2.84279228565
0.0,0.0,2.84279228565
0.0,0.0,2.84279228565
0.0,0.0,2.84279228565
0.0,0.0,2.84279228565
0.0,0.0,2.84279228565
0.0,0.0,2.84279228565
0.0,0.0,2.84279228565
0.0,0.0,2.84279228565
0.0,0.0,2.84279228565
0.0,0.0,2.84279228565
0.0,0.0,2.84279228565
0.0,0.0,2.84279228565
0.0,0.0,2.84279228565
0.0,0.0,2.84279228565
0.0,0.0,2.84279228565
0.0,0.0,2.84279228565
0.0,0.0,2.84279228565
0.0,0.0,2.84279228565
0.0,0.0,2.84279228565
0.0,0.0,2.84279228565
0.0,0.0,2.84279228565
0.0,0.0,2.84279228565
0.0,0.0,2.84279228565
0.0,0.0,2.84279228565
0.0,0.0,2.84279228565
0.0,0.0,2.84279228565
0.0,0.0,2.84279228565
0.0,0.0,2.84279228565
0.0,0.0,2.84279228565
0.0,0.0,2.84296681857
0.0,0.0,2.84296681857
0.0,0.0,2.84296681857
0.0,0.0,2.84296681857
0.0,0.0,2.8431413515
0.0,0.0,2.8431413515
0.0,0.0,2.8431413515
-8.15215822467e-05,2.50793133933e-05,2.8431413515
-8.15215822467e-05,2.50793133933e-05,2.8431413515
-8.15215822467e-05,2.50793133933e-05,2.8431413515
-8.15215822467e-05,2.50793133933e-05,2.8431413515
-0.00012228237337,3.761897009e-05,2.84296681857
-0.00012228237337,3.761897009e-05,2.84296681857
-0.00012228237337,3.761897009e-05,2.84296681857
-0.00012228237337,3.761897009e-05,2.84296681857
-0.00012228237337,3.761897009e-05,2.84296681857
-4.07651695309e-05,1.25254288785e-05,2.84296681857
-4.07651695309e-05,1.25254288785e-05,2.84296681857
-4.07651695309e-05,1.25254288785e-05,2.84296681857
-8.15237714505e-05,2.50721994843e-05,2.84279228565
-8.15237714505e-05,2.50721994843e-05,2.84279228565
-8.15237714505e-05,2.50721994843e-05,2.84279228565
-8.15237714505e-05,2.50721994843e-05,2.84279228565
-4.07673599763e-05,1.25183153516e-05,2.84261775272
-4.07673599763e-05,1.25183153516e-05,2.84261775272
-4.07673599763e-05,1.25183153516e-05,2.84261775272
-4.07673599763e-05,1.25183153516e-05,2.84261775272
-0.000122275799551,3.76403099058e-05,2.8424432198
-0.000122275799551,3.76403099058e-05,2.8424432198
-0.000122275799551,3.76403099058e-05,2.8424432198
-0.00016302782641,5.02084199448e-05,2.84209415395
-0.000203775463688,6.27907543586e-05,2.84209415395
-0.000203775463688,6.27907543586e-05,2.84209415395
-0.000203775463688,6.27907543586e-05,2.84209415395
-0.000203775463688,6.27907543586e-05,2.84209415395
-0.000326018375524,0.0001005377576,2.84087242347
-0.000366750610174,0.000113169865242,2.8403488247
-0.000366750610174,0.000113169865242,2.8403488247
-0.000366750610174,0.000113169865242,2.8403488247
-0.000366750610174,0.000113169865242,2.8403488247
-0.000448201839996,0.000138476731756,2.83982522592
-0.000448201839996,0.000138476731756,2.83982522592
-0.000448201839996,0.000138476731756,2.83982522592
-0.000611077776022,0.000189175753371,2.83895256129
-0.000611077776022,0.000189175753371,2.83895256129
-0.0007332014991,0.000227306607141,2.83877802837
-0.0007332014991,0.000227306607141,2.83877802837
-0.0007332014991,0.000227306607141,2.83877802837
-0.00109955269749,0.000341763110539,2.83528736986
-0.00109955269749,0.000341763110539,2.83528736986
-0.00109955269749,0.000341763110539,2.83528736986
-0.00109955269749,0.000341763110539,2.83528736986
-0.00146550213618,0.000457497720959,2.82882965163
-0.00146550213618,0.000457497720959,2.82882965163
-0.00146550213618,0.000457497720959,2.82882965163
-0.00170896509083,0.000536227973743,2.82219740047
-0.00170896509083,0.000536227973743,2.82219740047
-0.00174945433168,0.000549618509888,2.82045207122
-0.00174945433168,0.000549618509888,2.82045207122
-0.00174945433168,0.000549618509888,2.82045207122
-0.00195178337319,0.000616924423742,2.81626328102
-0.00207301057536,0.000657816124629,2.81486701762
-0.00207301057536,0.000657816124629,2.81486701762
-0.00215379056765,0.000685190075346,2.81347075421
-0.00215379056765,0.000685190075346,2.81347075421
-0.00227490310612,0.000726420146563,2.81102729326
-0.00227490310612,0.000726420146563,2.81102729326
-0.00227490310612,0.000726420146563,2.81102729326
-0.00247658882771,0.000795629949228,2.80718756891
-0.00247658882771,0.000795629949228,2.80718756891
-0.00255715622327,0.000823623432485,2.80596583843
-0.00255715622327,0.000823623432485,2.80596583843
-0.00255715622327,0.000823623432485,2.80596583843
-0.00271822249317,0.000879807220451,2.80142798238
-0.00271822249317,0.000879807220451,2.80142798238
-0.00271822249317,0.000879807220451,2.80142798238
-0.00271822249317,0.000879807220451,2.80142798238
-0.00299963939552,0.000979406899888,2.79619199462
-0.00299963939552,0.000979406899888,2.79619199462
-0.00299963939552,0.000979406899888,2.79619199462
-0.00324040357646,0.00106603987378,2.78921067761
-0.00324040357646,0.00106603987378,2.78921067761
-0.00324040357646,0.00106603987378,2.78921067761
-0.00324040357646,0.00106603987378,2.78921067761
-0.00360063383598,0.00119850742396,2.78205482768
-0.0037603107812,0.00125852604187,2.77961136673
-0.0037603107812,0.00125852604187,2.77961136673
-0.0037603107812,0.00125852604187,2.77961136673
-0.0037603107812,0.00125852604187,2.77961136673
-0.00407937041227,0.00137934324734,2.77175738509
-0.00407937041227,0.00137934324734,2.77175738509
-0.00407937041227,0.00137934324734,2.77175738509
-0.00407937041227,0.00137934324734,2.77175738509
-0.00435770870342,0.0014872476715,2.76495060101
-0.00435770870342,0.0014872476715,2.76495060101
-0.00435770870342,0.0014872476715,2.76495060101
-0.00467496283678,0.00161272938402,2.75919101448
-0.00467496283678,0.00161272938402,2.75919101448
-0.00467496283678,0.00161272938402,2.75919101448
-0.00467496283678,0.00161272938402,2.75919101448
-0.00487279168209,0.00169229618013,2.75360596087
-0.00487279168209,0.00169229618013,2.75360596087
-0.00487279168209,0.00169229618013,2.75360596087
-0.00514912561042,0.00180523478789,2.74784637434
-0.00514912561042,0.00180523478789,2.74784637434
-0.00514912561042,0.00180523478789,2.74784637434
-0.00514912561042,0.00180523478789,2.74784637434
-0.00530665639263,0.00187067952782,2.74069052441
-0.00546371483284,0.0019372498492,2.73877066223
-0.00546371483284,0.0019372498492,2.73877066223
-0.00546371483284,0.0019372498492,2.73877066223
-0.00546371483284,0.0019372498492,2.73877066223
-0.00577757552284,0.00207099330732,2.7330110757
-0.00577757552284,0.00207099330732,2.7330110757
-0.00577757552284,0.00207099330732,2.7330110757
-0.00616893199962,0.00224042947934,2.72672789039
-0.00616893199962,0.00224042947934,2.72672789039
-0.00616893199962,0.00224042947934,2.72672789039
-0.00616893199962,0.00224042947934,2.72672789039
-0.00644213091154,0.00236075372295,2.71852484291
-0.00644213091154,0.00236075372295,2.71852484291
-0.00644213091154,0.00236075372295,2.71852484291
-0.00671433361731,0.00248331495678,2.71171805882
-0.00671433361731,0.00248331495678,2.71171805882
-0.00671433361731,0.00248331495678,2.71171805882
-0.00671433361731,0.00248331495678,2.71171805882
-0.00698569577581,0.00260772616209,2.70578393937
-0.00710167539611,0.00266173443387,2.70403861011
-0.00710167539611,0.00266173443387,2.70403861011
-0.00710167539611,0.00266173443387,2.70403861011
-0.00710167539611,0.00266173443387,2.70403861011
-0.00756521612207,0.00287857688207,2.69967528698
-0.00756521612207,0.00287857688207,2.69967528698
-0.00756521612207,0.00287857688207,2.69967528698
-0.00791215874411,0.00304272409874,2.69461383215
-0.00791215874411,0.00304272409874,2.69461383215
-0.00791215874411,0.00304272409874,2.69461383215
-0.00791215874411,0.00304272409874,2.69461383215
-0.00814289698267,0.00315332485941,2.68833064685
-0.00814289698267,0.00315332485941,2.68833064685
-0.00814289698267,0.00315332485941,2.68833064685
-0.00837293574614,0.00326537319848,2.68082573106
-0.00837293574614,0.00326537319848,2.68082573106
-0.00837293574614,0.00326537319848,2.68082573106
-0.00837293574614,0.00326537319848,2.68082573106
-0.00867852425245,0.0034170686504,2.67052828848
-0.0087925280988,0.00347513145057,2.66738669582
-0.0087925280988,0.00347513145057,2.66738669582
-0.0087925280988,0.00347513145057,2.66738669582
-0.0087925280988,0.00347513145057,2.66738669582
-0.00894428926467,0.00355302567283,2.65674018739
-0.00894428926467,0.00355302567283,2.65342406181
-0.00894428926467,0.00355302567283,2.65342406181
-0.00894428926467,0.00355302567283,2.65342406181
-0.00894428926467,0.00355302567283,2.65342406181
-0.00894428926467,0.00355302567283,2.64522101432
-0.00894428926467,0.00355302567283,2.64522101432
-0.00894428926467,0.00355302567283,2.64522101432
-0.00905678735128,0.00361395469924,2.63719249976
-0.00905678735128,0.00361395469924,2.63719249976
-0.00909412245016,0.0036345647811,2.63457450589
-0.00909412245016,0.0036345647811,2.63457450589
-0.00909412245016,0.0036345647811,2.63457450589
-0.00939237056163,0.00380022681454,2.6263714584
-0.00939237056163,0.00380022681454,2.6263714584
-0.00939237056163,0.00380022681454,2.6263714584
-0.00939237056163,0.00380022681454,2.6263714584
-0.00972635961514,0.00398934266227,2.61799387799
-0.00972635961514,0.00398934266227,2.61799387799
-0.00972635961514,0.00398934266227,2.61799387799
-0.0100218200761,0.00415992683894,2.6076964354
-0.0100218200761,0.00415992683894,2.6049039086
-0.0100218200761,0.00415992683894,2.6049039086
-0.0100218200761,0.00415992683894,2.6049039086
-0.0100218200761,0.00415992683894,2.6049039086
-0.0101684212112,0.00424714534906,2.59809712452
-0.0101684212112,0.00424714534906,2.59809712452
-0.0101684212112,0.00424714534906,2.59809712452
-0.0101684212112,0.00424714534906,2.59809712452
-0.0102414232442,0.00429125253115,2.59146487336
-0.0102414232442,0.00429125253115,2.59146487336
-0.0102414232442,0.00429125253115,2.59146487336
-0.0103504850937,0.0043581380956,2.58430902343
-0.0103504850937,0.0043581380956,2.58430902343
-0.0103504850937,0.0043581380956,2.58430902343
-0.0103504850937,0.0043581380956,2.58430902343
-0.0104590655319,0.00442580237114,2.57505877839
-0.0104590655319,0.00442580237114,2.57505877839
-0.0104590655319,0.00442580237114,2.57505877839
-0.0104590655319,0.00442580237114,2.56545946751
-0.0104590655319,0.00442580237114,2.56545946751
-0.0104590655319,0.00442580237114,2.56545946751
-0.0104590655319,0.00442580237114,2.56545946751
-0.0105663513151,0.00449550119813,2.55586015662
-0.0105663513151,0.00449550119813,2.55586015662
-0.0105663513151,0.00449550119813,2.55586015662
-0.0107440376313,0.00461337698067,2.54486458233
-0.0107440376313,0.00461337698067,2.54486458233
-0.0108145894269,0.0046613059329,2.5418975226
-0.0108145894269,0.0046613059329,2.5418975226
-0.0108145894269,0.0046613059329,2.5418975226
-0.0110258172587,0.00480572014994,2.53369447512
-0.0110258172587,0.00480572014994,2.53369447512
-0.0110258172587,0.00480572014994,2.53369447512
-0.0110258172587,0.00480572014994,2.53369447512
-0.0113408714111,0.00502493322608,2.52758582274
-0.0113408714111,0.00502493322608,2.52758582274
-0.0113408714111,0.00502493322608,2.52758582274
-0.0117242937497,0.00529520754106,2.52234983498
-0.0117242937497,0.00529520754106,2.52234983498
-0.0117242937497,0.00529520754106,2.52234983498
-0.0117242937497,0.00529520754106,2.52234983498
-0.0121757505834,0.00561699086317,2.51868464355
-0.0121757505834,0.00561699086317,2.51868464355
-0.0121757505834,0.00561699086317,2.51868464355
-0.0126260249898,0.00594042669593,2.51519398505
-0.0126260249898,0.00594042669593,2.51519398505
-0.0127296732963,0.0060154279913,2.51362318872
-0.0127296732963,0.0060154279913,2.51362318872
-0.0127296732963,0.0060154279913,2.51362318872
-0.0131092846417,0.00629102937287,2.50838720097
-0.0131092846417,0.00629102937287,2.50838720097
-0.0131092846417,0.00629102937287,2.50838720097
-0.0131092846417,0.00629102937287,2.50838720097
-0.0132811769612,0.00641720447967,2.50053321933
-0.0132811769612,0.00641720447967,2.50053321933
-0.0132811769612,0.00641720447967,2.50053321933
-0.0132811769612,0.00641720447967,2.50053321933
-0.0134862522226,0.00657022996827,2.49285377062
-0.0134862522226,0.00657022996827,2.49285377062
-0.0134862522226,0.00657022996827,2.49285377062
-0.0136561639513,0.00669905982314,2.48657058532
-0.0136561639513,0.00669905982314,2.48657058532
-0.0136561639513,0.00669905982314,2.48657058532
-0.0136561639513,0.00669905982314,2.48657058532
-0.0137576233023,0.00677699675818,2.48150913049
-0.0138586868811,0.00685544622464,2.48011286708
-0.0138586868811,0.00685544622464,2.48011286708
-0.0138586868811,0.00685544622464,2.48011286708
-0.0139596408253,0.00693403672597,2.4740042147
-0.0139596408253,0.00693403672597,2.4740042147
-0.0140266221464,0.00698684054178,2.4712116879
-0.0140266221464,0.00698684054178,2.4712116879
-0.0140266221464,0.00698684054178,2.4712116879
-0.0140266221464,0.00698684054178,2.46196144286
-0.0140266221464,0.00698684054178,2.46196144286
-0.0140266221464,0.00698684054178,2.46196144286
-0.0140266221464,0.00698684054178,2.46196144286
-0.014126133009,0.00706725045393,2.45026773687
-0.014126133009,0.00706725045393,2.44747521007
-0.014126133009,0.00706725045393,2.44747521007
-0.014126133009,0.00706725045393,2.44747521007
-0.014126133009,0.00706725045393,2.44747521007
-0.0141916900927,0.00712181242883,2.44189015647
-0.0141916900927,0.00712181242883,2.44189015647
-0.0141916900927,0.00712181242883,2.44189015647
-0.0144853210836,0.0073689851072,2.44119202476
-0.0144853210836,0.0073689851072,2.44119202476
-0.0144853210836,0.0073689851072,2.44119202476
-0.0144853210836,0.0073689851072,2.44119202476
-0.0147135664749,0.00756138991592,2.44136655769
-0.0146809551936,0.007533909206,2.44136655769
-0.0146809551936,0.007533909206,2.44136655769
-0.0146809551936,0.007533909206,2.44136655769
-0.0146809551936,0.007533909206,2.44136655769
-0.0145831213498,0.00745146707623,2.44136655769
-0.0145831213498,0.00745146707623,2.44136655769
-0.0145831213498,0.00745146707623,2.44136655769
-0.014354842381,0.00725910210677,2.44119202476
-0.014354842381,0.00725910210677,2.44119202476
-0.014354842381,0.00725910210677,2.44119202476
-0.014354842381,0.00725910210677,2.44119202476
-0.0139309580829,0.00690177889058,2.44049389306
-0.0139309580829,0.00690177889058,2.44049389306
-0.0139309580829,0.00690177889058,2.44049389306
-0.0134747360593,0.00651665067625,2.43839949796
-0.0134747360593,0.00651665067625,2.43839949796
-0.0134747360593,0.00651665067625,2.43839949796
-0.0134747360593,0.00651665067625,2.43839949796
-0.0132795584538,0.00635118658562,2.43770136626
-0.0132795584538,0.00635118658562,2.43770136626
-0.0132795584538,0.00635118658562,2.43770136626
-0.0132795584538,0.00635118658562,2.43770136626
-0.0127593930077,0.00590958575905,2.43770136626
-0.0127593930077,0.00590958575905,2.43770136626
-0.0127593930077,0.00590958575905,2.43770136626
-0.0122067172213,0.00544038488082,2.43805043211
-0.0120441173582,0.00530244137217,2.43822496504
-0.0120441173582,0.00530244137217,2.43822496504
-0.0120441173582,0.00530244137217,2.43822496504
-0.0120441173582,0.00530244137217,2.43822496504
-0.0115562455491,0.00488869598962,2.43822496504
-0.0115562455491,0.00488869598962,2.43822496504
-0.0115562455491,0.00488869598962,2.43822496504
-0.0115562455491,0.00488869598962,2.43822496504
-0.0110033241654,0.00441978455606,2.43805043211
-0.0110033241654,0.00441978455606,2.43805043211
-0.0110033241654,0.00441978455606,2.43805043211
-0.0107431643844,0.00419907494222,2.43770136626
-0.0107431643844,0.00419907494222,2.43770136626
-0.0107431643844,0.00419907494222,2.43735230041
-0.0107431643844,0.00419907494222,2.43735230041
-0.010873167201,0.00430952053513,2.43508337238
-0.010873167201,0.00430952053513,2.43508337238
-0.010873167201,0.00430952053513,2.43508337238
-0.0112299848961,0.0046140562925,2.42914925293
-0.0112299848961,0.0046140562925,2.42914925293
-0.011326804243,0.00469768750574,2.42775298952
-0.011326804243,0.00469768750574,2.42775298952
-0.011326804243,0.00469768750574,2.42775298952
-0.0110044626387,0.00441846644914,2.42373873224
-0.0110044626387,0.00441846644914,2.42373873224
-0.0110044626387,0.00441846644914,2.42373873224
-0.0110044626387,0.00441846644914,2.42373873224
-0.0111008280822,0.0045026202788,2.42094620544
-0.0111008280822,0.0045026202788,2.42094620544
-0.0111008280822,0.0045026202788,2.42094620544
-0.011164914793,0.00455890201498,2.42077167252
-0.011164914793,0.00455890201498,2.42077167252
-0.011164914793,0.00455890201498,2.42077167252
-0.011164914793,0.00455890201498,2.42077167252
-0.0112289916798,0.00461519493555,2.41989900789
-0.0112289916798,0.00461519493555,2.41989900789
-0.0112289916798,0.00461519493555,2.41989900789
-0.011357047155,0.00472789256905,2.41902634326
-0.011357047155,0.00472789256905,2.41902634326
-0.011357047155,0.00472789256905,2.41902634326
-0.011357047155,0.00472789256905,2.41902634326
-0.011357047155,0.00472789256905,2.41902634326
-0.0115489827739,0.00489710657915,2.41920087619
-0.0115489827739,0.00489710657915,2.41920087619
-0.0115169885823,0.00486890982775,2.41920087619
-0.0115169885823,0.00486890982775,2.41920087619
-0.0115169885823,0.00486890982775,2.41920087619
-0.0117409479232,0.00506628708759,2.41920087619
-0.0117409479232,0.00506628708759,2.41920087619
-0.0117409479232,0.00506628708759,2.41920087619
-0.0117409479232,0.00506628708759,2.41920087619
-0.0117089537317,0.00503809033619,2.41920087619
-0.0118369304979,0.00515087734181,2.41920087619
-0.0118369304979,0.00515087734181,2.41920087619
-0.0118369304979,0.00515087734181,2.41920087619
-0.0118689246894,0.00517907409322,2.41920087619
-0.0118689246894,0.00517907409322,2.41920087619
-0.0118689246894,0.00517907409322,2.41920087619
-0.0118689246894,0.00517907409322,2.41920087619
-0.0118369304979,0.00515087734181,2.41920087619
-0.0118369304979,0.00515087734181,2.41920087619
-0.0118369304979,0.00515087734181,2.41920087619
-0.011900918881,0.00520727084462,2.41920087619
-0.011900918881,0.00520727084462,2.41920087619
-0.0119649072641,0.00526366434744,2.41920087619
-0.0119649072641,0.00526366434744,2.41920087619
-0.0119649072641,0.00526366434744,2.41920087619
-0.0122528549881,0.00551743511009,2.41920087619
-0.0122528549881,0.00551743511009,2.41920087619
