0.0,0.0,0.0
0.0,0.0,0.0
0.0,0.0,0.0
0.0,0.0,0.0
-8.52920870344e-05,-1.48862775984e-08,0.000349065850402
-0.000213230210441,-5.95451092535e-08,0.000698131700803
-0.000213230210441,-5.95451092535e-08,0.0010471975512
-0.000213230210441,-5.95451092535e-08,0.00139626340159
-0.000255876213038,-1.19090200596e-07,0.00174532925199
-0.000255876187056,-1.3397645553e-07,0.0019198621772
-0.00042646001817,-4.76360608111e-07,0.00226892802759
-0.000511751919437,-6.54995809584e-07,0.00226892802759
-0.000597043753152,-8.63403489621e-07,0.00244346095279
-0.00085291901397,-1.57794387111e-06,0.00314159265359
-0.000980856335201,-2.03197436743e-06,0.00383972435439
-0.00102350197341,-2.2180522479e-06,0.00401425727959
-0.00132202187475,-3.41639437177e-06,0.00471238898038
-0.00221757010412,-9.12523994112e-06,0.00959931088597
-0.00383793420582,-3.29497120581e-05,0.0221656815003
-0.00567081422234,-8.90087912323e-05,0.0448549617763
-0.00690539981695,-0.000160820600329,0.0867428638241
-0.0077964646185,-0.000250523942032,0.132470490226
-0.00855518152493,-0.000366789723679,0.181688775133
-0.00984622105513,-0.000650201487907,0.253945406165
-0.00959898609884,-0.000583883905003,0.310668606855
-0.010326416323,-0.000828769053335,0.367391807545
-0.0114331688933,-0.00127676865105,0.42428954116
-0.0121967465642,-0.0016562449041,0.504574686752
-0.0125694028028,-0.00186363769375,0.567930138599
-0.0122846677013,-0.00167571085182,0.623431608812
-0.0130696355684,-0.00226373190049,0.676664150998
-0.013266313946,-0.00242741400347,0.724137106652
-0.0131630908238,-0.00235057376455,0.777544181763
-0.0134293812409,-0.0026269791717,0.819606616737
-0.0134311557656,-0.00262536831082,0.848404549394
-0.0132663204854,-0.0024296778587,0.886976325864
-0.0137697696902,-0.00306453724564,0.92781703036
-0.0146484854592,-0.00427104807928,0.949110047235
-0.0154634303261,-0.00541839080098,0.958883891046
-0.0160466612665,-0.00625945424328,0.970053998258
-0.0160255095766,-0.00622229230943,0.994139541936
