0,0,0,0.0324289798737
0,0,0,0.0493929386139
0,0,0,0.065957069397
0,0,0,0.0827770233154
0.0,0.0,0.0,0.00191593170166
0.0,0.0,0.0,0.0184969902039
0.0,0.0,0.0,0.0349998474121
0.0,0.0,0.0,0.0528888702393
0.0,0.0,0.0,0.0685658454895
0.0,0.0,0.0,0.0851929187775
0.0,0.0,0.0,0.101983785629
0.0,0.0,0.0,0.118460893631
0.0,0.0,0.0,0.135474920273
0.0,0.0,0.0,0.151951789856
0.0,0.0,0.0,0.168654918671
0.0,0.0,0.0,0.18540096283
0.0,0.0,0.0,0.202157974243
0.0,0.0,0.0,0.218394994736
0.0,0.0,0.0,0.235159873962
0.0,0.0,0.0,0.252153873444
0.0,0.0,0.0,0.268526792526
0.0,0.0,0.0,0.285205841064
0.0,0.0,0.0,0.3019759655
0.0,0.0,0.0,0.319609880447
0.0,0.0,0.0,0.335662841797
0.0,0.0,0.0,0.351995944977
0.0,0.0,0.0,0.368733882904
0.0,0.0,0.0,0.385418891907
0.0,0.0,0.0,0.40216088295
0.0,0.0,0.0,0.418618917465
0.0,0.0,0.0,0.435444831848
0.0,0.0,0.0,0.45191693306
0.0,0.0,0.0,0.468552827835
0.0,0.0,0.0,0.485262870789
0.0,0.0,0.0,0.501932859421
0.0,0.0,0.0,0.518754005432
0.0,0.0,0.0,0.535422801971
0.0,0.0,0.0,0.552023887634
0.0,0.0,0.0,0.568744897842
0.0,0.0,0.0,0.585308790207
0.0,0.0,0.0,0.601941823959
0.0,0.0,0.0,0.618464946747
0.0,0.0,0.0,0.635177850723
0.0,0.0,0.0,0.652093887329
0.0,0.0,0.0,0.668606996536
0.0,0.0,0.0,0.685162782669
0.0,0.0,0.0,0.701918840408
0.0,0.0,0.0,0.718501806259
0.0,0.0,0.0,0.735358953476
0.0,0.0,0.0,0.751787900925
0.0,0.0,0.0,0.768481969833
0.0,0.0,0.0,0.785349845886
0.0,0.0,0.0,0.802700996399
0.0,0.0,0.0,0.822390794754
0.0,0.0,0.0,0.835541009903
0.0,0.0,0.0,0.852035999298
0.0,0.0,0.0,0.868716001511
0.0,0.0,0.0,0.885078907013
0.0,0.0,0.0,0.902257919312
0.0,0.0,0.0,0.918640851974
0.0,0.0,0.0,0.935512781143
0.0,0.0,0.0,0.95188498497
0.0,0.0,0.0,0.968652963638
0.0,0.0,0.0,0.985373973846
0.0,0.0,0.0,1.00240778923
0.0,0.0,0.0,1.01856684685
0.0,0.0,0.0,1.03545880318
0.0,0.0,0.0,1.05192780495
0.0,0.0,0.0,1.06873083115
0.0,0.0,0.0,1.08510398865
0.0,0.0,0.0,1.10211896896
0.0,0.0,0.0,1.11861181259
0.0,0.0,0.0,1.13525485992
0.0,0.0,0.0,1.15194988251
0.0,0.0,0.0,1.16861701012
0.0,0.0,0.0,1.18529391289
0.0,0.0,0.0,1.20355296135
0.0,0.0,0.0,1.21847081184
0.0,0.0,0.0,1.23550081253
0.0,0.0,0.0,1.25194978714
0.0,0.0,0.0,1.26885199547
0.0,0.0,0.0,1.28523778915
0.0,0.0,0.0,1.30234289169
0.0,0.0,0.0,1.31861686707
0.0,0.0,0.0,1.33535194397
0.0,0.0,0.0,1.35186600685
0.0,0.0,0.0,1.36864590645
0.0,0.0,0.0,1.38517093658
0.0,0.0,0.0,1.40363883972
0.0,0.0,0.0,1.41856694221
0.0,0.0,0.0,1.43549799919
0.0,0.0,0.0,1.45206880569
0.0,0.0,0.0,1.46879386902
0.0,0.0,0.0,1.4853348732
0.0,0.0,0.0,1.5020608902
0.0,0.0,0.0,1.51838684082
0.0,0.0,0.0,1.53549480438
0.0,0.0,0.0,1.55172395706
0.0,0.0,0.0,1.56871700287
0.0,0.0,0.0,1.58526086807
0.0,0.0,0.0,1.60211491585
0.0,0.0,0.0,1.61867594719
0.0,0.0,0.0,1.63532996178
0.0,0.0,0.0,1.65198898315
0.0,0.0,0.0,1.66879796982
0.0,0.0,0.0,1.68515086174
0.0,0.0,0.0,1.70211100578
0.0,0.0,0.0,1.71859288216
0.0,0.0,0.0,1.7359828949
0.0,0.0,0.0,1.75223994255
0.0,0.0,0.0,1.76865696907
0.0,0.0,0.0,1.78539085388
0.0,0.0,0.0,1.80201983452
0.0,0.0,0.0,1.81855583191
0.0,0.0,0.0,1.83532500267
0.0,0.0,0.0,1.85174393654
0.0,0.0,0.0,1.86874079704
0.0,0.0,0.0,1.88540387154
0.0,0.0,0.0,1.9020857811
0.0,0.0,0.0,1.91853785515
0.0,0.0,0.0,1.93522500992
0.0,0.0,0.0,1.95169091225
0.0,0.0,0.0,1.96882796288
0.0,0.0,0.0,1.98519778252
0.0,0.0,0.0,2.00209498405
0.0,0.0,0.0,2.01857280731
0.0,0.0,0.0,2.0372068882
0.0,0.0,0.0,2.05179595947
0.0,0.0,0.0,2.06870889664
0.0,0.0,0.0,2.08509087563
0.0,0.0,0.0,2.10190391541
0.0,0.0,0.0,2.11867284775
0.0,0.0,0.0,2.13556694984
0.0,0.0,0.0,2.1520049572
0.0,0.0,0.0,2.16863298416
0.0,0.0,0.0,2.18541479111
0.0,0.0,0.0,2.20203399658
0.0,0.0,0.0,2.21858096123
0.0,0.0,0.0,2.23535490036
0.0,0.0,0.0,2.25181984901
0.0,0.0,0.0,2.26886701584
0.0,0.0,0.0,2.28514695168
0.0,0.0,0.0,2.30228090286
0.0,0.0,0.0,2.31878399849
0.0,0.0,0.0,2.33575892448
0.0,0.0,0.0,2.35181593895
0.0,0.0,0.0,2.36858582497
0.0,0.0,0.0,2.38511395454
0.0,0.0,0.0,2.40178894997
0.0,0.0,0.0,2.41848397255
0.0,0.0,0.0,2.43778085709
0.0,0.0,0.0,2.45178198814
0.0,0.0,0.0,2.46875095367
0.0,0.0,0.0,2.48513197899
0.0,0.0,0.0,2.50183582306
0.0,0.0,0.0,2.51851797104
0.0,0.0,0.0,2.53535795212
0.0,0.0,0.0,2.55186080933
0.0,0.0,0.0,2.56876778603
0.0,0.0,0.0,2.5852367878
0.0,0.0,0.0,2.60193991661
0.0,0.0,0.0,2.61846995354
0.0,0.0,0.0,2.63542890549
0.0,0.0,0.0,2.65173101425
0.0,0.0,0.0,2.66858196259
0.0,0.0,0.0,2.68523097038
0.0,0.0,0.0,2.70204997063
0.0,0.0,0.0,2.71843791008
0.0,0.0,0.0,2.73544979095
0.0,0.0,0.0,2.75199198723
0.0,0.0,0.0,2.76865196228
0.0,0.0,0.0,2.78531193733
0.0,0.0,0.0,2.80199384689
0.0,0.0,0.0,2.81843590736
0.0,0.0,0.0,2.83523082733
0.0,0.0,0.0,2.85178995132
0.0,0.0,0.0,2.86858892441
0.0,0.0,0.0,2.88518190384
0.0,0.0,0.0,2.90191698074
0.0,0.0,0.0,2.91856980324
0.0,0.0,0.0,2.93537688255
0.0,0.0,0.0,2.95202589035
0.0,0.0,0.0,2.96847295761
0.0,0.0,0.0,2.98536992073
0.0,0.0,0.0,3.00372099876
0.0,0.0,0.0,3.01855278015
0.0,0.0,0.0,3.03514194489
0.0,0.0,0.0,3.05170583725
0.0,0.0,0.0,3.06965684891
0.0,0.0,0.0,3.08540391922
0.0,0.0,0.0,3.1018807888
0.0,0.0,0.0,3.11870598793
0.0,0.0,0.0,3.13706684113
0.0,0.0,0.0,3.1520409584
0.0,0.0,0.0,3.16874980927
0.0,0.0,0.0,3.18559479713
0.0,0.0,0.0,3.20188093185
0.0,0.0,0.0,3.21879696846
0.0,0.0,0.0,3.2355568409
0.0,0.0,0.0,3.25187778473
0.0,0.0,0.0,3.26882195473
0.0,0.0,0.0,3.28522181511
0.0,0.0,0.0,3.30233597755
0.0,0.0,0.0,3.31859087944
0.0,0.0,0.0,3.33552479744
0.0,0.0,0.0,3.35222196579
0.0,0.0,0.0,3.36876296997
0.0,0.0,0.0,3.38589382172
0.0,0.0,0.0,3.40195894241
0.0,0.0,0.0,3.41846990585
0.0,0.0,0.0,3.43542981148
0.0,0.0,0.0,3.45225095749
0.0,0.0,0.0,3.46861886978
0.0,0.0,0.0,3.48524093628
0.0,0.0,0.0,3.50230789185
0.0,0.0,0.0,3.51855993271
0.0,0.0,0.0,3.53544378281
0.0,0.0,0.0,3.55189681053
0.0,0.0,0.0,3.56874680519
0.0,0.0,0.0,3.58515501022
0.0,0.0,0.0,3.60229587555
0.0,0.0,0.0,3.61853885651
0.0,0.0,0.0,3.63544082642
0.0,0.0,0.0,3.65193796158
0.0,0.0,0.0,3.66864180565
0.0,0.0,0.0,3.68531489372
0.0,0.0,0.0,3.70203185081
0.0,0.0,0.0,3.71850991249
0.0,0.0,0.0,3.73553085327
0.0,0.0,0.0,3.7518248558
0.0,0.0,0.0,3.76860380173
0.0,0.0,0.0,3.78529596329
0.0,0.0,0.0,3.80190086365
0.0,0.0,0.0,3.8186249733
0.0,0.0,0.0,3.83519387245
0.0,0.0,0.0,3.85273981094
0.0,0.0,0.0,3.86968684196
0.0,0.0,0.0,3.88536000252
0.0,0.0,0.0,3.90240383148
0.0,0.0,0.0,3.91860580444
0.0,0.0,0.0,3.93589186668
0.0,0.0,0.0,3.9519469738
0.0,0.0,0.0,3.9685459137
0.0,0.0,0.0,3.98530697823
0.0,0.0,0.0,4.00220990181
0.0,0.0,0.0,4.01865887642
0.0,0.0,0.0,4.03531980515
0.0,0.0,0.0,4.05203986168
0.0,0.0,0.0,4.06886696815
0.0,0.0,0.0,4.08513879776
0.0,0.0,0.0,4.10194182396
0.0,0.0,0.0,4.11853480339
0.0,0.0,0.0,4.13538599014
0.0,0.0,0.0,4.15176701546
0.0,0.0,0.0,4.16863894463
0.0,0.0,0.0,4.18518400192
0.0,0.0,0.0,4.20189499855
0.0,0.0,0.0,4.21851491928
0.0,0.0,0.0,4.23551297188
0.0,0.0,0.0,4.2519569397
0.0,0.0,0.0,4.26861190796
0.0,0.0,0.0,4.2851998806
0.0,0.0,0.0,4.30204701424
0.0,0.0,0.0,4.3186249733
0.0,0.0,0.0,4.33545088768
0.0,0.0,0.0,4.35186982155
0.0,0.0,0.0,4.36903095245
0.0,0.0,0.0,4.38528299332
0.0,0.0,0.0,4.40193581581
0.0,0.0,0.0,4.41849994659
0.0,0.0,0.0,4.43529891968
0.0,0.0,0.0,4.45177197456
0.0,0.0,0.0,4.4685177803
0.0,0.0,0.0,4.48581695557
0.0,0.0,0.0,4.5021469593
0.0,0.0,0.0,4.51869082451
0.0,0.0,0.0,4.53535985947
0.0,0.0,0.0,4.55178499222
0.0,0.0,0.0,4.56864094734
0.0,0.0,0.0,4.58543181419
0.0,0.0,0.0,4.60290598869
0.0,0.0,0.0,4.61860179901
0.0,0.0,0.0,4.635242939
0.0,0.0,0.0,4.65201282501
0.0,0.0,0.0,4.66857194901
0.0,0.0,0.0,4.68553185463
0.0,0.0,0.0,4.70215201378
0.0,0.0,0.0,4.71972084045
0.0,0.0,0.0,4.73680686951
0.0,0.0,0.0,4.75315594673
0.0,0.0,0.0,4.76867794991
0.0,0.0,0.0,4.78766894341
0.0,0.0,0.0,4.80239391327
0.0,0.0,0.0,4.81870794296
0.0,0.0,0.0,4.83613491058
0.0,0.0,0.0,4.8530459404
0.0,0.0,0.0,4.86858582497
0.0,0.0,0.0,4.88529896736
0.0,0.0,0.0,4.90216398239
0.0,0.0,0.0,4.91956496239
0.0,0.0,0.0,4.93535995483
0.0,0.0,0.0,4.95190382004
0.0,0.0,0.0,4.96861386299
0.0,0.0,0.0,4.98620486259
0.0,0.0,0.0,5.00287389755
0.0,0.0,0.0,5.01853489876
0.0,0.0,0.0,5.03534698486
0.0,0.0,0.0,5.05188393593
0.0,0.0,0.0,5.06860184669
0.0,0.0,0.0,5.08516192436
0.0,0.0,0.0,5.10197281837
0.0,0.0,0.0,5.11875987053
0.0,0.0,0.0,5.13547897339
0.0,0.0,0.0,5.15200901031
0.0,0.0,0.0,5.16874980927
0.0,0.0,0.0,5.1861038208
0.0,0.0,0.0,5.20204591751
0.0,0.0,0.0,5.21883201599
0.0,0.0,0.0,5.23592400551
0.0,0.0,0.0,5.25194883347
0.0,0.0,0.0,5.26861596107
0.0,0.0,0.0,5.2858068943
0.0,0.0,0.0,5.30185985565
0.0,0.0,0.0,5.31883096695
0.0,0.0,0.0,5.33543801308
0.0,0.0,0.0,5.35249185562
0.0,0.0,0.0,5.3685798645
0.0,0.0,0.0,5.38559889793
0.0,0.0,0.0,5.40193891525
0.0,0.0,0.0,5.41920900345
0.0,0.0,0.0,5.43540501595
0.0,0.0,0.0,5.45179390907
0.0,0.0,0.0,5.4686498642
0.0,0.0,0.0,5.48519587517
0.0,0.0,0.0,5.50226187706
0.0,0.0,0.0,5.51875901222
0.0,0.0,0.0,5.53573989868
0.0,0.0,0.0,5.55209088326
0.0,0.0,0.0,5.56867694855
0.0,0.0,0.0,5.58525085449
0.0,0.0,0.0,5.6018819809
0.0,0.0,0.0,5.61900091171
0.0,0.0,0.0,5.63539981842
0.0,0.0,0.0,5.65212082863
0.0,0.0,0.0,5.66867780685
0.0,0.0,0.0,5.68512296677
0.0,0.0,0.0,5.70182180405
0.0,0.0,0.0,5.7185177803
0.0,0.0,0.0,5.73542785645
0.0,0.0,0.0,5.75195288658
0.0,0.0,0.0,5.76884388924
0.0,0.0,0.0,5.78521990776
0.0,0.0,0.0,5.80188393593
0.0,0.0,0.0,5.81865787506
0.0,0.0,0.0,5.83571600914
0.0,0.0,0.0,5.85222387314
0.0,0.0,0.0,5.86859798431
0.0,0.0,0.0,5.88581299782
0.0,0.0,0.0,5.90242385864
0.0,0.0,0.0,5.91943192482
0.0,0.0,0.0,5.93545389175
0.0,0.0,0.0,5.9517698288
0.0,0.0,0.0,5.96847891808
0.0,0.0,0.0,5.9851129055
0.0,0.0,0.0,6.00189685822
0.0,0.0,0.0,6.01844096184
0.0,0.0,0.0,6.03590679169
0.0,0.0,0.0,6.0517809391
0.0,0.0,0.0,6.06839990616
0.0,0.0,0.0,6.08510398865
0.0,0.0,0.0,6.10228490829
0.0,0.0,0.0,6.11842489243
0.0,0.0,0.0,6.13559889793
0.0,0.0,0.0,6.15179681778
0.0,0.0,0.0,6.16854381561
0.0,0.0,0.0,6.18521094322
0.0,0.0,0.0,6.20200181007
0.0,0.0,0.0,6.21854901314
0.0,0.0,0.0,6.2353079319
0.0,0.0,0.0,6.2519288063
0.0,0.0,0.0,6.26858496666
0.0,0.0,0.0,6.28515481949
0.0,0.0,0.0,6.30217790604
0.0,0.0,0.0,6.31842780113
0.0,0.0,0.0,6.33511996269
0.0,0.0,0.0,6.35186100006
0.0,0.0,0.0,6.36856079102
0.0,0.0,0.0,6.38558578491
0.0,0.0,0.0,6.40214490891
0.0,0.0,0.0,6.4185898304
0.0,0.0,0.0,6.43524599075
0.0,0.0,0.0,6.45186281204
0.0,0.0,0.0,6.46848082542
0.0,0.0,0.0,6.48525381088
0.0,0.0,0.0,6.50243496895
0.0,0.0,0.0,6.5184237957
0.0,0.0,0.0,6.53507900238
0.0,0.0,0.0,6.55178189278
0.0,0.0,0.0,6.56850981712
0.0,0.0,0.0,6.58518791199
0.0,0.0,0.0,6.60191988945
0.0,0.0,0.0,6.61860990524
0.0,0.0,0.0,6.63521289825
0.0,0.0,0.0,6.65189886093
0.0,0.0,0.0,6.66858482361
0.0,0.0,0.0,6.68528199196
0.0,0.0,0.0,6.70192980766
0.0,0.0,0.0,6.71852779388
0.0,0.0,0.0,6.73518300056
0.0,0.0,0.0,6.75186896324
0.0,0.0,0.0,6.76852989197
0.0,0.0,0.0,6.78518795967
0.0,0.0,0.0,6.80194282532
0.0,0.0,0.0,6.81847500801
0.0,0.0,0.0,6.83522295952
0.0,0.0,0.0,6.85179400444
0.0,0.0,0.0,6.86860489845
0.0,0.0,0.0,6.88519096375
0.0,0.0,0.0,6.90187597275
0.0,0.0,0.0,6.91879796982
0.0,0.0,0.0,6.93820786476
0.0,0.0,0.0,6.95187783241
0.0,0.0,0.0,6.96853494644
0.0,0.0,0.0,6.9856607914
0.0,0.0,0.0,7.00220489502
0.0,0.0,0.0,7.01847195625
0.0,0.0,0.0,7.03521084785
0.0,0.0,0.0,7.05218887329
0.0,0.0,0.0,7.06867098808
0.0,0.0,0.0,7.08526182175
0.0,0.0,0.0,7.10191988945
0.0,0.0,0.0,7.11884999275
0.0,0.0,0.0,7.13532090187
0.0,0.0,0.0,7.15201187134
0.0,0.0,0.0,7.16880178452
0.0,0.0,0.0,7.18539190292
0.0,0.0,0.0,7.20187783241
0.0,0.0,0.0,7.2186229229
0.0,0.0,0.0,7.23538184166
0.0,0.0,0.0,7.25187492371
0.0,0.0,0.0,7.2685918808
0.0,0.0,0.0,7.28546500206
0.0,0.0,0.0,7.30209589005
0.0,0.0,0.0,7.3185608387
0.0,0.0,0.0,7.33555579185
0.0,0.0,0.0,7.35206484795
0.0,0.0,0.0,7.36852884293
0.0,0.0,0.0,7.38513493538
0.0,0.0,0.0,7.40182089806
0.0,0.0,0.0,7.41920185089
0.0,0.0,0.0,7.4350810051
0.0,0.0,0.0,7.4519109726
0.0,0.0,0.0,7.46880698204
0.0,0.0,0.0,7.48537898064
0.0,0.0,0.0,7.5018658638
0.0,0.0,0.0,7.51863384247
0.0,0.0,0.0,7.53521990776
0.0,0.0,0.0,7.55198788643
0.0,0.0,0.0,7.56870889664
0.0,0.0,0.0,7.585272789
0.0,0.0,0.0,7.60262179375
0.0,0.0,0.0,7.61908483505
0.0,0.0,0.0,7.63549685478
0.0,0.0,0.0,7.65222597122
0.0,0.0,0.0,7.66870188713
0.0,0.0,0.0,7.68605399132
0.0,0.0,0.0,7.70199799538
0.0,0.0,0.0,7.71843791008
0.0,0.0,0.0,7.7353208065
0.0,0.0,0.0,7.75199580193
0.0,0.0,0.0,7.7687318325
0.0,0.0,0.0,7.78535079956
0.0,0.0,0.0,7.80208897591
0.0,0.0,0.0,7.8187057972
0.0,0.0,0.0,7.83533787727
0.0,0.0,0.0,7.8518807888
0.0,0.0,0.0,7.86857390404
0.0,0.0,0.0,7.88532781601
0.0,0.0,0.0,7.90203285217
0.0,0.0,0.0,7.91862893105
0.0,0.0,0.0,7.93539595604
0.0,0.0,0.0,7.9520008564
0.0,0.0,0.0,7.9685049057
0.0,0.0,0.0,7.98526287079
0.0,0.0,0.0,8.00207781792
0.0,0.0,0.0,8.01866889
0.0,0.0,0.0,8.03549289703
0.0,0.0,0.0,8.05269479752
0.0,0.0,0.0,8.06866884232
0.0,0.0,0.0,8.08549594879
0.0,0.0,0.0,8.10214686394
0.0,0.0,0.0,8.11860895157
0.0,0.0,0.0,8.13543891907
0.0,0.0,0.0,8.1520409584
0.0,0.0,0.0,8.1685628891
0.0,0.0,0.0,8.18530678749
0.0,0.0,0.0,8.20205688477
0.0,0.0,0.0,8.21891498566
0.0,0.0,0.0,8.23544096947
0.0,0.0,0.0,8.25224494934
0.0,0.0,0.0,8.26888895035
0.0,0.0,0.0,8.28595685959
0.0,0.0,0.0,8.3023788929
0.0,0.0,0.0,8.31900882721
0.0,0.0,0.0,8.33631801605
0.0,0.0,0.0,8.3526289463
0.0,0.0,0.0,8.36851501465
0.0,0.0,0.0,8.38626694679
0.0,0.0,0.0,8.40205478668
0.0,0.0,0.0,8.41902899742
0.0,0.0,0.0,8.43563389778
0.0,0.0,0.0,8.45289778709
0.0,0.0,0.0,8.46864390373
0.0,0.0,0.0,8.4853849411
0.0,0.0,0.0,8.50213694572
0.0,0.0,0.0,8.51856589317
0.0,0.0,0.0,8.53613901138
0.0,0.0,0.0,8.5520529747
0.0,0.0,0.0,8.56857299805
0.0,0.0,0.0,8.58568692207
0.0,0.0,0.0,8.60195183754
0.0,0.0,0.0,8.61868286133
0.0,0.0,0.0,8.63599085808
0.0,0.0,0.0,8.65180182457
0.0,0.0,0.0,8.66844391823
0.0,0.0,0.0,8.68515181541
0.0,0.0,0.0,8.70198583603
0.0,0.0,0.0,8.7188270092
0.0,0.0,0.0,8.73613500595
0.0,0.0,0.0,8.75276994705
0.0,0.0,0.0,8.76874494553
0.0,0.0,0.0,8.78550481796
0.0,0.0,0.0,8.80190682411
0.0,0.0,0.0,8.81899595261
0.0,0.0,0.0,8.83592987061
0.0,0.0,0.0,8.85252785683
0.0,0.0,0.0,8.86941099167
0.0,0.0,0.0,8.88578391075
0.0,0.0,0.0,8.90220689774
0.0,0.0,0.0,8.91881895065
0.0,0.0,0.0,8.93535780907
0.0,0.0,0.0,8.95280981064
0.0,0.0,0.0,8.96900486946
0.0,0.0,0.0,8.98559498787
0.0,0.0,0.0,9.00203180313
0.0,0.0,0.0,9.01934599876
0.0,0.0,0.0,9.03524279594
0.0,0.0,0.0,9.05231189728
0.0,0.0,0.0,9.06851792336
0.0,0.0,0.0,9.08538484573
0.0,0.0,0.0,9.10206484795
0.0,0.0,0.0,9.11915278435
0.0,0.0,0.0,9.13537192345
0.0,0.0,0.0,9.15205693245
0.0,0.0,0.0,9.16864180565
0.0,0.0,0.0,9.18639087677
0.0,0.0,0.0,9.20227980614
0.0,0.0,0.0,9.21888399124
0.0,0.0,0.0,9.23547196388
0.0,0.0,0.0,9.25232887268
0.0,0.0,0.0,9.26882886887
0.0,0.0,0.0,9.28521180153
0.0,0.0,0.0,9.30213689804
0.0,0.0,0.0,9.31864380836
0.0,0.0,0.0,9.3351418972
0.0,0.0,0.0,9.35209989548
0.0,0.0,0.0,9.36889386177
0.0,0.0,0.0,9.38546085358
0.0,0.0,0.0,9.40243387222
0.0,0.0,0.0,9.41899895668
0.0,0.0,0.0,9.43567585945
0.0,0.0,0.0,9.45217299461
0.0,0.0,0.0,9.46918582916
0.0,0.0,0.0,9.4870929718
0.0,0.0,0.0,9.50289583206
0.0,0.0,0.0,9.51917481422
0.0,0.0,0.0,9.53562879562
0.0,0.0,0.0,9.55298995972
0.0,0.0,0.0,9.56927990913
0.0,0.0,0.0,9.58608078957
0.0,0.0,0.0,9.60209584236
0.0,0.0,0.0,9.62162995338
0.0,0.0,0.0,9.63532686234
0.0,0.0,0.0,9.65208482742
0.0,0.0,0.0,9.6687438488
0.0,0.0,0.0,9.68567490578
0.0,0.0,0.0,9.70237994194
0.0,0.0,0.0,9.71948099136
0.0,0.0,0.0,9.73561286926
0.0,0.0,0.0,9.75235080719
0.0,0.0,0.0,9.76872897148
0.0,0.0,0.0,9.78538990021
0.0,0.0,0.0,9.80222988129
0.0,0.0,0.0,9.81871199608
0.0,0.0,0.0,9.83531880379
0.0,0.0,0.0,9.85183000565
0.0,0.0,0.0,9.8687608242
0.0,0.0,0.0,9.88544392586
0.0,0.0,0.0,9.90197300911
0.0,0.0,0.0,9.91870999336
0.0,0.0,0.0,9.93534779549
0.0,0.0,0.0,9.95208501816
0.0,0.0,0.0,9.96854782104
0.0,0.0,0.0,9.9852077961
0.0,0.0,0.0,10.0019769669
0.0,0.0,0.0,10.0187759399
0.0,0.0,0.0,10.0353639126
0.0,0.0,0.0,10.0521469116
0.0,0.0,0.0,10.0687317848
0.0,0.0,0.0,10.0856258869
0.0,0.0,0.0,10.1019148827
0.0,0.0,0.0,10.1193687916
0.0,0.0,0.0,10.1353290081
0.0,0.0,0.0,10.1519780159
0.0,0.0,0.0,10.1687128544
0.0,0.0,0.0,10.1858708858
0.0,0.0,0.0,10.2020578384
0.0,0.0,0.0,10.219083786
0.0,0.0,0.0,10.2355539799
0.0,0.0,0.0,10.2520949841
0.0,0.0,0.0,10.2686338425
0.0,0.0,0.0,10.2855329514
0.0,0.0,0.0,10.3020749092
0.0,0.0,0.0,10.3187608719
0.0,0.0,0.0,10.3356339931
0.0,0.0,0.0,10.3532888889
0.0,0.0,0.0,10.3703229427
0.0,0.0,0.0,10.3854928017
0.0,0.0,0.0,10.4020149708
0.0,0.0,0.0,10.4189019203
0.0,0.0,0.0,10.4355049133
0.0,0.0,0.0,10.4520537853
0.0,0.0,0.0,10.4685368538
0.0,0.0,0.0,10.4853208065
0.0,0.0,0.0,10.5030119419
0.0,0.0,0.0,10.5186448097
0.0,0.0,0.0,10.5363128185
0.0,0.0,0.0,10.5519299507
0.0,0.0,0.0,10.56909585
0.0,0.0,0.0,10.5856108665
0.0,0.0,0.0,10.6020748615
0.0,0.0,0.0,10.6190009117
0.0,0.0,0.0,10.6355059147
0.0,0.0,0.0,10.651889801
0.0,0.0,0.0,10.6686389446
0.0,0.0,0.0,10.6854028702
0.0,0.0,0.0,10.7021398544
0.0,0.0,0.0,10.7189369202
0.0,0.0,0.0,10.7355549335
0.0,0.0,0.0,10.7519888878
0.0,0.0,0.0,10.7686829567
0.0,0.0,0.0,10.7856299877
0.0,0.0,0.0,10.8020448685
0.0,0.0,0.0,10.8187308311
0.0,0.0,0.0,10.8355908394
0.0,0.0,0.0,10.8523859978
0.0,0.0,0.0,10.8689198494
0.0,0.0,0.0,10.885612011
0.0,0.0,0.0,10.902299881
0.0,0.0,0.0,10.9187657833
0.0,0.0,0.0,10.9352169037
0.0,0.0,0.0,10.9520227909
0.0,0.0,0.0,10.9688308239
0.0,0.0,0.0,10.9853057861
0.0,0.0,0.0,11.0027058125
0.0,0.0,0.0,11.0188369751
0.0,0.0,0.0,11.0359928608
0.0,0.0,0.0,11.0523087978
0.0,0.0,0.0,11.0690867901
0.0,0.0,0.0,11.0857458115
0.0,0.0,0.0,11.1020109653
0.0,0.0,0.0,11.1191408634
0.0,0.0,0.0,11.1352529526
0.0,0.0,0.0,11.1521530151
0.0,0.0,0.0,11.1691877842
0.0,0.0,0.0,11.1863439083
0.0,0.0,0.0,11.2019979954
0.0,0.0,0.0,11.2190279961
0.0,0.0,0.0,11.235781908
0.0,0.0,0.0,11.2521789074
0.0,0.0,0.0,11.2689528465
0.0,0.0,0.0,11.285599947
0.0,0.0,0.0,11.303224802
0.0,0.0,0.0,11.319508791
0.0,0.0,0.0,11.3377039433
0.0,0.0,0.0,11.3522839546
0.0,0.0,0.0,11.3685958385
0.0,0.0,0.0,11.3860828876
0.0,0.0,0.0,11.4045369625
0.0,0.0,0.0,11.4189298153
0.0,0.0,0.0,11.4364218712
0.0,0.0,0.0,11.453139782
0.0,0.0,0.0,11.4698119164
0.0,0.0,0.0,11.4922659397
0.0,0.0,0.0,11.502384901
0.0,0.0,0.0,11.5186858177
0.0,0.0,0.0,11.5357379913
0.0,0.0,0.0,11.5523679256
0.0,0.0,0.0,11.5696909428
0.0,0.0,0.0,11.586468935
0.0,0.0,0.0,11.6021249294
0.0,0.0,0.0,11.6189308167
0.0,0.0,0.0,11.6354448795
0.0,0.0,0.0,11.6526098251
0.0,0.0,0.0,11.668669939
0.0,0.0,0.0,11.6858248711
0.0,0.0,0.0,11.7022309303
0.0,0.0,0.0,11.7187600136
0.0,0.0,0.0,11.7355358601
0.0,0.0,0.0,11.7545258999
0.0,0.0,0.0,11.7686200142
0.0,0.0,0.0,11.7857120037
0.0,0.0,0.0,11.8025259972
0.0,0.0,0.0,11.8188719749
0.0,0.0,0.0,11.8352069855
0.0,0.0,0.0,11.8523919582
0.0,0.0,0.0,11.8707339764
0.0,0.0,0.0,11.8870258331
0.0,0.0,0.0,11.9030239582
0.0,0.0,0.0,11.9195418358
0.0,0.0,0.0,11.9365270138
0.0,0.0,0.0,11.9535219669
0.0,0.0,0.0,11.9685668945
0.0,0.0,0.0,11.9869267941
0.0,0.0,0.0,12.002822876
0.0,0.0,0.0,12.0224449635
0.0,0.0,0.0,12.0356209278
0.0,0.0,0.0,12.0537250042
0.0,0.0,0.0,12.0694179535
0.0,0.0,0.0,12.087392807
0.0,0.0,0.0,12.1029210091
0.0,0.0,0.0,12.1197199821
0.0,0.0,0.0,12.1363508701
0.0,0.0,0.0,12.1535098553
0.0,0.0,0.0,12.1684949398
0.0,0.0,0.0,12.1866919994
0.0,0.0,0.0,12.203083992
0.0,0.0,0.0,12.2188909054
0.0,0.0,0.0,12.2353379726
0.0,0.0,0.0,12.2527318001
0.0,0.0,0.0,12.2685968876
0.0,0.0,0.0,12.2856888771
0.0,0.0,0.0,12.3020019531
0.0,0.0,0.0,12.3189899921
0.0,0.0,0.0,12.3358898163
0.0,0.0,0.0,12.3520288467
0.0,0.0,0.0,12.3686289787
0.0,0.0,0.0,12.38565588
0.0,0.0,0.0,12.4020528793
0.0,0.0,0.0,12.4189429283
0.0,0.0,0.0,12.4356389046
0.0,0.0,0.0,12.4532568455
0.0,0.0,0.0,12.4694108963
0.0,0.0,0.0,12.4867777824
0.0,0.0,0.0,12.5020208359
0.0,0.0,0.0,12.5198488235
0.0,0.0,0.0,12.535738945
0.0,0.0,0.0,12.552120924
0.0,0.0,0.0,12.5687069893
0.0,0.0,0.0,12.5881428719
0.0,0.0,0.0,12.6019878387
0.0,0.0,0.0,12.6202700138
0.0,0.0,0.0,12.6354749203
0.0,0.0,0.0,12.6528198719
0.0,0.0,0.0,12.6687738895
0.0,0.0,0.0,12.6880979538
0.0,0.0,0.0,12.7039139271
0.0,0.0,0.0,12.7213788033
0.0,0.0,0.0,12.7363059521
0.0,0.0,0.0,12.7527558804
0.0,0.0,0.0,12.7689988613
0.0,0.0,0.0,12.7863059044
0.0,0.0,0.0,12.804502964
0.0,0.0,0.0,12.8191068172
0.0,0.0,0.0,12.8354079723
0.0,0.0,0.0,12.8531479836
0.0,0.0,0.0,12.8690228462
0.0,0.0,0.0,12.8872008324
0.0,0.0,0.0,12.902271986
0.0,0.0,0.0,12.9193909168
0.0,0.0,0.0,12.9356088638
0.0,0.0,0.0,12.9536979198
0.0,0.0,0.0,12.9685959816
0.0,0.0,0.0,12.9863269329
0.0,0.0,0.0,13.0022099018
0.0,0.0,0.0,13.0198118687
0.0,0.0,0.0,13.035337925
0.0,0.0,0.0,13.0522639751
0.0,0.0,0.0,13.0688369274
0.0,0.0,0.0,13.0855638981
0.0,0.0,0.0,13.1025848389
0.0,0.0,0.0,13.1186540127
0.0,0.0,0.0,13.1351299286
0.0,0.0,0.0,13.1522688866
0.0,0.0,0.0,13.1692328453
0.0,0.0,0.0,13.1858928204
0.0,0.0,0.0,13.202080965
0.0,0.0,0.0,13.2198748589
0.0,0.0,0.0,13.2353549004
0.0,0.0,0.0,13.2521119118
0.0,0.0,0.0,13.268903017
0.0,0.0,0.0,13.2854819298
0.0,0.0,0.0,13.3024427891
0.0,0.0,0.0,13.3187339306
0.0,0.0,0.0,13.3356878757
0.0,0.0,0.0,13.3522520065
0.0,0.0,0.0,13.3686108589
0.0,0.0,0.0,13.385384798
0.0,0.0,0.0,13.402422905
0.0,0.0,0.0,13.4211728573
0.0,0.0,0.0,13.4352428913
0.0,0.0,0.0,13.4545040131
0.0,0.0,0.0,13.469427824
0.0,0.0,0.0,13.4855790138
0.0,0.0,0.0,13.502371788
0.0,0.0,0.0,13.5203118324
0.0,0.0,0.0,13.5354678631
0.0,0.0,0.0,13.5519988537
0.0,0.0,0.0,13.5687270164
0.0,0.0,0.0,13.5864379406
0.0,0.0,0.0,13.6018819809
0.0,0.0,0.0,13.6190319061
0.0,0.0,0.0,13.6352479458
0.0,0.0,0.0,13.6522319317
0.0,0.0,0.0,13.6687059402
0.0,0.0,0.0,13.6856138706
0.0,0.0,0.0,13.7021999359
0.0,0.0,0.0,13.7187218666
0.0,0.0,0.0,13.7353918552
0.0,0.0,0.0,13.7521438599
0.0,0.0,0.0,13.7687118053
0.0,0.0,0.0,13.7853388786
0.0,0.0,0.0,13.8021318913
0.0,0.0,0.0,13.8193118572
0.0,0.0,0.0,13.835944891
0.0,0.0,0.0,13.8521418571
0.0,0.0,0.0,13.8691949844
0.0,0.0,0.0,13.8858649731
0.0,0.0,0.0,13.9046149254
0.0,0.0,0.0,13.9195489883
0.0,0.0,0.0,13.9362030029
0.0,0.0,0.0,13.9520328045
0.0,0.0,0.0,13.9691028595
0.0,0.0,0.0,13.985462904
0.0,0.0,0.0,14.0022609234
0.0,0.0,0.0,14.0195038319
0.0,0.0,0.0,14.0356178284
0.0,0.0,0.0,14.0525529385
0.0,0.0,0.0,14.0694768429
0.0,0.0,0.0,14.0857458115
0.0,0.0,0.0,14.1018807888
0.0,0.0,0.0,14.1189398766
0.0,0.0,0.0,14.1352448463
0.0,0.0,0.0,14.1522498131
0.0,0.0,0.0,14.168763876
0.0,0.0,0.0,14.1856749058
0.0,0.0,0.0,14.2020618916
0.0,0.0,0.0,14.2195589542
0.0,0.0,0.0,14.2355918884
0.0,0.0,0.0,14.2520480156
0.0,0.0,0.0,14.2689538002
0.0,0.0,0.0,14.2856328487
0.0,0.0,0.0,14.3021059036
0.0,0.0,0.0,14.3194439411
0.0,0.0,0.0,14.3354539871
0.0,0.0,0.0,14.3521869183
0.0,0.0,0.0,14.3693649769
0.0,0.0,0.0,14.3880000114
0.0,0.0,0.0,14.4028408527
0.0,0.0,0.0,14.4203448296
0.0,0.0,0.0,14.4357168674
0.0,0.0,0.0,14.4536368847
0.0,0.0,0.0,14.4711329937
0.0,0.0,0.0,14.4886858463
0.0,0.0,0.0,14.5025849342
0.0,0.0,0.0,14.5198018551
0.0,0.0,0.0,14.5352368355
0.0,0.0,0.0,14.5523178577
0.0,0.0,0.0,14.5691537857
0.0,0.0,0.0,14.5874137878
0.0,0.0,0.0,14.6022219658
0.0,0.0,0.0,14.6192159653
0.0,0.0,0.0,14.6353428364
0.0,0.0,0.0,14.6520299911
0.0,0.0,0.0,14.6686608791
0.0,0.0,0.0,14.6855838299
0.0,0.0,0.0,14.7039909363
0.0,0.0,0.0,14.7199599743
0.0,0.0,0.0,14.7355568409
0.0,0.0,0.0,14.7528529167
0.0,0.0,0.0,14.769327879
0.0,0.0,0.0,14.7877969742
0.0,0.0,0.0,14.8018980026
0.0,0.0,0.0,14.8185868263
0.0,0.0,0.0,14.8355538845
0.0,0.0,0.0,14.852463007
0.0,0.0,0.0,14.8702199459
0.0,0.0,0.0,14.8867719173
0.0,0.0,0.0,14.9027760029
0.0,0.0,0.0,14.9199860096
0.0,0.0,0.0,14.9355788231
0.0,0.0,0.0,14.9524908066
0.0,0.0,0.0,14.9684729576
0.0,0.0,0.0,14.9866628647
0.0,0.0,0.0,15.0021719933
0.0,0.0,0.0,15.0194778442
0.0,0.0,0.0,15.0363299847
0.0,0.0,0.0,15.0519750118
0.0,0.0,0.0,15.0686798096
0.0,0.0,0.0,15.0876748562
0.0,0.0,0.0,15.1025698185
0.0,0.0,0.0,15.1188797951
0.0,0.0,0.0,15.1353468895
0.0,0.0,0.0,15.1522369385
0.0,0.0,0.0,15.1685628891
0.0,0.0,0.0,15.1855809689
0.0,0.0,0.0,15.2020158768
0.0,0.0,0.0,15.2187728882
0.0,0.0,0.0,15.2355399132
0.0,0.0,0.0,15.2531709671
0.0,0.0,0.0,15.2687449455
0.0,0.0,0.0,15.2853779793
0.0,0.0,0.0,15.3022279739
0.0,0.0,0.0,15.318903923
0.0,0.0,0.0,15.335698843
0.0,0.0,0.0,15.3520228863
0.0,0.0,0.0,15.3691148758
0.0,0.0,0.0,15.3866670132
0.0,0.0,0.0,15.402700901
0.0,0.0,0.0,15.4185979366
0.0,0.0,0.0,15.4356839657
0.0,0.0,0.0,15.4521028996
0.0,0.0,0.0,15.4687259197
0.0,0.0,0.0,15.4870188236
0.0,0.0,0.0,15.5027139187
0.0,0.0,0.0,15.5187418461
0.0,0.0,0.0,15.5351438522
0.0,0.0,0.0,15.5523989201
0.0,0.0,0.0,15.5685567856
0.0,0.0,0.0,15.5865809917
0.0,0.0,0.0,15.6021938324
0.0,0.0,0.0,15.6187539101
0.0,0.0,0.0,15.6352369785
0.0,0.0,0.0,15.6526968479
0.0,0.0,0.0,15.6687049866
0.0,0.0,0.0,15.6854498386
0.0,0.0,0.0,15.7020800114
0.0,0.0,0.0,15.7187149525
0.0,0.0,0.0,15.7354209423
0.0,0.0,0.0,15.7520489693
0.0,0.0,0.0,15.7694528103
0.0,0.0,0.0,15.7855019569
0.0,0.0,0.0,15.8021519184
0.0,0.0,0.0,15.8192028999
0.0,0.0,0.0,15.8353159428
0.0,0.0,0.0,15.8522129059
0.0,0.0,0.0,15.8687999249
0.0,0.0,0.0,15.8855369091
0.0,0.0,0.0,15.9019639492
0.0,0.0,0.0,15.9191529751
0.0,0.0,0.0,15.9355049133
0.0,0.0,0.0,15.9518768787
0.0,0.0,0.0,15.9685277939
0.0,0.0,0.0,15.9866828918
0.0,0.0,0.0,16.0023407936
0.0,0.0,0.0,16.0188519955
0.0,0.0,0.0,16.0357890129
0.0,0.0,0.0,16.0518138409
0.0,0.0,0.0,16.0683779716
0.0,0.0,0.0,16.0865600109
0.0,0.0,0.0,16.1020028591
0.0,0.0,0.0,16.1188628674
0.0,0.0,0.0,16.1361320019
0.0,0.0,0.0,16.1523728371
0.0,0.0,0.0,16.1686208248
0.0,0.0,0.0,16.1865718365
0.0,0.0,0.0,16.2023968697
0.0,0.0,0.0,16.2200667858
0.0,0.0,0.0,16.2354819775
0.0,0.0,0.0,16.2540597916
0.0,0.0,0.0,16.2689788342
0.0,0.0,0.0,16.2855889797
0.0,0.0,0.0,16.3018119335
0.0,0.0,0.0,16.320212841
0.0,0.0,0.0,16.3357629776
0.0,0.0,0.0,16.3518638611
0.0,0.0,0.0,16.3686358929
0.0,0.0,0.0,16.3864049911
0.0,0.0,0.0,16.4023618698
0.0,0.0,0.0,16.4219119549
0.0,0.0,0.0,16.435243845
0.0,0.0,0.0,16.4523108006
0.0,0.0,0.0,16.4688329697
0.0,0.0,0.0,16.4874358177
0.0,0.0,0.0,16.5022208691
0.0,0.0,0.0,16.5189678669
0.0,0.0,0.0,16.535599947
0.0,0.0,0.0,16.5523648262
0.0,0.0,0.0,16.5685977936
0.0,0.0,0.0,16.5866379738
0.0,0.0,0.0,16.6020410061
0.0,0.0,0.0,16.6217508316
0.0,0.0,0.0,16.6353709698
0.0,0.0,0.0,16.6520698071
0.0,0.0,0.0,16.668640852
0.0,0.0,0.0,16.6855618954
0.0,0.0,0.0,16.7020819187
0.0,0.0,0.0,16.7189068794
0.0,0.0,0.0,16.7355108261
0.0,0.0,0.0,16.7520098686
0.0,0.0,0.0,16.7688708305
0.0,0.0,0.0,16.785340786
0.0,0.0,0.0,16.8028028011
0.0,0.0,0.0,16.8198268414
0.0,0.0,0.0,16.8353049755
0.0,0.0,0.0,16.8518288136
0.0,0.0,0.0,16.8691439629
0.0,0.0,0.0,16.8867909908
0.0,0.0,0.0,16.9017839432
0.0,0.0,0.0,16.9186987877
0.0,0.0,0.0,16.9352178574
0.0,0.0,0.0,16.9520838261
0.0,0.0,0.0,16.9685339928
0.0,0.0,0.0,16.9852528572
0.0,0.0,0.0,17.0024309158
0.0,0.0,0.0,17.0189538002
0.0,0.0,0.0,17.0353419781
0.0,0.0,0.0,17.0520839691
0.0,0.0,0.0,17.0687639713
0.0,0.0,0.0,17.0852758884
0.0,0.0,0.0,17.1021108627
0.0,0.0,0.0,17.1195149422
0.0,0.0,0.0,17.1354839802
0.0,0.0,0.0,17.152110815
0.0,0.0,0.0,17.1687259674
0.0,0.0,0.0,17.185300827
0.0,0.0,0.0,17.202162981
0.0,0.0,0.0,17.2187569141
0.0,0.0,0.0,17.235147953
0.0,0.0,0.0,17.2521438599
0.0,0.0,0.0,17.2686078548
0.0,0.0,0.0,17.2855470181
0.0,0.0,0.0,17.3019859791
0.0,0.0,0.0,17.3188159466
0.0,0.0,0.0,17.3357048035
0.0,0.0,0.0,17.3520319462
0.0,0.0,0.0,17.3684928417
0.0,0.0,0.0,17.3860487938
0.0,0.0,0.0,17.4020009041
0.0,0.0,0.0,17.4188728333
0.0,0.0,0.0,17.4352288246
0.0,0.0,0.0,17.4520599842
0.0,0.0,0.0,17.4685869217
0.0,0.0,0.0,17.4854478836
0.0,0.0,0.0,17.5019948483
0.0,0.0,0.0,17.5187308788
0.0,0.0,0.0,17.5355169773
0.0,0.0,0.0,17.5519428253
0.0,0.0,0.0,17.5686688423
0.0,0.0,0.0,17.5855209827
0.0,0.0,0.0,17.601875782
0.0,0.0,0.0,17.6195027828
0.0,0.0,0.0,17.6355597973
0.0,0.0,0.0,17.6522219181
0.0,0.0,0.0,17.668640852
0.0,0.0,0.0,17.6853280067
0.0,0.0,0.0,17.7026929855
0.0,0.0,0.0,17.7190818787
0.0,0.0,0.0,17.7355999947
0.0,0.0,0.0,17.7521839142
0.0,0.0,0.0,17.770059824
0.0,0.0,0.0,17.7853388786
0.0,0.0,0.0,17.8020129204
0.0,0.0,0.0,17.8188478947
0.0,0.0,0.0,17.8352108002
0.0,0.0,0.0,17.8521909714
0.0,0.0,0.0,17.8684828281
0.0,0.0,0.0,17.8853290081
0.0,0.0,0.0,17.9020287991
0.0,0.0,0.0,17.9187548161
0.0,0.0,0.0,17.9352278709
0.0,0.0,0.0,17.9521207809
0.0,0.0,0.0,17.968670845
0.0,0.0,0.0,17.9855868816
0.0,0.0,0.0,18.0020899773
0.0,0.0,0.0,18.0217108727
0.0,0.0,0.0,18.0352289677
0.0,0.0,0.0,18.0518729687
0.0,0.0,0.0,18.0685708523
0.0,0.0,0.0,18.0862708092
0.0,0.0,0.0,18.1022849083
0.0,0.0,0.0,18.1186728477
0.0,0.0,0.0,18.1354157925
0.0,0.0,0.0,18.1524407864
0.0,0.0,0.0,18.1687579155
0.0,0.0,0.0,18.1857118607
0.0,0.0,0.0,18.2020459175
0.0,0.0,0.0,18.2188699245
0.0,0.0,0.0,18.2360329628
0.0,0.0,0.0,18.2519378662
0.0,0.0,0.0,18.2684879303
0.0,0.0,0.0,18.2851998806
0.0,0.0,0.0,18.3017477989
0.0,0.0,0.0,18.3186089993
0.0,0.0,0.0,18.3359348774
0.0,0.0,0.0,18.3521039486
0.0,0.0,0.0,18.3686959743
0.0,0.0,0.0,18.385258913
0.0,0.0,0.0,18.4032409191
0.0,0.0,0.0,18.4197878838
0.0,0.0,0.0,18.4351949692
0.0,0.0,0.0,18.4518618584
0.0,0.0,0.0,18.46890378
0.0,0.0,0.0,18.485188961
0.0,0.0,0.0,18.5023839474
0.0,0.0,0.0,18.5207519531
0.0,0.0,0.0,18.5370550156
0.0,0.0,0.0,18.5534908772
0.0,0.0,0.0,18.5697968006
0.0,0.0,0.0,18.5864329338
0.0,0.0,0.0,18.6020109653
0.0,0.0,0.0,18.6185958385
0.0,0.0,0.0,18.6354329586
0.0,0.0,0.0,18.6518700123
0.0,0.0,0.0,18.6685860157
0.0,0.0,0.0,18.6853079796
0.0,0.0,0.0,18.7021479607
0.0,0.0,0.0,18.7190129757
0.0,0.0,0.0,18.7351868153
0.0,0.0,0.0,18.7521009445
0.0,0.0,0.0,18.768558979
0.0,0.0,0.0,18.7858109474
0.0,0.0,0.0,18.8019919395
0.0,0.0,0.0,18.8193647861
0.0,0.0,0.0,18.8352079391
0.0,0.0,0.0,18.851954937
0.0,0.0,0.0,18.8686869144
0.0,0.0,0.0,18.885532856
0.0,0.0,0.0,18.9019498825
0.0,0.0,0.0,18.9189918041
0.0,0.0,0.0,18.9352278709
0.0,0.0,0.0,18.9518558979
0.0,0.0,0.0,18.9684779644
0.0,0.0,0.0,18.9852910042
0.0,0.0,0.0,19.0021359921
0.0,0.0,0.0,19.0187599659
0.0,0.0,0.0,19.0356268883
0.0,0.0,0.0,19.0520749092
0.0,0.0,0.0,19.0684440136
0.0,0.0,0.0,19.0852549076
0.0,0.0,0.0,19.1019527912
0.0,0.0,0.0,19.1186528206
0.0,0.0,0.0,19.1353988647
0.0,0.0,0.0,19.1519219875
0.0,0.0,0.0,19.1685299873
0.0,0.0,0.0,19.185259819
0.0,0.0,0.0,19.201969862
0.0,0.0,0.0,19.2190818787
0.0,0.0,0.0,19.2352459431
0.0,0.0,0.0,19.2518877983
0.0,0.0,0.0,19.2685029507
0.0,0.0,0.0,19.2852268219
0.0,0.0,0.0,19.3019587994
0.0,0.0,0.0,19.321213007
0.0,0.0,0.0,19.3352229595
0.0,0.0,0.0,19.3519189358
0.0,0.0,0.0,19.3686008453
0.0,0.0,0.0,19.3852939606
0.0,0.0,0.0,19.4021317959
0.0,0.0,0.0,19.4218518734
0.0,0.0,0.0,19.4352447987
0.0,0.0,0.0,19.4519128799
0.0,0.0,0.0,19.46854496
0.0,0.0,0.0,19.4851808548
0.0,0.0,0.0,19.5018618107
0.0,0.0,0.0,19.521517992
0.0,0.0,0.0,19.5351979733
0.0,0.0,0.0,19.5517849922
0.0,0.0,0.0,19.5689349174
0.0,0.0,0.0,19.585187912
0.0,0.0,0.0,19.602039814
0.0,0.0,0.0,19.6184818745
0.0,0.0,0.0,19.6350870132
0.0,0.0,0.0,19.6517779827
0.0,0.0,0.0,19.6684758663
0.0,0.0,0.0,19.6852629185
0.0,0.0,0.0,19.7019519806
0.0,0.0,0.0,19.7191507816
0.0,0.0,0.0,19.7352268696
0.0,0.0,0.0,19.7519078255
0.0,0.0,0.0,19.7685279846
0.0,0.0,0.0,19.7852129936
0.0,0.0,0.0,19.8018569946
0.0,0.0,0.0,19.818669796
0.0,0.0,0.0,19.836206913
0.0,0.0,0.0,19.8525278568
0.0,0.0,0.0,19.8685019016
0.0,0.0,0.0,19.8854289055
0.0,0.0,0.0,19.901873827
0.0,0.0,0.0,19.9186079502
0.0,0.0,0.0,19.935571909
0.0,0.0,0.0,19.9525558949
0.0,0.0,0.0,19.9685208797
0.0,0.0,0.0,19.9852609634
0.0,0.0,0.0,20.0018279552
0.0,0.0,0.0,20.0186049938
0.0,0.0,0.0,20.0351889133
0.0,0.0,0.0,20.0521359444
0.0,0.0,0.0,20.0684239864
0.0,0.0,0.0,20.0853538513
0.0,0.0,0.0,20.1019909382
0.0,0.0,0.0,20.1190629005
0.0,0.0,0.0,20.1352088451
0.0,0.0,0.0,20.1518859863
0.0,0.0,0.0,20.1685128212
0.0,0.0,0.0,20.1853609085
0.0,0.0,0.0,20.2018368244
0.0,0.0,0.0,20.2185468674
0.0,0.0,0.0,20.2364859581
0.0,0.0,0.0,20.2521278858
0.0,0.0,0.0,20.2685468197
0.0,0.0,0.0,20.2853479385
0.0,0.0,0.0,20.3022708893
0.0,0.0,0.0,20.3190748692
0.0,0.0,0.0,20.3352940083
0.0,0.0,0.0,20.3519718647
0.0,0.0,0.0,20.3685638905
0.0,0.0,0.0,20.3852508068
0.0,0.0,0.0,20.4021179676
0.0,0.0,0.0,20.4187619686
0.0,0.0,0.0,20.4353568554
0.0,0.0,0.0,20.4519159794
0.0,0.0,0.0,20.4684858322
0.0,0.0,0.0,20.4852838516
0.0,0.0,0.0,20.5020458698
0.0,0.0,0.0,20.5185818672
0.0,0.0,0.0,20.5353579521
0.0,0.0,0.0,20.5518507957
0.0,0.0,0.0,20.5683979988
0.0,0.0,0.0,20.5859639645
0.0,0.0,0.0,20.6019659042
0.0,0.0,0.0,20.6184499264
0.0,0.0,0.0,20.6351959705
0.0,0.0,0.0,20.6518528461
0.0,0.0,0.0,20.6685318947
0.0,0.0,0.0,20.685354948
0.0,0.0,0.0,20.7019629478
0.0,0.0,0.0,20.7187569141
0.0,0.0,0.0,20.7351849079
0.0,0.0,0.0,20.7520759106
0.0,0.0,0.0,20.7685468197
0.0,0.0,0.0,20.7853078842
0.0,0.0,0.0,20.8018608093
0.0,0.0,0.0,20.8187499046
0.0,0.0,0.0,20.8354978561
0.0,0.0,0.0,20.8520669937
0.0,0.0,0.0,20.8685967922
0.0,0.0,0.0,20.8853058815
0.0,0.0,0.0,20.9024648666
0.0,0.0,0.0,20.9190378189
0.0,0.0,0.0,20.9356658459
0.0,0.0,0.0,20.9520750046
0.0,0.0,0.0,20.9686968327
0.0,0.0,0.0,20.9853010178
0.0,0.0,0.0,21.0019109249
0.0,0.0,0.0,21.0186769962
0.0,0.0,0.0,21.0353248119
0.0,0.0,0.0,21.0520699024
0.0,0.0,0.0,21.0688388348
0.0,0.0,0.0,21.0855879784
0.0,0.0,0.0,21.1022508144
0.0,0.0,0.0,21.1186988354
0.0,0.0,0.0,21.1351799965
0.0,0.0,0.0,21.151971817
0.0,0.0,0.0,21.168587923
0.0,0.0,0.0,21.1854748726
0.0,0.0,0.0,21.2026748657
0.0,0.0,0.0,21.2185750008
0.0,0.0,0.0,21.2355678082
0.0,0.0,0.0,21.2521009445
0.0,0.0,0.0,21.2689929008
0.0,0.0,0.0,21.2853429317
0.0,0.0,0.0,21.3021018505
0.0,0.0,0.0,21.3187379837
0.0,0.0,0.0,21.3356819153
0.0,0.0,0.0,21.3520298004
0.0,0.0,0.0,21.3686239719
0.0,0.0,0.0,21.3853008747
0.0,0.0,0.0,21.4023528099
0.0,0.0,0.0,21.4187159538
0.0,0.0,0.0,21.4350848198
0.0,0.0,0.0,21.4525279999
0.0,0.0,0.0,21.4685637951
0.0,0.0,0.0,21.4851238728
0.0,0.0,0.0,21.5019698143
0.0,0.0,0.0,21.519179821
0.0,0.0,0.0,21.535451889
0.0,0.0,0.0,21.5521128178
0.0,0.0,0.0,21.5685629845
0.0,0.0,0.0,21.5859467983
0.0,0.0,0.0,21.6023178101
0.0,0.0,0.0,21.6188099384
0.0,0.0,0.0,21.6355788708
0.0,0.0,0.0,21.6521949768
0.0,0.0,0.0,21.6686358452
0.0,0.0,0.0,21.6855258942
0.0,0.0,0.0,21.7023079395
0.0,0.0,0.0,21.7188429832
0.0,0.0,0.0,21.7360818386
0.0,0.0,0.0,21.7519938946
0.0,0.0,0.0,21.7690098286
0.0,0.0,0.0,21.7853438854
0.0,0.0,0.0,21.8021788597
0.0,0.0,0.0,21.8187689781
0.0,0.0,0.0,21.8354568481
0.0,0.0,0.0,21.8520898819
0.0,0.0,0.0,21.8691418171
0.0,0.0,0.0,21.8860368729
0.0,0.0,0.0,21.9021248817
0.0,0.0,0.0,21.9186639786
0.0,0.0,0.0,21.9352469444
0.0,0.0,0.0,21.9520499706
0.0,0.0,0.0,21.9686148167
0.0,0.0,0.0,21.9854009151
0.0,0.0,0.0,22.0025389194
0.0,0.0,0.0,22.0185790062
0.0,0.0,0.0,22.0356969833
0.0,0.0,0.0,22.0528318882
0.0,0.0,0.0,22.0690059662
0.0,0.0,0.0,22.0851418972
0.0,0.0,0.0,22.1020929813
0.0,0.0,0.0,22.1186649799
0.0,0.0,0.0,22.1352229118
0.0,0.0,0.0,22.1518979073
0.0,0.0,0.0,22.168697834
0.0,0.0,0.0,22.1853978634
0.0,0.0,0.0,22.2034800053
0.0,0.0,0.0,22.2186570168
0.0,0.0,0.0,22.2355399132
0.0,0.0,0.0,22.2520909309
0.0,0.0,0.0,22.2689239979
0.0,0.0,0.0,22.2861018181
0.0,0.0,0.0,22.3029909134
0.0,0.0,0.0,22.3186450005
0.0,0.0,0.0,22.3364069462
0.0,0.0,0.0,22.3520109653
0.0,0.0,0.0,22.3687648773
0.0,0.0,0.0,22.3853478432
0.0,0.0,0.0,22.402230978
0.0,0.0,0.0,22.418656826
0.0,0.0,0.0,22.4356999397
0.0,0.0,0.0,22.453332901
0.0,0.0,0.0,22.4690289497
0.0,0.0,0.0,22.4853198528
0.0,0.0,0.0,22.5025060177
0.0,0.0,0.0,22.5187709332
0.0,0.0,0.0,22.5351798534
0.0,0.0,0.0,22.552836895
0.0,0.0,0.0,22.5686299801
0.0,0.0,0.0,22.585244894
0.0,0.0,0.0,22.6021449566
0.0,0.0,0.0,22.6185379028
0.0,0.0,0.0,22.6352529526
0.0,0.0,0.0,22.6521959305
0.0,0.0,0.0,22.6686689854
0.0,0.0,0.0,22.6853468418
0.0,0.0,0.0,22.7021889687
0.0,0.0,0.0,22.7188158035
0.0,0.0,0.0,22.7358238697
0.0,0.0,0.0,22.7523388863
0.0,0.0,0.0,22.7690467834
0.0,0.0,0.0,22.7859818935
0.0,0.0,0.0,22.8023538589
0.0,0.0,0.0,22.8188209534
0.0,0.0,0.0,22.8355519772
0.0,0.0,0.0,22.8522119522
0.0,0.0,0.0,22.8690359592
0.0,0.0,0.0,22.8880147934
0.0,0.0,0.0,22.9018948078
0.0,0.0,0.0,22.9185268879
0.0,0.0,0.0,22.9355299473
0.0,0.0,0.0,22.9521598816
0.0,0.0,0.0,22.9686889648
0.0,0.0,0.0,22.9855659008
0.0,0.0,0.0,23.0028429031
0.0,0.0,0.0,23.0200328827
0.0,0.0,0.0,23.0357358456
0.0,0.0,0.0,23.0524148941
0.0,0.0,0.0,23.0689089298
0.0,0.0,0.0,23.0852768421
0.0,0.0,0.0,23.1017699242
0.0,0.0,0.0,23.1185338497
0.0,0.0,0.0,23.1350839138
0.0,0.0,0.0,23.1517989635
0.0,0.0,0.0,23.1685328484
0.0,0.0,0.0,23.1851789951
0.0,0.0,0.0,23.2027919292
0.0,0.0,0.0,23.2192308903
0.0,0.0,0.0,23.2360270023
0.0,0.0,0.0,23.2522749901
0.0,0.0,0.0,23.2698860168
0.0,0.0,0.0,23.2852609158
0.0,0.0,0.0,23.3019478321
0.0,0.0,0.0,23.3187389374
0.0,0.0,0.0,23.3355078697
0.0,0.0,0.0,23.35242486
0.0,0.0,0.0,23.3688209057
0.0,0.0,0.0,23.3855669498
0.0,0.0,0.0,23.4022669792
0.0,0.0,0.0,23.4192559719
0.0,0.0,0.0,23.4356558323
0.0,0.0,0.0,23.4552299976
0.0,0.0,0.0,23.4692358971
0.0,0.0,0.0,23.4856100082
0.0,0.0,0.0,23.5034389496
0.0,0.0,0.0,23.5189759731
0.0,0.0,0.0,23.5357108116
0.0,0.0,0.0,23.5524539948
0.0,0.0,0.0,23.5700509548
0.0,0.0,0.0,23.5856459141
0.0,0.0,0.0,23.6027009487
0.0,0.0,0.0,23.6193628311
0.0,0.0,0.0,23.6367478371
0.0,0.0,0.0,23.6522619724
0.0,0.0,0.0,23.6690149307
0.0,0.0,0.0,23.6868028641
0.0,0.0,0.0,23.7030079365
0.0,0.0,0.0,23.7190449238
0.0,0.0,0.0,23.7363119125
0.0,0.0,0.0,23.752384901
0.0,0.0,0.0,23.7701728344
0.0,0.0,0.0,23.7855849266
0.0,0.0,0.0,23.8037638664
0.0,0.0,0.0,23.8195269108
0.0,0.0,0.0,23.8366549015
0.0,0.0,0.0,23.8523848057
0.0,0.0,0.0,23.8695158958
0.0,0.0,0.0,23.8868348598
0.0,0.0,0.0,23.9019258022
0.0,0.0,0.0,23.9186959267
0.0,0.0,0.0,23.9353640079
0.0,0.0,0.0,23.9523568153
0.0,0.0,0.0,23.9687509537
0.0,0.0,0.0,23.985314846
0.0,0.0,0.0,24.0020859241
0.0,0.0,0.0,24.018543005
0.0,0.0,0.0,24.0352239609
0.0,0.0,0.0,24.0518147945
0.0,0.0,0.0,24.0685927868
0.0,0.0,0.0,24.0852808952
0.0,0.0,0.0,24.102383852
0.0,0.0,0.0,24.1191928387
0.0,0.0,0.0,24.1358590126
0.0,0.0,0.0,24.1525948048
0.0,0.0,0.0,24.1697587967
0.0,0.0,0.0,24.1861138344
Actuacion(lineal,angular) = 0.0399930000305,0.0
0.0,0.0,0.0,24.2041130066
0.0,0.0,0.0,24.2187929153
0.0,0.0,0.0,24.2359979153
0.0,0.0,0.0,24.2519168854
0.0,0.0,0.0,24.2685408592
0.0,0.0,0.0,24.28516078
0.0,0.0,0.0,24.3019938469
0.0,0.0,0.0,24.3186328411
0.0,0.0,0.0,24.3353049755
0.0,0.0,0.0,24.3519818783
0.0,0.0,0.0,24.3685519695
4.26460441668e-05,1.12655381985e-19,0.0,24.3853478432
4.26460441668e-05,1.12655381985e-19,0.0,24.4024579525
4.26460441668e-05,1.12655381985e-19,0.0,24.4185359478
0.000554398574168,4.33680868994e-19,0.0,24.4355127811
0.000554398574168,4.33680868994e-19,0.0,24.4520819187
0.000554398574168,4.33680868994e-19,0.0,24.4690217972
0.000980859015835,7.31836466428e-19,0.0,24.4852919579
0.000980859015835,7.31836466428e-19,0.0,24.5024838448
0.000980859015835,7.31836466428e-19,0.0,24.5187327862
0.00110879714834,8.67361737988e-19,0.0,24.5356760025
0.00110879714834,8.67361737988e-19,0.0,24.5537838936
0.001279381325,8.94466792301e-19,0.0,24.568559885
0.001279381325,8.94466792301e-19,0.0,24.585477829
0.001279381325,8.94466792301e-19,0.0,24.6019618511
0.001279381325,8.94466792301e-19,0.0,24.6186158657
0.00149261154584,1.05709711817e-18,0.000174532925201,24.6352329254
0.00149261154584,1.05709711817e-18,0.000174532925201,24.6519138813
0.00149261154584,1.05709711817e-18,0.000174532925201,24.6685597897
0.00162054967639,2.23294163976e-08,0.0,24.6855919361
0.00162054967639,2.23294163976e-08,0.0,24.7022068501
0.00162054967639,2.23294163976e-08,0.0,24.7189209461
0.00162054967639,2.23294163976e-08,0.0,24.7362449169
0.00187642594139,2.23294163978e-08,0.0,24.7519040108
0.00187642594139,2.23294163978e-08,0.0,24.7686510086
0.00187642594139,2.23294163978e-08,0.0,24.7851648331
0.00187642594139,2.23294163978e-08,0.0,24.8041679859
0.00213230220639,2.23294163982e-08,0.0,24.818808794
0.00213230220639,2.23294163982e-08,0.0,24.8352999687
0.00213230220639,2.23294163982e-08,0.0,24.8519380093
0.00243082451556,2.23294163983e-08,0.0,24.86865592
0.00243082451556,2.23294163983e-08,0.0,24.8868768215
0.00243082451556,2.23294163983e-08,0.0,24.9020040035
0.00260140869222,2.23294163983e-08,0.000174532925201,24.9187309742
0.00260140869222,2.23294163983e-08,0.000174532925201,24.9353489876
0.00260140869222,2.23294163983e-08,0.0,24.9517159462
0.00260140869222,2.23294163983e-08,0.0,24.9685637951
0.00260140869222,2.23294163983e-08,0.0,24.9860258102
0.00260140869222,2.23294163983e-08,0.0,25.0020740032
0.00260140869222,2.23294163983e-08,0.0,25.0200798512
0.00260140869222,2.23294163983e-08,0.0,25.0358378887
0.00260140869222,2.23294163983e-08,0.0,25.0519080162
0.00260140869222,2.23294163983e-08,0.0,25.0703258514
0.00260140869222,2.23294163983e-08,0.0,25.0852868557
0.00260140869222,2.23294163983e-08,0.0,25.1039919853
0.00260140869222,2.23294163983e-08,0.0,25.1185657978
0.00260140869222,2.23294163983e-08,0.0,25.1354699135
0.00260140869222,2.23294163983e-08,0.0,25.15198493
0.00260140869222,2.23294163983e-08,0.0,25.1687209606
0.00260140869222,2.23294163983e-08,0.0,25.1854629517
0.00260140869222,2.23294163983e-08,0.0,25.2024948597
0.00260140869222,2.23294163983e-08,0.0,25.2188179493
0.00260140869222,2.23294163983e-08,0.0,25.2353639603
0.00260140869222,2.23294163983e-08,0.0,25.2525448799
0.00260140869222,2.23294163983e-08,0.0,25.268709898
0.00260140869222,2.23294163983e-08,0.0,25.2854349613
0.00260140869222,2.23294163983e-08,0.0,25.3019599915
0.00260140869222,2.23294163983e-08,0.0,25.3185799122
0.00260140869222,2.23294163983e-08,0.0,25.3365399837
0.00260140869222,2.23294163983e-08,0.0,25.3519878387
0.00260140869222,2.23294163983e-08,0.0,25.3687198162
0.00260140869222,2.23294163983e-08,0.0,25.3852488995
0.00260140869222,2.23294163983e-08,0.0,25.402256012
0.00260140869222,2.23294163983e-08,0.0,25.4187719822
0.00260140869222,2.23294163983e-08,0.0,25.4355249405
0.00260140869222,2.23294163983e-08,0.0,25.4520018101
0.00260140869222,2.23294163983e-08,0.0,25.4687049389
0.00260140869222,2.23294163983e-08,0.0,25.4853789806
0.00260140869222,2.23294163983e-08,0.0,25.50243783
0.00260140869222,2.23294163983e-08,0.0,25.5188219547
0.00260140869222,2.23294163983e-08,0.0,25.5356099606
0.00260140869222,2.23294163983e-08,0.0,25.5524280071
0.00260140869222,2.23294163983e-08,0.0,25.5686888695
0.00260140869222,2.23294163983e-08,0.0,25.5853168964
0.00260140869222,2.23294163983e-08,0.0,25.6020958424
0.00260140869222,2.23294163983e-08,0.0,25.6186978817
0.00260140869222,2.23294163983e-08,0.0,25.6354758739
0.00260140869222,2.23294163983e-08,0.0,25.6518769264
0.00260140869222,2.23294163983e-08,0.0,25.6711628437
0.00260140869222,2.23294163983e-08,0.0,25.685243845
0.00260140869222,2.23294163983e-08,0.0,25.7018678188
0.00260140869222,2.23294163983e-08,0.0,25.7184209824
0.00260140869222,2.23294163983e-08,0.0,25.7354300022
0.00260140869222,2.23294163983e-08,0.0,25.7518718243
0.00260140869222,2.23294163983e-08,0.0,25.7686908245
0.00260140869222,2.23294163983e-08,0.0,25.785394907
0.00260140869222,2.23294163983e-08,0.0,25.803319931
0.00260140869222,2.23294163983e-08,0.0,25.8185548782
0.00260140869222,2.23294163983e-08,0.0,25.8351588249
0.00260140869222,2.23294163983e-08,0.0,25.8523437977
0.00260140869222,2.23294163983e-08,0.0,25.8685259819
0.00260140869222,2.23294163983e-08,0.0,25.885311842
0.00260140869222,2.23294163983e-08,0.0,25.9021589756
0.00260140869222,2.23294163983e-08,0.0,25.9187839031
0.00260140869222,2.23294163983e-08,0.0,25.9376897812
0.00260140869222,2.23294163983e-08,0.0,25.9524250031
0.00260140869222,2.23294163983e-08,0.0,25.969055891
0.00260140869222,2.23294163983e-08,0.0,25.985216856
0.00260140869222,2.23294163983e-08,0.0,26.0019209385
0.00260140869222,2.23294163983e-08,0.0,26.018627882
0.00260140869222,2.23294163983e-08,0.0,26.0352509022
0.00260140869222,2.23294163983e-08,0.0,26.0520567894
0.00260140869222,2.23294163983e-08,0.0,26.0690147877
0.00260140869222,2.23294163983e-08,0.0,26.0851860046
0.00260140869222,2.23294163983e-08,0.0,26.1019477844
0.00260140869222,2.23294163983e-08,0.0,26.1185839176
0.00260140869222,2.23294163983e-08,0.0,26.1353299618
0.00260140869222,2.23294163983e-08,0.0,26.1519329548
0.00260140869222,2.23294163983e-08,0.0,26.1686809063
0.00260140869222,2.23294163983e-08,0.0,26.185489893
0.00260140869222,2.23294163983e-08,0.0,26.2019629478
0.00260140869222,2.23294163983e-08,0.0,26.2186288834
0.00260140869222,2.23294163983e-08,0.0,26.2354059219
0.00260140869222,2.23294163983e-08,0.0,26.252038002
0.00260140869222,2.23294163983e-08,0.0,26.2686698437
0.00260140869222,2.23294163983e-08,0.0,26.2851889133
0.00260140869222,2.23294163983e-08,0.0,26.30250597
0.00260140869222,2.23294163983e-08,0.0,26.3186709881
0.00260140869222,2.23294163983e-08,0.0,26.3355658054
0.00260140869222,2.23294163983e-08,0.0,26.3521368504
0.00260140869222,2.23294163983e-08,0.0,26.3687498569
0.00260140869222,2.23294163983e-08,0.0,26.3850898743
0.00260140869222,2.23294163983e-08,0.0,26.4017868042
0.00260140869222,2.23294163983e-08,0.0,26.4186580181
0.00260140869222,2.23294163983e-08,0.0,26.4353938103
0.00260140869222,2.23294163983e-08,0.0,26.4526648521
0.00260140869222,2.23294163983e-08,0.0,26.4685838223
0.00260140869222,2.23294163983e-08,0.0,26.4853379726
0.00260140869222,2.23294163983e-08,0.0,26.5022749901
0.00260140869222,2.23294163983e-08,0.0,26.5204157829
0.00260140869222,2.23294163983e-08,0.0,26.5352349281
0.00260140869222,2.23294163983e-08,0.0,26.5519328117
0.00260140869222,2.23294163983e-08,0.0,26.5686597824
0.00260140869222,2.23294163983e-08,0.0,26.5858659744
0.00260140869222,2.23294163983e-08,0.0,26.6026508808
0.00260140869222,2.23294163983e-08,0.0,26.618683815
0.00260140869222,2.23294163983e-08,0.0,26.6351368427
0.00260140869222,2.23294163983e-08,0.0,26.6518809795
0.00260140869222,2.23294163983e-08,0.0,26.6687757969
0.00260140869222,2.23294163983e-08,0.0,26.6852459908
0.00260140869222,2.23294163983e-08,0.0,26.7035489082
0.00260140869222,2.23294163983e-08,0.0,26.718693018
0.00260140869222,2.23294163983e-08,0.0,26.7352278233
0.00260140869222,2.23294163983e-08,0.0,26.7519528866
0.00260140869222,2.23294163983e-08,0.0,26.7689809799
0.00260140869222,2.23294163983e-08,0.0,26.7852859497
0.00260140869222,2.23294163983e-08,0.0,26.8023808002
