0.0,0.0,0.0,0.0354218482971
0.0,0.0,0.0,0.0522539615631
0.0,0.0,0.0,0.069079875946
0.0,0.0,0.0,0.0859358310699
0.0,0.0,0.0,0.102421045303
0.0,0.0,0.0,0.118919849396
0.0,0.0,0.0,0.135637998581
0.0,0.0,0.0,0.152415037155
0.0,0.0,0.0,0.168826818466
0.0,0.0,0.0,0.185767889023
0.0,0.0,0.0,0.202232837677
0.0,0.0,0.0,0.22088599205
0.0,0.0,0.0,0.235538959503
0.0,0.0,0.0,0.252377986908
0.0,0.0,0.0,0.26905298233
0.0,0.0,0.0,0.285899877548
0.0,0.0,0.0,0.302557945251
0.0,0.0,0.0,0.319228887558
0.0,0.0,0.0,0.337041854858
0.0,0.0,0.0,0.352444887161
0.0,0.0,0.0,0.369099855423
0.0,0.0,0.0,0.385850906372
0.0,0.0,0.0,0.402531862259
0.0,0.0,0.0,0.419086933136
0.0,0.0,0.0,0.436924934387
0.0,0.0,0.0,0.453754901886
0.0,0.0,0.0,0.469040870667
0.0,0.0,0.0,0.486201047897
0.0,0.0,0.0,0.502458810806
0.0,0.0,0.0,0.51908993721
0.0,0.0,0.0,0.535727024078
0.0,0.0,0.0,0.552758932114
0.0,0.0,0.0,0.569100856781
0.0,0.0,0.0,0.585867881775
0.0,0.0,0.0,0.602416992188
0.0,0.0,0.0,0.619077920914
0.0,0.0,0.0,0.636374950409
0.0,0.0,0.0,0.654486894608
0.0,0.0,0.0,0.669052839279
0.0,0.0,0.0,0.685601949692
0.0,0.0,0.0,0.706156015396
0.0,0.0,0.0,0.718996047974
0.0,0.0,0.0,0.735594987869
0.0,0.0,0.0,0.752398014069
0.0,0.0,0.0,0.768980979919
0.0,0.0,0.0,0.78596496582
0.0,0.0,0.0,0.802505970001
0.0,0.0,0.0,0.819123983383
0.0,0.0,0.0,0.835779905319
0.0,0.0,0.0,0.853020906448
0.0,0.0,0.0,0.869169950485
0.0,0.0,0.0,0.886270999908
0.0,0.0,0.0,0.902690887451
0.0,0.0,0.0,0.919235944748
0.0,0.0,0.0,0.935830831528
0.0,0.0,0.0,0.953420877457
0.0,0.0,0.0,0.969209909439
0.0,0.0,0.0,0.986410856247
0.0,0.0,0.0,1.00299096107
0.0,0.0,0.0,1.01899600029
0.0,0.0,0.0,1.03564500809
0.0,0.0,0.0,1.05244803429
0.0,0.0,0.0,1.0690510273
0.0,0.0,0.0,1.08559393883
0.0,0.0,0.0,1.10249304771
0.0,0.0,0.0,1.11894798279
0.0,0.0,0.0,1.13578486443
0.0,0.0,0.0,1.15238881111
0.0,0.0,0.0,1.16895604134
0.0,0.0,0.0,1.18706083298
0.0,0.0,0.0,1.20227384567
0.0,0.0,0.0,1.21920990944
0.0,0.0,0.0,1.23574304581
0.0,0.0,0.0,1.25232601166
0.0,0.0,0.0,1.26906585693
0.0,0.0,0.0,1.2859120369
0.0,0.0,0.0,1.30264902115
0.0,0.0,0.0,1.31956982613
0.0,0.0,0.0,1.33601999283
0.0,0.0,0.0,1.35243082047
0.0,0.0,0.0,1.36911892891
0.0,0.0,0.0,1.38575387001
0.0,0.0,0.0,1.40238785744
0.0,0.0,0.0,1.41920900345
0.0,0.0,0.0,1.43568181992
0.0,0.0,0.0,1.45252394676
0.0,0.0,0.0,1.46925401688
0.0,0.0,0.0,1.48600387573
0.0,0.0,0.0,1.50238800049
0.0,0.0,0.0,1.51925587654
0.0,0.0,0.0,1.53585386276
0.0,0.0,0.0,1.55268883705
0.0,0.0,0.0,1.56916904449
0.0,0.0,0.0,1.58678388596
0.0,0.0,0.0,1.60245585442
0.0,0.0,0.0,1.61972403526
0.0,0.0,0.0,1.6359038353
0.0,0.0,0.0,1.65435600281
0.0,0.0,0.0,1.66956090927
0.0,0.0,0.0,1.68624591827
0.0,0.0,0.0,1.70255184174
0.0,0.0,0.0,1.71927690506
0.0,0.0,0.0,1.7359828949
0.0,0.0,0.0,1.75286698341
0.0,0.0,0.0,1.76938891411
0.0,0.0,0.0,1.78587889671
0.0,0.0,0.0,1.80242300034
0.0,0.0,0.0,1.81918597221
0.0,0.0,0.0,1.8358130455
0.0,0.0,0.0,1.85265493393
0.0,0.0,0.0,1.86917591095
0.0,0.0,0.0,1.88593196869
0.0,0.0,0.0,1.90242791176
0.0,0.0,0.0,1.91939091682
0.0,0.0,0.0,1.93567204475
0.0,0.0,0.0,1.95305681229
0.0,0.0,0.0,1.96937298775
0.0,0.0,0.0,1.98591089249
0.0,0.0,0.0,2.00253796577
0.0,0.0,0.0,2.01926898956
0.0,0.0,0.0,2.03570199013
0.0,0.0,0.0,2.0529358387
0.0,0.0,0.0,2.06922197342
0.0,0.0,0.0,2.08632802963
0.0,0.0,0.0,2.10231900215
0.0,0.0,0.0,2.11917996407
0.0,0.0,0.0,2.13606500626
0.0,0.0,0.0,2.15283894539
0.0,0.0,0.0,2.16923594475
0.0,0.0,0.0,2.18626999855
0.0,0.0,0.0,2.20266485214
0.0,0.0,0.0,2.21954894066
0.0,0.0,0.0,2.23576784134
0.0,0.0,0.0,2.2523188591
0.0,0.0,0.0,2.26950001717
0.0,0.0,0.0,2.28608584404
0.0,0.0,0.0,2.30252981186
0.0,0.0,0.0,2.31926703453
0.0,0.0,0.0,2.33646988869
0.0,0.0,0.0,2.35255694389
0.0,0.0,0.0,2.36950397491
0.0,0.0,0.0,2.38572883606
0.0,0.0,0.0,2.40366888046
0.0,0.0,0.0,2.41904497147
0.0,0.0,0.0,2.43560695648
0.0,0.0,0.0,2.45241999626
0.0,0.0,0.0,2.46902084351
0.0,0.0,0.0,2.48589587212
0.0,0.0,0.0,2.50249886513
0.0,0.0,0.0,2.51917600632
0.0,0.0,0.0,2.53567004204
0.0,0.0,0.0,2.5523109436
0.0,0.0,0.0,2.56904387474
0.0,0.0,0.0,2.58626389503
0.0,0.0,0.0,2.60242199898
0.0,0.0,0.0,2.61938786507
0.0,0.0,0.0,2.6360449791
0.0,0.0,0.0,2.65264487267
0.0,0.0,0.0,2.66944098473
0.0,0.0,0.0,2.68617296219
0.0,0.0,0.0,2.70253300667
0.0,0.0,0.0,2.71912693977
0.0,0.0,0.0,2.73574900627
0.0,0.0,0.0,2.75250697136
0.0,0.0,0.0,2.76911091805
0.0,0.0,0.0,2.7858979702
0.0,0.0,0.0,2.802546978
0.0,0.0,0.0,2.81927990913
0.0,0.0,0.0,2.83583283424
0.0,0.0,0.0,2.85248684883
0.0,0.0,0.0,2.86922502518
0.0,0.0,0.0,2.88627481461
0.0,0.0,0.0,2.90257191658
0.0,0.0,0.0,2.91924190521
0.0,0.0,0.0,2.93581795692
0.0,0.0,0.0,2.95260882378
0.0,0.0,0.0,2.96911883354
0.0,0.0,0.0,2.98583889008
0.0,0.0,0.0,3.00237202644
0.0,0.0,0.0,3.01955986023
0.0,0.0,0.0,3.03583598137
0.0,0.0,0.0,3.05331301689
0.0,0.0,0.0,3.06904792786
0.0,0.0,0.0,3.08608484268
0.0,0.0,0.0,3.10235881805
0.0,0.0,0.0,3.11919689178
0.0,0.0,0.0,3.13601303101
0.0,0.0,0.0,3.15231394768
0.0,0.0,0.0,3.16975903511
0.0,0.0,0.0,3.18607091904
0.0,0.0,0.0,3.20246887207
0.0,0.0,0.0,3.21922683716
0.0,0.0,0.0,3.23581385612
0.0,0.0,0.0,3.25244188309
0.0,0.0,0.0,3.26947999001
0.0,0.0,0.0,3.28600382805
0.0,0.0,0.0,3.30242800713
0.0,0.0,0.0,3.31955099106
0.0,0.0,0.0,3.33586788177
0.0,0.0,0.0,3.35240197182
0.0,0.0,0.0,3.36918282509
0.0,0.0,0.0,3.38585591316
0.0,0.0,0.0,3.40264892578
0.0,0.0,0.0,3.41913604736
0.0,0.0,0.0,3.43588590622
0.0,0.0,0.0,3.4524679184
0.0,0.0,0.0,3.46938204765
0.0,0.0,0.0,3.48617386818
0.0,0.0,0.0,3.50246286392
0.0,0.0,0.0,3.51917099953
0.0,0.0,0.0,3.5358710289
0.0,0.0,0.0,3.55255484581
0.0,0.0,0.0,3.56913995743
0.0,0.0,0.0,3.58584094048
0.0,0.0,0.0,3.60251498222
0.0,0.0,0.0,3.61937594414
0.0,0.0,0.0,3.63590598106
0.0,0.0,0.0,3.65251898766
0.0,0.0,0.0,3.66930794716
0.0,0.0,0.0,3.68581199646
0.0,0.0,0.0,3.7025809288
0.0,0.0,0.0,3.71917891502
0.0,0.0,0.0,3.73577594757
0.0,0.0,0.0,3.75252699852
0.0,0.0,0.0,3.76910281181
0.0,0.0,0.0,3.78624582291
0.0,0.0,0.0,3.80261993408
0.0,0.0,0.0,3.81930184364
0.0,0.0,0.0,3.83570981026
0.0,0.0,0.0,3.85327291489
0.0,0.0,0.0,3.86920499802
0.0,0.0,0.0,3.8866789341
0.0,0.0,0.0,3.90240192413
0.0,0.0,0.0,3.91899681091
0.0,0.0,0.0,3.93573188782
0.0,0.0,0.0,3.95238900185
0.0,0.0,0.0,3.96905899048
0.0,0.0,0.0,3.98572492599
0.0,0.0,0.0,4.0023829937
0.0,0.0,0.0,4.01985096931
0.0,0.0,0.0,4.03565883636
0.0,0.0,0.0,4.05259895325
0.0,0.0,0.0,4.06907296181
0.0,0.0,0.0,4.08579587936
0.0,0.0,0.0,4.10243082047
0.0,0.0,0.0,4.11907196045
0.0,0.0,0.0,4.1356549263
0.0,0.0,0.0,4.15260481834
0.0,0.0,0.0,4.16899299622
0.0,0.0,0.0,4.18566799164
0.0,0.0,0.0,4.20228004456
0.0,0.0,0.0,4.21910595894
0.0,0.0,0.0,4.23573088646
0.0,0.0,0.0,4.2524189949
0.0,0.0,0.0,4.26907682419
0.0,0.0,0.0,4.28576183319
0.0,0.0,0.0,4.30254387856
0.0,0.0,0.0,4.31906104088
0.0,0.0,0.0,4.33573889732
0.0,0.0,0.0,4.3524119854
0.0,0.0,0.0,4.36912298203
0.0,0.0,0.0,4.3857588768
0.0,0.0,0.0,4.40237689018
0.0,0.0,0.0,4.41908597946
0.0,0.0,0.0,4.43577599525
0.0,0.0,0.0,4.45241785049
0.0,0.0,0.0,4.46906399727
0.0,0.0,0.0,4.4857468605
0.0,0.0,0.0,4.50237989426
0.0,0.0,0.0,4.51907300949
0.0,0.0,0.0,4.53569602966
0.0,0.0,0.0,4.55239486694
0.0,0.0,0.0,4.56902289391
0.0,0.0,0.0,4.58582496643
0.0,0.0,0.0,4.60248303413
0.0,0.0,0.0,4.61911296844
0.0,0.0,0.0,4.63583493233
0.0,0.0,0.0,4.65263295174
0.0,0.0,0.0,4.66912388802
0.0,0.0,0.0,4.68597388268
0.0,0.0,0.0,4.70240902901
0.0,0.0,0.0,4.71908187866
0.0,0.0,0.0,4.73607802391
0.0,0.0,0.0,4.75267291069
0.0,0.0,0.0,4.76904296875
0.0,0.0,0.0,4.78646993637
0.0,0.0,0.0,4.80267190933
0.0,0.0,0.0,4.81970500946
0.0,0.0,0.0,4.83585500717
0.0,0.0,0.0,4.85325098038
0.0,0.0,0.0,4.86916995049
0.0,0.0,0.0,4.88600993156
0.0,0.0,0.0,4.90260481834
0.0,0.0,0.0,4.91940784454
0.0,0.0,0.0,4.93603897095
0.0,0.0,0.0,4.95283484459
0.0,0.0,0.0,4.96927881241
0.0,0.0,0.0,4.98614597321
0.0,0.0,0.0,5.00263404846
0.0,0.0,0.0,5.01924800873
0.0,0.0,0.0,5.03596186638
0.0,0.0,0.0,5.05322098732
0.0,0.0,0.0,5.0690870285
0.0,0.0,0.0,5.08594703674
0.0,0.0,0.0,5.10247898102
0.0,0.0,0.0,5.11968302727
0.0,0.0,0.0,5.13580393791
0.0,0.0,0.0,5.15280985832
0.0,0.0,0.0,5.16912698746
0.0,0.0,0.0,5.18582487106
0.0,0.0,0.0,5.20247292519
0.0,0.0,0.0,5.21897292137
0.0,0.0,0.0,5.23586392403
0.0,0.0,0.0,5.25263500214
Actuacion(lineal,angular) = 0.0386986255646,0.0
0.0,0.0,0.0,5.26920700073
0.0,0.0,0.0,5.28583502769
0.0,0.0,0.0,5.30252695084
0.0,0.0,0.0,5.31912398338
0.0,0.0,0.0,5.3358399868
0.0,0.0,0.0,5.35265088081
0.0,0.0,0.0,5.36922192574
0.0,0.0,0.0,5.38598203659
4.26460441669e-05,6.0766143636e-17,0.0,5.40255784988
4.26460441669e-05,6.0766143636e-17,0.0,5.41929292679
4.26460441669e-05,6.0766143636e-17,0.0,5.43597602844
4.26460441669e-05,6.0766143636e-17,0.0,5.4533469677
Actuacion(lineal,angular) = 0.0787136077881,-1.02216265603e-16
0.000980859015836,1.3238108526e-16,0.000174532925201,5.46941685677
0.000980859015836,1.3238108526e-16,0.000174532925201,5.48624897003
0.000980859015836,1.3238108526e-16,0.000174532925201,5.50248384476
0.00243082449542,2.53066719253e-07,0.0003490658504,5.52046298981
0.00243082449542,2.53066719253e-07,0.0003490658504,5.53589296341
0.00243082449542,2.53066719253e-07,0.0003490658504,5.55324196815
0.00243082449542,2.53066719253e-07,0.0003490658504,5.56927490234
0.00447783449071,9.67608032971e-07,0.000523598775601,5.58759093285
0.00447783449071,9.67608032971e-07,0.000523598775601,5.60314297676
0.00447783449071,9.67608032971e-07,0.000523598775601,5.62035703659
0.00724982698157,2.41902003964e-06,0.0003490658504,5.63617801666
Actuacion(lineal,angular) = 0.118703603745,-0.000716475669297
0.00724982698157,2.41902003964e-06,0.0003490658504,5.65346288681
0.00823068593765,2.7614044192e-06,0.000523598775601,5.66962790489
0.00823068593765,2.7614044192e-06,0.000523598775601,5.68705487251
0.00823068593765,2.7614044192e-06,0.000523598775601,5.70246481895
0.0116423690033,4.54775765847e-06,0.0003490658504,5.72145795822
0.0116423690033,4.54775765847e-06,0.0003490658504,5.73661398888
0.0116423690033,4.54775765847e-06,0.0003490658504,5.75564289093
0.0116423690033,4.54775765847e-06,0.0003490658504,5.76939296722
0.0162907875343,6.1703618921e-06,0.000872664625999,5.78646993637
0.0162907875343,6.1703618921e-06,0.000872664625999,5.80362701416
0.0162907875343,6.1703618921e-06,0.000872664625999,5.81915402412
0.0162907875343,6.1703618921e-06,0.000872664625999,5.83610987663
0.0211524347181,1.04129504904e-05,0.000872664625999,5.85272884369
0.0211524347181,1.04129504904e-05,0.000872664625999,5.86976790428
0.0211524347181,1.04129504904e-05,0.000872664625999,5.88586997986
0.0262273120416,1.48416175361e-05,0.0012217304764,5.90249800682
0.0262273120416,1.48416175361e-05,0.0012217304764,5.91900086403
0.0262273120416,1.48416175361e-05,0.0012217304764,5.93577504158
0.0262273120416,1.48416175361e-05,0.0012217304764,5.95267295837
0.0310036654236,2.06770369322e-05,0.000872664625999,5.96920490265
0.0310036654236,2.06770369322e-05,0.000872664625999,5.98591804504
0.0310036654236,2.06770369322e-05,0.000872664625999,6.00393390656
0.0358653126075,2.49196255305e-05,0.0010471975512,6.01904296875
0.0358653126075,2.49196255305e-05,0.0010471975512,6.03585600853
0.0358653126075,2.49196255305e-05,0.0010471975512,6.05269789696
0.0358653126075,2.49196255305e-05,0.0010471975512,6.06939482689
0.0408122510183,3.01000492139e-05,0.0012217304764,6.08682894707
0.0408122510183,3.01000492139e-05,0.0012217304764,6.10289883614
0.0408122510183,3.01000492139e-05,0.0012217304764,6.11943697929
0.0408122510183,3.01000492139e-05,0.0012217304764,6.13587188721
0.0455886044004,3.593546861e-05,0.001745329252,6.15424895287
0.0455886044004,3.593546861e-05,0.001745329252,6.16944694519
0.0455886044004,3.593546861e-05,0.001745329252,6.18595981598
0.0505781839683,4.46439366277e-05,0.0015707963268,6.20366287231
0.0505781839683,4.46439366277e-05,0.0015707963268,6.22102403641
0.0505781839683,4.46439366277e-05,0.0015707963268,6.23683595657
Actuacion(lineal,angular) = 0.158632230759,-0.00239379074516
0.0555251189886,5.24145703775e-05,0.001745329252,6.25503802299
0.0555251189886,5.24145703775e-05,0.001745329252,6.26942801476
0.0571456661987,5.52429616994e-05,0.001745329252,6.28603696823
0.0571456661987,5.52429616994e-05,0.001745329252,6.30341482162
0.0571456661987,5.52429616994e-05,0.001745329252,6.31954789162
0.0629881653509,6.54400567285e-05,0.001745329252,6.33660101891
0.0629881653509,6.54400567285e-05,0.001745329252,6.35302090645
0.0652910482284,6.94593496595e-05,0.0019198621772,6.3723359108
0.0652910482284,6.94593496595e-05,0.0019198621772,6.38715982437
0.0652910482284,6.94593496595e-05,0.0019198621772,6.40276098251
0.0719011728922,8.214989358e-05,0.0019198621772,6.41988682747
0.0719011728922,8.214989358e-05,0.0019198621772,6.43633794785
Actuacion(lineal,angular) = 0.198516607285,-0.00300447525254
0.0719011728922,8.214989358e-05,0.0019198621772,6.45481491089
0.0719011728922,8.214989358e-05,0.0019198621772,6.46945500374
0.0792362789707,9.62323036078e-05,0.0022689280276,6.48791694641
0.0792362789707,9.62323036078e-05,0.0022689280276,6.50298094749
0.0792362789707,9.62323036078e-05,0.0022689280276,6.51960802078
0.0871257768338,0.000114133037151,0.00244346095279,6.53605890274
0.0871257768338,0.000114133037151,0.00244346095279,6.5550339222
0.0871257768338,0.000114133037151,0.00244346095279,6.57111883163
0.0871257768338,0.000114133037151,0.00244346095279,6.58574104309
0.0958255438728,0.000135390620515,0.00244346095279,6.60251903534
0.0958255438728,0.000135390620515,0.00244346095279,6.61923289299
0.0958255438728,0.000135390620515,0.00244346095279,6.63571190834
Actuacion(lineal,angular) = 0.0517089185674,0.0570092719627
0.0958255438728,0.000135390620515,0.00244346095279,6.65266704559
0.104866478247,0.0001574818346,0.00244346095279,6.66960096359
0.104866478247,0.0001574818346,0.00244346095279,6.68614792824
0.104866478247,0.0001574818346,0.00244346095279,6.7027900219
0.111263365775,0.000173112410603,0.00296705972839,6.7197368145
0.11156188677,0.000173998142825,0.00296705972839,6.73583292961
0.11156188677,0.000173998142825,0.00296705972839,6.75242185593
0.11156188677,0.000173998142825,0.00296705972839,6.76937794685
0.11156188677,0.000173998142825,0.00296705972839,6.78599190712
0.114973555287,0.000184120796791,0.00366519142919,6.80258488655
0.115485304379,0.000185996463578,0.00418879020479,6.81922292709
0.115485304379,0.000185996463578,0.00418879020479,6.83582997322
0.115485304379,0.000185996463578,0.00418879020479,6.85247182846
Actuacion(lineal,angular) = 0.0407939945479,0.117197970731
0.115485304379,0.000185996463578,0.00418879020479,6.869150877
0.11676467448,0.000191355507868,0.00418879020479,6.8857820034
0.11676467448,0.000191355507868,0.00418879020479,6.90246582031
0.11676467448,0.000191355507868,0.00418879020479,6.9192109108
0.118129335921,0.000197071821779,0.00471238898039,6.93573498726
0.118129335921,0.000197071821779,0.00471238898039,6.95251488686
0.118129335921,0.000197071821779,0.00471238898039,6.96925592422
0.118129335921,0.000197071821779,0.00471238898039,6.98580598831
0.119493994182,0.000203502669932,0.00506145483079,7.00245094299
0.119493994182,0.000203502669932,0.00506145483079,7.01931500435
0.119493994182,0.000203502669932,0.00506145483079,7.035820961
Actuacion(lineal,angular) = 0.0714488762237,0.177026681287
0.119493994182,0.000203502669932,0.00506145483079,7.05421590805
0.121242459597,0.000212352524222,0.00488692190558,7.06924104691
0.121242459597,0.000212352524222,0.00488692190558,7.08590102196
0.121242459597,0.000212352524222,0.00488692190558,7.10288786888
0.122820344389,0.000220063585364,0.00610865238198,7.1192278862
0.122820344389,0.000220063585364,0.00610865238198,7.13575291634
0.122820344389,0.000220063585364,0.00610865238198,7.15320491791
0.122820344389,0.000220063585364,0.00610865238198,7.169495821
0.125549640292,0.000236736112667,0.00663225115758,7.18883800507
0.126445187523,0.000242675693915,0.00680678408278,7.2027258873
0.126445187523,0.000242675693915,0.00680678408278,7.22059798241
0.126445187523,0.000242675693915,0.00680678408278,7.23565292358
Actuacion(lineal,angular) = 0.0411164071609,0.237032060011
0.129558276628,0.000263866146548,0.00698131700798,7.25454282761
0.129558276628,0.000263866146548,0.00698131700798,7.26902294159
0.129558276628,0.000263866146548,0.00698131700798,7.28598594666
0.129558276628,0.000263866146548,0.00698131700798,7.30269193649
0.132159621927,0.000282027257783,0.00715584993318,7.31933999062
0.133055165926,0.000288435745629,0.00750491578358,7.33579897881
0.133055165926,0.000288435745629,0.00750491578358,7.3525018692
0.133055165926,0.000288435745629,0.00750491578358,7.36924099922
0.133055165926,0.000288435745629,0.00750491578358,7.38603401184
0.135059473555,0.000303478188009,0.00820304748438,7.40236282349
0.135485919649,0.000306976424029,0.00837758040957,7.4208419323
0.135485919649,0.000306976424029,0.00837758040957,7.43685984612
Actuacion(lineal,angular) = 0.0151978791199,0.29735243736
0.135485919649,0.000306976424029,0.00837758040957,7.45418095589
0.135485919649,0.000306976424029,0.00837758040957,7.46932291985
0.13672261153,0.000317337152096,0.00872664625997,7.48849391937
0.13672261153,0.000317337152096,0.00872664625997,7.50363683701
0.13672261153,0.000317337152096,0.00872664625997,7.52075004578
0.137404922256,0.000323291587588,0.00925024503557,7.53575587273
0.137404922256,0.000323291587588,0.00925024503557,7.55270886421
0.137404922256,0.000323291587588,0.00925024503557,7.56904792786
0.137404922256,0.000323291587588,0.00925024503557,7.58782887459
0.137703431793,0.000326052952716,0.00942477796077,7.60291099548
0.137703431793,0.000326052952716,0.00977384381117,7.62190389633
0.137703431793,0.000326052952716,0.00977384381117,7.63631701469
0.137703431793,0.000326052952716,0.00977384381117,7.65266084671
Actuacion(lineal,angular) = 0.00593703028086,0.35709739147
0.137703431793,0.000326052952716,0.00977384381117,7.66911387444
0.137703431793,0.000326052952716,0.0102974425868,7.68614196777
0.137703431793,0.000326052952716,0.0102974425868,7.70243191719
0.137703431793,0.000326052952716,0.0102974425868,7.72059988976
0.137788719359,0.000326931227577,0.0102974425868,7.7357609272
0.137788719359,0.000326931227577,0.0102974425868,7.75304389
0.137788719359,0.000326931227577,0.0102974425868,7.76946592331
0.137788719359,0.000326931227577,0.0102974425868,7.78600502014
0.137788719359,0.000326931227577,0.010471975512,7.80244898796
0.137788719359,0.000326931227577,0.010471975512,7.81924891472
0.137788719359,0.000326931227577,0.010471975512,7.83668899536
0.137788719359,0.000326931227577,0.010471975512,7.85237193108
Actuacion(lineal,angular) = 0.00310971056096,0.41707308708
0.137788719359,0.000326931227577,0.010471975512,7.86896491051
0.137788719359,0.000326931227577,0.010471975512,7.88597297668
0.137788719359,0.000326931227577,0.010471975512,7.90243601799
0.137788719359,0.000326931227577,0.010471975512,7.91914486885
0.137788719359,0.000326931227577,0.010471975512,7.93602585793
0.137788719359,0.000326931227577,0.010471975512,7.95304489136
0.137788719359,0.000326931227577,0.010471975512,7.96992301941
0.137788719359,0.000326931227577,0.010471975512,7.98716497421
0.137788719359,0.000326931227577,0.010471975512,8.00242304802
0.137831363065,0.000327377807745,0.010471975512,8.01928091049
0.137831363065,0.000327377807745,0.010471975512,8.03574991226
0.137831363065,0.000327377807745,0.010471975512,8.05246281624
Actuacion(lineal,angular) = 0.00194861695872,0.476962665899
0.137831363065,0.000327377807745,0.010471975512,8.06908583641
0.137831363065,0.000327377807745,0.010471975512,8.08772683144
0.137831363065,0.000327377807745,0.010471975512,8.10240983963
0.137831363065,0.000327377807745,0.010471975512,8.11905384064
0.137959294183,0.000328717548249,0.0106465084372,8.13576483727
0.137959294183,0.000328717548249,0.0106465084372,8.15286183357
0.137959294183,0.000328717548249,0.0106465084372,8.16932487488
0.137959294183,0.000328717548249,0.0106465084372,8.18593883514
0.13800193781,0.000329171571141,0.0109955742876,8.20230293274
0.13800193781,0.000329171571141,0.0109955742876,8.21924901009
0.13800193781,0.000329171571141,0.0109955742876,8.23575592041
Actuacion(lineal,angular) = 0.00133097558324,0.536948804243
0.138044581276,0.000329640479439,0.0115191730632,8.25273990631
0.138044581276,0.000329640479439,0.0115191730632,8.26916003227
0.138044581276,0.000329640479439,0.0115191730632,8.28610897064
0.138044581276,0.000329640479439,0.0115191730632,8.30239081383
0.138044581276,0.000329640479439,0.0116937059884,8.31911587715
0.138044581276,0.000329640479439,0.0116937059884,8.33578181267
0.138044581276,0.000329640479439,0.0116937059884,8.35249900818
0.138172510662,0.00033113651625,0.0116937059884,8.36908388138
0.138172510662,0.00033113651625,0.0116937059884,8.38605690002
0.13821515379,0.000331635195186,0.0118682389136,8.402561903
0.13821515379,0.000331635195186,0.0118682389136,8.41936302185
0.13821515379,0.000331635195186,0.0118682389136,8.43573689461
0.138385725953,0.000333659681423,0.0134390352404,8.45251083374
Actuacion(lineal,angular) = 0.000954771651216,0.596967129095
0.138428368146,0.000334232785862,0.0137881010908,8.46891283989
0.138428368146,0.000334232785862,0.0137881010908,8.48606586456
0.138428368146,0.000334232785862,0.0137881010908,8.50236797333
0.138428368146,0.000334232785862,0.0137881010908,8.51900601387
0.138428368146,0.000334232785862,0.0150098315672,8.5355899334
0.138428368146,0.000334232785862,0.0150098315672,8.55252599716
0.138428368146,0.000334232785862,0.0150098315672,8.56922483444
0.138428368146,0.000334232785862,0.0150098315672,8.58594083786
0.138641574347,0.000337433215384,0.0157079632679,8.60248088837
0.138641574347,0.000337433215384,0.0157079632679,8.61916089058
0.138641574347,0.000337433215384,0.0157079632679,8.63585495949
0.138897419046,0.000341452345071,0.0183259571459,8.65303683281
Actuacion(lineal,angular) = 0.000712083138918,0.657265047414
0.138897419046,0.000341452345071,0.0183259571459,8.66950893402
0.138897419046,0.000341452345071,0.0183259571459,8.68625402451
0.138897419046,0.000341452345071,0.0183259571459,8.70269584656
0.139281168995,0.000348485717574,0.0198967534727,8.71923995018
0.139281168995,0.000348485717574,0.0198967534727,8.73577594757
0.139281168995,0.000348485717574,0.0198967534727,8.75270986557
0.139664907422,0.000356121874163,0.0223402144255,8.76899886131
0.139664907422,0.000356121874163,0.0223402144255,8.78590989113
0.139664907422,0.000356121874163,0.0223402144255,8.80237984657
0.139664907422,0.000356121874163,0.0223402144255,8.81907081604
0.140176532254,0.000367553584461,0.0242600766027,8.83562088013
0.140176532254,0.000367553584461,0.0242600766027,8.85306787491
0.140347066234,0.000371691563724,0.0253072741539,8.86912202835
0.140347066234,0.000371691563724,0.0253072741539,8.88595986366
0.140347066234,0.000371691563724,0.0253072741539,8.90235686302
0.14073075773,0.000381403823112,0.0300196631343,8.91937088966
0.140773384559,0.000382683850716,0.0321140582367,8.93590092659
0.140773384559,0.000382683850716,0.0321140582367,8.95342302322
0.140773384559,0.000382683850716,0.0321140582367,8.96908903122
0.140773384559,0.000382683850716,0.0321140582367,8.98656082153
0.141071752947,0.000392268965797,0.0396189740203,9.00248599052
0.141071752947,0.000392268965797,0.0396189740203,9.01928687096
0.141071752947,0.000392268965797,0.0396189740203,9.03584289551
Actuacion(lineal,angular) = 0.000580320129648,0.7
0.141242203261,0.000399025567939,0.0467748239534,9.05457901955
0.141242203261,0.000399025567939,0.0467748239534,9.06931996346
0.141242203261,0.000399025567939,0.0467748239534,9.08600401878
0.141242203261,0.000399025567939,0.0467748239534,9.10291981697
0.141284802661,0.000401019601843,0.056025068989,9.11945986748
0.141369960927,0.000405795597571,0.0593411945678,9.13577795029
0.141369960927,0.000405795597571,0.0593411945678,9.15569782257
0.141369960927,0.000405795597571,0.0593411945678,9.16899394989
0.141369960927,0.000405795597571,0.0593411945678,9.18642282486
0.141497673866,0.000413383144252,0.0694641042294,9.20245885849
0.141497673866,0.000413383144252,0.0694641042294,9.21905684471
0.141497673866,0.000413383144252,0.0694641042294,9.23691797256
Actuacion(lineal,angular) = 0.000581027536148,0.7
0.141795476241,0.000434103056499,0.0799360797413,9.25502181053
0.141795476241,0.000434103056499,0.0799360797413,9.26898789406
0.141795476241,0.000434103056499,0.0799360797413,9.28614592552
0.141795476241,0.000434103056499,0.0799360797413,9.30315804482
0.142093045312,0.000457940354836,0.0937241808321,9.3192949295
0.142135504187,0.000461931471255,0.0977384381117,9.33656287193
0.142135504187,0.000461931471255,0.0977384381117,9.35651183128
0.142135504187,0.000461931471255,0.0977384381117,9.36902093887
0.142135504187,0.000461931471255,0.0977384381117,9.385835886
0.142305274234,0.000478577569868,0.112050137978,9.40251803398
0.142305274234,0.000478577569868,0.112050137978,9.41927981377
0.142305274234,0.000478577569868,0.112050137978,9.43579292297
0.142601924495,0.000511957085417,0.12653637077,9.45347285271
Actuacion(lineal,angular) = 0.000580874431003,0.7
0.142601924495,0.000511957085417,0.12653637077,9.46896100044
0.142601924495,0.000511957085417,0.12653637077,9.48599600792
0.142601924495,0.000511957085417,0.12653637077,9.50221800804
0.142686534668,0.00052272085904,0.141720735262,9.51989197731
0.142686534668,0.00052272085904,0.141720735262,9.53575587273
0.142686534668,0.00052272085904,0.141720735262,9.55230689049
0.142602097683,0.000510673623918,0.155857902203,9.56896400452
0.142602097683,0.000510673623918,0.155857902203,9.58776593208
0.142602097683,0.000510673623918,0.155857902203,9.60295891762
0.142602097683,0.000510673623918,0.155857902203,9.6193819046
0.142686355923,0.000523913315176,0.169820536219,9.63598394394
Actuacion(lineal,angular) = 0.000581310726035,0.7
0.142686355923,0.000523913315176,0.169820536219,9.65539598465
0.142686355923,0.000523913315176,0.169820536219,9.66919088364
0.142896518851,0.000559950388776,0.185179433637,9.68641090393
0.142896518851,0.000559950388776,0.185179433637,9.70243883133
0.142938435785,0.000567802502203,0.190415421393,9.71904993057
0.142938435785,0.000567802502203,0.190415421393,9.73568701744
0.142938435785,0.000567802502203,0.201760061531,9.75237798691
0.142980216771,0.000576348513564,0.20577431881,9.76923894882
0.142980216771,0.000576348513564,0.20577431881,9.78590798378
0.142980216771,0.000576348513564,0.20577431881,9.80244588852
0.142980216771,0.000576348513564,0.20577431881,9.81923389435
0.143063709458,0.000593775836924,0.21851522235,9.83563899994
Actuacion(lineal,angular) = 0.000581588810629,0.7
0.143063709458,0.000593775836924,0.21851522235,9.85320687294
0.143063709458,0.000593775836924,0.21851522235,9.86911296844
0.143105341396,0.000603020663111,0.232826922216,9.88590502739
0.143105341396,0.000603020663111,0.232826922216,9.90247797966
0.143105341396,0.000603020663111,0.237539311196,9.9193649292
0.143105341396,0.000603020663111,0.237539311196,9.93580102921
0.143105341396,0.000603020663111,0.237539311196,9.95383501053
0.143395481182,0.000673266469712,0.256563400043,9.96933197975
0.143354231039,0.000662444697199,0.262672052425,9.98706889153
0.143354231039,0.000662444697199,0.262672052425,10.003207922
0.143354231039,0.000662444697199,0.262672052425,10.0201928616
0.143354231039,0.000662444697199,0.262672052425,10.036823988
Actuacion(lineal,angular) = 0.000588336084348,0.7
0.143395414307,0.000673518249021,0.277681883992,10.0593998432
0.143395414307,0.000673518249021,0.277681883992,10.0695068836
0.143395414307,0.000673518249021,0.277681883992,10.0876088142
0.143395414307,0.000673518249021,0.277681883992,10.1024448872
0.143641488843,0.000743660859839,0.291819050933,10.1191058159
0.143641488843,0.000743660859839,0.291819050933,10.1356339455
0.143641488843,0.000743660859839,0.291819050933,10.1532289982
0.143845704144,0.000805006095269,0.312239403182,10.1691179276
0.143845704144,0.000805006095269,0.312239403182,10.1861019135
0.143845704144,0.000805006095269,0.312239403182,10.2024848461
0.143845704144,0.000805006095269,0.312239403182,10.2197959423
0.143967456216,0.000844307477815,0.329867228627,10.2370610237
0.143967456216,0.000844307477815,0.329867228627,10.252548933
Actuacion(lineal,angular) = 0.000573957842992,0.7
0.143967456216,0.000844307477815,0.329867228627,10.2710030079
0.144007803014,0.000858121274338,0.342084533391,10.2860178947
0.144007803014,0.000858121274338,0.342084533391,10.3025560379
0.144007803014,0.000858121274338,0.342084533391,10.3191068172
0.144007803014,0.000858121274338,0.342084533391,10.3357000351
0.144248853156,0.000943955369094,0.352556508903,10.3537569046
0.144248853156,0.000943955369094,0.352556508903,10.3692018986
0.144248853156,0.000943955369094,0.352556508903,10.3859429359
0.14452901426,0.00104703458481,0.371231531899,10.4024138451
0.14452901426,0.00104703458481,0.371231531899,10.4191639423
0.14452901426,0.00104703458481,0.371231531899,10.4358420372
Actuacion(lineal,angular) = 0.00058089952303,0.7
0.144608496362,0.00107797542836,0.377514717206,10.4542410374
0.144608496362,0.00107797542836,0.377514717206,10.4690318108
0.144608496362,0.00107797542836,0.377514717206,10.4858078957
0.144965283935,0.00121945376467,0.397935069455,10.5025959015
0.144965283935,0.00121945376467,0.397935069455,10.5192599297
0.145043911569,0.0012525057783,0.404567320612,10.5358378887
0.145043911569,0.0012525057783,0.404567320612,10.5529508591
0.145043911569,0.0012525057783,0.404567320612,10.56909585
0.145043911569,0.0012525057783,0.41992621803,10.5859999657
0.145043911569,0.0012525057783,0.41992621803,10.6023368835
0.145043911569,0.0012525057783,0.41992621803,10.6197040081
0.145511202539,0.00146114374471,0.438252175176,10.6357619762
0.145511202539,0.00146114374471,0.438252175176,10.6528179646
Actuacion(lineal,angular) = 0.000580970266849,0.7
0.145511202539,0.00146114374471,0.438252175176,10.6696100235
0.145704281384,0.00155162958129,0.457799862798,10.6858289242
0.145704281384,0.00155162958129,0.457799862798,10.7025020123
0.145704281384,0.00155162958129,0.457799862798,10.7198779583
0.145704281384,0.00155162958129,0.457799862798,10.7358150482
0.145704281384,0.00155162958129,0.47664941872,10.7535839081
0.145704281384,0.00155162958129,0.47664941872,10.7697319984
0.145704281384,0.00155162958129,0.47664941872,10.7862598896
0.145666388789,0.00153206337833,0.498640567295,10.8025259972
0.145666388789,0.00153206337833,0.498640567295,10.8200788498
0.145666388789,0.00153206337833,0.498640567295,10.8359689713
Actuacion(lineal,angular) = 0.0405543246064,0.653360774281
0.145666388789,0.00153206337833,0.498640567295,10.8525719643
0.146078373818,0.00175640514951,0.516791991516,10.8693339825
0.146078373818,0.00175640514951,0.516791991516,10.8868298531
0.146078373818,0.00175640514951,0.516791991516,10.9025440216
0.146078373818,0.00175640514951,0.516791991516,10.9197378159
0.146968218029,0.00226211246412,0.535641547437,10.9358968735
0.146968218029,0.00226211246412,0.535641547437,10.9533610344
0.146968218029,0.00226211246412,0.535641547437,10.9691698551
0.148325122634,0.00306746317743,0.552571241181,10.9861209393
0.148325122634,0.00306746317743,0.552571241181,11.0030128956
0.149014810549,0.00349275824568,0.557807228937,11.0193099976
0.149014810549,0.00349275824568,0.557807228937,11.0357539654
Actuacion(lineal,angular) = 0.00481970449821,-0.435138831925
0.149014810549,0.00349275824568,0.557807228937,11.0534739494
0.151004802113,0.00473431209126,0.575260521457,11.0690808296
0.151004802113,0.00473431209126,0.575260521457,11.0860109329
0.151004802113,0.00473431209126,0.575260521457,11.1026229858
0.151613099321,0.00512874142167,0.580845575064,11.1192598343
0.151613099321,0.00512874142167,0.580845575064,11.135931015
0.151684403417,0.00517554383738,0.597775268808,11.153416872
0.151684403417,0.00517554383738,0.597775268808,11.1691169739
0.151684403417,0.00517554383738,0.597775268808,11.1859779358
0.151966409681,0.00536755506781,0.598647933434,11.2027239799
0.151966409681,0.00536755506781,0.598647933434,11.2190499306
0.151966409681,0.00536755506781,0.598647933434,11.2358839512
Actuacion(lineal,angular) = 0.00180790372913,-0.494759331536
0.151966409681,0.00536755506781,0.598647933434,11.2556948662
0.151931179857,0.00534352291104,0.597949801733,11.2694628239
0.151931179857,0.00534352291104,0.597949801733,11.289525032
0.151931179857,0.00534352291104,0.597949801733,11.3026819229
0.151931179857,0.00534352291104,0.597949801733,11.3191900253
0.152001673043,0.00539153802276,0.597251670032,11.3357388973
0.152001673043,0.00539153802276,0.597251670032,11.3561320305
0.152001673043,0.00539153802276,0.597251670032,11.3689849377
0.152036936389,0.00541552096601,0.596902604182,11.3858969212
0.152036936389,0.00541552096601,0.596902604182,11.4022958279
0.152036936389,0.00541552096601,0.596902604182,11.4193508625
0.152001664674,0.00539155033345,0.596902604182,11.4368629456
0.152001664674,0.00539155033345,0.596902604182,11.4527819157
Actuacion(lineal,angular) = 0.00120397591183,-0.554830728364
0.152001664674,0.00539155033345,0.596902604182,11.4708878994
0.152001664674,0.00539155033345,0.596902604182,11.4886329174
0.152001664674,0.00539155033345,0.596902604182,11.5024018288
0.152001664674,0.00539155033345,0.596902604182,11.5195169449
0.151966392959,0.00536757970089,0.596902604182,11.5358810425
0.151966392959,0.00536757970089,0.596902604182,11.5526509285
0.151966392959,0.00536757970089,0.596902604182,11.5690329075
0.151966392959,0.00536757970089,0.596902604182,11.5857868195
0.151966392959,0.00536757970089,0.596902604182,11.6023259163
0.152001664674,0.00539155033345,0.596728071257,11.6196370125
0.152001664674,0.00539155033345,0.596728071257,11.6360778809
Actuacion(lineal,angular) = 0.000870233832174,-0.614752708268
0.152001664674,0.00539155033345,0.596728071257,11.6542079449
0.152001664674,0.00539155033345,0.596902604182,11.6691029072
0.152001664674,0.00539155033345,0.596902604182,11.6860868931
0.152001664674,0.00539155033345,0.596902604182,11.7024738789
0.152001664674,0.00539155033345,0.596902604182,11.7190828323
0.152178023247,0.00551140349624,0.596902604182,11.7365028858
0.152178023247,0.00551140349624,0.596902604182,11.7530999184
0.152178023247,0.00551140349624,0.596902604182,11.7691760063
0.152530740394,0.00575110982181,0.596553538332,11.7857978344
0.152530740394,0.00575110982181,0.596553538332,11.8025610447
0.152530740394,0.00575110982181,0.596553538332,11.8217709064
0.152530740394,0.00575110982181,0.596553538332,11.835862875
Actuacion(lineal,angular) = 0.000653413990456,-0.674727187944
0.152848261113,0.00596673469233,0.595331807855,11.8528268337
0.152848261113,0.00596673469233,0.595331807855,11.8690309525
0.152848261113,0.00596673469233,0.595331807855,11.8861529827
0.153095426382,0.00613414108062,0.593586478603,11.9031648636
0.153095426382,0.00613414108062,0.593586478603,11.9220218658
0.153095426382,0.00613414108062,0.593586478603,11.9357998371
0.153201479413,0.00620570168723,0.592713813977,11.9568228722
0.153201479413,0.00620570168723,0.592713813977,11.9693989754
0.153519825729,0.00642010577918,0.590968484725,11.9872078896
0.153519825729,0.00642010577918,0.590968484725,12.0025188923
0.153519825729,0.00642010577918,0.590968484725,12.0204670429
0.153838545766,0.00663395392571,0.588350490847,12.0374469757
Actuacion(lineal,angular) = 0.00058230945758,-0.7
0.153838545766,0.00663395392571,0.588350490847,12.0531070232
0.153838545766,0.00663395392571,0.588350490847,12.0693469048
0.153944972032,0.00670495826155,0.587477826221,12.0860118866
0.153944972032,0.00670495826155,0.587477826221,12.1029069424
0.153944972032,0.00670495826155,0.587477826221,12.1209440231
0.154335428722,0.00696496685429,0.584336233568,12.1360619068
0.154335428722,0.00696496685429,0.584336233568,12.1524698734
0.154477709305,0.00705906891094,0.583463568942,12.1690168381
0.154477709305,0.00705906891094,0.583463568942,12.1879398823
0.154477709305,0.00705906891094,0.583463568942,12.2024190426
0.15490479725,0.00734100248376,0.579623844587,12.2197918892
0.15490479725,0.00734100248376,0.579623844587,12.2362158298
0.15490479725,0.00734100248376,0.579623844587,12.2528400421
Actuacion(lineal,angular) = 0.00058118511812,-0.7
0.155368645202,0.00764465171549,0.575609587308,12.2703418732
0.155368645202,0.00764465171549,0.575609587308,12.2884500027
0.155368645202,0.00764465171549,0.575609587308,12.3042199612
0.155762160165,0.00790000807218,0.570722665402,12.3193080425
0.155762160165,0.00790000807218,0.570722665402,12.3359849453
0.155762160165,0.00790000807218,0.570722665402,12.3530068398
0.155869821483,0.00796912540989,0.569850000776,12.3691828251
0.155869821483,0.00796912540989,0.569850000776,12.3861818314
0.156336615054,0.00826822663297,0.566882941048,12.4024908543
0.156336615054,0.00826822663297,0.566882941048,12.4212269783
0.156336615054,0.00826822663297,0.566882941048,12.4358940125
0.156336615054,0.00826822663297,0.566882941048,12.4537959099
Actuacion(lineal,angular) = 0.000581475681948,-0.7
0.156804294019,0.00856594153713,0.564090414245,12.469137907
0.156804294019,0.00856594153713,0.564090414245,12.4882149696
0.156804294019,0.00856594153713,0.564090414245,12.5023150444
0.157200724303,0.0088167480855,0.560076156965,12.5206480026
0.157200724303,0.0088167480855,0.560076156965,12.5358529091
0.157200724303,0.0088167480855,0.560076156965,12.5532720089
0.157309115364,0.0088847153106,0.558854426489,12.5691390038
0.157309115364,0.0088847153106,0.558854426489,12.5866930485
0.15777916944,0.00917866589285,0.556236432611,12.6024289131
0.15777916944,0.00917866589285,0.556236432611,12.6200389862
0.15777916944,0.00917866589285,0.556236432611,12.6359100342
Actuacion(lineal,angular) = 0.000580746298442,-0.7
0.157924037756,0.00926873327057,0.555189235059,12.6526930332
0.157924037756,0.00926873327057,0.555189235059,12.6689839363
0.158431406695,0.00958343794975,0.55117497778,12.6873819828
0.158431406695,0.00958343794975,0.55117497778,12.7025179863
0.158431406695,0.00958343794975,0.55117497778,12.7194340229
0.158976365432,0.00991843663501,0.545764457099,12.7361989021
0.158976365432,0.00991843663501,0.545764457099,12.7529168129
0.158976365432,0.00991843663501,0.545764457099,12.7692739964
0.158976365432,0.00991843663501,0.545764457099,12.7857849598
0.159523128701,0.0102504819208,0.540877535193,12.8030729294
0.159523128701,0.0102504819208,0.540877535193,12.8190870285
0.159523128701,0.0102504819208,0.540877535193,12.8356909752
0.159523128701,0.0102504819208,0.540877535193,12.852449894
Actuacion(lineal,angular) = 0.000581368994995,-0.7
0.160034949486,0.0105578933068,0.537212343764,12.8692498207
0.160034949486,0.0105578933068,0.537212343764,12.8891818523
0.160034949486,0.0105578933068,0.537212343764,12.9024498463
0.160694449,0.0109507219693,0.532849020634,12.9194610119
0.160694449,0.0109507219693,0.532849020634,12.9363059998
0.160694449,0.0109507219693,0.532849020634,12.9525408745
0.160694449,0.0109507219693,0.532849020634,12.9689998627
0.161245455057,0.0112756780716,0.528311164579,12.9858329296
0.161245455057,0.0112756780716,0.528311164579,13.0023310184
0.16146644505,0.0114046590232,0.526740368252,13.0191898346
0.16146644505,0.0114046590232,0.526740368252,13.0356328487
Actuacion(lineal,angular) = 0.000581655896561,-0.7
0.16146644505,0.0114046590232,0.526740368252,13.0532419682
0.16213002202,0.0117905600101,0.522202512197,13.0691440105
0.16213002202,0.0117905600101,0.522202512197,13.0882070065
0.16213002202,0.0117905600101,0.522202512197,13.1024358273
0.162869267904,0.0122159886848,0.51661745859,13.1194229126
0.162869267904,0.0122159886848,0.51661745859,13.1357889175
0.162869267904,0.0122159886848,0.51661745859,13.1528530121
0.162869267904,0.0122159886848,0.51661745859,13.169162035
0.163536717249,0.0125951526847,0.508938009882,13.1887090206
0.163536717249,0.0125951526847,0.508938009882,13.202450037
0.163797405573,0.0127406077174,0.506843614779,13.2193820477
0.163797405573,0.0127406077174,0.506843614779,13.2358839512
0.163797405573,0.0127406077174,0.506843614779,13.2525060177
Actuacion(lineal,angular) = 0.000580981100853,-0.7
0.164468528869,0.0131132301652,0.501956692874,13.2698068619
0.164468528869,0.0131132301652,0.501956692874,13.2875359058
0.164468528869,0.0131132301652,0.501956692874,13.3023040295
0.165104079773,0.0134620496559,0.497593369744,13.3193440437
0.165104079773,0.0134620496559,0.497593369744,13.3357019424
0.165104079773,0.0134620496559,0.497593369744,13.35283494
0.165104079773,0.0134620496559,0.497593369744,13.3690109253
0.165778621156,0.0138284481953,0.492706447838,13.386081934
0.165778621156,0.0138284481953,0.492706447838,13.4024100304
0.165778621156,0.0138284481953,0.492706447838,13.4193060398
0.166454945038,0.0141915459416,0.487819525932,13.4363720417
Actuacion(lineal,angular) = 0.000580790439492,-0.7
0.166454945038,0.0141915459416,0.487819525932,13.4527349472
0.166454945038,0.0141915459416,0.487819525932,13.470405817
0.166454945038,0.0141915459416,0.487819525932,13.4859368801
0.167020020229,0.0144913695097,0.481885406476,13.50243783
0.167020020229,0.0144913695097,0.481885406476,13.5192840099
0.167020020229,0.0144913695097,0.481885406476,13.5359008312
0.167473495766,0.0147285415779,0.474729556542,13.5552768707
0.167473495766,0.0147285415779,0.474729556542,13.5689299107
0.167473495766,0.0147285415779,0.474729556542,13.586938858
0.167549355946,0.0147675284146,0.471762496814,13.6024398804
0.167549355946,0.0147675284146,0.471762496814,13.6191039085
0.167625331468,0.0148062899984,0.461639587153,13.6356129646
0.167625331468,0.0148062899984,0.461639587153,13.6524648666
Actuacion(lineal,angular) = 0.000581232343612,-0.7
0.167625331468,0.0148062899984,0.461639587153,13.6690728664
0.167778059473,0.0148822710336,0.458323461574,13.6859378815
0.167778059473,0.0148822710336,0.458323461574,13.7027459145
0.167778059473,0.0148822710336,0.458323461574,13.7206850052
0.167854549037,0.0149200081102,0.447153354361,13.73624897
0.167854549037,0.0149200081102,0.447153354361,13.7526829243
0.167854549037,0.0149200081102,0.447153354361,13.7690858841
0.16823908059,0.0151044098275,0.432667121569,13.786823988
0.16823908059,0.0151044098275,0.432667121569,13.8030450344
0.16823908059,0.0151044098275,0.432667121569,13.8193628788
0.168432661789,0.0151938159028,0.415213829049,13.8357179165
0.168432661789,0.0151938159028,0.415213829049,13.8528690338
Actuacion(lineal,angular) = 0.000669442126233,-0.668113693379
0.168432661789,0.0151938159028,0.415213829049,13.8691759109
0.168549729029,0.0152454243031,0.410326907144,13.886631012
0.168549729029,0.0152454243031,0.410326907144,13.9031019211
0.168901683172,0.0153985313666,0.396887871904,13.920361042
0.168901683172,0.0153985313666,0.396887871904,13.9366528988
0.168901683172,0.0153985313666,0.396887871904,13.952783823
0.168901683172,0.0153985313666,0.396887871904,13.9689500332
0.169019676476,0.0154479858519,0.38501963299,13.9867389202
0.169019676476,0.0154479858519,0.38501963299,14.0024728775
0.169019676476,0.0154479858519,0.38501963299,14.0197629929
0.169138248393,0.0154960365144,0.369137136797,14.0366458893
0.169138248393,0.0154960365144,0.369137136797,14.0525829792
0.169138248393,0.0154960365144,0.369137136797,14.0690288544
0.169297341853,0.0155575851322,0.364424747816,14.0857739449
0.169297341853,0.0155575851322,0.364424747816,14.1023600101
0.16925749642,0.0155423855755,0.35011304795,14.1197910309
0.16925749642,0.0155423855755,0.35011304795,14.1363580227
0.16925749642,0.0155423855755,0.35011304795,14.1530740261
0.169177378666,0.0155131300481,0.337721210261,14.169039011
0.169177378666,0.0155131300481,0.337721210261,14.1861109734
0.169177378666,0.0155131300481,0.337721210261,14.2025158405
0.169257852789,0.0155413905485,0.333706952981,14.2196109295
0.169257852789,0.0155413905485,0.333706952981,14.2357640266
0.169257852789,0.0155413905485,0.333706952981,14.2527589798
Actuacion(lineal,angular) = 0.0407916650266,-0.607930359029
0.169298146248,0.0155553591634,0.321315115292,14.2695269585
0.169298146248,0.0155553591634,0.321315115292,14.2857859135
0.169338609707,0.0155688274086,0.317649923863,14.3024740219
0.169338609707,0.0155688274086,0.317649923863,14.3193979263
0.169338609707,0.0155688274086,0.317649923863,14.3362598419
0.170472961109,0.015941783173,0.303861822772,14.3529820442
0.170472961109,0.015941783173,0.303861822772,14.3695349693
0.170472961109,0.015941783173,0.303861822772,14.385974884
0.172100655059,0.0164521835404,0.287630260729,14.402536869
0.172100655059,0.0164521835404,0.287630260729,14.4198408127
0.172100655059,0.0164521835404,0.287630260729,14.4358069897
Actuacion(lineal,angular) = 0.0112445648217,-0.0121620431909
0.174063571581,0.0170328806735,0.273667626713,14.4531040192
0.174063571581,0.0170328806735,0.273667626713,14.468916893
0.174063571581,0.0170328806735,0.273667626713,14.4869439602
0.174063571581,0.0170328806735,0.273667626713,14.5035560131
0.176157581625,0.017620691729,0.256214334193,14.5193200111
0.176157581625,0.017620691729,0.256214334193,14.5358009338
0.176157581625,0.017620691729,0.256214334193,14.556016922
0.177395199174,0.0179449129141,0.241379035551,14.5691168308
0.177395199174,0.0179449129141,0.241379035551,14.5858619213
0.177395199174,0.0179449129141,0.241379035551,14.6023409367
0.177395199174,0.0179449129141,0.241379035551,14.619148016
0.178306212649,0.0181691851345,0.232477856366,14.6356890202
0.178306212649,0.0181691851345,0.232477856366,14.6529150009
Actuacion(lineal,angular) = 0.0101163551507,0.0479270919791
0.178430709055,0.0181986607274,0.233175988066,14.6691088676
0.178430709055,0.0181986607274,0.233175988066,14.6864898205
0.178430709055,0.0181986607274,0.233175988066,14.7023999691
0.178513692921,0.0182183690612,0.233350520992,14.7194178104
0.178513692921,0.0182183690612,0.233350520992,14.7358620167
0.178513692921,0.0182183690612,0.233525053917,14.7555830479
0.178513692921,0.0182183690612,0.233525053917,14.7692220211
0.178513692921,0.0182183690612,0.233525053917,14.7862138748
0.178679646882,0.0182578436601,0.233350520992,14.8022828102
0.178679646882,0.0182578436601,0.233350520992,14.8190469742
0.178679646882,0.0182578436601,0.233350520992,14.8356528282
0.178721137094,0.0182677050686,0.233525053917,14.8525938988
Actuacion(lineal,angular) = 0.0196317562022,0.107795999908
0.178721137094,0.0182677050686,0.233525053917,14.8690888882
0.178721137094,0.0182677050686,0.233525053917,14.8858499527
0.178721137094,0.0182677050686,0.233525053917,14.9025950432
0.178804114075,0.018287442368,0.233699586842,14.9193458557
0.178804114075,0.018287442368,0.233699586842,14.935833931
0.178804114075,0.018287442368,0.233699586842,14.9527390003
0.179053034679,0.018346697712,0.233699586842,14.9694750309
0.179053034679,0.018346697712,0.233699586842,14.9873559475
0.179053034679,0.018346697712,0.233699586842,15.0024979115
0.179053034679,0.018346697712,0.233699586842,15.0192108154
0.17967533619,0.0184948360721,0.233874119767,15.0357840061
0.17967533619,0.0184948360721,0.233874119767,15.0526850224
Actuacion(lineal,angular) = 0.0573845827756,0.167804096603
0.17967533619,0.0184948360721,0.233874119767,15.0691039562
0.17967533619,0.0184948360721,0.233874119767,15.0858509541
0.18021464175,0.0186233167794,0.233874119767,15.1031918526
0.18021464175,0.0186233167794,0.233874119767,15.1192498207
0.18021464175,0.0186233167794,0.233874119767,15.1357610226
0.181376222956,0.0189000444565,0.233874119767,15.1525139809
0.181376222956,0.0189000444565,0.233874119767,15.1689078808
0.181376222956,0.0189000444565,0.233874119767,15.1858079433
0.181376222956,0.0189000444565,0.233874119767,15.2023599148
0.183408990066,0.0193843178916,0.234223185618,15.2191808224
0.183408990066,0.0193843178916,0.234223185618,15.2358059883
0.183408990066,0.0193843178916,0.234223185618,15.2532668114
Actuacion(lineal,angular) = 0.038181079613,0.10764293518
0.186063811869,0.0200177650428,0.234397718543,15.2691779137
0.186063811869,0.0200177650428,0.234397718543,15.2862210274
0.186063811869,0.0200177650428,0.234397718543,15.3025109768
0.186063811869,0.0200177650428,0.234397718543,15.3191349506
0.188096325136,0.0205031027658,0.234921317318,15.3357498646
0.188096325136,0.0205031027658,0.234921317318,15.3523859978
0.188428122502,0.0205825153173,0.234921317318,15.3691699505
0.188428122502,0.0205825153173,0.234921317318,15.3858850002
0.188428122502,0.0205825153173,0.234921317318,15.4024119377
0.190543330709,0.0210887703331,0.234921317318,15.4191749096
0.190543330709,0.0210887703331,0.234921317318,15.4357538223
0.190543330709,0.0210887703331,0.234921317318,15.4526059628
Actuacion(lineal,angular) = 0.0153674950013,0.0475043043128
0.191953469514,0.0214262736769,0.234921317318,15.4690020084
0.191953469514,0.0214262736769,0.234921317318,15.485970974
0.191953469514,0.0214262736769,0.234921317318,15.5025019646
0.191953469514,0.0214262736769,0.234921317318,15.5194158554
0.193114760294,0.0217042176071,0.234746784393,15.535943985
0.193114760294,0.0217042176071,0.234746784393,15.5526258945
0.193114760294,0.0217042176071,0.234746784393,15.5691828728
0.19352952432,0.021803410908,0.234572251468,15.5863158703
0.19352952432,0.021803410908,0.234572251468,15.602437973
0.19352952432,0.021803410908,0.234572251468,15.6193318367
0.19352952432,0.021803410908,0.234572251468,15.6360449791
0.193944305653,0.0219025318174,0.234397718543,15.6526098251
Actuacion(lineal,angular) = 0.00768867072533,-0.0121593967446
0.193944305653,0.0219025318174,0.234397718543,15.6690659523
0.193944305653,0.0219025318174,0.234397718543,15.6857428551
0.194359104278,0.0220015803323,0.234397718543,15.7026679516
0.194359104278,0.0220015803323,0.234397718543,15.7190108299
0.194359104278,0.0220015803323,0.234397718543,15.7360768318
0.194525023729,0.0220411997383,0.234397718543,15.7529318333
0.194525023729,0.0220411997383,0.234397718543,15.7689700127
0.194525023729,0.0220411997383,0.234397718543,15.786026001
0.194773902904,0.0221006288472,0.234397718543,15.8023028374
0.194773902904,0.0221006288472,0.234397718543,15.8193409443
0.194815382767,0.0221105336987,0.234223185618,15.8356149197
Actuacion(lineal,angular) = 0.0121847787773,-0.0721305862435
0.194815382767,0.0221105336987,0.234223185618,15.8574888706
0.194815382767,0.0221105336987,0.234223185618,15.8691499233
0.194815382767,0.0221105336987,0.234048652692,15.8856418133
0.194815382767,0.0221105336987,0.234048652692,15.9023618698
0.194815382767,0.0221105336987,0.234048652692,15.919205904
0.194939832719,0.0221402048138,0.234048652692,15.9358079433
0.194939832719,0.0221402048138,0.234048652692,15.9523429871
0.194939832719,0.0221402048138,0.234048652692,15.9691238403
0.195022799354,0.0221599855571,0.233874119767,15.9858219624
0.195022799354,0.0221599855571,0.233874119767,16.0024518967
0.195022799354,0.0221599855571,0.233874119767,16.0191910267
0.195022799354,0.0221599855571,0.233874119767,16.0358798504
Actuacion(lineal,angular) = 0.0284877203111,-0.132057715989
0.195064284397,0.0221698686885,0.233525053917,16.0539059639
0.195064284397,0.0221698686885,0.233525053917,16.0691080093
0.195064284397,0.0221698686885,0.233525053917,16.0864648819
0.195064284397,0.0221698686885,0.233525053917,16.1024129391
0.195064284397,0.0221698686885,0.233525053917,16.1191358566
0.195064284397,0.0221698686885,0.233525053917,16.1362249851
0.195064284397,0.0221698686885,0.233525053917,16.1525950432
0.19531321534,0.0222290805867,0.233350520992,16.1694788933
0.19531321534,0.0222290805867,0.233350520992,16.1860768795
0.19531321534,0.0222290805867,0.233350520992,16.2024838924
0.19531321534,0.0222290805867,0.233350520992,16.2191579342
0.195852588098,0.0223572788967,0.233001455141,16.23594594
0.195852588098,0.0223572788967,0.233001455141,16.2527048588
Actuacion(lineal,angular) = 0.0474782441618,-0.192124034501
0.195852588098,0.0223572788967,0.233001455141,16.2691009045
0.196350511921,0.0224754419972,0.232477856366,16.2858908176
0.196350511921,0.0224754419972,0.232477856366,16.3022408485
0.196350511921,0.0224754419972,0.232477856366,16.3191378117
0.19651650713,0.0225147427878,0.232477856366,16.3357110023
0.19651650713,0.0225147427878,0.232477856366,16.3532209396
0.19651650713,0.0225147427878,0.232477856366,16.3693258762
0.197885967598,0.0228389743108,0.231779724665,16.3860468864
0.197885967598,0.0228389743108,0.231779724665,16.4025809765
0.197885967598,0.0228389743108,0.231779724665,16.4192700386
0.199380171043,0.023191638362,0.229859862488,16.4362039566
0.199380171043,0.023191638362,0.229859862488,16.452796936
Actuacion(lineal,angular) = 0.0268204446341,-0.252090717889
0.199878463629,0.0233082366081,0.229510796637,16.4692969322
0.199878463629,0.0233082366081,0.229510796637,16.4858720303
0.199878463629,0.0233082366081,0.229510796637,16.5050499439
0.201373463396,0.0236575095144,0.228638132011,16.5191569328
0.201373463396,0.0236575095144,0.228638132011,16.5357758999
0.201373463396,0.0236575095144,0.228638132011,16.5530459881
0.20261955006,0.0239474829644,0.228114533236,16.5692579746
0.20261955006,0.0239474829644,0.228114533236,16.5860219002
0.20261955006,0.0239474829644,0.228114533236,16.6024868488
0.20261955006,0.0239474829644,0.228114533236,16.6195459366
0.203616540718,0.0241789397331,0.226543736909,16.6366019249
0.203616540718,0.0241789397331,0.226543736909,16.6525678635
Actuacion(lineal,angular) = 0.0108000767994,-0.312175275422
0.203990548092,0.0242651486385,0.225671072283,16.6694839001
0.203990548092,0.0242651486385,0.225671072283,16.68627882
0.203990548092,0.0242651486385,0.225671072283,16.7026078701
0.204946536611,0.0244846261121,0.223751210106,16.7229390144
0.204946536611,0.0244846261121,0.223751210106,16.736730814
