0.0,0.0,0.0,0.00791192054749
0.0,0.0,0.0,0.0247769355774
0.0,0.0,0.0,0.0413129329681
0.0,0.0,0.0,0.0578389167786
0.0,0.0,0.0,0.0745260715485
0.0,0.0,0.0,0.0913059711456
0.0,0.0,0.0,0.107939004898
0.0,0.0,0.0,0.124731063843
0.0,0.0,0.0,0.141339063644
0.0,0.0,0.0,0.158142089844
0.0,0.0,0.0,0.175518989563
0.0,0.0,0.0,0.191549062729
0.0,0.0,0.0,0.208092927933
0.0,0.0,0.0,0.224874019623
0.0,0.0,0.0,0.241621017456
0.0,0.0,0.0,0.259422063828
0.0,0.0,0.0,0.275153875351
0.0,0.0,0.0,0.291454076767
0.0,0.0,0.0,0.308109998703
0.0,0.0,0.0,0.324841022491
0.0,0.0,0.0,0.341486930847
0.0,0.0,0.0,0.358664989471
0.0,0.0,0.0,0.375272035599
0.0,0.0,0.0,0.391514062881
0.0,0.0,0.0,0.408107042313
0.0,0.0,0.0,0.425078868866
0.0,0.0,0.0,0.441426038742
0.0,0.0,0.0,0.458101987839
0.0,0.0,0.0,0.475496053696
0.0,0.0,0.0,0.491564035416
0.0,0.0,0.0,0.508192062378
0.0,0.0,0.0,0.524844884872
0.0,0.0,0.0,0.541599988937
0.0,0.0,0.0,0.558889865875
0.0,0.0,0.0,0.574828863144
0.0,0.0,0.0,0.591705083847
0.0,0.0,0.0,0.607986927032
0.0,0.0,0.0,0.624517917633
0.0,0.0,0.0,0.641422986984
0.0,0.0,0.0,0.658197879791
0.0,0.0,0.0,0.674879074097
0.0,0.0,0.0,0.691761016846
0.0,0.0,0.0,0.708093881607
0.0,0.0,0.0,0.725095033646
0.0,0.0,0.0,0.741400957108
0.0,0.0,0.0,0.758255004883
0.0,0.0,0.0,0.774942874908
0.0,0.0,0.0,0.791766881943
0.0,0.0,0.0,0.808289051056
0.0,0.0,0.0,0.824943065643
0.0,0.0,0.0,0.841533899307
0.0,0.0,0.0,0.858151912689
0.0,0.0,0.0,0.875053882599
0.0,0.0,0.0,0.892263889313
0.0,0.0,0.0,0.908397912979
0.0,0.0,0.0,0.925227880478
0.0,0.0,0.0,0.941534996033
0.0,0.0,0.0,0.962666988373
0.0,0.0,0.0,0.974684000015
0.0,0.0,0.0,0.991677999496
0.0,0.0,0.0,1.00823903084
0.0,0.0,0.0,1.02569389343
0.0,0.0,0.0,1.04132509232
0.0,0.0,0.0,1.05897498131
0.0,0.0,0.0,1.0753159523
0.0,0.0,0.0,1.09238100052
0.0,0.0,0.0,1.10812687874
0.0,0.0,0.0,1.12494301796
0.0,0.0,0.0,1.14182186127
0.0,0.0,0.0,1.1582429409
0.0,0.0,0.0,1.17465686798
0.0,0.0,0.0,1.19136786461
0.0,0.0,0.0,1.20806407928
0.0,0.0,0.0,1.22506809235
0.0,0.0,0.0,1.24153399467
0.0,0.0,0.0,1.25846791267
0.0,0.0,0.0,1.27536702156
0.0,0.0,0.0,1.29224801064
0.0,0.0,0.0,1.30820798874
0.0,0.0,0.0,1.32540798187
0.0,0.0,0.0,1.34140586853
0.0,0.0,0.0,1.35848593712
0.0,0.0,0.0,1.37510991096
0.0,0.0,0.0,1.39184999466
0.0,0.0,0.0,1.40808296204
0.0,0.0,0.0,1.42481899261
0.0,0.0,0.0,1.4414999485
0.0,0.0,0.0,1.45845890045
0.0,0.0,0.0,1.47494196892
0.0,0.0,0.0,1.49146509171
0.0,0.0,0.0,1.50810790062
0.0,0.0,0.0,1.52507090569
0.0,0.0,0.0,1.54153895378
0.0,0.0,0.0,1.55840301514
0.0,0.0,0.0,1.5749809742
0.0,0.0,0.0,1.59137201309
0.0,0.0,0.0,1.60827302933
0.0,0.0,0.0,1.62494301796
0.0,0.0,0.0,1.64146590233
0.0,0.0,0.0,1.65842294693
0.0,0.0,0.0,1.67485690117
0.0,0.0,0.0,1.69243597984
0.0,0.0,0.0,1.70827102661
0.0,0.0,0.0,1.72482395172
0.0,0.0,0.0,1.74161505699
0.0,0.0,0.0,1.75847601891
0.0,0.0,0.0,1.7749710083
0.0,0.0,0.0,1.79168009758
0.0,0.0,0.0,1.80816793442
0.0,0.0,0.0,1.8250310421
0.0,0.0,0.0,1.8416159153
0.0,0.0,0.0,1.85842204094
0.0,0.0,0.0,1.87470507622
0.0,0.0,0.0,1.8913500309
0.0,0.0,0.0,1.9081299305
0.0,0.0,0.0,1.92508387566
0.0,0.0,0.0,1.94125699997
0.0,0.0,0.0,1.95853090286
0.0,0.0,0.0,1.97617793083
0.0,0.0,0.0,1.99157094955
0.0,0.0,0.0,2.00803995132
0.0,0.0,0.0,2.02484488487
0.0,0.0,0.0,2.04160308838
0.0,0.0,0.0,2.05838894844
0.0,0.0,0.0,2.07474899292
0.0,0.0,0.0,2.09153103828
0.0,0.0,0.0,2.10821890831
0.0,0.0,0.0,2.12474489212
0.0,0.0,0.0,2.14136505127
0.0,0.0,0.0,2.1583969593
0.0,0.0,0.0,2.17563295364
0.0,0.0,0.0,2.19166588783
0.0,0.0,0.0,2.20795893669
0.0,0.0,0.0,2.22473907471
0.0,0.0,0.0,2.24150490761
0.0,0.0,0.0,2.25837898254
0.0,0.0,0.0,2.27505397797
0.0,0.0,0.0,2.29188108444
0.0,0.0,0.0,2.30825591087
0.0,0.0,0.0,2.32485294342
0.0,0.0,0.0,2.34154391289
0.0,0.0,0.0,2.35845589638
0.0,0.0,0.0,2.37502908707
0.0,0.0,0.0,2.39155697823
0.0,0.0,0.0,2.40807199478
0.0,0.0,0.0,2.42494487762
0.0,0.0,0.0,2.44183397293
0.0,0.0,0.0,2.45842695236
0.0,0.0,0.0,2.47534799576
0.0,0.0,0.0,2.49267196655
0.0,0.0,0.0,2.50836086273
0.0,0.0,0.0,2.52514004707
0.0,0.0,0.0,2.54144692421
0.0,0.0,0.0,2.55816102028
0.0,0.0,0.0,2.57575392723
0.0,0.0,0.0,2.59209108353
0.0,0.0,0.0,2.60852193832
0.0,0.0,0.0,2.6251180172
0.0,0.0,0.0,2.64163303375
0.0,0.0,0.0,2.65865802765
0.0,0.0,0.0,2.67485189438
0.0,0.0,0.0,2.69184398651
0.0,0.0,0.0,2.70825600624
0.0,0.0,0.0,2.72497797012
0.0,0.0,0.0,2.74147105217
0.0,0.0,0.0,2.75837492943
0.0,0.0,0.0,2.77479600906
0.0,0.0,0.0,2.79203104973
0.0,0.0,0.0,2.80865192413
0.0,0.0,0.0,2.82507300377
0.0,0.0,0.0,2.84150505066
0.0,0.0,0.0,2.85823488235
0.0,0.0,0.0,2.87487101555
0.0,0.0,0.0,2.8917028904
0.0,0.0,0.0,2.90823507309
0.0,0.0,0.0,2.92512989044
0.0,0.0,0.0,2.94149589539
0.0,0.0,0.0,2.95871186256
0.0,0.0,0.0,2.9752509594
0.0,0.0,0.0,2.99196100235
0.0,0.0,0.0,3.00825405121
0.0,0.0,0.0,3.02492308617
0.0,0.0,0.0,3.04140090942
0.0,0.0,0.0,3.05873394012
0.0,0.0,0.0,3.07491207123
0.0,0.0,0.0,3.09206604958
0.0,0.0,0.0,3.10891604424
0.0,0.0,0.0,3.12504696846
0.0,0.0,0.0,3.14164209366
0.0,0.0,0.0,3.15918803215
0.0,0.0,0.0,3.17535090446
0.0,0.0,0.0,3.19240999222
0.0,0.0,0.0,3.2083170414
0.0,0.0,0.0,3.22797894478
0.0,0.0,0.0,3.24216198921
0.0,0.0,0.0,3.2597849369
0.0,0.0,0.0,3.27523207664
0.0,0.0,0.0,3.29259300232
0.0,0.0,0.0,3.30821299553
0.0,0.0,0.0,3.32523989677
0.0,0.0,0.0,3.34150004387
0.0,0.0,0.0,3.35842990875
0.0,0.0,0.0,3.37489795685
0.0,0.0,0.0,3.39184093475
0.0,0.0,0.0,3.40824890137
0.0,0.0,0.0,3.42485404015
0.0,0.0,0.0,3.44217395782
0.0,0.0,0.0,3.45840001106
0.0,0.0,0.0,3.47488903999
0.0,0.0,0.0,3.49332690239
0.0,0.0,0.0,3.50809192657
0.0,0.0,0.0,3.52510690689
0.0,0.0,0.0,3.54185700417
0.0,0.0,0.0,3.55851387978
0.0,0.0,0.0,3.57493901253
0.0,0.0,0.0,3.59197092056
0.0,0.0,0.0,3.60837101936
0.0,0.0,0.0,3.62644696236
0.0,0.0,0.0,3.64153409004
0.0,0.0,0.0,3.66001987457
0.0,0.0,0.0,3.67496204376
0.0,0.0,0.0,3.69168186188
0.0,0.0,0.0,3.70850300789
0.0,0.0,0.0,3.72514200211
0.0,0.0,0.0,3.74168896675
0.0,0.0,0.0,3.75823307037
0.0,0.0,0.0,3.77509999275
0.0,0.0,0.0,3.79178500175
0.0,0.0,0.0,3.80820798874
0.0,0.0,0.0,3.82504200935
0.0,0.0,0.0,3.84155893326
0.0,0.0,0.0,3.85841989517
0.0,0.0,0.0,3.87478899956
0.0,0.0,0.0,3.89528107643
0.0,0.0,0.0,3.90873289108
0.0,0.0,0.0,3.92514896393
0.0,0.0,0.0,3.94154286385
0.0,0.0,0.0,3.95861291885
0.0,0.0,0.0,3.97509503365
0.0,0.0,0.0,3.99295091629
0.0,0.0,0.0,4.00831604004
0.0,0.0,0.0,4.02612400055
0.0,0.0,0.0,4.0421090126
0.0,0.0,0.0,4.05988693237
0.0,0.0,0.0,4.07613301277
0.0,0.0,0.0,4.09598708153
0.0,0.0,0.0,4.1081340313
0.0,0.0,0.0,4.12625408173
0.0,0.0,0.0,4.14140605927
0.0,0.0,0.0,4.1594479084
0.0,0.0,0.0,4.17602992058
0.0,0.0,0.0,4.19504094124
0.0,0.0,0.0,4.20903897285
0.0,0.0,0.0,4.22613286972
0.0,0.0,0.0,4.24228405952
0.0,0.0,0.0,4.26073408127
0.0,0.0,0.0,4.27529907227
0.0,0.0,0.0,4.29538798332
0.0,0.0,0.0,4.30911707878
0.0,0.0,0.0,4.32749509811
0.0,0.0,0.0,4.34377288818
0.0,0.0,0.0,4.35998296738
0.0,0.0,0.0,4.37551498413
0.0,0.0,0.0,4.39423894882
0.0,0.0,0.0,4.40858602524
0.0,0.0,0.0,4.42883706093
0.0,0.0,0.0,4.44143986702
0.0,0.0,0.0,4.45853304863
0.0,0.0,0.0,4.47502803802
0.0,0.0,0.0,4.49385809898
0.0,0.0,0.0,4.50856208801
0.0,0.0,0.0,4.52517795563
0.0,0.0,0.0,4.54152989388
0.0,0.0,0.0,4.55858588219
0.0,0.0,0.0,4.57527804375
0.0,0.0,0.0,4.5922369957
0.0,0.0,0.0,4.60880899429
0.0,0.0,0.0,4.62496495247
0.0,0.0,0.0,4.6416220665
0.0,0.0,0.0,4.65841889381
0.0,0.0,0.0,4.6750729084
0.0,0.0,0.0,4.69137907028
0.0,0.0,0.0,4.70798897743
0.0,0.0,0.0,4.7247068882
0.0,0.0,0.0,4.74141907692
0.0,0.0,0.0,4.75828099251
0.0,0.0,0.0,4.77502799034
0.0,0.0,0.0,4.79228186607
0.0,0.0,0.0,4.80808186531
0.0,0.0,0.0,4.8251760006
0.0,0.0,0.0,4.84140300751
0.0,0.0,0.0,4.85844802856
0.0,0.0,0.0,4.87502288818
0.0,0.0,0.0,4.89181208611
0.0,0.0,0.0,4.90810489655
0.0,0.0,0.0,4.92493391037
0.0,0.0,0.0,4.9415409565
0.0,0.0,0.0,4.95809602737
0.0,0.0,0.0,4.97492790222
0.0,0.0,0.0,4.99185299873
0.0,0.0,0.0,5.00854587555
0.0,0.0,0.0,5.02521204948
0.0,0.0,0.0,5.04486298561
0.0,0.0,0.0,5.05849790573
0.0,0.0,0.0,5.07490992546
0.0,0.0,0.0,5.09161686897
0.0,0.0,0.0,5.108066082
0.0,0.0,0.0,5.12500905991
0.0,0.0,0.0,5.14133191109
0.0,0.0,0.0,5.15845298767
0.0,0.0,0.0,5.17492508888
0.0,0.0,0.0,5.19279694557
0.0,0.0,0.0,5.20808601379
0.0,0.0,0.0,5.22502207756
0.0,0.0,0.0,5.24140501022
0.0,0.0,0.0,5.26132702827
0.0,0.0,0.0,5.27467608452
0.0,0.0,0.0,5.29179191589
0.0,0.0,0.0,5.30805492401
0.0,0.0,0.0,5.32479596138
0.0,0.0,0.0,5.34143686295
0.0,0.0,0.0,5.35936999321
0.0,0.0,0.0,5.37482094765
0.0,0.0,0.0,5.39158606529
0.0,0.0,0.0,5.40809702873
0.0,0.0,0.0,5.42488408089
0.0,0.0,0.0,5.44164395332
0.0,0.0,0.0,5.45864009857
0.0,0.0,0.0,5.47479701042
0.0,0.0,0.0,5.49148607254
0.0,0.0,0.0,5.50826692581
0.0,0.0,0.0,5.5251019001
0.0,0.0,0.0,5.54202508926
0.0,0.0,0.0,5.55825805664
0.0,0.0,0.0,5.57542586327
0.0,0.0,0.0,5.59182095528
0.0,0.0,0.0,5.60815906525
0.0,0.0,0.0,5.62500190735
0.0,0.0,0.0,5.64148306847
0.0,0.0,0.0,5.65845489502
0.0,0.0,0.0,5.6754488945
0.0,0.0,0.0,5.6916809082
0.0,0.0,0.0,5.70813298225
0.0,0.0,0.0,5.72482609749
0.0,0.0,0.0,5.74136805534
0.0,0.0,0.0,5.75913286209
0.0,0.0,0.0,5.77487301826
0.0,0.0,0.0,5.79169297218
0.0,0.0,0.0,5.80816102028
0.0,0.0,0.0,5.82489395142
0.0,0.0,0.0,5.84156990051
0.0,0.0,0.0,5.85861992836
0.0,0.0,0.0,5.87468504906
0.0,0.0,0.0,5.8918170929
0.0,0.0,0.0,5.90816402435
0.0,0.0,0.0,5.92539787292
0.0,0.0,0.0,5.94139695168
0.0,0.0,0.0,5.95825409889
0.0,0.0,0.0,5.97469902039
0.0,0.0,0.0,5.99174594879
0.0,0.0,0.0,6.00829005241
0.0,0.0,0.0,6.02495002747
0.0,0.0,0.0,6.04156804085
0.0,0.0,0.0,6.06237888336
0.0,0.0,0.0,6.07544589043
0.0,0.0,0.0,6.09170508385
0.0,0.0,0.0,6.10845088959
0.0,0.0,0.0,6.12512207031
0.0,0.0,0.0,6.14154005051
0.0,0.0,0.0,6.15834999084
0.0,0.0,0.0,6.17497301102
0.0,0.0,0.0,6.19183588028
0.0,0.0,0.0,6.20844388008
0.0,0.0,0.0,6.22488689423
0.0,0.0,0.0,6.24144697189
0.0,0.0,0.0,6.25815486908
0.0,0.0,0.0,6.2746989727
0.0,0.0,0.0,6.29143309593
0.0,0.0,0.0,6.30798387527
0.0,0.0,0.0,6.32480096817
0.0,0.0,0.0,6.3413939476
0.0,0.0,0.0,6.35936307907
0.0,0.0,0.0,6.37472295761
0.0,0.0,0.0,6.39208602905
0.0,0.0,0.0,6.40821886063
0.0,0.0,0.0,6.4247610569
0.0,0.0,0.0,6.44143509865
0.0,0.0,0.0,6.45844507217
0.0,0.0,0.0,6.47496294975
0.0,0.0,0.0,6.49137687683
0.0,0.0,0.0,6.50811195374
0.0,0.0,0.0,6.52509188652
0.0,0.0,0.0,6.54173398018
0.0,0.0,0.0,6.55926203728
0.0,0.0,0.0,6.57494091988
0.0,0.0,0.0,6.59215807915
0.0,0.0,0.0,6.60816693306
0.0,0.0,0.0,6.62497186661
0.0,0.0,0.0,6.64151906967
0.0,0.0,0.0,6.65819692612
0.0,0.0,0.0,6.67471694946
0.0,0.0,0.0,6.69539499283
0.0,0.0,0.0,6.70809698105
0.0,0.0,0.0,6.72481489182
0.0,0.0,0.0,6.74159502983
0.0,0.0,0.0,6.75803589821
0.0,0.0,0.0,6.77531409264
0.0,0.0,0.0,6.79209899902
0.0,0.0,0.0,6.80869102478
0.0,0.0,0.0,6.82482790947
0.0,0.0,0.0,6.84133505821
0.0,0.0,0.0,6.85817193985
0.0,0.0,0.0,6.87650108337
0.0,0.0,0.0,6.89220190048
0.0,0.0,0.0,6.90818786621
0.0,0.0,0.0,6.92480802536
0.0,0.0,0.0,6.94154906273
0.0,0.0,0.0,6.95991897583
0.0,0.0,0.0,6.97938489914
0.0,0.0,0.0,6.99159193039
0.0,0.0,0.0,7.00798392296
0.0,0.0,0.0,7.02590703964
0.0,0.0,0.0,7.04138803482
0.0,0.0,0.0,7.05821990967
0.0,0.0,0.0,7.07471609116
0.0,0.0,0.0,7.09154200554
0.0,0.0,0.0,7.10808086395
0.0,0.0,0.0,7.12536096573
0.0,0.0,0.0,7.14137601852
0.0,0.0,0.0,7.15834093094
0.0,0.0,0.0,7.17472100258
0.0,0.0,0.0,7.19151997566
0.0,0.0,0.0,7.20815896988
0.0,0.0,0.0,7.22533607483
0.0,0.0,0.0,7.24158596992
0.0,0.0,0.0,7.25822687149
0.0,0.0,0.0,7.27473306656
0.0,0.0,0.0,7.29173398018
0.0,0.0,0.0,7.30828094482
0.0,0.0,0.0,7.32495188713
0.0,0.0,0.0,7.34139204025
0.0,0.0,0.0,7.35860800743
0.0,0.0,0.0,7.37596797943
0.0,0.0,0.0,7.39140200615
0.0,0.0,0.0,7.40804791451
0.0,0.0,0.0,7.42477607727
0.0,0.0,0.0,7.44135499001
0.0,0.0,0.0,7.45886397362
0.0,0.0,0.0,7.47494006157
0.0,0.0,0.0,7.49294495583
0.0,0.0,0.0,7.50806999207
0.0,0.0,0.0,7.52704691887
0.0,0.0,0.0,7.54142093658
0.0,0.0,0.0,7.55887103081
0.0,0.0,0.0,7.57521390915
0.0,0.0,0.0,7.59356594086
0.0,0.0,0.0,7.60809803009
0.0,0.0,0.0,7.62486290932
0.0,0.0,0.0,7.64144301414
0.0,0.0,0.0,7.65860104561
0.0,0.0,0.0,7.67516803741
0.0,0.0,0.0,7.69170498848
0.0,0.0,0.0,7.70832586288
0.0,0.0,0.0,7.72488093376
0.0,0.0,0.0,7.74158406258
0.0,0.0,0.0,7.75837898254
0.0,0.0,0.0,7.77488398552
0.0,0.0,0.0,7.79165291786
0.0,0.0,0.0,7.80834007263
0.0,0.0,0.0,7.82493400574
0.0,0.0,0.0,7.84135699272
0.0,0.0,0.0,7.85810494423
0.0,0.0,0.0,7.87513709068
0.0,0.0,0.0,7.89175009727
0.0,0.0,0.0,7.90810203552
0.0,0.0,0.0,7.92504191399
0.0,0.0,0.0,7.9414088726
0.0,0.0,0.0,7.95845293999
0.0,0.0,0.0,7.97494006157
0.0,0.0,0.0,7.99143505096
0.0,0.0,0.0,8.0081949234
0.0,0.0,0.0,8.02469491959
0.0,0.0,0.0,8.04142189026
0.0,0.0,0.0,8.05823802948
0.0,0.0,0.0,8.0747179985
0.0,0.0,0.0,8.0914208889
0.0,0.0,0.0,8.10807204247
0.0,0.0,0.0,8.124958992
0.0,0.0,0.0,8.14131093025
0.0,0.0,0.0,8.1581659317
0.0,0.0,0.0,8.1747200489
0.0,0.0,0.0,8.19167995453
0.0,0.0,0.0,8.20816493034
0.0,0.0,0.0,8.22500395775
0.0,0.0,0.0,8.24152088165
0.0,0.0,0.0,8.25828504562
0.0,0.0,0.0,8.27490592003
0.0,0.0,0.0,8.29146289825
0.0,0.0,0.0,8.30811405182
0.0,0.0,0.0,8.32508397102
0.0,0.0,0.0,8.3415749073
0.0,0.0,0.0,8.35853290558
0.0,0.0,0.0,8.37655687332
0.0,0.0,0.0,8.39262294769
0.0,0.0,0.0,8.40921807289
0.0,0.0,0.0,8.42568588257
0.0,0.0,0.0,8.44313788414
0.0,0.0,0.0,8.46121788025
0.0,0.0,0.0,8.47618293762
0.0,0.0,0.0,8.4916779995
0.0,0.0,0.0,8.50844597816
0.0,0.0,0.0,8.52503609657
0.0,0.0,0.0,8.54154586792
0.0,0.0,0.0,8.55827307701
0.0,0.0,0.0,8.57481598854
0.0,0.0,0.0,8.59154891968
0.0,0.0,0.0,8.60864806175
0.0,0.0,0.0,8.62479305267
0.0,0.0,0.0,8.64129590988
0.0,0.0,0.0,8.65825009346
0.0,0.0,0.0,8.6752269268
0.0,0.0,0.0,8.69288992882
0.0,0.0,0.0,8.70805692673
0.0,0.0,0.0,8.726583004
0.0,0.0,0.0,8.74145793915
0.0,0.0,0.0,8.75829195976
0.0,0.0,0.0,8.77468204498
0.0,0.0,0.0,8.79158592224
0.0,0.0,0.0,8.80821895599
0.0,0.0,0.0,8.82493305206
0.0,0.0,0.0,8.8415350914
0.0,0.0,0.0,8.85812687874
0.0,0.0,0.0,8.87467503548
0.0,0.0,0.0,8.89171290398
0.0,0.0,0.0,8.90822196007
0.0,0.0,0.0,8.9249920845
0.0,0.0,0.0,8.94144487381
0.0,0.0,0.0,8.95856404305
0.0,0.0,0.0,8.97490787506
0.0,0.0,0.0,8.99157595634
0.0,0.0,0.0,9.00836586952
0.0,0.0,0.0,9.02483391762
0.0,0.0,0.0,9.0413749218
0.0,0.0,0.0,9.05812096596
0.0,0.0,0.0,9.07463288307
0.0,0.0,0.0,9.09156608582
0.0,0.0,0.0,9.10798287392
0.0,0.0,0.0,9.12478804588
0.0,0.0,0.0,9.14145207405
0.0,0.0,0.0,9.15810990334
0.0,0.0,0.0,9.17627501488
0.0,0.0,0.0,9.19143104553
0.0,0.0,0.0,9.20809006691
0.0,0.0,0.0,9.22491407394
0.0,0.0,0.0,9.24161696434
0.0,0.0,0.0,9.25824689865
0.0,0.0,0.0,9.27493000031
0.0,0.0,0.0,9.29148888588
0.0,0.0,0.0,9.3080830574
0.0,0.0,0.0,9.32493495941
0.0,0.0,0.0,9.3416929245
0.0,0.0,0.0,9.35830593109
0.0,0.0,0.0,9.37469291687
0.0,0.0,0.0,9.39535093307
0.0,0.0,0.0,9.40798807144
0.0,0.0,0.0,9.42476391792
0.0,0.0,0.0,9.44139289856
0.0,0.0,0.0,9.45845103264
0.0,0.0,0.0,9.4774479866
0.0,0.0,0.0,9.49164795876
0.0,0.0,0.0,9.50805091858
0.0,0.0,0.0,9.52486205101
0.0,0.0,0.0,9.54153203964
0.0,0.0,0.0,9.55836606026
0.0,0.0,0.0,9.57558703423
0.0,0.0,0.0,9.59149289131
0.0,0.0,0.0,9.6079390049
0.0,0.0,0.0,9.62487792969
0.0,0.0,0.0,9.64161586761
0.0,0.0,0.0,9.65827894211
0.0,0.0,0.0,9.67467689514
0.0,0.0,0.0,9.69165992737
0.0,0.0,0.0,9.70815300941
0.0,0.0,0.0,9.72511005402
0.0,0.0,0.0,9.74144291878
0.0,0.0,0.0,9.75822305679
0.0,0.0,0.0,9.77521109581
0.0,0.0,0.0,9.79166293144
0.0,0.0,0.0,9.80814194679
0.0,0.0,0.0,9.82695293427
0.0,0.0,0.0,9.84147405624
0.0,0.0,0.0,9.85822892189
0.0,0.0,0.0,9.87468409538
0.0,0.0,0.0,9.89153289795
0.0,0.0,0.0,9.90814900398
0.0,0.0,0.0,9.92487597466
0.0,0.0,0.0,9.94137096405
0.0,0.0,0.0,9.95812797546
0.0,0.0,0.0,9.97510695457
0.0,0.0,0.0,9.99142193794
0.0,0.0,0.0,10.0081908703
0.0,0.0,0.0,10.0248970985
0.0,0.0,0.0,10.0417709351
0.0,0.0,0.0,10.05960989
0.0,0.0,0.0,10.075371027
0.0,0.0,0.0,10.0946519375
0.0,0.0,0.0,10.1081089973
0.0,0.0,0.0,10.1250488758
0.0,0.0,0.0,10.1414768696
0.0,0.0,0.0,10.1581680775
0.0,0.0,0.0,10.1762008667
0.0,0.0,0.0,10.1913969517
0.0,0.0,0.0,10.2080619335
0.0,0.0,0.0,10.2247009277
0.0,0.0,0.0,10.2414700985
0.0,0.0,0.0,10.2582840919
0.0,0.0,0.0,10.2750849724
0.0,0.0,0.0,10.2916140556
0.0,0.0,0.0,10.3080720901
0.0,0.0,0.0,10.3248829842
0.0,0.0,0.0,10.3414340019
0.0,0.0,0.0,10.3581819534
0.0,0.0,0.0,10.3748810291
0.0,0.0,0.0,10.3914539814
0.0,0.0,0.0,10.4081559181
0.0,0.0,0.0,10.4250090122
0.0,0.0,0.0,10.4414029121
0.0,0.0,0.0,10.458163023
0.0,0.0,0.0,10.4748198986
0.0,0.0,0.0,10.4915778637
0.0,0.0,0.0,10.5079979897
0.0,0.0,0.0,10.5249500275
0.0,0.0,0.0,10.5415558815
0.0,0.0,0.0,10.5582220554
0.0,0.0,0.0,10.5749750137
0.0,0.0,0.0,10.5928719044
0.0,0.0,0.0,10.6081039906
0.0,0.0,0.0,10.6246979237
0.0,0.0,0.0,10.6414620876
0.0,0.0,0.0,10.6583580971
0.0,0.0,0.0,10.6748600006
0.0,0.0,0.0,10.6913969517
0.0,0.0,0.0,10.7080430984
0.0,0.0,0.0,10.7248649597
0.0,0.0,0.0,10.7414610386
0.0,0.0,0.0,10.7581849098
0.0,0.0,0.0,10.774741888
0.0,0.0,0.0,10.7929410934
0.0,0.0,0.0,10.8086719513
0.0,0.0,0.0,10.8248748779
0.0,0.0,0.0,10.8413960934
0.0,0.0,0.0,10.8581888676
0.0,0.0,0.0,10.8748760223
0.0,0.0,0.0,10.8935489655
0.0,0.0,0.0,10.9079630375
0.0,0.0,0.0,10.9247429371
0.0,0.0,0.0,10.9413490295
0.0,0.0,0.0,10.9580318928
0.0,0.0,0.0,10.9748680592
0.0,0.0,0.0,10.9917578697
0.0,0.0,0.0,11.0083529949
0.0,0.0,0.0,11.0247209072
0.0,0.0,0.0,11.0417928696
0.0,0.0,0.0,11.0581150055
0.0,0.0,0.0,11.0747549534
0.0,0.0,0.0,11.0923709869
0.0,0.0,0.0,11.1081109047
0.0,0.0,0.0,11.1248478889
0.0,0.0,0.0,11.1412858963
0.0,0.0,0.0,11.1580929756
0.0,0.0,0.0,11.1752769947
0.0,0.0,0.0,11.1914129257
0.0,0.0,0.0,11.2080550194
0.0,0.0,0.0,11.2246160507
0.0,0.0,0.0,11.2414019108
0.0,0.0,0.0,11.2579290867
0.0,0.0,0.0,11.2746059895
0.0,0.0,0.0,11.2912979126
0.0,0.0,0.0,11.3079969883
0.0,0.0,0.0,11.325289011
0.0,0.0,0.0,11.3413460255
0.0,0.0,0.0,11.3581140041
0.0,0.0,0.0,11.3748400211
0.0,0.0,0.0,11.3915979862
0.0,0.0,0.0,11.4081010818
0.0,0.0,0.0,11.4248900414
0.0,0.0,0.0,11.4413230419
0.0,0.0,0.0,11.4582629204
0.0,0.0,0.0,11.474848032
0.0,0.0,0.0,11.49168396
0.0,0.0,0.0,11.5079450607
0.0,0.0,0.0,11.5249838829
0.0,0.0,0.0,11.5413038731
0.0,0.0,0.0,11.5580749512
0.0,0.0,0.0,11.5748338699
0.0,0.0,0.0,11.5916008949
0.0,0.0,0.0,11.6083519459
0.0,0.0,0.0,11.6249039173
0.0,0.0,0.0,11.6416890621
0.0,0.0,0.0,11.6583268642
0.0,0.0,0.0,11.675606966
0.0,0.0,0.0,11.6930999756
0.0,0.0,0.0,11.7080750465
0.0,0.0,0.0,11.726006031
0.0,0.0,0.0,11.741508007
0.0,0.0,0.0,11.7580089569
0.0,0.0,0.0,11.7747159004
0.0,0.0,0.0,11.7914569378
0.0,0.0,0.0,11.8083469868
0.0,0.0,0.0,11.824805975
0.0,0.0,0.0,11.8434100151
0.0,0.0,0.0,11.8582410812
0.0,0.0,0.0,11.8748419285
0.0,0.0,0.0,11.8915100098
0.0,0.0,0.0,11.9083659649
0.0,0.0,0.0,11.924916029
0.0,0.0,0.0,11.9413928986
0.0,0.0,0.0,11.95814991
0.0,0.0,0.0,11.9751310349
0.0,0.0,0.0,11.9915239811
0.0,0.0,0.0,12.0080189705
0.0,0.0,0.0,12.0247988701
0.0,0.0,0.0,12.0414040089
0.0,0.0,0.0,12.0580909252
0.0,0.0,0.0,12.0747199059
0.0,0.0,0.0,12.0914008617
0.0,0.0,0.0,12.1082558632
0.0,0.0,0.0,12.1248440742
0.0,0.0,0.0,12.1413660049
0.0,0.0,0.0,12.1582899094
0.0,0.0,0.0,12.1750349998
0.0,0.0,0.0,12.1912910938
0.0,0.0,0.0,12.2081770897
0.0,0.0,0.0,12.2246780396
0.0,0.0,0.0,12.2415449619
0.0,0.0,0.0,12.258177042
0.0,0.0,0.0,12.2749359608
0.0,0.0,0.0,12.291531086
0.0,0.0,0.0,12.3081030846
0.0,0.0,0.0,12.3249180317
0.0,0.0,0.0,12.3415219784
0.0,0.0,0.0,12.3581979275
0.0,0.0,0.0,12.377466917
0.0,0.0,0.0,12.3915069103
0.0,0.0,0.0,12.4082000256
0.0,0.0,0.0,12.424861908
0.0,0.0,0.0,12.4414489269
0.0,0.0,0.0,12.4582989216
0.0,0.0,0.0,12.4750430584
0.0,0.0,0.0,12.4916119576
0.0,0.0,0.0,12.5082650185
0.0,0.0,0.0,12.5250270367
0.0,0.0,0.0,12.5418310165
0.0,0.0,0.0,12.5585830212
0.0,0.0,0.0,12.5751869678
0.0,0.0,0.0,12.591397047
0.0,0.0,0.0,12.6081790924
0.0,0.0,0.0,12.6250169277
0.0,0.0,0.0,12.6415889263
0.0,0.0,0.0,12.6591029167
0.0,0.0,0.0,12.674975872
0.0,0.0,0.0,12.6915640831
0.0,0.0,0.0,12.7080118656
0.0,0.0,0.0,12.7246570587
0.0,0.0,0.0,12.7420449257
0.0,0.0,0.0,12.758097887
0.0,0.0,0.0,12.77480793
0.0,0.0,0.0,12.791549921
0.0,0.0,0.0,12.8082029819
0.0,0.0,0.0,12.8248610497
0.0,0.0,0.0,12.841324091
0.0,0.0,0.0,12.8582930565
0.0,0.0,0.0,12.8751549721
0.0,0.0,0.0,12.8925409317
0.0,0.0,0.0,12.9080300331
0.0,0.0,0.0,12.9249699116
0.0,0.0,0.0,12.9413020611
0.0,0.0,0.0,12.958083868
0.0,0.0,0.0,12.9746229649
0.0,0.0,0.0,12.991836071
0.0,0.0,0.0,13.0081510544
0.0,0.0,0.0,13.0250329971
0.0,0.0,0.0,13.0414910316
0.0,0.0,0.0,13.0581810474
0.0,0.0,0.0,13.0754079819
0.0,0.0,0.0,13.091780901
0.0,0.0,0.0,13.1095209122
0.0,0.0,0.0,13.1248130798
0.0,0.0,0.0,13.1415910721
0.0,0.0,0.0,13.1581690311
0.0,0.0,0.0,13.1751029491
0.0,0.0,0.0,13.1918559074
0.0,0.0,0.0,13.2082660198
0.0,0.0,0.0,13.2247610092
0.0,0.0,0.0,13.2414360046
0.0,0.0,0.0,13.2581820488
0.0,0.0,0.0,13.2746069431
0.0,0.0,0.0,13.2913749218
0.0,0.0,0.0,13.3080079556
0.0,0.0,0.0,13.3250989914
0.0,0.0,0.0,13.3416490555
0.0,0.0,0.0,13.3582010269
0.0,0.0,0.0,13.3746600151
0.0,0.0,0.0,13.3917720318
0.0,0.0,0.0,13.4083549976
0.0,0.0,0.0,13.425041914
0.0,0.0,0.0,13.4420359135
0.0,0.0,0.0,13.458343029
0.0,0.0,0.0,13.4755659103
0.0,0.0,0.0,13.4927470684
0.0,0.0,0.0,13.508564949
0.0,0.0,0.0,13.5252830982
0.0,0.0,0.0,13.5414760113
0.0,0.0,0.0,13.5580289364
0.0,0.0,0.0,13.5747299194
0.0,0.0,0.0,13.5916130543
0.0,0.0,0.0,13.6080970764
0.0,0.0,0.0,13.6247849464
0.0,0.0,0.0,13.6414630413
0.0,0.0,0.0,13.6583819389
0.0,0.0,0.0,13.6746659279
0.0,0.0,0.0,13.6917510033
0.0,0.0,0.0,13.7079679966
0.0,0.0,0.0,13.724832058
0.0,0.0,0.0,13.7413349152
0.0,0.0,0.0,13.7580730915
0.0,0.0,0.0,13.774887085
0.0,0.0,0.0,13.7915818691
0.0,0.0,0.0,13.8083560467
0.0,0.0,0.0,13.8248019218
0.0,0.0,0.0,13.8419730663
0.0,0.0,0.0,13.8583540916
0.0,0.0,0.0,13.8748340607
0.0,0.0,0.0,13.8914649487
0.0,0.0,0.0,13.9080810547
0.0,0.0,0.0,13.9248468876
0.0,0.0,0.0,13.9418210983
0.0,0.0,0.0,13.9581749439
0.0,0.0,0.0,13.9748849869
0.0,0.0,0.0,13.9914140701
0.0,0.0,0.0,14.0080780983
0.0,0.0,0.0,14.0247600079
0.0,0.0,0.0,14.041531086
0.0,0.0,0.0,14.0580329895
0.0,0.0,0.0,14.0749089718
0.0,0.0,0.0,14.0916218758
0.0,0.0,0.0,14.1091079712
0.0,0.0,0.0,14.1249608994
0.0,0.0,0.0,14.1415190697
0.0,0.0,0.0,14.1580998898
0.0,0.0,0.0,14.1747469902
0.0,0.0,0.0,14.1915040016
0.0,0.0,0.0,14.2080390453
0.0,0.0,0.0,14.2249069214
0.0,0.0,0.0,14.2414729595
0.0,0.0,0.0,14.2579710484
0.0,0.0,0.0,14.27480793
0.0,0.0,0.0,14.2914099693
0.0,0.0,0.0,14.3081178665
0.0,0.0,0.0,14.3247768879
0.0,0.0,0.0,14.3414309025
0.0,0.0,0.0,14.3581218719
0.0,0.0,0.0,14.3749480247
0.0,0.0,0.0,14.3915600777
0.0,0.0,0.0,14.408135891
0.0,0.0,0.0,14.4251770973
0.0,0.0,0.0,14.4414999485
0.0,0.0,0.0,14.4581270218
0.0,0.0,0.0,14.4747788906
0.0,0.0,0.0,14.4913780689
0.0,0.0,0.0,14.5082890987
0.0,0.0,0.0,14.5250320435
0.0,0.0,0.0,14.5415370464
0.0,0.0,0.0,14.5580639839
0.0,0.0,0.0,14.5747890472
0.0,0.0,0.0,14.5920069218
0.0,0.0,0.0,14.6081030369
0.0,0.0,0.0,14.6247060299
0.0,0.0,0.0,14.6413960457
0.0,0.0,0.0,14.6581459045
0.0,0.0,0.0,14.6748600006
0.0,0.0,0.0,14.6927139759
0.0,0.0,0.0,14.7081758976
0.0,0.0,0.0,14.7248499393
0.0,0.0,0.0,14.743970871
0.0,0.0,0.0,14.7593450546
0.0,0.0,0.0,14.7750349045
0.0,0.0,0.0,14.7916750908
0.0,0.0,0.0,14.8080649376
0.0,0.0,0.0,14.8248438835
0.0,0.0,0.0,14.8414399624
0.0,0.0,0.0,14.8580980301
0.0,0.0,0.0,14.875385046
0.0,0.0,0.0,14.8915820122
0.0,0.0,0.0,14.9082210064
0.0,0.0,0.0,14.9249088764
0.0,0.0,0.0,14.9415979385
0.0,0.0,0.0,14.9582300186
0.0,0.0,0.0,14.9747800827
0.0,0.0,0.0,14.9913780689
0.0,0.0,0.0,15.0080649853
0.0,0.0,0.0,15.0247340202
0.0,0.0,0.0,15.0414919853
0.0,0.0,0.0,15.0581419468
0.0,0.0,0.0,15.075150013
0.0,0.0,0.0,15.0914869308
0.0,0.0,0.0,15.1082389355
0.0,0.0,0.0,15.1247909069
0.0,0.0,0.0,15.1413989067
0.0,0.0,0.0,15.1580379009
0.0,0.0,0.0,15.1746599674
0.0,0.0,0.0,15.192291975
0.0,0.0,0.0,15.2080039978
0.0,0.0,0.0,15.2246239185
0.0,0.0,0.0,15.24168396
0.0,0.0,0.0,15.2584328651
0.0,0.0,0.0,15.2751219273
0.0,0.0,0.0,15.2917070389
0.0,0.0,0.0,15.3090469837
0.0,0.0,0.0,15.3279218674
0.0,0.0,0.0,15.3424530029
0.0,0.0,0.0,15.3582398891
0.0,0.0,0.0,15.3759729862
0.0,0.0,0.0,15.3917610645
0.0,0.0,0.0,15.4082520008
0.0,0.0,0.0,15.4249150753
0.0,0.0,0.0,15.4414548874
0.0,0.0,0.0,15.4582030773
0.0,0.0,0.0,15.475012064
0.0,0.0,0.0,15.4916598797
0.0,0.0,0.0,15.5082390308
0.0,0.0,0.0,15.5249829292
0.0,0.0,0.0,15.5413820744
0.0,0.0,0.0,15.5587370396
0.0,0.0,0.0,15.5747358799
0.0,0.0,0.0,15.591324091
0.0,0.0,0.0,15.6081800461
0.0,0.0,0.0,15.6247060299
0.0,0.0,0.0,15.6415700912
0.0,0.0,0.0,15.6583240032
0.0,0.0,0.0,15.6753230095
0.0,0.0,0.0,15.6916680336
0.0,0.0,0.0,15.7087490559
0.0,0.0,0.0,15.7248959541
0.0,0.0,0.0,15.7413749695
0.0,0.0,0.0,15.7580878735
0.0,0.0,0.0,15.7749350071
0.0,0.0,0.0,15.7925839424
0.0,0.0,0.0,15.808423996
0.0,0.0,0.0,15.8248848915
0.0,0.0,0.0,15.8421919346
0.0,0.0,0.0,15.8581850529
0.0,0.0,0.0,15.8746500015
0.0,0.0,0.0,15.8913440704
0.0,0.0,0.0,15.9083890915
0.0,0.0,0.0,15.9256820679
0.0,0.0,0.0,15.9416799545
0.0,0.0,0.0,15.9582090378
0.0,0.0,0.0,15.9750640392
0.0,0.0,0.0,15.9914400578
0.0,0.0,0.0,16.0080649853
0.0,0.0,0.0,16.0247480869
0.0,0.0,0.0,16.0417659283
0.0,0.0,0.0,16.0580840111
0.0,0.0,0.0,16.0756649971
0.0,0.0,0.0,16.0914940834
0.0,0.0,0.0,16.1116290092
0.0,0.0,0.0,16.1246840954
0.0,0.0,0.0,16.1414210796
0.0,0.0,0.0,16.1581549644
0.0,0.0,0.0,16.1750378609
0.0,0.0,0.0,16.1923730373
0.0,0.0,0.0,16.2081139088
0.0,0.0,0.0,16.2248189449
0.0,0.0,0.0,16.2424359322
0.0,0.0,0.0,16.2582089901
0.0,0.0,0.0,16.2752459049
0.0,0.0,0.0,16.291490078
0.0,0.0,0.0,16.3080890179
0.0,0.0,0.0,16.324819088
0.0,0.0,0.0,16.3413960934
0.0,0.0,0.0,16.3590090275
0.0,0.0,0.0,16.3746578693
0.0,0.0,0.0,16.3913669586
0.0,0.0,0.0,16.4085190296
0.0,0.0,0.0,16.4246358871
0.0,0.0,0.0,16.4413909912
0.0,0.0,0.0,16.4584579468
0.0,0.0,0.0,16.4751119614
0.0,0.0,0.0,16.4916660786
0.0,0.0,0.0,16.5083370209
0.0,0.0,0.0,16.5247979164
0.0,0.0,0.0,16.5416600704
0.0,0.0,0.0,16.5581080914
0.0,0.0,0.0,16.5748269558
0.0,0.0,0.0,16.5913119316
0.0,0.0,0.0,16.6084160805
0.0,0.0,0.0,16.6247498989
0.0,0.0,0.0,16.641256094
0.0,0.0,0.0,16.6581568718
0.0,0.0,0.0,16.6753230095
0.0,0.0,0.0,16.6916029453
0.0,0.0,0.0,16.7081439495
0.0,0.0,0.0,16.7254478931
0.0,0.0,0.0,16.7417280674
0.0,0.0,0.0,16.7592768669
0.0,0.0,0.0,16.7752928734
0.0,0.0,0.0,16.791531086
0.0,0.0,0.0,16.8082680702
0.0,0.0,0.0,16.8254258633
0.0,0.0,0.0,16.8419139385
0.0,0.0,0.0,16.8586280346
0.0,0.0,0.0,16.8750669956
0.0,0.0,0.0,16.8914690018
0.0,0.0,0.0,16.9084370136
0.0,0.0,0.0,16.9248628616
0.0,0.0,0.0,16.9425799847
0.0,0.0,0.0,16.958220005
0.0,0.0,0.0,16.9759268761
0.0,0.0,0.0,16.9916729927
0.0,0.0,0.0,17.0086159706
0.0,0.0,0.0,17.0249168873
0.0,0.0,0.0,17.0419239998
0.0,0.0,0.0,17.0592858791
0.0,0.0,0.0,17.0747220516
0.0,0.0,0.0,17.0925588608
0.0,0.0,0.0,17.108150959
0.0,0.0,0.0,17.1247990131
0.0,0.0,0.0,17.1414670944
0.0,0.0,0.0,17.1581029892
0.0,0.0,0.0,17.1758489609
0.0,0.0,0.0,17.1923880577
0.0,0.0,0.0,17.2079758644
0.0,0.0,0.0,17.2247169018
0.0,0.0,0.0,17.2413620949
0.0,0.0,0.0,17.2582499981
0.0,0.0,0.0,17.2760820389
0.0,0.0,0.0,17.2915019989
0.0,0.0,0.0,17.3086919785
0.0,0.0,0.0,17.3249959946
0.0,0.0,0.0,17.3430080414
0.0,0.0,0.0,17.3585300446
0.0,0.0,0.0,17.37530303
0.0,0.0,0.0,17.3915219307
0.0,0.0,0.0,17.409126997
0.0,0.0,0.0,17.4251549244
0.0,0.0,0.0,17.4416558743
0.0,0.0,0.0,17.4597270489
0.0,0.0,0.0,17.4768218994
0.0,0.0,0.0,17.4917559624
0.0,0.0,0.0,17.5085248947
0.0,0.0,0.0,17.5257458687
0.0,0.0,0.0,17.5417439938
0.0,0.0,0.0,17.572414875
0.0,0.0,0.0,17.5760340691
0.0,0.0,0.0,17.5926020145
0.0,0.0,0.0,17.6081309319
0.0,0.0,0.0,17.625043869
0.0,0.0,0.0,17.6417989731
0.0,0.0,0.0,17.6583180428
0.0,0.0,0.0,17.6764879227
0.0,0.0,0.0,17.6916160583
0.0,0.0,0.0,17.7086238861
0.0,0.0,0.0,17.7251448631
0.0,0.0,0.0,17.7418260574
0.0,0.0,0.0,17.7595760822
0.0,0.0,0.0,17.7750000954
0.0,0.0,0.0,17.7916769981
0.0,0.0,0.0,17.8082649708
0.0,0.0,0.0,17.8248670101
0.0,0.0,0.0,17.842097044
0.0,0.0,0.0,17.8606309891
0.0,0.0,0.0,17.8752040863
0.0,0.0,0.0,17.891728878
0.0,0.0,0.0,17.9079470634
0.0,0.0,0.0,17.9247069359
0.0,0.0,0.0,17.9414319992
0.0,0.0,0.0,17.9580550194
0.0,0.0,0.0,17.9752509594
0.0,0.0,0.0,17.9913818836
0.0,0.0,0.0,18.008300066
0.0,0.0,0.0,18.0248179436
0.0,0.0,0.0,18.0422110558
0.0,0.0,0.0,18.0584058762
0.0,0.0,0.0,18.0756509304
0.0,0.0,0.0,18.0913889408
0.0,0.0,0.0,18.1085898876
0.0,0.0,0.0,18.1259698868
0.0,0.0,0.0,18.1430830956
0.0,0.0,0.0,18.1590988636
0.0,0.0,0.0,18.1769120693
0.0,0.0,0.0,18.1925199032
0.0,0.0,0.0,18.2083210945
0.0,0.0,0.0,18.2249388695
0.0,0.0,0.0,18.2412810326
0.0,0.0,0.0,18.2582380772
0.0,0.0,0.0,18.2746539116
0.0,0.0,0.0,18.2912619114
0.0,0.0,0.0,18.3080329895
0.0,0.0,0.0,18.3246939182
0.0,0.0,0.0,18.3414099216
0.0,0.0,0.0,18.3579790592
0.0,0.0,0.0,18.3746440411
0.0,0.0,0.0,18.3914299011
0.0,0.0,0.0,18.4080820084
0.0,0.0,0.0,18.4247720242
0.0,0.0,0.0,18.4416399002
0.0,0.0,0.0,18.4590449333
0.0,0.0,0.0,18.476252079
0.0,0.0,0.0,18.4913859367
0.0,0.0,0.0,18.5081949234
0.0,0.0,0.0,18.5251569748
0.0,0.0,0.0,18.5416889191
0.0,0.0,0.0,18.5585429668
0.0,0.0,0.0,18.5754480362
0.0,0.0,0.0,18.5914878845
0.0,0.0,0.0,18.6090509892
0.0,0.0,0.0,18.624724865
0.0,0.0,0.0,18.6420660019
0.0,0.0,0.0,18.6585130692
0.0,0.0,0.0,18.6752359867
0.0,0.0,0.0,18.6915099621
0.0,0.0,0.0,18.7082350254
0.0,0.0,0.0,18.7250108719
0.0,0.0,0.0,18.741738081
0.0,0.0,0.0,18.7585558891
0.0,0.0,0.0,18.7746860981
0.0,0.0,0.0,18.7917289734
0.0,0.0,0.0,18.8081560135
0.0,0.0,0.0,18.8246619701
0.0,0.0,0.0,18.8420770168
0.0,0.0,0.0,18.8602509499
0.0,0.0,0.0,18.8764760494
0.0,0.0,0.0,18.8923950195
0.0,0.0,0.0,18.9087588787
0.0,0.0,0.0,18.9254140854
0.0,0.0,0.0,18.9420359135
0.0,0.0,0.0,18.9584350586
0.0,0.0,0.0,18.9757010937
0.0,0.0,0.0,18.9936420918
0.0,0.0,0.0,19.0111908913
0.0,0.0,0.0,19.0249218941
0.0,0.0,0.0,19.0419929028
0.0,0.0,0.0,19.0620999336
0.0,0.0,0.0,19.0766379833
0.0,0.0,0.0,19.0914440155
0.0,0.0,0.0,19.1083579063
0.0,0.0,0.0,19.1247968674
0.0,0.0,0.0,19.1420660019
0.0,0.0,0.0,19.1582660675
0.0,0.0,0.0,19.1753549576
0.0,0.0,0.0,19.191534996
0.0,0.0,0.0,19.20814991
0.0,0.0,0.0,19.2248189449
0.0,0.0,0.0,19.2416069508
0.0,0.0,0.0,19.2584888935
0.0,0.0,0.0,19.2748630047
0.0,0.0,0.0,19.2914719582
0.0,0.0,0.0,19.3088989258
0.0,0.0,0.0,19.3248970509
0.0,0.0,0.0,19.3421370983
0.0,0.0,0.0,19.3588449955
0.0,0.0,0.0,19.3762450218
0.0,0.0,0.0,19.3921649456
0.0,0.0,0.0,19.4083030224
0.0,0.0,0.0,19.4246969223
0.0,0.0,0.0,19.4419848919
0.0,0.0,0.0,19.4589009285
0.0,0.0,0.0,19.4754590988
0.0,0.0,0.0,19.4916710854
0.0,0.0,0.0,19.5085549355
0.0,0.0,0.0,19.5247840881
0.0,0.0,0.0,19.5417230129
0.0,0.0,0.0,19.5581510067
0.0,0.0,0.0,19.5750758648
0.0,0.0,0.0,19.5914299488
0.0,0.0,0.0,19.6081750393
0.0,0.0,0.0,19.6247489452
0.0,0.0,0.0,19.6418170929
0.0,0.0,0.0,19.6582810879
0.0,0.0,0.0,19.6749880314
0.0,0.0,0.0,19.6916100979
0.0,0.0,0.0,19.7082989216
0.0,0.0,0.0,19.7247109413
0.0,0.0,0.0,19.7413899899
0.0,0.0,0.0,19.7582299709
0.0,0.0,0.0,19.7747199535
0.0,0.0,0.0,19.7914319038
0.0,0.0,0.0,19.8081679344
0.0,0.0,0.0,19.8247039318
0.0,0.0,0.0,19.842457056
0.0,0.0,0.0,19.8579649925
0.0,0.0,0.0,19.8749718666
0.0,0.0,0.0,19.891753912
0.0,0.0,0.0,19.9083859921
0.0,0.0,0.0,19.9252099991
0.0,0.0,0.0,19.9418389797
0.0,0.0,0.0,19.958302021
0.0,0.0,0.0,19.9766778946
0.0,0.0,0.0,19.9919319153
0.0,0.0,0.0,20.0114200115
0.0,0.0,0.0,20.0245878696
0.0,0.0,0.0,20.041738987
0.0,0.0,0.0,20.0582950115
0.0,0.0,0.0,20.0758810043
0.0,0.0,0.0,20.0914719105
0.0,0.0,0.0,20.108082056
0.0,0.0,0.0,20.1246860027
0.0,0.0,0.0,20.1414420605
0.0,0.0,0.0,20.1591129303
0.0,0.0,0.0,20.1770920753
0.0,0.0,0.0,20.1915180683
0.0,0.0,0.0,20.2102398872
0.0,0.0,0.0,20.2260520458
0.0,0.0,0.0,20.2414150238
0.0,0.0,0.0,20.2583088875
0.0,0.0,0.0,20.2749609947
0.0,0.0,0.0,20.2915599346
0.0,0.0,0.0,20.3084158897
0.0,0.0,0.0,20.3251209259
0.0,0.0,0.0,20.3424239159
0.0,0.0,0.0,20.3581058979
0.0,0.0,0.0,20.3761150837
0.0,0.0,0.0,20.3922760487
0.0,0.0,0.0,20.4084880352
0.0,0.0,0.0,20.4247810841
0.0,0.0,0.0,20.4415838718
0.0,0.0,0.0,20.458272934
0.0,0.0,0.0,20.4753100872
0.0,0.0,0.0,20.4915058613
0.0,0.0,0.0,20.5082268715
0.0,0.0,0.0,20.5248689651
0.0,0.0,0.0,20.5417480469
0.0,0.0,0.0,20.5582809448
0.0,0.0,0.0,20.5750420094
0.0,0.0,0.0,20.5918080807
0.0,0.0,0.0,20.6083130836
0.0,0.0,0.0,20.6250269413
0.0,0.0,0.0,20.6416089535
0.0,0.0,0.0,20.6584320068
0.0,0.0,0.0,20.6777288914
0.0,0.0,0.0,20.6914489269
0.0,0.0,0.0,20.7088968754
0.0,0.0,0.0,20.725714922
0.0,0.0,0.0,20.7416908741
0.0,0.0,0.0,20.7585110664
0.0,0.0,0.0,20.7750940323
0.0,0.0,0.0,20.7914299965
0.0,0.0,0.0,20.8084070683
0.0,0.0,0.0,20.825248003
0.0,0.0,0.0,20.8417010307
0.0,0.0,0.0,20.8580420017
0.0,0.0,0.0,20.8762660027
0.0,0.0,0.0,20.8924269676
0.0,0.0,0.0,20.9104290009
0.0,0.0,0.0,20.9262120724
0.0,0.0,0.0,20.9442849159
0.0,0.0,0.0,20.9584369659
0.0,0.0,0.0,20.9770998955
0.0,0.0,0.0,20.9914209843
0.0,0.0,0.0,21.0082330704
0.0,0.0,0.0,21.024823904
0.0,0.0,0.0,21.0415768623
0.0,0.0,0.0,21.0580899715
0.0,0.0,0.0,21.0748369694
0.0,0.0,0.0,21.0913698673
0.0,0.0,0.0,21.1081500053
0.0,0.0,0.0,21.1249330044
0.0,0.0,0.0,21.1416599751
0.0,0.0,0.0,21.1582229137
0.0,0.0,0.0,21.1753818989
0.0,0.0,0.0,21.1913979053
0.0,0.0,0.0,21.209706068
0.0,0.0,0.0,21.2247049809
0.0,0.0,0.0,21.2417330742
0.0,0.0,0.0,21.2581379414
0.0,0.0,0.0,21.2748289108
0.0,0.0,0.0,21.2914099693
0.0,0.0,0.0,21.3086960316
0.0,0.0,0.0,21.3248310089
0.0,0.0,0.0,21.3414330482
0.0,0.0,0.0,21.3581430912
0.0,0.0,0.0,21.3759040833
0.0,0.0,0.0,21.3913629055
0.0,0.0,0.0,21.4083690643
0.0,0.0,0.0,21.4246768951
0.0,0.0,0.0,21.4416739941
0.0,0.0,0.0,21.4580209255
0.0,0.0,0.0,21.4748790264
0.0,0.0,0.0,21.4913609028
0.0,0.0,0.0,21.509649992
0.0,0.0,0.0,21.5249068737
0.0,0.0,0.0,21.5415899754
0.0,0.0,0.0,21.5582709312
0.0,0.0,0.0,21.5756459236
0.0,0.0,0.0,21.5915460587
0.0,0.0,0.0,21.6081528664
0.0,0.0,0.0,21.6248130798
0.0,0.0,0.0,21.6415300369
0.0,0.0,0.0,21.6582710743
0.0,0.0,0.0,21.6755449772
0.0,0.0,0.0,21.6914708614
0.0,0.0,0.0,21.7081649303
0.0,0.0,0.0,21.7250750065
0.0,0.0,0.0,21.7416329384
0.0,0.0,0.0,21.7581560612
0.0,0.0,0.0,21.7755899429
0.0,0.0,0.0,21.7915508747
0.0,0.0,0.0,21.8083319664
0.0,0.0,0.0,21.8248610497
0.0,0.0,0.0,21.8414669037
0.0,0.0,0.0,21.8581819534
0.0,0.0,0.0,21.8750910759
0.0,0.0,0.0,21.8916890621
0.0,0.0,0.0,21.9088010788
0.0,0.0,0.0,21.9256410599
0.0,0.0,0.0,21.9416968822
0.0,0.0,0.0,21.9580168724
0.0,0.0,0.0,21.9760239124
0.0,0.0,0.0,21.9923400879
0.0,0.0,0.0,22.0082368851
0.0,0.0,0.0,22.0247559547
0.0,0.0,0.0,22.0429739952
0.0,0.0,0.0,22.058218956
0.0,0.0,0.0,22.0753660202
0.0,0.0,0.0,22.091383934
0.0,0.0,0.0,22.109005928
0.0,0.0,0.0,22.1247498989
0.0,0.0,0.0,22.1421260834
0.0,0.0,0.0,22.1581070423
0.0,0.0,0.0,22.1751799583
0.0,0.0,0.0,22.1914789677
0.0,0.0,0.0,22.2082409859
0.0,0.0,0.0,22.2247619629
0.0,0.0,0.0,22.2422139645
0.0,0.0,0.0,22.2579629421
0.0,0.0,0.0,22.274960041
0.0,0.0,0.0,22.2913820744
0.0,0.0,0.0,22.3083329201
0.0,0.0,0.0,22.3248400688
0.0,0.0,0.0,22.3414978981
0.0,0.0,0.0,22.3588778973
0.0,0.0,0.0,22.3753759861
0.0,0.0,0.0,22.3913378716
0.0,0.0,0.0,22.4080739021
0.0,0.0,0.0,22.4246249199
0.0,0.0,0.0,22.4413940907
0.0,0.0,0.0,22.4580109119
0.0,0.0,0.0,22.4799559116
0.0,0.0,0.0,22.4914259911
0.0,0.0,0.0,22.5155889988
0.0,0.0,0.0,22.5246350765
0.0,0.0,0.0,22.5423738956
0.0,0.0,0.0,22.5581030846
0.0,0.0,0.0,22.574819088
0.0,0.0,0.0,22.5913310051
0.0,0.0,0.0,22.6086750031
0.0,0.0,0.0,22.6247620583
0.0,0.0,0.0,22.6413788795
0.0,0.0,0.0,22.6580438614
0.0,0.0,0.0,22.6751339436
0.0,0.0,0.0,22.6914079189
0.0,0.0,0.0,22.7082109451
0.0,0.0,0.0,22.7246739864
0.0,0.0,0.0,22.7416100502
0.0,0.0,0.0,22.7580270767
0.0,0.0,0.0,22.7749900818
0.0,0.0,0.0,22.7914190292
0.0,0.0,0.0,22.8091518879
0.0,0.0,0.0,22.8248128891
0.0,0.0,0.0,22.8416728973
0.0,0.0,0.0,22.8580880165
0.0,0.0,0.0,22.8751978874
0.0,0.0,0.0,22.8915009499
0.0,0.0,0.0,22.9081590176
0.0,0.0,0.0,22.9247210026
0.0,0.0,0.0,22.9417920113
0.0,0.0,0.0,22.9581749439
0.0,0.0,0.0,22.9755249023
0.0,0.0,0.0,22.9922199249
0.0,0.0,0.0,23.0085868835
0.0,0.0,0.0,23.0248930454
0.0,0.0,0.0,23.0416269302
0.0,0.0,0.0,23.057956934
0.0,0.0,0.0,23.0751519203
0.0,0.0,0.0,23.0913670063
0.0,0.0,0.0,23.1081929207
0.0,0.0,0.0,23.1246619225
0.0,0.0,0.0,23.1424679756
0.0,0.0,0.0,23.1580469608
0.0,0.0,0.0,23.1747229099
0.0,0.0,0.0,23.191437006
0.0,0.0,0.0,23.210613966
0.0,0.0,0.0,23.2246248722
0.0,0.0,0.0,23.2416648865
0.0,0.0,0.0,23.2592940331
0.0,0.0,0.0,23.2752540112
0.0,0.0,0.0,23.2915139198
0.0,0.0,0.0,23.3082039356
0.0,0.0,0.0,23.3247880936
0.0,0.0,0.0,23.3415160179
0.0,0.0,0.0,23.3581399918
0.0,0.0,0.0,23.3750400543
0.0,0.0,0.0,23.3913738728
0.0,0.0,0.0,23.4081530571
0.0,0.0,0.0,23.4248309135
0.0,0.0,0.0,23.4417538643
0.0,0.0,0.0,23.4586470127
0.0,0.0,0.0,23.4752309322
0.0,0.0,0.0,23.4913740158
0.0,0.0,0.0,23.5086228848
0.0,0.0,0.0,23.5246388912
0.0,0.0,0.0,23.5424098969
0.0,0.0,0.0,23.5581200123
0.0,0.0,0.0,23.5748269558
0.0,0.0,0.0,23.5914649963
0.0,0.0,0.0,23.6136300564
0.0,0.0,0.0,23.6246669292
0.0,0.0,0.0,23.6422150135
0.0,0.0,0.0,23.6580910683
0.0,0.0,0.0,23.6748230457
0.0,0.0,0.0,23.6914050579
0.0,0.0,0.0,23.7083830833
0.0,0.0,0.0,23.7247929573
0.0,0.0,0.0,23.7416930199
0.0,0.0,0.0,23.7581629753
0.0,0.0,0.0,23.7750909328
0.0,0.0,0.0,23.7914018631
0.0,0.0,0.0,23.8102860451
0.0,0.0,0.0,23.8247210979
0.0,0.0,0.0,23.8417289257
0.0,0.0,0.0,23.8582429886
0.0,0.0,0.0,23.8751289845
0.0,0.0,0.0,23.8915500641
0.0,0.0,0.0,23.908288002
0.0,0.0,0.0,23.9257380962
0.0,0.0,0.0,23.9415740967
0.0,0.0,0.0,23.9580709934
0.0,0.0,0.0,23.975110054
0.0,0.0,0.0,23.9913980961
0.0,0.0,0.0,24.0082929134
0.0,0.0,0.0,24.0247709751
0.0,0.0,0.0,24.0414199829
0.0,0.0,0.0,24.0580859184
0.0,0.0,0.0,24.0751979351
0.0,0.0,0.0,24.0914800167
0.0,0.0,0.0,24.1104969978
0.0,0.0,0.0,24.1248688698
0.0,0.0,0.0,24.1416108608
0.0,0.0,0.0,24.1580560207
0.0,0.0,0.0,24.175303936
0.0,0.0,0.0,24.1914129257
0.0,0.0,0.0,24.2083618641
0.0,0.0,0.0,24.2247650623
0.0,0.0,0.0,24.2414119244
0.0,0.0,0.0,24.2583940029
0.0,0.0,0.0,24.2752079964
0.0,0.0,0.0,24.2915680408
0.0,0.0,0.0,24.3084599972
0.0,0.0,0.0,24.3247950077
0.0,0.0,0.0,24.341698885
0.0,0.0,0.0,24.358148098
0.0,0.0,0.0,24.3747320175
0.0,0.0,0.0,24.3914859295
0.0,0.0,0.0,24.4109098911
0.0,0.0,0.0,24.424710989
0.0,0.0,0.0,24.4416759014
0.0,0.0,0.0,24.4580330849
0.0,0.0,0.0,24.4748790264
0.0,0.0,0.0,24.4914009571
0.0,0.0,0.0,24.5083060265
0.0,0.0,0.0,24.5248088837
0.0,0.0,0.0,24.541410923
0.0,0.0,0.0,24.5580849648
0.0,0.0,0.0,24.5747408867
0.0,0.0,0.0,24.5916249752
0.0,0.0,0.0,24.6082119942
0.0,0.0,0.0,24.6249248981
0.0,0.0,0.0,24.6413650513
0.0,0.0,0.0,24.6581110954
0.0,0.0,0.0,24.6747119427
0.0,0.0,0.0,24.6914639473
0.0,0.0,0.0,24.7083258629
0.0,0.0,0.0,24.7247040272
0.0,0.0,0.0,24.7415668964
0.0,0.0,0.0,24.7587468624
0.0,0.0,0.0,24.7753360271
0.0,0.0,0.0,24.7912628651
0.0,0.0,0.0,24.80813694
0.0,0.0,0.0,24.8247740269
0.0,0.0,0.0,24.8422179222
0.0,0.0,0.0,24.8593828678
0.0,0.0,0.0,24.8747448921
0.0,0.0,0.0,24.8915150166
0.0,0.0,0.0,24.9086530209
0.0,0.0,0.0,24.9250218868
0.0,0.0,0.0,24.9416220188
0.0,0.0,0.0,24.9583809376
0.0,0.0,0.0,24.9754719734
0.0,0.0,0.0,24.9916799068
0.0,0.0,0.0,25.0081460476
0.0,0.0,0.0,25.0250360966
0.0,0.0,0.0,25.0418388844
0.0,0.0,0.0,25.0584959984
0.0,0.0,0.0,25.0751008987
0.0,0.0,0.0,25.0917129517
0.0,0.0,0.0,25.1081659794
0.0,0.0,0.0,25.1247050762
0.0,0.0,0.0,25.1415169239
0.0,0.0,0.0,25.1584579945
0.0,0.0,0.0,25.175467968
0.0,0.0,0.0,25.1914079189
0.0,0.0,0.0,25.208137989
0.0,0.0,0.0,25.2247219086
0.0,0.0,0.0,25.2414960861
0.0,0.0,0.0,25.258409977
0.0,0.0,0.0,25.2750890255
0.0,0.0,0.0,25.2914559841
0.0,0.0,0.0,25.3084630966
