0.0,0.0,0.0,0.150618076324
0.0,0.0,0.0,0.16746711731
0.0,0.0,0.0,0.184232950211
0.0,0.0,0.0,0.201094150543
0.0,0.0,0.0,0.217860937119
0.0,0.0,0.0,0.234266042709
0.0,0.0,0.0,0.2509329319
0.0,0.0,0.0,0.26779794693
0.0,0.0,0.0,0.284441947937
0.0,0.0,0.0,0.301177978516
0.0,0.0,0.0,0.317651987076
0.0,0.0,0.0,0.33417391777
0.0,0.0,0.0,0.350884914398
0.0,0.0,0.0,0.367758989334
0.0,0.0,0.0,0.384243011475
0.0,0.0,0.0,0.401113033295
0.0,0.0,0.0,0.418390035629
0.0,0.0,0.0,0.434206008911
0.0,0.0,0.0,0.450887918472
0.0,0.0,0.0,0.467591047287
0.0,0.0,0.0,0.484282970428
0.0,0.0,0.0,0.501222133636
0.0,0.0,0.0,0.517916917801
0.0,0.0,0.0,0.534376144409
0.0,0.0,0.0,0.550842046738
0.0,0.0,0.0,0.567518949509
0.0,0.0,0.0,0.584244966507
0.0,0.0,0.0,0.601050138474
0.0,0.0,0.0,0.617641925812
0.0,0.0,0.0,0.63433599472
0.0,0.0,0.0,0.651076078415
0.0,0.0,0.0,0.667567968369
0.0,0.0,0.0,0.684241056442
0.0,0.0,0.0,0.701199054718
0.0,0.0,0.0,0.717549085617
0.0,0.0,0.0,0.734259128571
0.0,0.0,0.0,0.75092291832
0.0,0.0,0.0,0.767617940903
0.0,0.0,0.0,0.784249067307
0.0,0.0,0.0,0.801077127457
0.0,0.0,0.0,0.817651033401
0.0,0.0,0.0,0.834737062454
0.0,0.0,0.0,0.850855112076
0.0,0.0,0.0,0.867557048798
0.0,0.0,0.0,0.884231090546
0.0,0.0,0.0,0.901276111603
0.0,0.0,0.0,0.917577981949
0.0,0.0,0.0,0.934196949005
0.0,0.0,0.0,0.950932979584
0.0,0.0,0.0,0.967545986176
0.0,0.0,0.0,0.984470129013
0.0,0.0,0.0,1.00110912323
0.0,0.0,0.0,1.01766300201
0.0,0.0,0.0,1.034085989
0.0,0.0,0.0,1.05085802078
0.0,0.0,0.0,1.06782007217
0.0,0.0,0.0,1.08422613144
0.0,0.0,0.0,1.10116910934
0.0,0.0,0.0,1.11778211594
0.0,0.0,0.0,1.13411307335
0.0,0.0,0.0,1.15086698532
0.0,0.0,0.0,1.16780304909
0.0,0.0,0.0,1.18423104286
0.0,0.0,0.0,1.20117497444
0.0,0.0,0.0,1.21758508682
0.0,0.0,0.0,1.23416996002
0.0,0.0,0.0,1.25079202652
0.0,0.0,0.0,1.26756310463
0.0,0.0,0.0,1.28424406052
0.0,0.0,0.0,1.30111813545
0.0,0.0,0.0,1.317745924
0.0,0.0,0.0,1.33438801765
0.0,0.0,0.0,1.35085391998
0.0,0.0,0.0,1.36818504333
0.0,0.0,0.0,1.38398504257
0.0,0.0,0.0,1.4007730484
0.0,0.0,0.0,1.41751503944
0.0,0.0,0.0,1.43424105644
0.0,0.0,0.0,1.45088410378
0.0,0.0,0.0,1.46753001213
0.0,0.0,0.0,1.4842441082
0.0,0.0,0.0,1.50115799904
0.0,0.0,0.0,1.51783204079
0.0,0.0,0.0,1.53430199623
0.0,0.0,0.0,1.55089592934
0.0,0.0,0.0,1.56773805618
0.0,0.0,0.0,1.58424901962
0.0,0.0,0.0,1.60111808777
0.0,0.0,0.0,1.61768698692
0.0,0.0,0.0,1.63421392441
0.0,0.0,0.0,1.65113592148
0.0,0.0,0.0,1.66760993004
0.0,0.0,0.0,1.68418502808
0.0,0.0,0.0,1.70116400719
0.0,0.0,0.0,1.71755504608
0.0,0.0,0.0,1.73518705368
0.0,0.0,0.0,1.75085902214
0.0,0.0,0.0,1.7676050663
0.0,0.0,0.0,1.78441691399
0.0,0.0,0.0,1.80082511902
0.0,0.0,0.0,1.81755208969
0.0,0.0,0.0,1.83426594734
0.0,0.0,0.0,1.8509619236
0.0,0.0,0.0,1.86759305
0.0,0.0,0.0,1.88429403305
0.0,0.0,0.0,1.90105509758
0.0,0.0,0.0,1.91763114929
0.0,0.0,0.0,1.93479394913
0.0,0.0,0.0,1.95095491409
0.0,0.0,0.0,1.96754813194
0.0,0.0,0.0,1.98441910744
0.0,0.0,0.0,2.00105905533
0.0,0.0,0.0,2.01759696007
0.0,0.0,0.0,2.03412508965
0.0,0.0,0.0,2.05080604553
0.0,0.0,0.0,2.06756496429
0.0,0.0,0.0,2.08431911469
0.0,0.0,0.0,2.10106611252
0.0,0.0,0.0,2.11758112907
0.0,0.0,0.0,2.13440203667
0.0,0.0,0.0,2.15089607239
0.0,0.0,0.0,2.16751408577
0.0,0.0,0.0,2.18418502808
0.0,0.0,0.0,2.20096707344
0.0,0.0,0.0,2.21760511398
0.0,0.0,0.0,2.23427009583
0.0,0.0,0.0,2.25091409683
0.0,0.0,0.0,2.26757693291
0.0,0.0,0.0,2.28426408768
0.0,0.0,0.0,2.30113911629
0.0,0.0,0.0,2.31760501862
0.0,0.0,0.0,2.33431911469
0.0,0.0,0.0,2.3509759903
0.0,0.0,0.0,2.36744999886
0.0,0.0,0.0,2.38414692879
0.0,0.0,0.0,2.40112996101
0.0,0.0,0.0,2.41760993004
0.0,0.0,0.0,2.43423700333
0.0,0.0,0.0,2.45110297203
0.0,0.0,0.0,2.46756410599
0.0,0.0,0.0,2.48421597481
0.0,0.0,0.0,2.50113606453
0.0,0.0,0.0,2.51757311821
0.0,0.0,0.0,2.53426599503
0.0,0.0,0.0,2.55090713501
0.0,0.0,0.0,2.56758403778
0.0,0.0,0.0,2.58421111107
0.0,0.0,0.0,2.60074210167
0.0,0.0,0.0,2.61728811264
0.0,0.0,0.0,2.63416194916
0.0,0.0,0.0,2.65108013153
0.0,0.0,0.0,2.6675889492
0.0,0.0,0.0,2.68432998657
0.0,0.0,0.0,2.70101499557
0.0,0.0,0.0,2.71784806252
0.0,0.0,0.0,2.73423099518
0.0,0.0,0.0,2.750893116
0.0,0.0,0.0,2.76757311821
0.0,0.0,0.0,2.7843170166
0.0,0.0,0.0,2.80102705956
0.0,0.0,0.0,2.81758999825
0.0,0.0,0.0,2.83430504799
0.0,0.0,0.0,2.85093593597
0.0,0.0,0.0,2.86749792099
0.0,0.0,0.0,2.88446998596
0.0,0.0,0.0,2.9007999897
0.0,0.0,0.0,2.91753292084
0.0,0.0,0.0,2.93422007561
0.0,0.0,0.0,2.95093202591
0.0,0.0,0.0,2.96764302254
0.0,0.0,0.0,2.98449110985
0.0,0.0,0.0,3.0010240078
0.0,0.0,0.0,3.01977992058
0.0,0.0,0.0,3.03413510323
0.0,0.0,0.0,3.05121898651
0.0,0.0,0.0,3.06761693954
0.0,0.0,0.0,3.08440899849
0.0,0.0,0.0,3.10098814964
0.0,0.0,0.0,3.11760210991
0.0,0.0,0.0,3.13425302505
0.0,0.0,0.0,3.150785923
0.0,0.0,0.0,3.16747713089
0.0,0.0,0.0,3.18449902534
0.0,0.0,0.0,3.20101499557
0.0,0.0,0.0,3.21755003929
0.0,0.0,0.0,3.23412895203
0.0,0.0,0.0,3.25084710121
0.0,0.0,0.0,3.26752495766
0.0,0.0,0.0,3.28477597237
0.0,0.0,0.0,3.30089306831
0.0,0.0,0.0,3.31789708138
0.0,0.0,0.0,3.33458805084
0.0,0.0,0.0,3.35086894035
0.0,0.0,0.0,3.36758303642
0.0,0.0,0.0,3.38430500031
0.0,0.0,0.0,3.40138912201
0.0,0.0,0.0,3.41768908501
0.0,0.0,0.0,3.43437600136
0.0,0.0,0.0,3.45119309425
0.0,0.0,0.0,3.46777510643
0.0,0.0,0.0,3.48441410065
0.0,0.0,0.0,3.50114512444
0.0,0.0,0.0,3.51787209511
0.0,0.0,0.0,3.53445911407
0.0,0.0,0.0,3.55197000504
0.0,0.0,0.0,3.56766605377
0.0,0.0,0.0,3.58440208435
0.0,0.0,0.0,3.60116004944
0.0,0.0,0.0,3.61752414703
0.0,0.0,0.0,3.63407611847
0.0,0.0,0.0,3.65075612068
0.0,0.0,0.0,3.66859292984
0.0,0.0,0.0,3.68407893181
0.0,0.0,0.0,3.70154905319
0.0,0.0,0.0,3.71769404411
0.0,0.0,0.0,3.734375
0.0,0.0,0.0,3.75103092194
0.0,0.0,0.0,3.76748609543
0.0,0.0,0.0,3.78406095505
0.0,0.0,0.0,3.80097103119
0.0,0.0,0.0,3.81754612923
0.0,0.0,0.0,3.83416199684
0.0,0.0,0.0,3.8507630825
0.0,0.0,0.0,3.86739206314
0.0,0.0,0.0,3.88414692879
0.0,0.0,0.0,3.90094399452
0.0,0.0,0.0,3.91807103157
0.0,0.0,0.0,3.93420791626
0.0,0.0,0.0,3.95084810257
0.0,0.0,0.0,3.9677400589
0.0,0.0,0.0,3.98638010025
0.0,0.0,0.0,4.00121212006
0.0,0.0,0.0,4.01779603958
0.0,0.0,0.0,4.03475904465
0.0,0.0,0.0,4.0509929657
0.0,0.0,0.0,4.06872105598
0.0,0.0,0.0,4.08455896378
0.0,0.0,0.0,4.10110592842
0.0,0.0,0.0,4.11765098572
0.0,0.0,0.0,4.13446211815
0.0,0.0,0.0,4.15123200417
0.0,0.0,0.0,4.16794204712
0.0,0.0,0.0,4.18452811241
0.0,0.0,0.0,4.20077705383
0.0,0.0,0.0,4.21742510796
0.0,0.0,0.0,4.23448395729
0.0,0.0,0.0,4.25080013275
0.0,0.0,0.0,4.26743793488
0.0,0.0,0.0,4.2841629982
0.0,0.0,0.0,4.30091404915
0.0,0.0,0.0,4.31758093834
0.0,0.0,0.0,4.33418297768
0.0,0.0,0.0,4.35088396072
0.0,0.0,0.0,4.36755108833
0.0,0.0,0.0,4.38417410851
0.0,0.0,0.0,4.40100812912
0.0,0.0,0.0,4.4175350666
0.0,0.0,0.0,4.4342341423
0.0,0.0,0.0,4.45088195801
0.0,0.0,0.0,4.46749401093
0.0,0.0,0.0,4.484126091
0.0,0.0,0.0,4.50098109245
0.0,0.0,0.0,4.51750612259
0.0,0.0,0.0,4.53417992592
0.0,0.0,0.0,4.5507941246
0.0,0.0,0.0,4.56757807732
0.0,0.0,0.0,4.58414411545
0.0,0.0,0.0,4.60111498833
0.0,0.0,0.0,4.61749505997
0.0,0.0,0.0,4.63419294357
0.0,0.0,0.0,4.6508409977
0.0,0.0,0.0,4.66751098633
0.0,0.0,0.0,4.68567800522
0.0,0.0,0.0,4.70137310028
0.0,0.0,0.0,4.71768403053
0.0,0.0,0.0,4.73437714577
0.0,0.0,0.0,4.7510831356
0.0,0.0,0.0,4.76773309708
0.0,0.0,0.0,4.7841360569
0.0,0.0,0.0,4.80077815056
0.0,0.0,0.0,4.81738996506
0.0,0.0,0.0,4.83406805992
0.0,0.0,0.0,4.85072302818
0.0,0.0,0.0,4.86755514145
0.0,0.0,0.0,4.88401007652
0.0,0.0,0.0,4.90076303482
0.0,0.0,0.0,4.91754412651
0.0,0.0,0.0,4.93402004242
0.0,0.0,0.0,4.95074295998
0.0,0.0,0.0,4.96751308441
0.0,0.0,0.0,4.98420906067
0.0,0.0,0.0,5.0008559227
0.0,0.0,0.0,5.0175409317
0.0,0.0,0.0,5.03415799141
0.0,0.0,0.0,5.05086898804
0.0,0.0,0.0,5.06749510765
0.0,0.0,0.0,5.08501505852
0.0,0.0,0.0,5.1014919281
0.0,0.0,0.0,5.11776304245
0.0,0.0,0.0,5.13447213173
0.0,0.0,0.0,5.15086698532
0.0,0.0,0.0,5.16782903671
0.0,0.0,0.0,5.18491911888
0.0,0.0,0.0,5.20118904114
0.0,0.0,0.0,5.21810102463
0.0,0.0,0.0,5.23417115211
0.0,0.0,0.0,5.25081300735
0.0,0.0,0.0,5.26761007309
0.0,0.0,0.0,5.2841770649
0.0,0.0,0.0,5.30095601082
0.0,0.0,0.0,5.31761312485
0.0,0.0,0.0,5.33419108391
0.0,0.0,0.0,5.35079598427
0.0,0.0,0.0,5.36755204201
0.0,0.0,0.0,5.38455414772
0.0,0.0,0.0,5.40123796463
0.0,0.0,0.0,5.41774511337
0.0,0.0,0.0,5.43422698975
0.0,0.0,0.0,5.45093393326
0.0,0.0,0.0,5.46742391586
0.0,0.0,0.0,5.48408699036
0.0,0.0,0.0,5.50152397156
0.0,0.0,0.0,5.51749110222
0.0,0.0,0.0,5.53448700905
0.0,0.0,0.0,5.55092597008
0.0,0.0,0.0,5.56745314598
0.0,0.0,0.0,5.58414292336
0.0,0.0,0.0,5.60088706017
0.0,0.0,0.0,5.61750197411
0.0,0.0,0.0,5.63445711136
0.0,0.0,0.0,5.65083312988
0.0,0.0,0.0,5.66749000549
0.0,0.0,0.0,5.68415093422
0.0,0.0,0.0,5.70094704628
0.0,0.0,0.0,5.71736812592
0.0,0.0,0.0,5.73395395279
0.0,0.0,0.0,5.75057291985
0.0,0.0,0.0,5.76734113693
0.0,0.0,0.0,5.78428506851
0.0,0.0,0.0,5.80070996284
0.0,0.0,0.0,5.81734013557
0.0,0.0,0.0,5.83396911621
0.0,0.0,0.0,5.85076999664
0.0,0.0,0.0,5.86738801003
0.0,0.0,0.0,5.88399505615
0.0,0.0,0.0,5.90070796013
0.0,0.0,0.0,5.91735005379
0.0,0.0,0.0,5.93431305885
0.0,0.0,0.0,5.95088505745
0.0,0.0,0.0,5.96738791466
0.0,0.0,0.0,5.98406505585
0.0,0.0,0.0,6.00072598457
0.0,0.0,0.0,6.01735210419
0.0,0.0,0.0,6.03399896622
0.0,0.0,0.0,6.05075597763
0.0,0.0,0.0,6.06771612167
0.0,0.0,0.0,6.08402395248
0.0,0.0,0.0,6.10075902939
0.0,0.0,0.0,6.11738610268
0.0,0.0,0.0,6.13398194313
0.0,0.0,0.0,6.15064311028
0.0,0.0,0.0,6.16765904427
0.0,0.0,0.0,6.18396902084
0.0,0.0,0.0,6.20102596283
0.0,0.0,0.0,6.21735692024
0.0,0.0,0.0,6.23396611214
0.0,0.0,0.0,6.25057411194
0.0,0.0,0.0,6.26776909828
0.0,0.0,0.0,6.28428292274
0.0,0.0,0.0,6.30059313774
0.0,0.0,0.0,6.31732606888
0.0,0.0,0.0,6.33442592621
0.0,0.0,0.0,6.35138392448
0.0,0.0,0.0,6.36761403084
0.0,0.0,0.0,6.38430595398
0.0,0.0,0.0,6.40167808533
0.0,0.0,0.0,6.41896700859
0.0,0.0,0.0,6.43407201767
0.0,0.0,0.0,6.45096492767
0.0,0.0,0.0,6.46737194061
0.0,0.0,0.0,6.48433709145
0.0,0.0,0.0,6.50159096718
0.0,0.0,0.0,6.51818704605
0.0,0.0,0.0,6.53441500664
0.0,0.0,0.0,6.55166697502
0.0,0.0,0.0,6.56764292717
0.0,0.0,0.0,6.58416414261
0.0,0.0,0.0,6.60078692436
0.0,0.0,0.0,6.61743402481
0.0,0.0,0.0,6.63427996635
0.0,0.0,0.0,6.6507101059
0.0,0.0,0.0,6.66760396957
0.0,0.0,0.0,6.68439292908
0.0,0.0,0.0,6.70089912415
0.0,0.0,0.0,6.71785902977
0.0,0.0,0.0,6.73481011391
0.0,0.0,0.0,6.75172305107
0.0,0.0,0.0,6.76766014099
0.0,0.0,0.0,6.78443908691
0.0,0.0,0.0,6.80149197578
0.0,0.0,0.0,6.81772613525
0.0,0.0,0.0,6.83449792862
0.0,0.0,0.0,6.85293197632
0.0,0.0,0.0,6.86807513237
0.0,0.0,0.0,6.88480496407
0.0,0.0,0.0,6.90123009682
0.0,0.0,0.0,6.91769814491
0.0,0.0,0.0,6.9347679615
0.0,0.0,0.0,6.95106506348
0.0,0.0,0.0,6.9677901268
0.0,0.0,0.0,6.98407196999
0.0,0.0,0.0,7.00078296661
0.0,0.0,0.0,7.01744294167
Actuacion(lineal,angular) = 0.0400039672852,0.0
0.0,0.0,0.0,7.03412914276
0.0,0.0,0.0,7.05087614059
0.0,0.0,0.0,7.06738400459
0.0,0.0,0.0,7.0840511322
0.0,0.0,0.0,7.10082912445
0.0,0.0,0.0,7.11751008034
0.0,0.0,0.0,7.13415312767
0.0,0.0,0.0,7.15107393265
0.0,0.0,0.0,7.16760706902
0.0,0.0,0.0,7.18414711952
0.0,0.0,0.0,7.20086812973
0.0,0.0,0.0,7.21748495102
Actuacion(lineal,angular) = 0.0799719810486,0.0
0.0,0.0,0.0,7.2343480587
0.0,0.0,0.0,7.25079894066
0.000511752530001,1.58141051252e-17,0.000174532925188,7.26750206947
0.000511752530001,1.58141051252e-17,0.000174532925188,7.28414607048
0.000511752530001,1.58141051252e-17,0.000174532925188,7.30113005638
0.00179113383552,2.23294163932e-07,0.0,7.31769514084
0.00179113383552,2.23294163932e-07,0.0,7.33413696289
0.00251611658635,2.232941639e-07,0.0,7.35078001022
0.00251611658635,2.232941639e-07,0.0,7.36747908592
0.00251611658635,2.232941639e-07,0.0,7.3844499588
0.00464841879469,2.23294163845e-07,-0.000174532925201,7.40139293671
0.00550133966503,7.44313878867e-08,0.0,7.41768503189
Actuacion(lineal,angular) = 0.119931364059,0.00015405989977
0.00550133966503,7.44313878867e-08,0.0,7.43415904045
0.00550133966503,7.44313878867e-08,0.0,7.45087313652
0.00550133966503,7.44313878867e-08,0.0,7.4676129818
0.00831597858004,7.44313878502e-08,-0.000174532925201,7.48434209824
0.00831597858004,7.44313878502e-08,-0.000174532925201,7.50179195404
0.00831597858004,7.44313878502e-08,-0.000174532925201,7.5177090168
0.00831597858004,7.44313878502e-08,-0.000174532925201,7.53484606743
0.0115570778873,-4.9124716089e-07,0.000174532925188,7.55087709427
0.013092335454,-2.23294164192e-07,0.0,7.56742596626
0.013092335454,-2.23294164192e-07,0.0,7.58449292183
0.013092335454,-2.23294164192e-07,0.0,7.60093808174
0.0174848780031,-2.2329416424e-07,0.000174532925188,7.61759400368
Actuacion(lineal,angular) = 0.159959745407,-6.01701340717e-05
0.0174848780031,-2.2329416424e-07,0.000174532925188,7.63447999954
0.0174848780031,-2.2329416424e-07,0.000174532925188,7.65081501007
0.0174848780031,-2.2329416424e-07,0.000174532925188,7.66742706299
0.0225171111382,6.54996213974e-07,0.000174532925188,7.68409514427
0.0225171111382,6.54996213974e-07,0.000174532925188,7.70075893402
0.0225171111382,6.54996213974e-07,0.000174532925188,7.71748614311
0.0281037428389,1.63004739653e-06,0.000349065850389,7.73464798927
0.0281037428389,1.63004739653e-06,0.000349065850389,7.75082302094
0.0302360449174,2.37436126504e-06,0.000349065850389,7.76750707626
0.0302360449174,2.37436126504e-06,0.000349065850389,7.78418707848
0.0302360449174,2.37436126504e-06,0.000349065850389,7.80112504959
0.0369314734436,4.71150681221e-06,0.000174532925188,7.81747412682
Actuacion(lineal,angular) = 0.199978733063,-0.000450738380638
0.0369314734436,4.71150681221e-06,0.000174532925188,7.83417892456
0.0369314734436,4.71150681221e-06,0.000174532925188,7.85080695152
0.0369314734436,4.71150681221e-06,0.000174532925188,7.86750507355
0.0439254245805,5.93218157513e-06,0.000523598775596,7.8841919899
0.0439254245805,5.93218157513e-06,0.000523598775596,7.90088415146
0.0439254245805,5.93218157513e-06,0.000523598775596,7.91741013527
0.0439254245805,5.93218157513e-06,0.000523598775596,7.93414306641
0.0518149416698,1.00631234407e-05,0.00087266462599,7.95071101189
0.0518149416698,1.00631234407e-05,0.00087266462599,7.96755313873
0.0518149416698,1.00631234407e-05,0.00087266462599,7.98434400558
0.06004562506,1.72457515063e-05,0.0010471975512,8.00117611885
0.06004562506,1.72457515063e-05,0.0010471975512,8.01748800278
Actuacion(lineal,angular) = 0.240005350113,-0.00155379982873
0.06004562506,1.72457515063e-05,0.0010471975512,8.03413295746
0.06004562506,1.72457515063e-05,0.0010471975512,8.05085802078
0.0690865814661,2.6713422376e-05,0.000698131700791,8.06776595116
0.0690865814661,2.6713422376e-05,0.000698131700791,8.08432602882
0.0690865814661,2.6713422376e-05,0.000698131700791,8.10114812851
0.0788951692342,3.35611095493e-05,0.0010471975512,8.11769413948
0.0788951692342,3.35611095493e-05,0.0010471975512,8.13452196121
0.0788951692342,3.35611095493e-05,0.0010471975512,8.15254998207
0.0788951692342,3.35611095493e-05,0.0010471975512,8.16773605347
0.0896419664716,4.48151334134e-05,0.00122173047639,8.1841070652
0.0896419664716,4.48151334134e-05,0.00122173047639,8.20112514496
0.0896419664716,4.48151334134e-05,0.00122173047639,8.21744012833
Actuacion(lineal,angular) = 0.279944753647,-0.00194250713685
0.101113743791,5.8830560356e-05,0.00191986217718,8.2356441021
0.101113743791,5.8830560356e-05,0.00191986217718,8.25077199936
0.101113743791,5.8830560356e-05,0.00191986217718,8.2675280571
0.101113743791,5.8830560356e-05,0.00191986217718,8.28422307968
0.112713446427,8.11004180744e-05,0.00209439510238,8.30163311958
0.112713446427,8.11004180744e-05,0.00209439510238,8.31745195389
0.112713446427,8.11004180744e-05,0.00209439510238,8.3341281414
0.112713446427,8.11004180744e-05,0.00209439510238,8.35083603859
0.125635169469,0.000108163651099,0.00209439510238,8.36763811111
0.125635169469,0.000108163651099,0.00209439510238,8.38418292999
0.125635169469,0.000108163651099,0.00209439510238,8.40107011795
0.138770122264,0.000135673472127,0.00261799387799,8.41743206978
Actuacion(lineal,angular) = 0.3,-0.00357327963054
0.143290587454,0.000147508049358,0.00261799387799,8.43494200706
0.143290587454,0.000147508049358,0.00261799387799,8.45074105263
0.143290587454,0.000147508049358,0.00261799387799,8.46753501892
0.143290587454,0.000147508049358,0.00261799387799,8.48427796364
0.157065212515,0.000183570015827,0.00209439510238,8.50088810921
0.161628329233,0.000193126999107,0.00209439510238,8.51745796204
0.161628329233,0.000193126999107,0.00209439510238,8.53450393677
0.161628329233,0.000193126999107,0.00209439510238,8.55091309547
0.161628329233,0.000193126999107,0.00209439510238,8.56776714325
0.175786784843,0.000222780442552,0.00244346095279,8.58421802521
0.175786784843,0.000222780442552,0.00244346095279,8.60101008415
0.175786784843,0.000222780442552,0.00244346095279,8.61778593063
Actuacion(lineal,angular) = 0.3,-0.00414106551827
0.190030521074,0.000257584525119,0.00261799387799,8.63495206833
0.190030521074,0.000257584525119,0.00261799387799,8.65113306046
0.190030521074,0.000257584525119,0.00261799387799,8.66793704033
0.190030521074,0.000257584525119,0.00261799387799,8.68488693237
0.204402188707,0.000295209548959,0.00279252680319,8.70146512985
0.204402188707,0.000295209548959,0.00279252680319,8.71793794632
0.204402188707,0.000295209548959,0.00279252680319,8.73457503319
0.204402188707,0.000295209548959,0.00279252680319,8.75125598907
0.218688557798,0.000335104721271,0.00279252680319,8.76789808273
0.218688557798,0.000335104721271,0.00279252680319,8.78486204147
0.218688557798,0.000335104721271,0.00279252680319,8.80138611794
0.233145510401,0.00037547625385,0.00296705972838,8.81773114204
Actuacion(lineal,angular) = 0.3,-0.00493753132045
0.233145510401,0.00037547625385,0.00296705972838,8.83416795731
0.233145510401,0.00037547625385,0.00296705972838,8.85102510452
0.233145510401,0.00037547625385,0.00296705972838,8.86760902405
0.247858330877,0.000419130199075,0.00349065850398,8.8843331337
0.247858330877,0.000419130199075,0.00349065850398,8.9011759758
0.247858330877,0.000419130199075,0.00349065850398,8.91761994362
0.262059377066,0.000468701403058,0.00331612557878,8.93430995941
0.262059377066,0.000468701403058,0.00331612557878,8.95227098465
0.262059377066,0.000468701403058,0.00331612557878,8.96786999702
0.262059377066,0.000468701403058,0.00331612557878,8.9852809906
0.276644243978,0.000517066830575,0.00366519142918,9.00107693672
0.276644243978,0.000517066830575,0.00366519142918,9.01768803596
Actuacion(lineal,angular) = 0.3,-0.00649199334326
0.276644243978,0.000517066830575,0.00366519142918,9.03423213959
0.291314384635,0.000570835945145,0.00436332312998,9.05154800415
0.291314384635,0.000570835945145,0.00436332312998,9.06756305695
0.296005404837,0.000591304511996,0.00418879020477,9.08433103561
0.296005404837,0.000591304511996,0.00418879020477,9.10114502907
0.296005404837,0.000591304511996,0.00418879020477,9.11776900291
0.310291704299,0.000651147173243,0.00418879020477,9.13416910172
0.310291704299,0.000651147173243,0.00418879020477,9.15108013153
0.310291704299,0.000651147173243,0.00418879020477,9.16929411888
0.310291704299,0.000651147173243,0.00418879020477,9.18411707878
0.325047106131,0.000712954817396,0.00471238898037,9.20153808594
0.325047106131,0.000712954817396,0.00471238898037,9.21771192551
Actuacion(lineal,angular) = 0.3,-0.00853682890086
0.325047106131,0.000712954817396,0.00471238898037,9.23427009583
0.339802473578,0.000782488363056,0.00506145483077,9.25086307526
0.339802473578,0.000782488363056,0.00506145483077,9.26760411263
0.344664060339,0.000807095274985,0.00523598775598,9.2841989994
0.344664060339,0.000807095274985,0.00523598775598,9.30084896088
0.344664060339,0.000807095274985,0.00523598775598,9.31850814819
0.359291452977,0.000883684823654,0.00523598775598,9.33420300484
0.359291452977,0.000883684823654,0.00523598775598,9.35079193115
0.359291452977,0.000883684823654,0.00523598775598,9.36759805679
0.359291452977,0.000883684823654,0.00523598775598,9.38419008255
0.374004136534,0.000960720958614,0.00558505360637,9.40097904205
0.374004136534,0.000960720958614,0.00558505360637,9.41796398163
Actuacion(lineal,angular) = 0.3,-0.0105869433318
0.374004136534,0.000960720958614,0.00558505360637,9.43471193314
0.374004136534,0.000960720958614,0.00558505360637,9.45101308823
0.388546210788,0.00104194006736,0.00575958653158,9.46752595901
0.388546210788,0.00104194006736,0.00575958653158,9.48413896561
0.388546210788,0.00104194006736,0.00575958653158,9.50090193748
0.403600014686,0.00112864471229,0.00558505360637,9.51811003685
0.403600014686,0.00112864471229,0.00558505360637,9.53465604782
0.403600014686,0.00112864471229,0.00558505360637,9.55153298378
0.403600014686,0.00112864471229,0.00558505360637,9.5678460598
0.417886216666,0.0012084347458,0.00610865238198,9.58417010307
0.422918355987,0.00123917471802,0.00645771823237,9.60084104538
0.422918355987,0.00123917471802,0.00645771823237,9.6174030304
Actuacion(lineal,angular) = 0.3,-0.0129598147431
0.422918355987,0.00123917471802,0.00645771823237,9.63417005539
0.437886805376,0.00133583809024,0.00663225115757,9.65091395378
0.437886805376,0.00133583809024,0.00663225115757,9.66737294197
0.437886805376,0.00133583809024,0.00663225115757,9.68451905251
0.437886805376,0.00133583809024,0.00663225115757,9.70184493065
0.452940527879,0.00143567962264,0.00680678408276,9.71740794182
0.452940527879,0.00143567962264,0.00680678408276,9.73444700241
0.452940527879,0.00143567962264,0.00680678408276,9.75100207329
0.452940527879,0.00143567962264,0.00680678408276,9.76748895645
0.467866297558,0.00153727768321,0.00663225115757,9.78437209129
0.467866297558,0.00153727768321,0.00663225115757,9.80110406876
0.467866297558,0.00153727768321,0.00663225115757,9.81771492958
Actuacion(lineal,angular) = 0.3,-0.0143004211658
0.483047955379,0.00163796772721,0.00680678408276,9.83435702324
0.483047955379,0.00163796772721,0.00680678408276,9.85084915161
0.483047955379,0.00163796772721,0.00680678408276,9.86745214462
0.483047955379,0.00163796772721,0.00680678408276,9.88411593437
0.497632564608,0.0017372435464,0.00663225115757,9.90093207359
0.502877912676,0.00177203252228,0.00680678408276,9.91773414612
0.502877912676,0.00177203252228,0.00680678408276,9.93464708328
0.502877912676,0.00177203252228,0.00680678408276,9.95112705231
0.502877912676,0.00177203252228,0.00680678408276,9.96852993965
0.517761037299,0.00187334030268,0.00698131700796,9.98436999321
0.517761037299,0.00187334030268,0.00698131700796,10.0015740395
0.517761037299,0.00187334030268,0.00698131700796,10.0175631046
Actuacion(lineal,angular) = 0.3,-0.0163906274332
0.533027949057,0.00197992518501,0.00715584993316,10.0344409943
0.533027949057,0.00197992518501,0.00715584993316,10.0511209965
0.533027949057,0.00197992518501,0.00715584993316,10.0675051212
0.533027949057,0.00197992518501,0.00715584993316,10.084154129
0.547996327315,0.00208703848186,0.00715584993316,10.1009039879
0.547996327315,0.00208703848186,0.00715584993316,10.1177430153
0.547996327315,0.00208703848186,0.00715584993316,10.1341381073
0.563220575286,0.00219598277523,0.00715584993316,10.1507959366
0.563220575286,0.00219598277523,0.00715584993316,10.1677620411
0.563220575286,0.00219598277523,0.00715584993316,10.1845040321
0.563220575286,0.00219598277523,0.00715584993316,10.2012379169
0.578231598496,0.00230340123817,0.00733038285836,10.2176499367
Actuacion(lineal,angular) = 0.3,-0.0185299560088
0.578231598496,0.00230340123817,0.00733038285836,10.2345590591
0.578231598496,0.00230340123817,0.00733038285836,10.2515010834
0.578231598496,0.00230340123817,0.00733038285836,10.2680871487
0.593413182323,0.00241469005337,0.00715584993316,10.2844440937
0.593413182323,0.00241469005337,0.00715584993316,10.3012399673
0.593413182323,0.00241469005337,0.00715584993316,10.318021059
0.608594785342,0.00252332918066,0.00750491578357,10.3345179558
0.613584231994,0.00256077526063,0.00785398163397,10.3509919643
0.613584231994,0.00256077526063,0.00785398163397,10.3675920963
0.613584231994,0.00256077526063,0.00785398163397,10.3844380379
0.613584231994,0.00256077526063,0.00785398163397,10.401291132
0.629064268571,0.00268235768354,0.00750491578357,10.4176359177
Actuacion(lineal,angular) = 0.3,-0.0218120366071
0.629064268571,0.00268235768354,0.00750491578357,10.4344060421
0.629064268571,0.00268235768354,0.00750491578357,10.4509589672
0.629064268571,0.00268235768354,0.00750491578357,10.4690580368
0.644373767273,0.00279725633917,0.00733038285836,10.4843490124
0.644373767273,0.00279725633917,0.00733038285836,10.5012969971
0.644373767273,0.00279725633917,0.00733038285836,10.5178251266
0.659512706201,0.00290823254534,0.00750491578357,10.534776926
0.659512706201,0.00290823254534,0.00750491578357,10.5512499809
0.659512706201,0.00290823254534,0.00750491578357,10.5680129528
0.659512706201,0.00290823254534,0.00750491578357,10.5855031013
0.675035429118,0.0030247314608,0.00767944870876,10.6013169289
0.675035429118,0.0030247314608,0.00767944870876,10.6175069809
Actuacion(lineal,angular) = 0.261539662672,-0.0253044435869
0.675035429118,0.0030247314608,0.00767944870876,10.6343920231
0.6901316836,0.0031406646518,0.00767944870876,10.6508431435
0.6901316836,0.0031406646518,0.00767944870876,10.6678991318
0.6901316836,0.0031406646518,0.00767944870876,10.6840910912
0.6901316836,0.0031406646518,0.00767944870876,10.7012009621
0.704972069361,0.00325463287347,0.00698131700796,10.7174599171
0.704972069361,0.00325463287347,0.00698131700796,10.7341039181
0.704972069361,0.00325463287347,0.00698131700796,10.751611948
0.718447890913,0.00334871338413,0.00750491578357,10.7677330971
0.718447890913,0.00334871338413,0.00750491578357,10.7840600014
0.718447890913,0.00334871338413,0.00750491578357,10.8009469509
0.718447890913,0.00334871338413,0.00750491578357,10.8175759315
Actuacion(lineal,angular) = 0.22498957453,-0.0291416236259
0.732392754633,0.00345337037686,0.00715584993316,10.8343520164
0.732392754633,0.00345337037686,0.00715584993316,10.8511710167
0.732392754633,0.00345337037686,0.00715584993316,10.8680150509
0.732392754633,0.00345337037686,0.00715584993316,10.8843009472
0.745527399942,0.00354736153193,0.00715584993316,10.9014229774
0.745527399942,0.00354736153193,0.00715584993316,10.9177360535
0.745527399942,0.00354736153193,0.00715584993316,10.9342250824
0.758150305823,0.00363769069394,0.00680678408276,10.9508440495
0.758150305823,0.00363769069394,0.00680678408276,10.9675469398
0.758150305823,0.00363769069394,0.00680678408276,10.9842789173
0.761945715827,0.00366352562934,0.00680678408276,11.0009250641
0.761945715827,0.00366352562934,0.00680678408276,11.0174839497
Actuacion(lineal,angular) = 0.191037777283,-0.0332066690759
0.774355427188,0.0037479971597,0.00698131700796,11.0343599319
0.774355427188,0.0037479971597,0.00698131700796,11.0508711338
0.774355427188,0.0037479971597,0.00698131700796,11.0674929619
0.778406702655,0.00377628085753,0.00680678408276,11.0841519833
0.778406702655,0.00377628085753,0.00680678408276,11.1013679504
0.789153256824,0.00384943146114,0.00680678408276,11.1182060242
0.789153256824,0.00384943146114,0.00680678408276,11.1345999241
0.789153256824,0.00384943146114,0.00680678408276,11.1511449814
0.799516005487,0.00391996954319,0.00645771823237,11.1677980423
0.799516005487,0.00391996954319,0.00645771823237,11.184376955
0.799516005487,0.00391996954319,0.00645771823237,11.2011311054
0.799516005487,0.00391996954319,0.00645771823237,11.219178915
Actuacion(lineal,angular) = 0.160216435785,-0.0390474902285
0.809494971746,0.00398441179134,0.00610865238198,11.2342069149
0.809494971746,0.00398441179134,0.00610865238198,11.251057148
0.809494971746,0.00398441179134,0.00610865238198,11.2678649426
0.81926073365,0.00404406817809,0.00593411945677,11.2861070633
0.81926073365,0.00404406817809,0.00593411945677,11.3011360168
0.81926073365,0.00404406817809,0.00593411945677,11.3181629181
0.81926073365,0.00404406817809,0.00593411945677,11.3343400955
0.828727988764,0.00410024866031,0.00593411945677,11.351845026
0.828727988764,0.00410024866031,0.00593411945677,11.3675920963
0.828727988764,0.00410024866031,0.00593411945677,11.3842949867
0.831457287535,0.00411644483536,0.00575958653158,11.4015491009
0.831457287535,0.00411644483536,0.00575958653158,11.4176719189
Actuacion(lineal,angular) = 0.135291818651,-0.0451638603673
0.840583389615,0.00416900799122,0.00593411945677,11.434431076
0.840583389615,0.00416900799122,0.00593411945677,11.4511330128
0.840583389615,0.00416900799122,0.00593411945677,11.4677610397
0.840583389615,0.00416900799122,0.00593411945677,11.4854969978
0.848984512396,0.00421886184255,0.00628318530717,11.5013051033
0.848984512396,0.00421886184255,0.00628318530717,11.5178279877
0.848984512396,0.00421886184255,0.00628318530717,11.5345981121
0.857129746049,0.00427004052845,0.00628318530717,11.551181078
0.857129746049,0.00427004052845,0.00628318530717,11.5677750111
0.857129746049,0.00427004052845,0.00628318530717,11.5845599174
0.857129746049,0.00427004052845,0.00628318530717,11.6011059284
0.864933818083,0.00431907560446,0.00628318530717,11.6180889606
Actuacion(lineal,angular) = 0.112651173206,-0.0551012162617
0.864933818083,0.00431907560446,0.00628318530717,11.6347579956
0.867449885023,0.00433488472733,0.00610865238198,11.6525919437
0.867449885023,0.00433488472733,0.00610865238198,11.6680209637
0.867449885023,0.00433488472733,0.00610865238198,11.684317112
0.874486351023,0.00437786858678,0.00610865238198,11.7009210587
0.874486351023,0.00437786858678,0.00610865238198,11.7175071239
0.874486351023,0.00437786858678,0.00610865238198,11.7341060638
0.881266945533,0.0044192893968,0.00575958653158,11.7507300377
0.881266945533,0.0044192893968,0.00575958653158,11.767827034
0.881266945533,0.0044192893968,0.00575958653158,11.7844650745
0.881266945533,0.0044192893968,0.00575958653158,11.8011620045
0.887322583361,0.00445416775255,0.00593411945677,11.8179159164
Actuacion(lineal,angular) = 0.0937439213046,-0.0654741522331
0.887322583361,0.00445416775255,0.00593411945677,11.8344089985
0.887322583361,0.00445416775255,0.00593411945677,11.8510940075
0.893719377357,0.00449212753784,0.00575958653158,11.8675861359
0.893719377357,0.00449212753784,0.00575958653158,11.8848979473
0.893719377357,0.00449212753784,0.00575958653158,11.9010870457
0.893719377357,0.00449212753784,0.00575958653158,11.9179041386
0.899263271144,0.0045240584269,0.00610865238198,11.9343500137
0.899263271144,0.0045240584269,0.00610865238198,11.9510099888
0.899263271144,0.0045240584269,0.00610865238198,11.9676339626
0.904892443945,0.00455844551447,0.00593411945677,11.9851140976
0.904892443945,0.00455844551447,0.00593411945677,12.0008940697
0.904892443945,0.00455844551447,0.00593411945677,12.0183830261
Actuacion(lineal,angular) = 0.075644019507,-0.0812405623935
0.904892443945,0.00455844551447,0.00593411945677,12.0349271297
0.910095169728,0.00458931947316,0.00575958653158,12.050784111
0.910095169728,0.00458931947316,0.00575958653158,12.0674209595
0.911843628538,0.00459938998433,0.00558505360637,12.0841519833
0.911843628538,0.00459938998433,0.00558505360637,12.1009340286
0.911843628538,0.00459938998433,0.00558505360637,12.1177430153
0.916577265611,0.00462582787603,0.00541052068117,12.1343641281
0.916577265611,0.00462582787603,0.00541052068117,12.1514339447
0.916577265611,0.00462582787603,0.00541052068117,12.1678290367
0.91806985531,0.00463390364227,0.00541052068117,12.1848340034
0.91806985531,0.00463390364227,0.00541052068117,12.2013339996
0.922419688146,0.00465743873244,0.00488692190558,12.2176301479
Actuacion(lineal,angular) = 0.0645008812359,-0.0943399277133
0.922419688146,0.00465743873244,0.00488692190558,12.2344019413
0.922419688146,0.00465743873244,0.00488692190558,12.2514340878
0.926641596105,0.00467807103117,0.00488692190558,12.2680110931
0.926641596105,0.00467807103117,0.00488692190558,12.2848770618
0.926641596105,0.00467807103117,0.00488692190558,12.3011200428
0.926641596105,0.00467807103117,0.00488692190558,12.3176670074
0.930692921923,0.00469786970167,0.00488692190558,12.3343789577
0.930692921923,0.00469786970167,0.00488692190558,12.3516521454
0.930692921923,0.00469786970167,0.00488692190558,12.3677210808
0.934573665602,0.00471683474394,0.00488692190558,12.3842599392
0.934573665602,0.00471683474394,0.00488692190558,12.4008800983
0.934573665602,0.00471683474394,0.00488692190558,12.4179711342
Actuacion(lineal,angular) = 0.0521131223277,-0.116043177302
0.934573665602,0.00471683474394,0.00488692190558,12.4341819286
0.938241181606,0.00473475775092,0.00453785605518,12.4513790607
0.938241181606,0.00473475775092,0.00453785605518,12.4674830437
0.938241181606,0.00473475775092,0.00453785605518,12.4841871262
0.939477904153,0.00474036985834,0.00436332312998,12.5014169216
0.939477904153,0.00474036985834,0.00436332312998,12.5177280903
0.942932200848,0.00475544216666,0.00436332312998,12.5347409248
0.942932200848,0.00475544216666,0.00436332312998,12.5512559414
0.942932200848,0.00475544216666,0.00436332312998,12.5680179596
0.946130623714,0.00476939800769,0.00418879020477,12.5844979286
0.946130623714,0.00476939800769,0.00418879020477,12.6022429466
0.946130623714,0.00476939800769,0.00418879020477,12.6183879375
Actuacion(lineal,angular) = 0.0429636965175,-0.139626886821
0.946130623714,0.00476939800769,0.00418879020477,12.6344161034
0.949243757626,0.0047824383488,0.00383972435437,12.6510519981
0.949243757626,0.0047824383488,0.00383972435437,12.6678421497
0.949243757626,0.0047824383488,0.00383972435437,12.6843121052
0.949243757626,0.0047824383488,0.00383972435437,12.701390028
0.952143667252,0.00479357325714,0.00366519142918,12.717674017
0.952143667252,0.00479357325714,0.00366519142918,12.7343840599
0.952143667252,0.00479357325714,0.00366519142918,12.7511160374
0.954915641504,0.0048037331189,0.00331612557878,12.7677919865
0.954915641504,0.0048037331189,0.00331612557878,12.7844779491
0.954915641504,0.0048037331189,0.00331612557878,12.8009500504
0.954915641504,0.0048037331189,0.00331612557878,12.8177061081
Actuacion(lineal,angular) = 0.0362172247182,-0.164416087579
0.957517035895,0.00481235970101,0.00279252680319,12.8343269825
0.957517035895,0.00481235970101,0.00279252680319,12.850826025
0.957517035895,0.00481235970101,0.00279252680319,12.8677971363
0.960246372079,0.00481998146527,0.00279252680319,12.8845069408
0.960246372079,0.00481998146527,0.00279252680319,12.9012219906
0.960246372079,0.00481998146527,0.00279252680319,12.9175469875
0.961227227271,0.0048227205368,0.00279252680319,12.9349169731
0.961227227271,0.0048227205368,0.00279252680319,12.9512569904
0.963785979944,0.0048298659408,0.00261799387799,12.9676499367
0.963785979944,0.0048298659408,0.00261799387799,12.9841010571
0.963785979944,0.0048298659408,0.00261799387799,13.00101614
0.963785979944,0.0048298659408,0.00261799387799,13.0175850391
0.966302087927,0.00483645311114,0.00191986217718,13.0341460705
0.966302087927,0.00483645311114,0.00191986217718,13.0507600307
0.966302087927,0.00483645311114,0.00191986217718,13.0676429272
0.968562324102,0.00484079245842,0.00157079632679,13.0840671062
0.968562324102,0.00484079245842,0.00157079632679,13.101154089
0.968562324102,0.00484079245842,0.00157079632679,13.1175990105
0.968562324102,0.00484079245842,0.00157079632679,13.1341869831
0.970822561655,0.00484434283418,0.00139626340159,13.1508450508
0.970822561655,0.00484434283418,0.00139626340159,13.1681160927
0.970822561655,0.00484434283418,0.00139626340159,13.1845159531
0.973168091797,0.00484761781421,0.00087266462599,13.2009830475
0.973168091797,0.00484761781421,0.00087266462599,13.2180521488
Actuacion(lineal,angular) = 0.0119524429356,-0.224379838418
0.973168091797,0.00484761781421,0.00087266462599,13.2345609665
0.973978366328,0.00484832491231,0.00087266462599,13.2510211468
0.973978366328,0.00484832491231,0.00087266462599,13.2678439617
0.973978366328,0.00484832491231,0.00087266462599,13.284430027
0.976238605808,0.00485029734385,0.000174532925188,13.3015520573
0.976238605808,0.00485029734385,0.000174532925188,13.3177070618
0.976238605808,0.00485029734385,0.000174532925188,13.3345060349
0.977987093593,0.00485060251254,0.0,13.3510761261
0.977987093593,0.00485060251254,0.0,13.3676691055
0.977987093593,0.00485060251254,0.0,13.384360075
0.97888266052,0.00485060251254,-0.000872664625996,13.4010591507
0.97888266052,0.00485060251254,-0.000872664625996,13.4175231457
Actuacion(lineal,angular) = 0.00586755854201,-0.284435356569
0.97888266052,0.00485060251254,-0.000872664625996,13.4343750477
0.97888266052,0.00485060251254,-0.000872664625996,13.4507551193
0.979223828743,0.00485030478702,-0.00191986217719,13.4674310684
0.979223828743,0.00485030478702,-0.00191986217719,13.4841060638
0.979223828743,0.00485030478702,-0.00191986217719,13.5007870197
0.979522350502,0.00484973166568,-0.00191986217719,13.5175130367
0.979522350502,0.00484973166568,-0.00191986217719,13.5342891216
0.979522350502,0.00484973166568,-0.00191986217719,13.5508320332
0.979607642434,0.00484956791673,-0.0020943951024,13.5674920082
0.979607642434,0.00484956791673,-0.0020943951024,13.5842211246
0.979607642434,0.00484956791673,-0.0020943951024,13.6009550095
0.979906164088,0.00484894269353,-0.00279252680319,13.6183400154
Actuacion(lineal,angular) = 0.00330664001689,-0.344355548333
0.979906164088,0.00484894269353,-0.00279252680319,13.6341750622
0.980034101722,0.00484858542333,-0.00296705972839,13.6508541107
0.980034101722,0.00484858542333,-0.00296705972839,13.6675100327
0.980034101722,0.00484858542333,-0.00296705972839,13.6851539612
0.98028997686,0.00484782622428,-0.0036651914292,13.7008781433
0.98028997686,0.00484782622428,-0.0036651914292,13.7177240849
0.98028997686,0.00484782622428,-0.0036651914292,13.7347559929
0.980545851407,0.00484688839088,-0.00471238898038,13.7511339188
0.980545851407,0.00484688839088,-0.00471238898038,13.7683949471
0.980631142548,0.00484648646288,-0.00488692190558,13.7848899364
0.980631142548,0.00484648646288,-0.00488692190558,13.8014259338
0.980631142548,0.00484648646288,-0.00488692190558,13.8178911209
Actuacion(lineal,angular) = 0.00204216011322,-0.404364288759
0.980844370223,0.00484544442759,-0.00610865238198,13.834897995
0.980844370223,0.00484544442759,-0.00610865238198,13.8510789871
0.980844370223,0.00484544442759,-0.00610865238198,13.8679449558
0.981185532211,0.00484336036167,-0.00733038285838,13.8840911388
0.981185532211,0.00484336036167,-0.00733038285838,13.9009521008
0.981185532211,0.00484336036167,-0.00733038285838,13.9173829556
0.981185532211,0.00484336036167,-0.00733038285838,13.9341371059
0.981484046499,0.00484117209845,-0.00994837673638,13.951308012
0.981484046499,0.00484117209845,-0.00994837673638,13.9675550461
0.981569334367,0.00484032359462,-0.0102974425868,13.9841580391
0.981569334367,0.00484032359462,-0.0102974425868,14.0012750626
0.981569334367,0.00484032359462,-0.0102974425868,14.0176420212
Actuacion(lineal,angular) = 0.00134852120437,-0.464355004739
0.981910484632,0.00483681049518,-0.0125663706144,14.0341010094
0.981910484632,0.00483681049518,-0.0125663706144,14.0509750843
0.981910484632,0.00483681049518,-0.0125663706144,14.0674419403
0.982422196756,0.00483037979248,-0.0151843644924,14.0843031406
0.982422196756,0.00483037979248,-0.0151843644924,14.1010019779
0.982422196756,0.00483037979248,-0.0151843644924,14.1173760891
0.982422196756,0.00483037979248,-0.0151843644924,14.1340470314
0.982976531419,0.00482196192594,-0.0185004900723,14.1507229805
0.982976531419,0.00482196192594,-0.0185004900723,14.1681599617
0.982976531419,0.00482196192594,-0.0185004900723,14.1846780777
0.983616112612,0.00481012801028,-0.0233874119767,14.2012290955
0.983616112612,0.00481012801028,-0.0233874119767,14.2178149223
Actuacion(lineal,angular) = 0.000936751295642,-0.524317825746
0.983616112612,0.00481012801028,-0.0233874119767,14.234306097
0.983616112612,0.00481012801028,-0.0233874119767,14.2510800362
0.984212993955,0.00479616595471,-0.0286233997327,14.2677550316
0.984212993955,0.00479616595471,-0.0286233997327,14.284389019
0.984212993955,0.00479616595471,-0.0286233997327,14.3010659218
0.984937679737,0.00477541731712,-0.0322885911619,14.3175210953
0.984937679737,0.00477541731712,-0.0322885911619,14.334428072
0.984937679737,0.00477541731712,-0.0322885911619,14.3510839939
0.984937679737,0.00477541731712,-0.0322885911619,14.3675789833
0.985832779867,0.004746505747,-0.0378736447683,14.3844079971
0.985832779867,0.004746505747,-0.0378736447683,14.4011800289
0.986088472638,0.00473681709687,-0.0399680398707,14.4179971218
Actuacion(lineal,angular) = 0.000676849561836,-0.584303749513
0.986088472638,0.00473681709687,-0.0399680398707,14.434253931
0.986088472638,0.00473681709687,-0.0399680398707,14.4508340359
0.987153772297,0.00469421647117,-0.047298422729,14.4675350189
0.987153772297,0.00469421647117,-0.047298422729,14.4843139648
0.987153772297,0.00469421647117,-0.047298422729,14.5009009838
0.988218731058,0.0046438080056,-0.055152404363,14.5177280903
0.988218731058,0.0046438080056,-0.055152404363,14.5341579914
0.988218731058,0.0046438080056,-0.055152404363,14.5508489609
0.988218731058,0.0046438080056,-0.055152404363,14.5674750805
0.989368423472,0.00458033533486,-0.0652753140246,14.5843970776
0.989368423472,0.00458033533486,-0.0652753140246,14.6009500027
0.989368423472,0.00458033533486,-0.0652753140246,14.6174089909
Actuacion(lineal,angular) = 0.000504887311289,-0.644274939012
0.989368423472,0.00458033533486,-0.0652753140246,14.6340589523
0.990474859241,0.00450800964005,-0.073478361509,14.6508340836
0.990474859241,0.00450800964005,-0.073478361509,14.6679849625
0.990474859241,0.00450800964005,-0.073478361509,14.6840901375
0.99162319547,0.00442347959277,-0.0809832772925,14.7012479305
0.99162319547,0.00442347959277,-0.0809832772925,14.7178750038
0.992005751972,0.00439243100858,-0.0834267382453,14.7340590954
0.992005751972,0.00439243100858,-0.0834267382453,14.7507250309
0.992005751972,0.00439243100858,-0.0834267382453,14.7673830986
0.993238185897,0.00428937386182,-0.0921533845053,14.7843289375
0.993238185897,0.00428937386182,-0.0921533845053,14.8009879589
0.993238185897,0.00428937386182,-0.0921533845053,14.8175849915
Actuacion(lineal,angular) = 0.000393653440689,-0.7
0.993238185897,0.00428937386182,-0.0921533845053,14.8343961239
0.994597068839,0.00416379250892,-0.102625360017,14.8507549763
0.994597068839,0.00416379250892,-0.102625360017,14.8674271107
0.994597068839,0.00416379250892,-0.102625360017,14.884057045
0.995827297207,0.00403709477505,-0.111002940427,14.9011731148
0.995827297207,0.00403709477505,-0.111002940427,14.9177041054
0.995827297207,0.00403709477505,-0.111002940427,14.9340839386
0.995827297207,0.00403709477505,-0.111002940427,14.950838089
0.997098804576,0.00389537114986,-0.120427718388,14.9675250053
0.997098804576,0.00389537114986,-0.120427718388,14.984194994
0.997098804576,0.00389537114986,-0.120427718388,15.000921011
0.99836891978,0.00374167032181,-0.137182879207,15.01749897
Actuacion(lineal,angular) = 0.000393653440689,-0.7
0.99836891978,0.00374167032181,-0.137182879207,15.0344030857
0.99836891978,0.00374167032181,-0.137182879207,15.051060915
0.998706882916,0.00369501452376,-0.142418866963,15.0675780773
0.998706882916,0.00369501452376,-0.142418866963,15.0842339993
0.999508954179,0.00358000581074,-0.15742869853,15.1012570858
0.999508954179,0.00358000581074,-0.15742869853,15.117743969
0.999508954179,0.00358000581074,-0.15742869853,15.1346950531
0.999845903534,0.00352651770113,-0.162490153361,15.1519191265
0.999845903534,0.00352651770113,-0.162490153361,15.1677050591
0.999845903534,0.00352651770113,-0.162490153361,15.1844439507
1.00115051649,0.0033126453255,-0.179768912955,15.2011659145
1.00115051649,0.0033126453255,-0.179768912955,15.2177579403
Actuacion(lineal,angular) = 0.000393653440689,-0.7
1.00228340422,0.0031067647321,-0.194604211597,15.2343170643
1.00228340422,0.0031067647321,-0.194604211597,15.2510011196
1.00228340422,0.0031067647321,-0.194604211597,15.2684340477
1.00265997385,0.0030325433823,-0.198269403027,15.284512043
1.00265997385,0.0030325433823,-0.198269403027,15.3008880615
1.00370523791,0.00282254047135,-0.211359372417,15.3175749779
1.00370523791,0.00282254047135,-0.211359372417,15.3342790604
1.00370523791,0.00282254047135,-0.211359372417,15.3508310318
1.00370523791,0.00282254047135,-0.211359372417,15.3674681187
1.00487275464,0.00257203342765,-0.228987197862,15.3842201233
1.00487275464,0.00257203342765,-0.228987197862,15.4008691311
1.00487275464,0.00257203342765,-0.228987197862,15.4175360203
Actuacion(lineal,angular) = 0.000393653440689,-0.7
1.00591107578,0.00233002642878,-0.24905848426,15.434112072
1.00591107578,0.00233002642878,-0.24905848426,15.4522759914
1.00591107578,0.00233002642878,-0.24905848426,15.4674091339
1.00591107578,0.00233002642878,-0.24905848426,15.4840271473
1.00694433072,0.0020672291336,-0.267384441406,15.5015230179
1.00694433072,0.0020672291336,-0.267384441406,15.5180020332
1.00694433072,0.0020672291336,-0.267384441406,15.5343959332
1.00694433072,0.0020672291336,-0.267384441406,15.5535850525
1.00784920452,0.00181934413961,-0.285884931477,15.5681581497
1.00784920452,0.00181934413961,-0.285884931477,15.5844659805
1.00784920452,0.00181934413961,-0.285884931477,15.6012160778
1.0087084226,0.0015667883769,-0.301243828894,15.6176681519
Actuacion(lineal,angular) = 0.000393653440689,-0.7
1.0087084226,0.0015667883769,-0.301243828894,15.6341791153
1.0087084226,0.0015667883769,-0.301243828894,15.6507251263
1.0087084226,0.0015667883769,-0.301243828894,15.6678800583
1.00972656298,0.00125045254547,-0.322536845769,15.6841011047
1.00972656298,0.00125045254547,-0.322536845769,15.7012000084
1.00972656298,0.00125045254547,-0.322536845769,15.7177510262
1.01061639639,0.000953063793195,-0.340688269989,15.7349009514
1.01061639639,0.000953063793195,-0.340688269989,15.751116991
1.01061639639,0.000953063793195,-0.340688269989,15.7693810463
1.01061639639,0.000953063793195,-0.340688269989,15.7848830223
1.0112997107,0.000710821041698,-0.356919832033,15.801388979
1.0112997107,0.000710821041698,-0.356919832033,15.817677021
Actuacion(lineal,angular) = 0.000393653440689,-0.7
1.0112997107,0.000710821041698,-0.356919832033,15.8342990875
1.01209887833,0.000412819144486,-0.373674992852,15.8525149822
1.01209887833,0.000412819144486,-0.373674992852,15.8681910038
1.01209887833,0.000412819144486,-0.373674992852,15.8850140572
1.01209887833,0.000412819144486,-0.373674992852,15.9011781216
1.01293264408,8.59020392663e-05,-0.38938295612,15.9175851345
1.01293264408,8.59020392663e-05,-0.38938295612,15.9341099262
1.01293264408,8.59020392663e-05,-0.38938295612,15.9507269859
1.01293264408,8.59020392663e-05,-0.38938295612,15.9673900604
1.01376117198,-0.00025407095822,-0.402298392585,15.9844670296
1.01376117198,-0.00025407095822,-0.402298392585,16.0014829636
1.01376117198,-0.00025407095822,-0.402298392585,16.01790905
Actuacion(lineal,angular) = 0.000393653440689,-0.7
1.01485992934,-0.000721597817763,-0.42027528388,16.0341749191
1.01485992934,-0.000721597817763,-0.42027528388,16.0511729717
1.01485992934,-0.000721597817763,-0.42027528388,16.0676910877
1.01485992934,-0.000721597817763,-0.42027528388,16.0843319893
1.01567756104,-0.00108699968854,-0.443139097081,16.101444006
1.01567756104,-0.00108699968854,-0.443139097081,16.1177120209
1.01594724912,-0.00121499932754,-0.449771348239,16.1344220638
1.01594724912,-0.00121499932754,-0.449771348239,16.1511909962
1.01594724912,-0.00121499932754,-0.449771348239,16.1684710979
1.01686896306,-0.00165997801275,-0.468795437086,16.1843259335
1.01686896306,-0.00165997801275,-0.468795437086,16.2010910511
1.01686896306,-0.00165997801275,-0.468795437086,16.2175359726
Actuacion(lineal,angular) = 0.000393653440689,-0.7
1.01721136894,-0.00183338996599,-0.474729556542,16.2341220379
1.01721136894,-0.00183338996599,-0.474729556542,16.2508881092
1.01721136894,-0.00183338996599,-0.474729556542,16.267539978
1.01785618047,-0.00216477807855,-0.48973938811,16.2843430042
1.01785618047,-0.00216477807855,-0.48973938811,16.3011519909
1.01857121194,-0.00254592806164,-0.505970950153,16.3181419373
1.01857121194,-0.00254592806164,-0.505970950153,16.3344209194
1.01857121194,-0.00254592806164,-0.505970950153,16.3514859676
1.01879502801,-0.00266994027512,-0.511032404984,16.3676271439
1.01879502801,-0.00266994027512,-0.511032404984,16.3843529224
1.01953897976,-0.00308708512543,-0.529009296279,16.4018759727
1.01953897976,-0.00308708512543,-0.529009296279,16.4176549911
Actuacion(lineal,angular) = 0.000393653440689,-0.7
1.01953897976,-0.00308708512543,-0.529009296279,16.4342610836
1.02020167944,-0.00347449072615,-0.548556983902,16.4508550167
1.02020167944,-0.00347449072615,-0.548556983902,16.4677989483
1.02020167944,-0.00347449072615,-0.548556983902,16.4855270386
1.02020167944,-0.00347449072615,-0.548556983902,16.5010931492
1.02100223582,-0.00396372795849,-0.569500934926,16.5176100731
1.02100223582,-0.00396372795849,-0.569500934926,16.534651041
1.02128955763,-0.0041476899666,-0.575609587308,16.551240921
1.02128955763,-0.0041476899666,-0.575609587308,16.5680360794
1.02128955763,-0.0041476899666,-0.575609587308,16.5845179558
1.02193349121,-0.004565545823,-0.593411945678,16.6013081074
1.02193349121,-0.004565545823,-0.593411945678,16.6176950932
Actuacion(lineal,angular) = 0.000393653440689,-0.7
1.02193349121,-0.004565545823,-0.593411945678,16.6343529224
1.02218097742,-0.00473247737981,-0.59952059806,16.6508419514
1.02218097742,-0.00473247737981,-0.59952059806,16.667937994
1.02218097742,-0.00473247737981,-0.59952059806,16.6844711304
1.0228851542,-0.00521373520859,-0.618893752757,16.7011749744
1.0228851542,-0.00521373520859,-0.618893752757,16.7175691128
1.02344093159,-0.00560958224163,-0.639314105006,16.7342350483
1.02344093159,-0.00560958224163,-0.639314105006,16.7508461475
1.02344093159,-0.00560958224163,-0.639314105006,16.7676949501
1.02368049729,-0.0057876941288,-0.644550092762,16.7847540379
1.02368049729,-0.0057876941288,-0.644550092762,16.8012099266
1.02426002687,-0.00622329193609,-0.662352451132,16.8179650307
Actuacion(lineal,angular) = 0.000393653440689,-0.7
1.02426002687,-0.00622329193609,-0.662352451132,16.8341529369
1.02426002687,-0.00622329193609,-0.662352451132,16.8510551453
1.02426002687,-0.00622329193609,-0.662352451132,16.8680429459
1.02493259569,-0.00674781573824,-0.68277280338,16.8844199181
1.02493259569,-0.00674781573824,-0.68277280338,16.9011640549
1.02493259569,-0.00674781573824,-0.68277280338,16.9177210331
1.02552814223,-0.0072321485628,-0.70458941903,16.9342560768
1.02552814223,-0.0072321485628,-0.70458941903,16.9508111477
1.02552814223,-0.0072321485628,-0.70458941903,16.9676160812
1.02552814223,-0.0072321485628,-0.70458941903,16.9841849804
1.02624294564,-0.00783984887431,-0.724660705428,17.0008780956
1.02624294564,-0.00783984887431,-0.724660705428,17.0176551342
Actuacion(lineal,angular) = 0.000393653440689,-0.7
1.02624294564,-0.00783984887431,-0.724660705428,17.0344250202
1.02675382776,-0.00829215721483,-0.746128255228,17.051224947
1.02675382776,-0.00829215721483,-0.746128255228,17.0678551197
1.02675382776,-0.00829215721483,-0.746128255228,17.0845720768
1.02675382776,-0.00829215721483,-0.746128255228,17.1012251377
1.02712961917,-0.00863953521373,-0.765326877,17.117743969
1.02712961917,-0.00863953521373,-0.765326877,17.134403944
1.02712961917,-0.00863953521373,-0.765326877,17.1512451172
1.02777546258,-0.00925995959021,-0.788016157275,17.1678199768
1.02777546258,-0.00925995959021,-0.788016157275,17.1841909885
1.02777546258,-0.00925995959021,-0.788016157275,17.2008991241
1.02789576761,-0.00938089619021,-0.794299342583,17.2181501389
Actuacion(lineal,angular) = 0.000393653440689,-0.7
1.02789576761,-0.00938089619021,-0.794299342583,17.2344229221
1.02789576761,-0.00938089619021,-0.794299342583,17.2507460117
1.02840382448,-0.0098980791434,-0.812799832654,17.2675030231
1.02840382448,-0.0098980791434,-0.812799832654,17.2841510773
1.02846246005,-0.0099600195214,-0.818908485036,17.3010981083
1.02846246005,-0.0099600195214,-0.818908485036,17.3174729347
1.02846246005,-0.0099600195214,-0.818908485036,17.3343751431
1.02895763694,-0.0104895474589,-0.837932573882,17.351140976
1.02895763694,-0.0104895474589,-0.837932573882,17.3675220013
1.02895763694,-0.0104895474589,-0.837932573882,17.3840839863
1.02935706032,-0.0109333077968,-0.857131195654,17.4010770321
1.02935706032,-0.0109333077968,-0.857131195654,17.4175591469
Actuacion(lineal,angular) = 0.000393653440689,-0.7
1.02935706032,-0.0109333077968,-0.857131195654,17.4341080189
1.02980372399,-0.0114491323291,-0.873886356474,17.450758934
1.02980372399,-0.0114491323291,-0.873886356474,17.4677550793
1.02980372399,-0.0114491323291,-0.873886356474,17.4855289459
1.02980372399,-0.0114491323291,-0.873886356474,17.5018639565
1.03029642747,-0.0120377724919,-0.893957642872,17.5175249577
1.03029642747,-0.0120377724919,-0.893957642872,17.5342760086
1.03029642747,-0.0120377724919,-0.893957642872,17.550866127
1.03059024375,-0.0124034675694,-0.914203462195,17.5676450729
1.03059024375,-0.0124034675694,-0.914203462195,17.5841059685
1.03059024375,-0.0124034675694,-0.914203462195,17.6009991169
1.03059024375,-0.0124034675694,-0.914203462195,17.6176240444
Actuacion(lineal,angular) = 0.000393653440689,-0.7
1.03113691723,-0.0131128251892,-0.930784090089,17.6342720985
1.03113691723,-0.0131128251892,-0.930784090089,17.650908947
1.03113691723,-0.0131128251892,-0.930784090089,17.667429924
1.03113691723,-0.0131128251892,-0.930784090089,17.684032917
1.03162081762,-0.0137627372791,-0.948062849683,17.701084137
1.03162081762,-0.0137627372791,-0.948062849683,17.7175500393
1.03162081762,-0.0137627372791,-0.948062849683,17.7340819836
1.03199392213,-0.0142823497981,-0.963770812951,17.7507750988
1.03199392213,-0.0142823497981,-0.963770812951,17.767398119
1.03199392213,-0.0142823497981,-0.963770812951,17.7840790749
1.03199392213,-0.0142823497981,-0.963770812951,17.8010821342
1.03248045114,-0.0149828949803,-0.98454023105,17.8173930645
Actuacion(lineal,angular) = 0.000393653440689,-0.7
1.03248045114,-0.0149828949803,-0.98454023105,17.8347110748
1.03255123242,-0.0150894697236,-0.991347015133,17.850744009
1.03255123242,-0.0150894697236,-0.991347015133,17.8673689365
1.03255123242,-0.0150894697236,-0.991347015133,17.8844780922
1.03294820632,-0.0156961094174,-1.01089470276,17.9026811123
1.03294820632,-0.0156961094174,-1.01089470276,17.9175429344
1.03294820632,-0.0156961094174,-1.01089470276,17.9354670048
1.03340119502,-0.0164187955618,-1.02974425868,17.9508941174
1.03340119502,-0.0164187955618,-1.02974425868,17.9674890041
1.03340119502,-0.0164187955618,-1.02974425868,17.98508811
1.03340119502,-0.0164187955618,-1.02974425868,18.0009720325
1.03384048175,-0.0171498914531,-1.05173540725,18.017635107
Actuacion(lineal,angular) = 0.000393653440689,-0.7
1.03384048175,-0.0171498914531,-1.05173540725,18.035378933
1.03384048175,-0.0171498914531,-1.05173540725,18.0511980057
1.03417896509,-0.0177423544584,-1.07267935828,18.067565918
1.03417896509,-0.0177423544584,-1.07267935828,18.0841450691
1.03417896509,-0.0177423544584,-1.07267935828,18.1010320187
1.03432159074,-0.0180046014646,-1.08053333991,18.1174089909
1.03432159074,-0.0180046014646,-1.08053333991,18.1340520382
1.03432159074,-0.0180046014646,-1.08053333991,18.1509771347
1.03454247324,-0.0184184514564,-1.10584061406,18.1674571037
1.03454247324,-0.0184184514564,-1.10584061406,18.1843669415
1.03454247324,-0.0184184514564,-1.10584061406,18.201362133
1.0348292998,-0.0189902334692,-1.13062428944,18.2175469398
1.0348292998,-0.0189902334692,-1.13062428944,18.2341909409
Actuacion(lineal,angular) = 0.000393653440689,-0.7
1.0348292998,-0.0189902334692,-1.13062428944,18.2507619858
1.03528358157,-0.0199547573147,-1.14912477951,18.2677299976
1.03528358157,-0.0199547573147,-1.14912477951,18.2844500542
1.03528358157,-0.0199547573147,-1.14912477951,18.3015129566
1.03528358157,-0.0199547573147,-1.14912477951,18.3175990582
1.03552794367,-0.020499504451,-1.16675260496,18.3344199657
1.03552794367,-0.020499504451,-1.16675260496,18.3509740829
1.03552794367,-0.020499504451,-1.16675260496,18.36759305
1.03572913388,-0.020970050037,-1.18595122673,18.3848099709
1.03572913388,-0.020970050037,-1.18595122673,18.401391983
1.03572913388,-0.020970050037,-1.18595122673,18.4176039696
Actuacion(lineal,angular) = 0.000393653440689,-0.7
1.03572913388,-0.020970050037,-1.18595122673,18.4342391491
1.03593726374,-0.0214838980121,-1.21125850088,18.4507529736
1.03593726374,-0.0214838980121,-1.21125850088,18.4674310684
1.03593726374,-0.0214838980121,-1.21125850088,18.4842119217
1.03598227771,-0.021603655721,-1.21858888374,18.5009400845
1.03598227771,-0.021603655721,-1.21858888374,18.5174789429
1.0361735289,-0.0221240217057,-1.24058003232,18.5343239307
1.0361735289,-0.0221240217057,-1.24058003232,18.5508220196
1.0361735289,-0.0221240217057,-1.24058003232,18.5674769878
1.03643625861,-0.0228905192044,-1.26501464185,18.5841860771
1.03643625861,-0.0228905192044,-1.26501464185,18.601113081
1.03643625861,-0.0228905192044,-1.26501464185,18.6173801422
Actuacion(lineal,angular) = 0.000393653440689,-0.7
1.03643625861,-0.0228905192044,-1.26501464185,18.6343090534
1.0365518016,-0.0232565291914,-1.29259084403,18.6508719921
1.0365518016,-0.0232565291914,-1.29259084403,18.6674599648
1.03659864923,-0.023420554375,-1.29974669396,18.684210062
1.03659864923,-0.023420554375,-1.29974669396,18.7009019852
1.03659864923,-0.023420554375,-1.29974669396,18.717705965
1.03679275821,-0.0241190682923,-1.32261050716,18.7342839241
1.03679275821,-0.0241190682923,-1.32261050716,18.7507009506
1.03679275821,-0.0241190682923,-1.32261050716,18.7673809528
1.03690799223,-0.024573801197,-1.34756871546,18.7845821381
1.03690799223,-0.024573801197,-1.34756871546,18.8008489609
1.03690799223,-0.024573801197,-1.34756871546,18.8175411224
Actuacion(lineal,angular) = 0.000393653440689,-0.7
1.03690799223,-0.024573801197,-1.34756871546,18.8341870308
1.03702128314,-0.0250728561268,-1.37531945057,18.8508689404
1.03702128314,-0.0250728561268,-1.37531945057,18.8675069809
1.03702128314,-0.0250728561268,-1.37531945057,18.884264946
1.03702128314,-0.0250728561268,-1.37531945057,18.9007689953
1.03716209969,-0.0257840316938,-1.40481551493,18.91781497
1.03716209969,-0.0257840316938,-1.40481551493,18.9340889454
1.03716209969,-0.0257840316938,-1.40481551493,18.9509289265
1.03728188115,-0.0264990508474,-1.42663213058,18.9673969746
1.03728188115,-0.0264990508474,-1.42663213058,18.9840071201
1.03728188115,-0.0264990508474,-1.42663213058,19.0009980202
1.03728188115,-0.0264990508474,-1.42663213058,19.017537117
Actuacion(lineal,angular) = 0.000393653440689,-0.7
1.03736152902,-0.0270476982724,-1.45263753643,19.0341079235
1.03736152902,-0.0270476982724,-1.45263753643,19.0509319305
1.03737158359,-0.0271323956504,-1.46223684732,19.0677931309
1.03737158359,-0.0271323956504,-1.46223684732,19.0841209888
1.03737158359,-0.0271323956504,-1.46223684732,19.1009271145
1.03744089176,-0.0277683205848,-1.49400183971,19.1174919605
1.03744089176,-0.0277683205848,-1.49400183971,19.1353781223
1.03746706586,-0.0281084834304,-1.50272848597,19.1509461403
1.03746706586,-0.0281084834304,-1.50272848597,19.1678359509
1.03746706586,-0.0281084834304,-1.50272848597,19.1843750477
1.03749607169,-0.0285339563086,-1.5292574906,19.2014081478
1.03749607169,-0.0285339563086,-1.5292574906,19.2189130783
Actuacion(lineal,angular) = 0.000393653440689,-0.7
1.03749607169,-0.0285339563086,-1.5292574906,19.2349009514
1.03751909414,-0.0290878766511,-1.55735729155,19.2511160374
1.03751909414,-0.0290878766511,-1.55735729155,19.2677099705
1.03751909414,-0.0290878766511,-1.55735729155,19.2850821018
1.03752941002,-0.0298554361274,-1.58580615836,19.3011829853
1.03752941002,-0.0298554361274,-1.58580615836,19.3178310394
1.03752941002,-0.0298554361274,-1.58580615836,19.3347110748
1.03752620959,-0.0300686423288,-1.59418373877,19.351088047
1.03752620959,-0.0300686423288,-1.59418373877,19.3678820133
1.0375152394,-0.0305376205266,-1.62245807265,19.3854730129
1.0375152394,-0.0305376205266,-1.62245807265,19.4013059139
1.0375152394,-0.0305376205266,-1.62245807265,19.4185299873
Actuacion(lineal,angular) = 0.000393653440689,-0.7
1.0375152394,-0.0305376205266,-1.62245807265,19.4343640804
1.03748440876,-0.0311338685852,-1.65160507116,19.4510750771
1.03748440876,-0.0311338685852,-1.65160507116,19.4677000046
1.03748440876,-0.0311338685852,-1.65160507116,19.4845321178
1.03741211785,-0.0320265130537,-1.68319553062,19.5014381409
1.03741211785,-0.0320265130537,-1.68319553062,19.5174760818
1.03741211785,-0.0320265130537,-1.68319553062,19.5341520309
1.03741211785,-0.0320265130537,-1.68319553062,19.5509440899
1.03735471832,-0.0325350363521,-1.71216799621,19.5675210953
1.03735471832,-0.0325350363521,-1.71216799621,19.584197998
1.03735471832,-0.0325350363521,-1.71216799621,19.6010420322
1.03735471832,-0.0325350363521,-1.71216799621,19.6176509857
Actuacion(lineal,angular) = 0.000393653440689,-0.7
1.03728862063,-0.0329994628711,-1.74288579104,19.6342120171
1.03728862063,-0.0329994628711,-1.74288579104,19.6509919167
1.03728862063,-0.0329994628711,-1.74288579104,19.6676061153
1.03717177639,-0.0336717208609,-1.77185825662,19.6841011047
1.03717177639,-0.0336717208609,-1.77185825662,19.7010130882
1.03717177639,-0.0336717208609,-1.77185825662,19.7174179554
1.03717177639,-0.0336717208609,-1.77185825662,19.7340431213
1.0370269901,-0.0343820988722,-1.80292511731,19.750797987
1.0370269901,-0.0343820988722,-1.80292511731,19.7674291134
1.0370269901,-0.0343820988722,-1.80292511731,19.7842149734
1.03696812584,-0.0346311122473,-1.8118262965,19.8015360832
1.03696812584,-0.0346311122473,-1.8118262965,19.8175940514
Actuacion(lineal,angular) = 0.000393653440689,-0.7
1.03691722715,-0.0348381785439,-1.82823239146,19.8342411518
1.03691722715,-0.0348381785439,-1.82823239146,19.8510169983
1.03691722715,-0.0348381785439,-1.82823239146,19.8674120903
1.0367760762,-0.0353743074336,-1.85092167174,19.8841540813
1.0367760762,-0.0353743074336,-1.85092167174,19.9013140202
1.0367760762,-0.0353743074336,-1.85092167174,19.9175000191
1.03664637946,-0.0358251285197,-1.88024320317,19.9341220856
1.03664637946,-0.0358251285197,-1.88024320317,19.9507811069
1.03664637946,-0.0358251285197,-1.88024320317,19.967646122
1.0365035216,-0.0362719534604,-1.90432874685,19.9841849804
1.0365035216,-0.0362719534604,-1.90432874685,20.0009109974
1.0365035216,-0.0362719534604,-1.90432874685,20.0174560547
Actuacion(lineal,angular) = 0.000393653440689,-0.7
1.0365035216,-0.0362719534604,-1.90432874685,20.0343110561
1.03637786736,-0.0366346165325,-1.93207948196,20.0511610508
1.03637786736,-0.0366346165325,-1.93207948196,20.0675740242
1.03637786736,-0.0366346165325,-1.93207948196,20.0842261314
1.0361366785,-0.0372729043318,-1.96436807312,20.1010351181
1.0361366785,-0.0372729043318,-1.96436807312,20.1180839539
1.0361366785,-0.0372729043318,-1.96436807312,20.13418293
1.0361366785,-0.0372729043318,-1.96436807312,20.1509449482
1.03592407246,-0.0377849164885,-1.99910012523,20.1675150394
1.03592407246,-0.0377849164885,-1.99910012523,20.1843400002
1.03580008766,-0.0380564737368,-2.00765223857,20.2008590698
1.03580008766,-0.0380564737368,-2.00765223857,20.2173850536
Actuacion(lineal,angular) = 0.000393653440689,-0.7
1.03580008766,-0.0380564737368,-2.00765223857,20.2343740463
1.03556552565,-0.0385588067342,-2.0341812432,20.2511339188
1.03556552565,-0.0385588067342,-2.0341812432,20.2688860893
1.03556552565,-0.0385588067342,-2.0341812432,20.2841351032
1.03554646378,-0.0385969555244,-2.04343148823,20.3007800579
1.03554646378,-0.0385969555244,-2.04343148823,20.3182771206
1.03537173836,-0.0389386930272,-2.07048409164,20.3340611458
1.03537173836,-0.0389386930272,-2.07048409164,20.3507199287
1.03537173836,-0.0389386930272,-2.07048409164,20.3676800728
1.03510609745,-0.0394253065143,-2.10190001818,20.3840939999
1.03510609745,-0.0394253065143,-2.10190001818,20.4008200169
1.03499809948,-0.0396091639721,-2.11184839491,20.4175231457
Actuacion(lineal,angular) = 0.000393653440689,-0.7
1.03499809948,-0.0396091639721,-2.11184839491,20.4343969822
1.03499809948,-0.0396091639721,-2.11184839491,20.4506781101
1.03480042045,-0.0399381571232,-2.14186805805,20.4674680233
1.03480042045,-0.0399381571232,-2.14186805805,20.4841840267
1.03480042045,-0.0399381571232,-2.14186805805,20.5008831024
1.03454685243,-0.040332826801,-2.1692697273,20.5174851418
1.03454685243,-0.040332826801,-2.1692697273,20.534142971
1.03454685243,-0.040332826801,-2.1692697273,20.5508310795
1.03442672239,-0.0405089968921,-2.17869450526,20.5675151348
1.03442672239,-0.0405089968921,-2.17869450526,20.5841491222
1.03442672239,-0.0405089968921,-2.17869450526,20.6009020805
1.03430493735,-0.0406840269768,-2.21325202445,20.61749506
Actuacion(lineal,angular) = 0.000393653440689,-0.7
1.03430493735,-0.0406840269768,-2.21325202445,20.6347150803
1.03430493735,-0.0406840269768,-2.21325202445,20.6508231163
1.03433048929,-0.0406498834105,-2.22250226949,20.6675050259
1.03433048929,-0.0406498834105,-2.22250226949,20.6841609478
1.03407182244,-0.0409889408816,-2.24868220827,20.7008769512
1.03407182244,-0.0409889408816,-2.24868220827,20.7174580097
1.03407182244,-0.0409889408816,-2.24868220827,20.7340619564
1.03391135022,-0.0411882429871,-2.2752112129,20.7507381439
1.03391135022,-0.0411882429871,-2.2752112129,20.7673809528
1.03391135022,-0.0411882429871,-2.2752112129,20.7841029167
1.03355232831,-0.0416106894864,-2.30418367848,20.8008389473
1.03355232831,-0.0416106894864,-2.30418367848,20.817428112
Actuacion(lineal,angular) = 0.000393653440689,-0.7
1.03355232831,-0.0416106894864,-2.30418367848,20.8341269493
1.0333810473,-0.041800782832,-2.31273579182,20.8511121273
1.0333810473,-0.041800782832,-2.31273579182,20.8673930168
1.0333810473,-0.041800782832,-2.31273579182,20.8840489388
1.03297761298,-0.0422408998923,-2.33874119767,20.900906086
1.03297761298,-0.0422408998923,-2.33874119767,20.917386055
1.03297761298,-0.0422408998923,-2.33874119767,20.9344451427
1.03274061753,-0.0424863158674,-2.36684099863,20.9507329464
1.03274061753,-0.0424863158674,-2.36684099863,20.9675929546
1.03274061753,-0.0424863158674,-2.36684099863,20.9840810299
1.03255776969,-0.0426653111995,-2.39947865564,21.0007760525
1.03255776969,-0.0426653111995,-2.39947865564,21.0174450874
Actuacion(lineal,angular) = 0.000393653440689,-0.7
1.03255776969,-0.0426653111995,-2.39947865564,21.0341050625
1.03255776969,-0.0426653111995,-2.39947865564,21.0509910583
1.03224345066,-0.0429535334334,-2.42705485782,21.0680749416
1.03224345066,-0.0429535334334,-2.42705485782,21.0843009949
1.03224345066,-0.0429535334334,-2.42705485782,21.1013391018
1.03201794804,-0.0431491456512,-2.45655092218,21.1180810928
1.03201794804,-0.0431491456512,-2.45655092218,21.1343929768
1.03201794804,-0.0431491456512,-2.45655092218,21.1510901451
1.03201794804,-0.0431491456512,-2.45655092218,21.1677620411
1.03165467543,-0.0434459518245,-2.48133459756,21.1844439507
1.03165467543,-0.0434459518245,-2.48133459756,21.2009351254
1.03148625896,-0.0435767303315,-2.49302830355,21.217646122
Actuacion(lineal,angular) = 0.000393653440689,-0.7
1.03148625896,-0.0435767303315,-2.49302830355,21.2342889309
1.03148625896,-0.0435767303315,-2.49302830355,21.2508690357
1.03118037738,-0.0438085706874,-2.51816104478,21.2677109241
1.03118037738,-0.0438085706874,-2.51816104478,21.2843899727
1.03118037738,-0.0438085706874,-2.51816104478,21.3014121056
1.03093801315,-0.043982855369,-2.54556271403,21.317522049
1.03093801315,-0.043982855369,-2.54556271403,21.3341600895
1.03093801315,-0.043982855369,-2.54556271403,21.350757122
1.03083213529,-0.0440546748981,-2.55481295907,21.3675670624
1.03083213529,-0.0440546748981,-2.55481295907,21.3841180801
1.03044149717,-0.0443144108373,-2.58099289785,21.4009139538
1.03044149717,-0.0443144108373,-2.58099289785,21.4175031185
Actuacion(lineal,angular) = 0.000393653440689,-0.7
1.03044149717,-0.0443144108373,-2.58099289785,21.4342191219
1.03044149717,-0.0443144108373,-2.58099289785,21.4508731365
1.03008031231,-0.0445411574014,-2.61083802806,21.4675149918
1.03008031231,-0.0445411574014,-2.61083802806,21.4845030308
1.03008031231,-0.0445411574014,-2.61083802806,21.5008709431
1.02963896397,-0.0448001984942,-2.64085769119,21.5174279213
1.02963896397,-0.0448001984942,-2.64085769119,21.5341379642
1.02963896397,-0.0448001984942,-2.64085769119,21.5509150028
1.02963896397,-0.0448001984942,-2.64085769119,21.5674791336
1.02933968086,-0.0449639833218,-2.66983015678,21.5841019154
1.02933968086,-0.0449639833218,-2.66983015678,21.6008350849
1.02933968086,-0.0449639833218,-2.66983015678,21.617497921
Actuacion(lineal,angular) = 0.000393653440689,-0.7
1.02892181549,-0.0451771720327,-2.70246781379,21.6345560551
1.02892181549,-0.0451771720327,-2.70246781379,21.6507930756
1.02892181549,-0.0451771720327,-2.70246781379,21.6675131321
1.02876741565,-0.0452496954689,-2.71119446005,21.6842310429
1.02876741565,-0.0452496954689,-2.71119446005,21.7008609772
1.02876741565,-0.0452496954689,-2.71119446005,21.7175531387
1.02830233511,-0.0454632153657,-2.73772346468,21.7342350483
1.02830233511,-0.0454632153657,-2.73772346468,21.7508270741
1.02830233511,-0.0454632153657,-2.73772346468,21.7679989338
1.02806704476,-0.0455637694099,-2.76582326564,21.7845981121
1.02806704476,-0.0455637694099,-2.76582326564,21.8013031483
1.02806704476,-0.0455637694099,-2.76582326564,21.8181531429
Actuacion(lineal,angular) = 0.000552677381819,-0.625142214315
1.02782902212,-0.0456576730161,-2.79217773734,21.8349819183
1.02782902212,-0.0456576730161,-2.79217773734,21.8512589931
1.02782902212,-0.0456576730161,-2.79217773734,21.867675066
1.02782902212,-0.0456576730161,-2.79217773734,21.8845610619
1.02734819317,-0.0458328705414,-2.8223719334,21.9009160995
1.02734819317,-0.0458328705414,-2.8223719334,21.9175131321
1.02734819317,-0.0458328705414,-2.8223719334,21.9346990585
1.02734819317,-0.0458328705414,-2.8223719334,21.9512379169
1.02702426056,-0.0459399382953,-2.84785374048,21.9679090977
1.02702426056,-0.0459399382953,-2.84785374048,21.9847869873
1.02702426056,-0.0459399382953,-2.84785374048,22.0011849403
1.02657524683,-0.0460757601075,-2.87403367926,22.017496109
Actuacion(lineal,angular) = 0.00111052847181,-0.495403980109
1.02657524683,-0.0460757601075,-2.87403367926,22.0344800949
1.02657524683,-0.0460757601075,-2.87403367926,22.0509300232
1.0264929895,-0.0460983094639,-2.88223672674,22.0673940182
1.0264929895,-0.0460983094639,-2.88223672674,22.0847499371
1.02645176974,-0.0461092463862,-2.91016199478,22.1011021137
1.02645176974,-0.0461092463862,-2.91016199478,22.1174800396
1.02645176974,-0.0461092463862,-2.91016199478,22.1341869831
1.02645176974,-0.0461092463862,-2.91016199478,22.1516799927
1.02587064279,-0.046246190674,-2.93354940675,22.1683220863
1.02587064279,-0.046246190674,-2.93354940675,22.1842050552
1.02587064279,-0.046246190674,-2.93354940675,22.2008581161
1.02541165167,-0.0463430826188,-2.9553660224,22.2174360752
Actuacion(lineal,angular) = 0.00267964174503,-0.369354855253
1.02541165167,-0.0463430826188,-2.9553660224,22.2343389988
1.02541165167,-0.0463430826188,-2.9553660224,22.2507770061
1.02541165167,-0.0463430826188,-2.9553660224,22.2674939632
1.02524401691,-0.0463746666365,-2.97561184173,22.2841520309
1.02524401691,-0.0463746666365,-2.97561184173,22.3009600639
1.02524401691,-0.0463746666365,-2.97561184173,22.3174750805
1.02494959726,-0.0464239884156,-2.99463593057,22.3342080116
1.02494959726,-0.0464239884156,-2.99463593057,22.3508770466
1.02494959726,-0.0464239884156,-2.99463593057,22.368076086
1.02494959726,-0.0464239884156,-2.99463593057,22.3841700554
1.0244011744,-0.046505168079,-3.00859856459,22.4008669853
1.0244011744,-0.046505168079,-3.00859856459,22.4177041054
Actuacion(lineal,angular) = 0.00684600729903,-0.270182327099
1.02444344385,-0.0464995131119,-3.01104202554,22.4343631268
1.02444344385,-0.0464995131119,-3.01104202554,22.4517900944
1.02444344385,-0.0464995131119,-3.01104202554,22.4680681229
1.02368234729,-0.0465994431089,-3.0176742767,22.4850521088
1.02368234729,-0.0465994431089,-3.0176742767,22.5011119843
1.02368234729,-0.0465994431089,-3.0176742767,22.5185849667
1.02317451891,-0.0466626964773,-3.02884438391,22.5341629982
1.02317451891,-0.0466626964773,-3.02884438391,22.5509369373
1.02317451891,-0.0466626964773,-3.02884438391,22.5681979656
1.02317451891,-0.0466626964773,-3.02884438391,22.584471941
1.02262364041,-0.0467250716071,-3.0412362216,22.6012399197
1.02262364041,-0.0467250716071,-3.0412362216,22.617962122
Actuacion(lineal,angular) = 0.0468526448723,-0.221327979931
1.02262364041,-0.0467250716071,-3.0412362216,22.6341459751
1.0221993257,-0.0467677978521,-3.04926473616,22.6512880325
1.0221993257,-0.0467677978521,-3.04926473616,22.6676709652
1.0221993257,-0.0467677978521,-3.04926473616,22.6845090389
1.0221993257,-0.0467677978521,-3.04926473616,22.7011790276
1.02041582063,-0.0469329346606,-3.05607152024,22.7175481319
1.02041582063,-0.0469329346606,-3.05607152024,22.7342250347
1.02041582063,-0.0469329346606,-3.05607152024,22.7508211136
1.01935356599,-0.0470240020076,-3.05868951412,22.7677559853
1.01935356599,-0.0470240020076,-3.05868951412,22.7844791412
1.0164635948,-0.0472641400958,-3.06322737018,22.800786972
1.0164635948,-0.0472641400958,-3.06322737018,22.8176620007
Actuacion(lineal,angular) = 0.086860045385,-0.187890492582
1.0164635948,-0.0472641400958,-3.06322737018,22.8346381187
1.01518813988,-0.0473642965903,-3.0641000348,22.8513400555
1.01518813988,-0.0473642965903,-3.0641000348,22.8685331345
1.01518813988,-0.0473642965903,-3.0641000348,22.8845610619
1.01199928529,-0.0476119051206,-3.0654962982,22.9013490677
1.01199928529,-0.0476119051206,-3.0654962982,22.918213129
1.00804468075,-0.0479134183243,-3.06741616038,22.9351580143
1.00804468075,-0.0479134183243,-3.06741616038,22.9510130882
1.00804468075,-0.0479134183243,-3.06741616038,22.9677190781
1.00634352973,-0.0480398356821,-3.06811429208,22.9842391014
1.00634352973,-0.0480398356821,-3.06811429208,23.0011589527
1.00128234412,-0.0484123940387,-3.07143041766,23.0183169842
Actuacion(lineal,angular) = 0.126808413457,-0.18049762251
1.00128234412,-0.0484123940387,-3.07143041766,23.0342190266
1.00128234412,-0.0484123940387,-3.07143041766,23.0508430004
1.00128234412,-0.0484123940387,-3.07143041766,23.0675160885
0.995751998582,-0.0488010534129,-3.07404841154,23.0844941139
0.995751998582,-0.0488010534129,-3.07404841154,23.1009180546
0.995751998582,-0.0488010534129,-3.07404841154,23.1179499626
0.989710068879,-0.0492097727208,-3.07631733957,23.1346509457
0.989710068879,-0.0492097727208,-3.07631733957,23.1512341499
0.989710068879,-0.0492097727208,-3.07631733957,23.1677761078
0.989710068879,-0.0492097727208,-3.07631733957,23.1844420433
0.983071454267,-0.0496437268897,-3.07928439929,23.2010900974
0.983071454267,-0.0496437268897,-3.07928439929,23.2177040577
Actuacion(lineal,angular) = 0.166828021001,-0.169554898741
0.983071454267,-0.0496437268897,-3.07928439929,23.23416996
0.975708005412,-0.0501031251976,-3.0827750578,23.2510631084
0.975708005412,-0.0501031251976,-3.0827750578,23.2677359581
0.975708005412,-0.0501031251976,-3.0827750578,23.2847430706
0.975708005412,-0.0501031251976,-3.0827750578,23.3009030819
0.967448979555,-0.0505894622007,-3.08521851875,23.3175261021
0.967448979555,-0.0505894622007,-3.08521851875,23.3341970444
0.967448979555,-0.0505894622007,-3.08521851875,23.3508360386
0.958720428746,-0.0510820486318,-3.08853464433,23.3678939342
0.958720428746,-0.0510820486318,-3.08853464433,23.384073019
0.958720428746,-0.0510820486318,-3.08853464433,23.4009809494
0.955781992628,-0.0512381026687,-3.08940730896,23.4174730778
Actuacion(lineal,angular) = 0.206806000661,-0.159112423986
0.955781992628,-0.0512381026687,-3.08940730896,23.4341001511
0.955781992628,-0.0512381026687,-3.08940730896,23.4507930279
0.946497811214,-0.051723041168,-3.09237436868,23.4675009251
0.946497811214,-0.051723041168,-3.09237436868,23.4854669571
0.946497811214,-0.051723041168,-3.09237436868,23.5009851456
0.936275155007,-0.0522265894445,-3.09551596134,23.5175020695
0.936275155007,-0.0522265894445,-3.09551596134,23.5341820717
0.936275155007,-0.0522265894445,-3.09551596134,23.5508270264
0.925710161049,-0.0527137342146,-3.09813395522,23.5675430298
0.925710161049,-0.0527137342146,-3.09813395522,23.5841629505
0.925710161049,-0.0527137342146,-3.09813395522,23.6009440422
0.92204606409,-0.052873071423,-3.09953021862,23.6174969673
Actuacion(lineal,angular) = 0.24682618041,-0.15001734944
0.92204606409,-0.052873071423,-3.09953021862,23.6342229843
0.92204606409,-0.052873071423,-3.09953021862,23.6508889198
0.910584424933,-0.053355460397,-3.10302087712,23.6675059795
0.910584424933,-0.053355460397,-3.10302087712,23.6841590405
0.910584424933,-0.053355460397,-3.10302087712,23.7009699345
0.89848195689,-0.0538225057326,-3.10581340392,23.7175729275
0.89848195689,-0.0538225057326,-3.10581340392,23.7341890335
0.89848195689,-0.0538225057326,-3.10581340392,23.7508471012
0.885611094296,-0.0542832121473,-3.10965312828,23.7675881386
0.885611094296,-0.0542832121473,-3.10965312828,23.7841510773
0.885611094296,-0.0542832121473,-3.10965312828,23.801748991
0.881220792046,-0.0544234840191,-3.11087485875,23.8175280094
Actuacion(lineal,angular) = 0.286775359106,-0.139318692776
0.881220792046,-0.0544234840191,-3.11087485875,23.8351430893
0.881220792046,-0.0544234840191,-3.11087485875,23.8509149551
0.867836251373,-0.0548347569583,-3.11401645141,23.8684401512
0.867836251373,-0.0548347569583,-3.11401645141,23.88499403
0.863317489375,-0.0549593988489,-3.11523818188,23.900851965
0.863317489375,-0.0549593988489,-3.11523818188,23.9174511433
0.863317489375,-0.0549593988489,-3.11523818188,23.9341359138
0.848865500729,-0.0553403615791,-3.11820524161,23.9507761002
0.848865500729,-0.0553403615791,-3.11820524161,23.9674589634
0.848865500729,-0.0553403615791,-3.11820524161,23.9844009876
0.83390083278,-0.055690410258,-3.12309216352,24.0007741451
0.83390083278,-0.055690410258,-3.12309216352,24.0177071095
Actuacion(lineal,angular) = 0.3,-0.128422364585
0.83390083278,-0.055690410258,-3.12309216352,24.034142971
0.8185935229,-0.0559736353061,-3.12728095372,24.0508611202
0.8185935229,-0.0559736353061,-3.12728095372,24.0674109459
0.8185935229,-0.0559736353061,-3.12728095372,24.0842909813
0.8185935229,-0.0559736353061,-3.12728095372,24.1010251045
0.803370444297,-0.0561915183143,-3.13112067808,24.1174161434
0.803370444297,-0.0561915183143,-3.13112067808,24.1340670586
0.803370444297,-0.0561915183143,-3.13112067808,24.1507570744
0.7873790546,-0.0563589858773,-3.13513493536,24.167402029
0.7873790546,-0.0563589858773,-3.13513493536,24.1841320992
0.7873790546,-0.0563589858773,-3.13513493536,24.2008030415
0.782133700541,-0.0563928593667,-3.13635666583,24.2174270153
0.782133700541,-0.0563928593667,-3.13635666583,24.234388113
Actuacion(lineal,angular) = 0.3,-0.116475467989
0.766312235035,-0.0564757011234,-3.14106905481,24.2507460117
0.766312235035,-0.0564757011234,-3.14106905481,24.2674660683
0.766312235035,-0.0564757011234,-3.14106905481,24.2840850353
0.760896188168,-0.0564785369592,3.14089452189,24.3007659912
0.760896188168,-0.0564785369592,3.14089452189,24.3173999786
0.760896188168,-0.0564785369592,3.14089452189,24.334305048
0.745031863604,-0.0564674615695,3.13670573168,24.3508601189
0.745031863604,-0.0564674615695,3.13670573168,24.3677799702
0.745031863604,-0.0564674615695,3.13670573168,24.3840601444
0.729125079075,-0.0563897257369,3.13321507318,24.4007999897
0.729125079075,-0.0563897257369,3.13321507318,24.4174990654
Actuacion(lineal,angular) = 0.3,-0.103647834693
0.729125079075,-0.0563897257369,3.13321507318,24.4340901375
0.713176018256,-0.0562561080715,3.12902628298,24.4509570599
0.713176018256,-0.0562561080715,3.12902628298,24.467728138
0.713176018256,-0.0562561080715,3.12902628298,24.4840741158
0.713176018256,-0.0562561080715,3.12902628298,24.5008189678
0.697355585084,-0.0560572921796,3.1257101574,24.5174949169
0.697355585084,-0.0560572921796,3.1257101574,24.5340571404
0.697355585084,-0.0560572921796,3.1257101574,24.5520830154
0.681237413536,-0.0558012738538,3.12187043304,24.5674290657
0.681237413536,-0.0558012738538,3.12187043304,24.5841870308
0.681237413536,-0.0558012738538,3.12187043304,24.6008040905
0.676035607975,-0.0556986693937,3.12082323549,24.6174941063
Actuacion(lineal,angular) = 0.3,-0.0926764364502
0.676035607975,-0.0556986693937,3.12082323549,24.6340870857
0.659961516877,-0.0553647718628,3.11733257699,24.6508319378
0.659961516877,-0.0553647718628,3.11733257699,24.6684479713
0.659961516877,-0.0553647718628,3.11733257699,24.6841881275
0.654504429506,-0.0552323565264,3.11645991236,24.702201128
0.654504429506,-0.0552323565264,3.11645991236,24.7174999714
0.654504429506,-0.0552323565264,3.11645991236,24.7342550755
0.638687743777,-0.0548347561379,3.11331831971,24.7510991096
0.638687743777,-0.0548347561379,3.11331831971,24.7675480843
0.622701869201,-0.0543826456983,3.11070032583,24.7855300903
0.622701869201,-0.0543826456983,3.11070032583,24.8008060455
0.622701869201,-0.0543826456983,3.11070032583,24.8175070286
Actuacion(lineal,angular) = 0.3,-0.0845913710367
0.622701869201,-0.0543826456983,3.11070032583,24.8342990875
0.606674607332,-0.053887368708,3.1077332661,24.8508410454
0.606674607332,-0.053887368708,3.1077332661,24.8675379753
0.606674607332,-0.053887368708,3.1077332661,24.8841350079
0.606674607332,-0.053887368708,3.1077332661,24.9009280205
0.590648885525,-0.0533445401242,3.10528980515,24.9175219536
0.590648885525,-0.0533445401242,3.10528980515,24.9341759682
0.590648885525,-0.0533445401242,3.10528980515,24.9508600235
0.574752391775,-0.052767198473,3.10302087712,24.9674940109
0.574752391775,-0.052767198473,3.10302087712,24.984128952
0.574752391775,-0.052767198473,3.10302087712,25.0009081364
0.574752391775,-0.052767198473,3.10302087712,25.017414093
Actuacion(lineal,angular) = 0.3,-0.0794402280726
0.558644177268,-0.0521455677095,3.10162461372,25.0342559814
0.558644177268,-0.0521455677095,3.10162461372,25.0509090424
0.558644177268,-0.0521455677095,3.10162461372,25.0674099922
0.542409010464,-0.0514963341737,3.09848302107,25.0841701031
0.542409010464,-0.0514963341737,3.09848302107,25.1008839607
0.542409010464,-0.0514963341737,3.09848302107,25.1175150871
0.542409010464,-0.0514963341737,3.09848302107,25.134155035
0.526303782669,-0.0508016133027,3.09656315889,25.1508319378
0.526303782669,-0.0508016133027,3.09656315889,25.1674320698
0.526303782669,-0.0508016133027,3.09656315889,25.1840801239
0.526303782669,-0.0508016133027,3.09656315889,25.2008590698
0.510199918323,-0.0500759739132,3.09516689549,25.2176611423
Actuacion(lineal,angular) = 0.3,-0.0769023869423
0.510199918323,-0.0500759739132,3.09516689549,25.2340769768
0.510199918323,-0.0500759739132,3.09516689549,25.2513921261
0.493841482295,-0.0493159750193,3.09272343453,25.2675731182
0.493841482295,-0.0493159750193,3.09272343453,25.2842020988
0.488517090964,-0.0490555688393,3.09202530283,25.3018610477
0.488517090964,-0.0490555688393,3.09202530283,25.3177380562
0.488517090964,-0.0490555688393,3.09202530283,25.33426404
0.472459278925,-0.0482589731395,3.08940730896,25.3508629799
0.472459278925,-0.0482589731395,3.08940730896,25.3684780598
0.472459278925,-0.0482589731395,3.08940730896,25.384483099
0.466965428455,-0.0479720141192,3.08853464433,25.400924921
0.466965428455,-0.0479720141192,3.08853464433,25.4175169468
Actuacion(lineal,angular) = 0.3,-0.0740521430733
0.4506549787,-0.047105801132,3.08591665045,25.4342229366
0.4506549787,-0.047105801132,3.08591665045,25.4508590698
0.4506549787,-0.047105801132,3.08591665045,25.4674270153
0.434644912324,-0.0462135024479,3.08294959072,25.4841010571
0.434644912324,-0.0462135024479,3.08294959072,25.5007870197
0.434644912324,-0.0462135024479,3.08294959072,25.5174570084
0.434644912324,-0.0462135024479,3.08294959072,25.5341789722
0.418211836568,-0.0452487103234,3.08033159684,25.5509600639
0.418211836568,-0.0452487103234,3.08033159684,25.5674951077
0.418211836568,-0.0452487103234,3.08033159684,25.5845301151
0.418211836568,-0.0452487103234,3.08033159684,25.6012940407
0.401951607128,-0.0442513434944,3.07806266882,25.6177110672
Actuacion(lineal,angular) = 0.3,-0.0696242765859
0.401951607128,-0.0442513434944,3.07806266882,25.6344230175
0.401951607128,-0.0442513434944,3.07806266882,25.65102911
0.385566002456,-0.0432089635326,3.07561920786,25.6675429344
0.385566002456,-0.0432089635326,3.07561920786,25.6842601299
0.385566002456,-0.0432089635326,3.07561920786,25.7011260986
0.380204290503,-0.0428547188214,3.07474654324,25.7174329758
0.380204290503,-0.0428547188214,3.07474654324,25.7343771458
0.363949884981,-0.0417665537667,3.07177948351,25.7511410713
0.363949884981,-0.0417665537667,3.07177948351,25.7675979137
0.363949884981,-0.0417665537667,3.07177948351,25.7842171192
0.358504488431,-0.0413857745462,3.07073228596,25.8008980751
0.358504488431,-0.0413857745462,3.07073228596,25.8179221153
Actuacion(lineal,angular) = 0.289494804828,-0.0662031469266
0.34212696497,-0.0402233109103,3.06846335793,25.8341560364
0.34212696497,-0.0402233109103,3.06846335793,25.8510971069
0.34212696497,-0.0402233109103,3.06846335793,25.867743969
0.325964781517,-0.0390392703574,3.06636896283,25.8842470646
0.325964781517,-0.0390392703574,3.06636896283,25.9017009735
0.325964781517,-0.0390392703574,3.06636896283,25.9178221226
0.325964781517,-0.0390392703574,3.06636896283,25.9341161251
0.309464909818,-0.0377957426824,3.0634019031,25.9507451057
0.309464909818,-0.0377957426824,3.0634019031,25.9674899578
0.309464909818,-0.0377957426824,3.0634019031,25.9841499329
0.293904146775,-0.0365765492964,3.06165657385,26.000991106
0.293904146775,-0.0365765492964,3.06165657385,26.0174150467
Actuacion(lineal,angular) = 0.238733044587,-0.0657387845187
0.293904146775,-0.0365765492964,3.06165657385,26.0341639519
0.293904146775,-0.0365765492964,3.06165657385,26.0507340431
0.27779290705,-0.0352859298579,3.05938764582,26.067898035
0.27779290705,-0.0352859298579,3.05938764582,26.0840759277
0.27779290705,-0.0352859298579,3.05938764582,26.1008739471
0.27779290705,-0.0352859298579,3.05938764582,26.1173751354
0.263129706186,-0.0340778187542,3.05729325072,26.1341929436
0.263129706186,-0.0340778187542,3.05729325072,26.1509010792
0.263129706186,-0.0340778187542,3.05729325072,26.167536974
0.249403949035,-0.0329179969381,3.05554792147,26.1842870712
0.249403949035,-0.0329179969381,3.05554792147,26.2008259296
0.249403949035,-0.0329179969381,3.05554792147,26.2174239159
Actuacion(lineal,angular) = 0.199960906703,-0.0678988478738
0.249403949035,-0.0329179969381,3.05554792147,26.2340919971
0.236232584599,-0.0317818651706,3.05380259221,26.2507500648
0.236232584599,-0.0317818651706,3.05380259221,26.2679510117
0.236232584599,-0.0317818651706,3.05380259221,26.2844200134
0.236232584599,-0.0317818651706,3.05380259221,26.3009440899
0.223488041259,-0.0306601376934,3.05188273004,26.3176600933
0.223488041259,-0.0306601376934,3.05188273004,26.3344359398
0.223488041259,-0.0306601376934,3.05188273004,26.3512830734
0.211765064271,-0.0296056399848,3.04978833493,26.3675680161
0.211765064271,-0.0296056399848,3.04978833493,26.3842329979
0.211765064271,-0.0296056399848,3.04978833493,26.4009339809
0.208070482319,-0.0292655053133,3.04909020323,26.4175310135
Actuacion(lineal,angular) = 0.169957732126,-0.070726386443
0.208070482319,-0.0292655053133,3.04909020323,26.4341981411
0.196944987821,-0.0282334243935,3.04751940691,26.4509301186
0.196944987821,-0.0282334243935,3.04751940691,26.4675581455
0.196944987821,-0.0282334243935,3.04751940691,26.4842219353
0.193336102079,-0.0278929197383,3.04699580813,26.5008869171
0.193336102079,-0.0278929197383,3.04699580813,26.5174939632
0.182934534958,-0.0269060187613,3.04507594595,26.5342690945
0.182934534958,-0.0269060187613,3.04507594595,26.55103302
0.182934534958,-0.0269060187613,3.04507594595,26.567661047
0.172577329283,-0.0259032597082,3.04280701793,26.5841920376
0.172577329283,-0.0259032597082,3.04280701793,26.6009559631
0.172577329283,-0.0259032597082,3.04280701793,26.6176030636
Actuacion(lineal,angular) = 0.138626528945,-0.0754183828908
0.169139840717,-0.0255625762956,3.04175982038,26.6341879368
0.169139840717,-0.0255625762956,3.04175982038,26.6508841515
0.159634691312,-0.0246104851613,3.03966542527,26.6675260067
0.159634691312,-0.0246104851613,3.03966542527,26.6841869354
0.159634691312,-0.0246104851613,3.03966542527,26.7009589672
0.150089132101,-0.023634149321,3.03739649725,26.71748209
0.150089132101,-0.023634149321,3.03739649725,26.7341561317
0.150089132101,-0.023634149321,3.03739649725,26.7508840561
0.147374587914,-0.0233502761846,3.03652383262,26.7674920559
0.147374587914,-0.0233502761846,3.03652383262,26.7842590809
0.147374587914,-0.0233502761846,3.03652383262,26.8009939194
0.138765182106,-0.0224423526111,3.03425490459,26.8175151348
Actuacion(lineal,angular) = 0.117272587356,-0.0785187260569
0.138765182106,-0.0224423526111,3.03425490459,26.8343341351
0.136051543127,-0.0221499528975,3.03338223997,26.8508179188
0.136051543127,-0.0221499528975,3.03338223997,26.8674509525
0.136051543127,-0.0221499528975,3.03338223997,26.8839979172
0.127657015155,-0.0212380153294,3.03058971316,26.9007101059
0.127657015155,-0.0212380153294,3.03058971316,26.9176659584
0.127657015155,-0.0212380153294,3.03058971316,26.9343149662
0.119858436627,-0.0203687770949,3.02744812051,26.9508550167
0.119858436627,-0.0203687770949,3.02744812051,26.9674339294
0.119858436627,-0.0203687770949,3.02744812051,26.984110117
0.112189732956,-0.0194896149809,3.02500465956,27.000795126
0.112189732956,-0.0194896149809,3.02500465956,27.0186309814
Actuacion(lineal,angular) = 0.0919700047974,-0.0828902087311
0.112189732956,-0.0194896149809,3.02500465956,27.0341210365
0.109902480142,-0.0192217339144,3.02448106078,27.0507469177
0.109902480142,-0.0192217339144,3.02448106078,27.0676970482
0.102998789496,-0.0184095150793,3.02238666568,27.0841159821
0.102998789496,-0.0184095150793,3.02238666568,27.1008081436
0.102998789496,-0.0184095150793,3.02238666568,27.1173679829
0.0960544716961,-0.0175777673478,3.01924507302,27.1358530521
0.0960544716961,-0.0175777673478,3.01924507302,27.1510651112
0.0960544716961,-0.0175777673478,3.01924507302,27.1679530144
0.0939381087318,-0.0173175356988,3.0183724084,27.1843309402
0.0939381087318,-0.0173175356988,3.0183724084,27.2008159161
0.0939381087318,-0.0173175356988,3.0183724084,27.2175750732
Actuacion(lineal,angular) = 0.0762333344791,-0.0886977810868
0.0876743489439,-0.0165417835613,3.01575441452,27.2341330051
0.0876743489439,-0.0165417835613,3.01575441452,27.2509191036
0.0858127602543,-0.0163062801182,3.01488174989,27.2678461075
0.0858127602543,-0.0163062801182,3.01488174989,27.284496069
0.0858127602543,-0.0163062801182,3.01488174989,27.3009710312
0.0803978294464,-0.0156164535121,3.01086749262,27.3181259632
0.0803978294464,-0.0156164535121,3.01086749262,27.3345530033
0.0803978294464,-0.0156164535121,3.01086749262,27.351072073
0.0749011470568,-0.0148937775046,3.00807496581,27.3676409721
0.0749011470568,-0.0148937775046,3.00807496581,27.3843259811
0.0749011470568,-0.0148937775046,3.00807496581,27.401154995
0.0699559684756,-0.0142295569821,3.00475884023,27.4177091122
Actuacion(lineal,angular) = 0.0598196619074,-0.0946725188384
0.0699559684756,-0.0142295569821,3.00475884023,27.4342300892
0.0699559684756,-0.0142295569821,3.00475884023,27.4509811401
0.0681815766144,-0.013985233407,3.00388617561,27.4676709175
0.0681815766144,-0.013985233407,3.00388617561,27.4840841293
0.0681815766144,-0.013985233407,3.00388617561,27.5008490086
0.0631969813567,-0.0132944503632,3.00126818173,27.5175719261
0.0631969813567,-0.0132944503632,3.00126818173,27.5341701508
0.0631969813567,-0.0132944503632,3.00126818173,27.5509290695
0.0587209339883,-0.0126621960245,2.9976029903,27.5675070286
0.0587209339883,-0.0126621960245,2.9976029903,27.584154129
0.0587209339883,-0.0126621960245,2.9976029903,27.6011030674
0.0543738481628,-0.0120318985769,2.99446139765,27.6174960136
Actuacion(lineal,angular) = 0.0469405544129,-0.103631493335
0.0543738481628,-0.0120318985769,2.99446139765,27.6346271038
0.0543738481628,-0.0120318985769,2.99446139765,27.6508190632
0.0543738481628,-0.0120318985769,2.99446139765,27.6679880619
0.0502396903433,-0.0114192072508,2.98974900867,27.6843960285
0.0502396903433,-0.0114192072508,2.98974900867,27.7018690109
0.0502396903433,-0.0114192072508,2.98974900867,27.7176039219
0.0502396903433,-0.0114192072508,2.98974900867,27.7349469662
0.0460241549477,-0.0107741396887,2.98398942213,27.7507491112
0.0460241549477,-0.0107741396887,2.98398942213,27.7674429417
0.0460241549477,-0.0107741396887,2.98398942213,27.784070015
0.0424441673005,-0.0102052036897,2.97875343438,27.8008220196
0.0424441673005,-0.0102052036897,2.97875343438,27.8180220127
Actuacion(lineal,angular) = 0.0353466810058,-0.109517887519
0.0411817109551,-0.00999778972993,2.97718263805,27.8341209888
0.0411817109551,-0.00999778972993,2.97718263805,27.8511199951
0.0411817109551,-0.00999778972993,2.97718263805,27.8677039146
0.037731891735,-0.00942543857266,2.96915412349,27.8841180801
0.037731891735,-0.00942543857266,2.96915412349,27.9008419514
0.037731891735,-0.00942543857266,2.96915412349,27.9176559448
0.0364714845553,-0.00920591564426,2.96688519547,27.9340660572
0.0364714845553,-0.00920591564426,2.96688519547,27.9508149624
0.0364714845553,-0.00920591564426,2.96688519547,27.9675240517
0.0330697387492,-0.00860548388228,2.96199827356,27.9885900021
0.0330697387492,-0.00860548388228,2.96199827356,28.0006949902
0.0299227286247,-0.00803414259323,2.95990387846,28.0174429417
0.0299227286247,-0.00803414259323,2.95990387846,28.0345699787
0.0299227286247,-0.00803414259323,2.95990387846,28.0508069992
0.0299227286247,-0.00803414259323,2.95990387846,28.0675630569
0.0265252574872,-0.00740997699041,2.95693681873,28.0841419697
0.0265252574872,-0.00740997699041,2.95693681873,28.1010861397
0.0255191525246,-0.00722205303769,2.95571508825,28.1176171303
0.0255191525246,-0.00722205303769,2.95571508825,28.134100914
0.0255191525246,-0.00722205303769,2.95571508825,28.1507301331
0.0225434401088,-0.00666247540897,2.95292256145,28.1674070358
0.0225434401088,-0.00666247540897,2.95292256145,28.1842370033
0.0225434401088,-0.00666247540897,2.95292256145,28.2012739182
0.0195693019292,-0.00609459021622,2.94803563954,28.2174310684
0.0195693019292,-0.00609459021622,2.94803563954,28.2341170311
0.0195693019292,-0.00609459021622,2.94803563954,28.2507071495
0.0185649095463,-0.00589771830586,2.94663937614,28.2675421238
0.0185649095463,-0.00589771830586,2.94663937614,28.2842490673
0.0152178544834,-0.00523680459145,2.94402138226,28.300921917
0.0152178544834,-0.00523680459145,2.94402138226,28.3177800179
0.0152178544834,-0.00523680459145,2.94402138226,28.334141016
0.0140888112357,-0.00501078961336,2.94297418471,28.3507699966
0.0140888112357,-0.00501078961336,2.94297418471,28.3674919605
0.0140888112357,-0.00501078961336,2.94297418471,28.384335041
0.0108696239072,-0.00436285689981,2.94018165791,28.4009180069
0.0108696239072,-0.00436285689981,2.94018165791,28.4174599648
0.0077358264304,-0.00372299991046,2.93756366403,28.4341089725
0.0077358264304,-0.00372299991046,2.93756366403,28.4509959221
0.0077358264304,-0.00372299991046,2.93756366403,28.4673919678
0.0077358264304,-0.00372299991046,2.93756366403,28.4842140675
0.00435314590492,-0.00302309613663,2.93442207138,28.5009880066
0.00435314590492,-0.00302309613663,2.93442207138,28.5175189972
0.00326805836645,-0.0027950256431,2.93354940675,28.5342240334
0.00326805836645,-0.0027950256431,2.93354940675,28.5508430004
0.00326805836645,-0.0027950256431,2.93354940675,28.5677790642
0.000180299938605,-0.00214320710535,2.9318040775,28.5844449997
0.000180299938605,-0.00214320710535,2.9318040775,28.6011149883
0.000180299938605,-0.00214320710535,2.9318040775,28.6178770065
-0.00144643016159,-0.00179684141351,2.92883701777,28.6348409653
-0.00144643016159,-0.00179684141351,2.92883701777,28.6508529186
-0.00144643016159,-0.00179684141351,2.92883701777,28.6676580906
-0.00132137668054,-0.00182385608778,2.9276152873,28.6839659214
-0.00132137668054,-0.00182385608778,2.9276152873,28.7009091377
-0.00161309090771,-0.00176046540443,2.92604449097,28.7178010941
-0.00161309090771,-0.00176046540443,2.92604449097,28.7341921329
-0.00161309090771,-0.00176046540443,2.92604449097,28.751003027
-0.00161309090771,-0.00176046540443,2.92569542512,28.7675199509
-0.00161309090771,-0.00176046540443,2.92569542512,28.784414053
-0.00161309090771,-0.00176046540443,2.92569542512,28.8009300232
-0.0014048109161,-0.00180614441678,2.92656808974,28.8176710606
-0.0014048109161,-0.00180614441678,2.92656808974,28.8341960907
-0.00136314696115,-0.00181524386406,2.92586995804,28.8516590595
-0.00136314696115,-0.00181524386406,2.92586995804,28.8673911095
-0.00136314696115,-0.00181524386406,2.92586995804,28.8840630054
-0.00136314696115,-0.00181524386406,2.92586995804,28.900769949
-0.00136314696115,-0.00181524386406,2.92621902389,28.9174580574
