0.0,0.0,-0.00663225115758
0.0,0.0,-0.0176278254451
0.0,0.0,-0.0270526034059
0.0,0.0,-0.0376991118431
0.0,0.0,-0.0471238898038
0.0,0.0,-0.0574213323906
0.0,0.0,-0.0675442420522
0.0,0.0,-0.0773180858633
0.0,0.0,-0.0872664625997
0.0,0.0,-0.0970403064109
0.0,0.0,-0.106814150222
0.0,0.0,-0.116587994033
0.0,0.0,-0.12688543662
0.0,0.0,-0.137182879207
0.0,0.0,-0.146782190093
0.0,0.0,-0.156032435128
0.0,0.0,-0.16650441064
0.0,0.0,-0.176278254451
0.0,0.0,-0.185353966562
0.0,0.0,-0.196873139625
0.0,0.0,-0.205948851735
0.0,0.0,-0.216420827247
0.0,0.0,-0.225496539358
0.0,0.0,-0.237015712421
0.0,0.0,-0.246964089157
0.0,0.0,-0.257086998819
0.0,0.0,-0.265988178004
0.0,0.0,-0.27593655474
0.0,0.0,-0.285884931477
0.0,0.0,-0.296356906989
0.0,0.0,-0.3061307508
0.0,0.0,-0.31520646291
0.0,0.0,-0.325852971347
0.0,0.0,-0.336150413934
0.0,0.0,-0.34609879067
0.0,0.0,-0.356221700332
0.0,0.0,-0.365646478293
0.0,0.0,-0.375245789179
0.0,0.0,-0.385543231766
0.0,0.0,-0.395840674352
0.0,0.0,-0.406312649864
0.0,0.0,-0.416261026601
0.0,0.0,-0.425336738711
0.00543542296933,-0.00247016143605,-0.399680398707
0.0143109438363,-0.00586488240009,0.285535865626
0.0149704622801,-0.00539425991204,0.610865238198
0.0137826755526,-0.00622585718474,0.6122615016
0.0138875403336,-0.0061525663705,0.602313124863
0.0138875403336,-0.0061525663705,0.592713813977
0.0138875403336,-0.0061525663705,0.582939970166
0.0138875403336,-0.0061525663705,0.572467994654
0.0138875403336,-0.0061525663705,0.562170552067
0.0409480022454,0.0105762898364,0.549604181453
0.170358945834,0.0885645374412,0.536514212063
0.287785026883,0.158010681621,0.530754625531
0.307093158087,0.169345201618,0.523947841449
0.257133367263,0.140907832762,0.509112542807
0.156670658124,0.0854361917038,0.497942435594
0.129047820894,0.0709264762995,0.304909020323
0.121370660076,0.0688685621602,-0.449073216538
0.141707346593,0.0502983928855,-0.962200016624
0.142293400551,0.0494592533839,-0.992743278534
0.142293400551,0.0494592533839,-1.00181899064
0.142293400551,0.0494592533839,-1.01089470276
0.142293400551,0.0494592533839,-1.02171574412
0.142293400551,0.0494592533839,-1.0306169233
0.142293400551,0.0494592533839,-1.04126343174
0.142293400551,0.0494592533839,-1.04981554507
0.142293400551,0.0494592533839,-1.05958938889
0.142293400551,0.0494592533839,-1.06918869977
0.142293400551,0.0494592533839,-1.07896254358
0.142293400551,0.0494592533839,-1.08821278862
0.142273887275,0.0494971732619,-1.09728850073
0.145603928044,0.043153836314,-1.05662232916
0.169842905009,0.0120918761137,-0.662177918207
0.168473578852,0.0100490229841,0.0830776723949
0.166992253023,0.00987775645196,0.214675497995
0.166992253023,0.00987775645196,0.205250720035
0.166992253023,0.00987775645196,0.194604211597
0.166992253023,0.00987775645196,0.185179433637
0.166992253023,0.00987775645196,0.175405589825
0.166992253023,0.00987775645196,0.164584548463
0.166992253023,0.00987775645196,0.154985237577
0.166992253023,0.00987775645196,0.144862327916
0.166992253023,0.00987775645196,0.136135681656
0.166992253023,0.00987775645196,0.125838239069
0.166992253023,0.00987775645196,0.116238928183
0.166992253023,0.00987775645196,0.105941485596
0.166992253023,0.00987775645196,0.0965167076353
0.166992253023,0.00987775645196,0.0855211333477
0.166992253023,0.00987775645196,0.0759218224618
0.166992253023,0.00987775645196,0.066497044501
0.166992253023,0.00987775645196,0.0549778714378
0.166992253023,0.00987775645196,0.0452040276267
0.166992253023,0.00987775645196,0.0359537825911
0.166992253023,0.00987775645196,0.0268780704807
0.166992253023,0.00987775645196,0.0153588974176
0.166992253023,0.00987775645196,0.00558505360638
