0,0,0,0.0970799922943
0.0,0.0,0.0,0.0162379741669
0.0,0.0,0.0,0.0325050354004
0.0,0.0,0.0,0.0491919517517
0.0,0.0,0.0,0.0656299591064
0.0,0.0,0.0,0.0824201107025
0.0,0.0,0.0,0.100543022156
0.0,0.0,0.0,0.116117954254
0.0,0.0,0.0,0.132571935654
0.0,0.0,0.0,0.149020910263
0.0,0.0,0.0,0.166517972946
0.0,0.0,0.0,0.182392120361
0.0,0.0,0.0,0.199662923813
0.0,0.0,0.0,0.21583199501
0.0,0.0,0.0,0.232614994049
0.0,0.0,0.0,0.249182939529
0.0,0.0,0.0,0.265846967697
0.0,0.0,0.0,0.282613992691
0.0,0.0,0.0,0.300660133362
0.0,0.0,0.0,0.316420078278
0.0,0.0,0.0,0.332518100739
0.0,0.0,0.0,0.349311113358
0.0,0.0,0.0,0.365880012512
0.0,0.0,0.0,0.382411003113
0.0,0.0,0.0,0.399029970169
0.0,0.0,0.0,0.415949106216
0.0,0.0,0.0,0.432929039001
0.0,0.0,0.0,0.449322938919
0.0,0.0,0.0,0.465678930283
0.0,0.0,0.0,0.482309103012
0.0,0.0,0.0,0.49902009964
0.0,0.0,0.0,0.516006946564
0.0,0.0,0.0,0.532454967499
0.0,0.0,0.0,0.550840139389
0.0,0.0,0.0,0.565644025803
0.0,0.0,0.0,0.582874059677
0.0,0.0,0.0,0.59906411171
0.0,0.0,0.0,0.616039991379
0.0,0.0,0.0,0.632466077805
0.0,0.0,0.0,0.649184942245
0.0,0.0,0.0,0.665782928467
0.0,0.0,0.0,0.682712078094
0.0,0.0,0.0,0.699470996857
0.0,0.0,0.0,0.717358112335
0.0,0.0,0.0,0.732975959778
0.0,0.0,0.0,0.750324964523
0.0,0.0,0.0,0.76572394371
0.0,0.0,0.0,0.782925128937
0.0,0.0,0.0,0.798969984055
0.0,0.0,0.0,0.815794944763
0.0,0.0,0.0,0.832747936249
0.0,0.0,0.0,0.849323034286
0.0,0.0,0.0,0.865725040436
0.0,0.0,0.0,0.882688999176
0.0,0.0,0.0,0.899162054062
0.0,0.0,0.0,0.915496110916
0.0,0.0,0.0,0.932460069656
0.0,0.0,0.0,0.956013917923
0.0,0.0,0.0,0.965574026108
0.0,0.0,0.0,0.982820034027
0.0,0.0,0.0,0.999093055725
0.0,0.0,0.0,1.01590514183
0.0,0.0,0.0,1.0325961113
0.0,0.0,0.0,1.04974603653
0.0,0.0,0.0,1.06635904312
0.0,0.0,0.0,1.08264112473
0.0,0.0,0.0,1.09912896156
0.0,0.0,0.0,1.11559796333
0.0,0.0,0.0,1.13211798668
0.0,0.0,0.0,1.14907407761
0.0,0.0,0.0,1.16573905945
0.0,0.0,0.0,1.18240213394
0.0,0.0,0.0,1.19914913177
0.0,0.0,0.0,1.21560811996
0.0,0.0,0.0,1.23229598999
0.0,0.0,0.0,1.24889802933
0.0,0.0,0.0,1.26558613777
0.0,0.0,0.0,1.28225803375
0.0,0.0,0.0,1.30253791809
0.0,0.0,0.0,1.31557106972
0.0,0.0,0.0,1.33249902725
0.0,0.0,0.0,1.34908509254
0.0,0.0,0.0,1.3657951355
0.0,0.0,0.0,1.38241004944
0.0,0.0,0.0,1.3989751339
0.0,0.0,0.0,1.41599011421
0.0,0.0,0.0,1.43237900734
0.0,0.0,0.0,1.44915699959
0.0,0.0,0.0,1.46572613716
0.0,0.0,0.0,1.48252606392
0.0,0.0,0.0,1.49899196625
0.0,0.0,0.0,1.5157020092
0.0,0.0,0.0,1.53239512444
0.0,0.0,0.0,1.54882597923
0.0,0.0,0.0,1.56579709053
0.0,0.0,0.0,1.58247804642
0.0,0.0,0.0,1.59890413284
0.0,0.0,0.0,1.61568498611
0.0,0.0,0.0,1.63249897957
0.0,0.0,0.0,1.64914703369
0.0,0.0,0.0,1.66575098038
0.0,0.0,0.0,1.68319797516
0.0,0.0,0.0,1.69898509979
0.0,0.0,0.0,1.71613812447
0.0,0.0,0.0,1.73234391212
0.0,0.0,0.0,1.74915313721
0.0,0.0,0.0,1.76581001282
0.0,0.0,0.0,1.7825319767
0.0,0.0,0.0,1.79894304276
0.0,0.0,0.0,1.815721035
0.0,0.0,0.0,1.83228397369
0.0,0.0,0.0,1.84908413887
0.0,0.0,0.0,1.8656039238
0.0,0.0,0.0,1.88248109818
0.0,0.0,0.0,1.89890599251
0.0,0.0,0.0,1.91569209099
0.0,0.0,0.0,1.93247795105
0.0,0.0,0.0,1.94955801964
0.0,0.0,0.0,1.96566200256
0.0,0.0,0.0,1.98286795616
0.0,0.0,0.0,1.99907207489
0.0,0.0,0.0,2.01614713669
0.0,0.0,0.0,2.03245806694
0.0,0.0,0.0,2.04947710037
0.0,0.0,0.0,2.06595110893
0.0,0.0,0.0,2.08294391632
0.0,0.0,0.0,2.09901213646
0.0,0.0,0.0,2.11657309532
0.0,0.0,0.0,2.13247895241
0.0,0.0,0.0,2.14983606339
0.0,0.0,0.0,2.16581511497
0.0,0.0,0.0,2.18301200867
0.0,0.0,0.0,2.19927096367
0.0,0.0,0.0,2.21584105492
0.0,0.0,0.0,2.23243999481
0.0,0.0,0.0,2.24912595749
0.0,0.0,0.0,2.26581692696
0.0,0.0,0.0,2.28310203552
0.0,0.0,0.0,2.2990860939
0.0,0.0,0.0,2.31597614288
0.0,0.0,0.0,2.33258414268
0.0,0.0,0.0,2.34899091721
0.0,0.0,0.0,2.36585998535
0.0,0.0,0.0,2.38223099709
0.0,0.0,0.0,2.39885592461
0.0,0.0,0.0,2.41590595245
0.0,0.0,0.0,2.43243813515
0.0,0.0,0.0,2.44930005074
0.0,0.0,0.0,2.46580290794
0.0,0.0,0.0,2.48249793053
0.0,0.0,0.0,2.49899697304
0.0,0.0,0.0,2.51591897011
0.0,0.0,0.0,2.53325796127
0.0,0.0,0.0,2.54902005196
0.0,0.0,0.0,2.56603693962
0.0,0.0,0.0,2.5836660862
0.0,0.0,0.0,2.59916210175
0.0,0.0,0.0,2.61613702774
0.0,0.0,0.0,2.63249707222
0.0,0.0,0.0,2.6493639946
0.0,0.0,0.0,2.66572904587
0.0,0.0,0.0,2.68285107613
0.0,0.0,0.0,2.6994240284
0.0,0.0,0.0,2.71567606926
0.0,0.0,0.0,2.7324860096
0.0,0.0,0.0,2.75016903877
0.0,0.0,0.0,2.76577401161
0.0,0.0,0.0,2.78262495995
0.0,0.0,0.0,2.79900503159
0.0,0.0,0.0,2.81595396996
0.0,0.0,0.0,2.83248806
0.0,0.0,0.0,2.84963703156
0.0,0.0,0.0,2.866284132
0.0,0.0,0.0,2.88246393204
0.0,0.0,0.0,2.89904403687
0.0,0.0,0.0,2.91571593285
0.0,0.0,0.0,2.9324400425
0.0,0.0,0.0,2.94906806946
0.0,0.0,0.0,2.9656920433
0.0,0.0,0.0,2.98221898079
0.0,0.0,0.0,2.9989759922
0.0,0.0,0.0,3.0160651207
0.0,0.0,0.0,3.03349804878
0.0,0.0,0.0,3.04901599884
0.0,0.0,0.0,3.06570410728
0.0,0.0,0.0,3.08241391182
0.0,0.0,0.0,3.09957194328
0.0,0.0,0.0,3.11580610275
0.0,0.0,0.0,3.13261413574
0.0,0.0,0.0,3.14941811562
0.0,0.0,0.0,3.16641807556
0.0,0.0,0.0,3.18298912048
0.0,0.0,0.0,3.19972491264
0.0,0.0,0.0,3.21812605858
0.0,0.0,0.0,3.23232913017
0.0,0.0,0.0,3.2496099472
0.0,0.0,0.0,3.26574802399
0.0,0.0,0.0,3.28451013565
0.0,0.0,0.0,3.30013012886
0.0,0.0,0.0,3.31578493118
0.0,0.0,0.0,3.33236694336
0.0,0.0,0.0,3.35029506683
0.0,0.0,0.0,3.36580896378
0.0,0.0,0.0,3.38416194916
0.0,0.0,0.0,3.39973497391
0.0,0.0,0.0,3.41684508324
0.0,0.0,0.0,3.43303203583
0.0,0.0,0.0,3.45043802261
0.0,0.0,0.0,3.46577811241
0.0,0.0,0.0,3.48428201675
0.0,0.0,0.0,3.49907302856
0.0,0.0,0.0,3.51577091217
0.0,0.0,0.0,3.53230500221
0.0,0.0,0.0,3.55013203621
0.0,0.0,0.0,3.56651306152
0.0,0.0,0.0,3.58383893967
0.0,0.0,0.0,3.60056591034
0.0,0.0,0.0,3.61652302742
0.0,0.0,0.0,3.63322591782
0.0,0.0,0.0,3.64982295036
0.0,0.0,0.0,3.66574501991
0.0,0.0,0.0,3.68394494057
0.0,0.0,0.0,3.6991250515
0.0,0.0,0.0,3.71663308144
0.0,0.0,0.0,3.7331199646
0.0,0.0,0.0,3.75086212158
0.0,0.0,0.0,3.76651191711
0.0,0.0,0.0,3.78266310692
0.0,0.0,0.0,3.7991039753
0.0,0.0,0.0,3.81571602821
0.0,0.0,0.0,3.83256006241
0.0,0.0,0.0,3.84932494164
0.0,0.0,0.0,3.86579012871
0.0,0.0,0.0,3.8837890625
0.0,0.0,0.0,3.89946603775
0.0,0.0,0.0,3.91714191437
0.0,0.0,0.0,3.93236708641
0.0,0.0,0.0,3.94917011261
0.0,0.0,0.0,3.96573901176
0.0,0.0,0.0,3.98276901245
0.0,0.0,0.0,3.99909496307
0.0,0.0,0.0,4.01571512222
0.0,0.0,0.0,4.03247594833
0.0,0.0,0.0,4.04932403564
0.0,0.0,0.0,4.06554794312
0.0,0.0,0.0,4.08270406723
0.0,0.0,0.0,4.09898114204
0.0,0.0,0.0,4.11582803726
0.0,0.0,0.0,4.1323390007
0.0,0.0,0.0,4.14925003052
0.0,0.0,0.0,4.16639304161
0.0,0.0,0.0,4.1823849678
0.0,0.0,0.0,4.19907402992
0.0,0.0,0.0,4.2158870697
0.0,0.0,0.0,4.23248910904
0.0,0.0,0.0,4.24900913239
0.0,0.0,0.0,4.26573014259
0.0,0.0,0.0,4.2826321125
0.0,0.0,0.0,4.29901099205
0.0,0.0,0.0,4.31568098068
0.0,0.0,0.0,4.33251404762
0.0,0.0,0.0,4.34908699989
0.0,0.0,0.0,4.36575198174
0.0,0.0,0.0,4.38286805153
0.0,0.0,0.0,4.3989200592
0.0,0.0,0.0,4.41576600075
0.0,0.0,0.0,4.43242096901
0.0,0.0,0.0,4.44940209389
0.0,0.0,0.0,4.466588974
0.0,0.0,0.0,4.48440599442
0.0,0.0,0.0,4.50028014183
0.0,0.0,0.0,4.51679706573
0.0,0.0,0.0,4.53279495239
0.0,0.0,0.0,4.5518040657
0.0,0.0,0.0,4.56779909134
0.0,0.0,0.0,4.58737301826
0.0,0.0,0.0,4.59937310219
0.0,0.0,0.0,4.61574602127
0.0,0.0,0.0,4.63259196281
0.0,0.0,0.0,4.64944291115
0.0,0.0,0.0,4.66585707664
0.0,0.0,0.0,4.68248701096
0.0,0.0,0.0,4.69917106628
0.0,0.0,0.0,4.71591305733
0.0,0.0,0.0,4.73293113708
0.0,0.0,0.0,4.7493019104
0.0,0.0,0.0,4.76590013504
0.0,0.0,0.0,4.78392410278
0.0,0.0,0.0,4.7989089489
0.0,0.0,0.0,4.81552410126
0.0,0.0,0.0,4.8323469162
0.0,0.0,0.0,4.8489921093
0.0,0.0,0.0,4.86561393738
0.0,0.0,0.0,4.88238406181
0.0,0.0,0.0,4.89911293983
0.0,0.0,0.0,4.91567397118
0.0,0.0,0.0,4.93232798576
0.0,0.0,0.0,4.9489839077
0.0,0.0,0.0,4.96563792229
0.0,0.0,0.0,4.98233699799
0.0,0.0,0.0,4.99920392036
0.0,0.0,0.0,5.01578998566
0.0,0.0,0.0,5.03277301788
0.0,0.0,0.0,5.04905390739
0.0,0.0,0.0,5.06578302383
0.0,0.0,0.0,5.08246302605
0.0,0.0,0.0,5.09910607338
0.0,0.0,0.0,5.11564493179
0.0,0.0,0.0,5.13232111931
0.0,0.0,0.0,5.14902210236
0.0,0.0,0.0,5.16564106941
0.0,0.0,0.0,5.18237709999
0.0,0.0,0.0,5.19883012772
0.0,0.0,0.0,5.21552109718
0.0,0.0,0.0,5.23235702515
0.0,0.0,0.0,5.2490029335
0.0,0.0,0.0,5.26569509506
0.0,0.0,0.0,5.28233098984
0.0,0.0,0.0,5.29915595055
0.0,0.0,0.0,5.31563591957
0.0,0.0,0.0,5.33226513863
0.0,0.0,0.0,5.34896707535
0.0,0.0,0.0,5.36563491821
0.0,0.0,0.0,5.38229799271
0.0,0.0,0.0,5.39909291267
0.0,0.0,0.0,5.41565299034
0.0,0.0,0.0,5.43248796463
0.0,0.0,0.0,5.44928312302
0.0,0.0,0.0,5.46569895744
0.0,0.0,0.0,5.48329806328
0.0,0.0,0.0,5.49938893318
0.0,0.0,0.0,5.51629590988
0.0,0.0,0.0,5.53231501579
0.0,0.0,0.0,5.5491271019
0.0,0.0,0.0,5.56834292412
0.0,0.0,0.0,5.58252811432
0.0,0.0,0.0,5.59898495674
0.0,0.0,0.0,5.61614012718
0.0,0.0,0.0,5.63235902786
0.0,0.0,0.0,5.64937591553
0.0,0.0,0.0,5.66574597359
0.0,0.0,0.0,5.68257808685
0.0,0.0,0.0,5.69898509979
0.0,0.0,0.0,5.71579194069
0.0,0.0,0.0,5.73237395287
0.0,0.0,0.0,5.75112199783
0.0,0.0,0.0,5.76558804512
0.0,0.0,0.0,5.78261113167
0.0,0.0,0.0,5.79896998405
0.0,0.0,0.0,5.81598806381
0.0,0.0,0.0,5.83241891861
0.0,0.0,0.0,5.84955310822
0.0,0.0,0.0,5.86584210396
0.0,0.0,0.0,5.88275504112
0.0,0.0,0.0,5.89902496338
0.0,0.0,0.0,5.91602301598
0.0,0.0,0.0,5.93245005608
0.0,0.0,0.0,5.94949412346
0.0,0.0,0.0,5.9656560421
0.0,0.0,0.0,5.98258495331
Actuacion(lineal,angular) = 0.0398938179016,0.0
0.0,0.0,0.0,5.99895906448
0.0,0.0,0.0,6.01604413986
0.0,0.0,0.0,6.03263401985
0.0,0.0,0.0,6.04929614067
0.0,0.0,0.0,6.06613206863
0.0,0.0,0.0,6.08286213875
0.0,0.0,0.0,6.09890413284
0.0,0.0,0.0,6.1158080101
0.0,0.0,0.0,6.1323261261
0.0,0.0,0.0,6.14925813675
0.0,0.0,0.0,6.16584706306
8.52920883339e-05,5.56873340843e-17,0.000174532925201,6.18418693542
Actuacion(lineal,angular) = 0.079892206192,-7.6684062039e-05
8.52920883339e-05,5.56873340843e-17,0.000174532925201,6.19965600967
8.52920883339e-05,5.56873340843e-17,0.000174532925201,6.21773791313
8.52920883339e-05,5.56873340843e-17,0.000174532925201,6.23246192932
0.000767628784609,1.19090220773e-07,0.000174532925201,6.24910998344
0.000767628784609,1.19090220773e-07,0.000174532925201,6.26558709145
0.000767628784609,1.19090220773e-07,0.000174532925201,6.28256702423
0.00234553239475,3.94486356402e-07,0.000174532925201,6.29896402359
0.00234553239475,3.94486356402e-07,0.000174532925201,6.31634998322
0.00307051513454,5.21019716095e-07,0.0003490658504,6.33307600021
0.00307051513454,5.21019716095e-07,0.0003490658504,6.34926700592
0.00307051513454,5.21019716095e-07,0.0003490658504,6.36668992043
0.00550133950395,1.36953752612e-06,0.000174532925201,6.38323712349
Actuacion(lineal,angular) = 0.119882392883,-0.000453521017616
0.00550133950395,1.36953752612e-06,0.000174532925201,6.39910912514
0.00550133950395,1.36953752612e-06,0.000174532925201,6.41617202759
0.00550133950395,1.36953752612e-06,0.000174532925201,6.43244600296
0.00857185463719,1.90544351958e-06,0.000174532925201,6.44919610023
0.00963800572512,2.09152198955e-06,0.000523598775599,6.46568799019
0.00963800572512,2.09152198955e-06,0.000523598775599,6.48248291016
0.00963800572512,2.09152198955e-06,0.000523598775599,6.49911499023
0.00963800572512,2.09152198955e-06,0.000523598775599,6.51613497734
0.0136467333273,4.19048704551e-06,0.0003490658504,6.53273797035
0.0151819908238,4.72639303092e-06,0.000523598775599,6.54978108406
0.0151819908238,4.72639303092e-06,0.000523598775599,6.56593608856
0.0151819908238,4.72639303092e-06,0.000523598775599,6.58365511894
Actuacion(lineal,angular) = 0.159879207611,-0.00081941470007
0.0199157010774,7.20495815031e-06,0.000698131700799,6.5991590023
0.0199157010774,7.20495815031e-06,0.000698131700799,6.61576008797
0.0199157010774,7.20495815031e-06,0.000698131700799,6.63245892525
0.0199157010774,7.20495815031e-06,0.000698131700799,6.64927506447
0.0258861458058,1.13731155603e-05,0.0010471975512,6.66586112976
0.0258861458058,1.13731155603e-05,0.0010471975512,6.68287801743
0.0258861458058,1.13731155603e-05,0.0010471975512,6.6991250515
0.0258861458058,1.13731155603e-05,0.0010471975512,6.71613907814
0.0321551108609,1.79379628144e-05,0.0013962634016,6.73262000084
0.0321551108609,1.79379628144e-05,0.0013962634016,6.74914002419
0.0321551108609,1.79379628144e-05,0.0013962634016,6.76622200012
0.0394475773049,2.81201734344e-05,0.00174532925199,6.78293514252
Actuacion(lineal,angular) = 0.199849033356,-0.0022917266606
0.0394475773049,2.81201734344e-05,0.00174532925199,6.79904508591
0.0394475773049,2.81201734344e-05,0.00174532925199,6.81577706337
0.0394475773049,2.81201734344e-05,0.00174532925199,6.83234000206
0.0466121018127,4.06246403316e-05,0.0015707963268,6.84936714172
0.0466121018127,4.06246403316e-05,0.0015707963268,6.86563301086
0.0466121018127,4.06246403316e-05,0.0015707963268,6.88368701935
0.0544163182672,5.28834849543e-05,0.0013962634016,6.89925408363
0.0544163182672,5.28834849543e-05,0.0013962634016,6.91578292847
0.0544163182672,5.28834849543e-05,0.0013962634016,6.93341994286
0.0544163182672,5.28834849543e-05,0.0013962634016,6.94921708107
0.0629881647891,6.48520483147e-05,0.00174532925199,6.96584510803
0.065973383334,7.00622428552e-05,0.0019198621772,6.98274302483
Actuacion(lineal,angular) = 0.239827251434,-0.00273613540406
0.065973383334,7.00622428552e-05,0.0019198621772,6.99909090996
0.065973383334,7.00622428552e-05,0.0019198621772,7.0168569088
0.065973383334,7.00622428552e-05,0.0019198621772,7.03245711327
0.0750996199666,8.75833809131e-05,0.0015707963268,7.04931902885
0.0750996199666,8.75833809131e-05,0.0015707963268,7.06597495079
0.0750996199666,8.75833809131e-05,0.0015707963268,7.08253312111
0.0854625959143,0.000103861518855,0.00226892802759,7.09904503822
0.0854625959143,0.000103861518855,0.00226892802759,7.11631393433
0.0854625959143,0.000103861518855,0.00226892802759,7.13233709335
0.0854625959143,0.000103861518855,0.00226892802759,7.15028309822
0.0959534957755,0.000127664656431,0.00244346095279,7.16598701477
0.0959534957755,0.000127664656431,0.00244346095279,7.18849611282
0.0959534957755,0.000127664656431,0.00244346095279,7.19907093048
0.0959534957755,0.000127664656431,0.00244346095279,7.21590805054
0.107382601493,0.000155591285557,0.00279252680319,7.23248505592
0.107382601493,0.000155591285557,0.00279252680319,7.24910306931
0.107382601493,0.000155591285557,0.00279252680319,7.26563000679
0.118811696767,0.000187507423406,0.00279252680319,7.28284907341
0.118811696767,0.000187507423406,0.00279252680319,7.29920291901
0.118811696767,0.000187507423406,0.00279252680319,7.31575012207
0.118811696767,0.000187507423406,0.00279252680319,7.33248901367
0.130112854406,0.000219066291057,0.00279252680319,7.34948396683
0.130112854406,0.000219066291057,0.00279252680319,7.36649298668
0.130112854406,0.000219066291057,0.00279252680319,7.38279891014
Actuacion(lineal,angular) = 0.279791879654,-0.00457379277262
0.141030199145,0.000249553348107,0.00314159265359,7.3991150856
0.141030199145,0.000249553348107,0.00314159265359,7.41603708267
0.141030199145,0.000249553348107,0.00314159265359,7.43324112892
0.141030199145,0.000249553348107,0.00314159265359,7.4492161274
0.153440136757,0.000288540445202,0.00349065850399,7.46573495865
0.153440136757,0.000288540445202,0.00349065850399,7.48498702049
0.153440136757,0.000288540445202,0.00349065850399,7.499117136
0.165977997356,0.000332306012683,0.00349065850399,7.51740312576
0.165977997356,0.000332306012683,0.00349065850399,7.53237009048
0.165977997356,0.000332306012683,0.00349065850399,7.54923391342
0.165977997356,0.000332306012683,0.00349065850399,7.56586194038
0.17992316884,0.00038098404182,0.00366519142919,7.58302593231
Actuacion(lineal,angular) = 0.3,-0.00593796364006
0.184315681885,0.000397083515077,0.00366519142919,7.59896111488
0.184315681885,0.000397083515077,0.00366519142919,7.61571907997
0.184315681885,0.000397083515077,0.00366519142919,7.63223409653
0.184315681885,0.000397083515077,0.00366519142919,7.64935493469
0.19826084466,0.000448195435032,0.00418879020479,7.66754698753
0.202909222694,0.000467666629288,0.00401425727959,7.68342900276
0.202909222694,0.000467666629288,0.00401425727959,7.69932293892
0.202909222694,0.000467666629288,0.00401425727959,7.71595001221
0.202909222694,0.000467666629288,0.00401425727959,7.73255991936
0.217195532382,0.00052501586,0.00383972435439,7.74912500381
0.217195532382,0.00052501586,0.00383972435439,7.76569008827
0.217195532382,0.00052501586,0.00383972435439,7.78385305405
Actuacion(lineal,angular) = 0.3,-0.00674888209594
0.232036246349,0.000582000390908,0.00418879020479,7.79991793633
0.232036246349,0.000582000390908,0.00418879020479,7.81618309021
0.232036246349,0.000582000390908,0.00418879020479,7.83230900764
0.232036246349,0.000582000390908,0.00418879020479,7.84923195839
0.246194608801,0.000641307147726,0.00471238898039,7.86590313911
0.246194608801,0.000641307147726,0.00471238898039,7.88392901421
0.246194608801,0.000641307147726,0.00471238898039,7.89914298058
0.260992621818,0.000711041657391,0.00506145483079,7.91706299782
0.260992621818,0.000711041657391,0.00506145483079,7.93248391151
0.260992621818,0.000711041657391,0.00506145483079,7.94919204712
0.260992621818,0.000711041657391,0.00506145483079,7.96765494347
0.275449445609,0.000784214842864,0.00506145483079,7.9832379818
Actuacion(lineal,angular) = 0.3,-0.00907441497186
0.275449445609,0.000784214842864,0.00506145483079,7.99942302704
0.275449445609,0.000784214842864,0.00506145483079,8.01569890976
0.290290078881,0.000859330679278,0.00523598775598,8.03222894669
0.290290078881,0.000859330679278,0.00523598775598,8.04940891266
0.295194306733,0.000885009390931,0.00541052068118,8.06665492058
0.295194306733,0.000885009390931,0.00541052068118,8.08373212814
0.295194306733,0.000885009390931,0.00541052068118,8.09946012497
0.309651104101,0.000963228955334,0.00575958653158,8.11602711678
0.309651104101,0.000963228955334,0.00575958653158,8.13278102875
0.309651104101,0.000963228955334,0.00575958653158,8.14918112755
0.309651104101,0.000963228955334,0.00575958653158,8.17013502121
0.324534326653,0.00104895111137,0.00593411945678,8.18651509285
0.324534326653,0.00104895111137,0.00593411945678,8.19913697243
0.324534326653,0.00104895111137,0.00593411945678,8.21583795547
0.339502824603,0.00113777700893,0.00663225115758,8.23232197762
0.339502824603,0.00113777700893,0.00663225115758,8.24905014038
0.344449656926,0.00117058612439,0.00645771823238,8.26565098763
0.344449656926,0.00117058612439,0.00645771823238,8.28286910057
0.344449656926,0.00117058612439,0.00645771823238,8.29895710945
0.359204880541,0.0012658725255,0.00663225115758,8.31589007378
0.359204880541,0.0012658725255,0.00663225115758,8.3324379921
0.359204880541,0.0012658725255,0.00663225115758,8.34943699837
0.359204880541,0.0012658725255,0.00663225115758,8.36578297615
0.374045377512,0.00136429987189,0.00663225115758,8.38302397728
Actuacion(lineal,angular) = 0.3,-0.0129896110875
0.374045377512,0.00136429987189,0.00663225115758,8.39896202087
0.374045377512,0.00136429987189,0.00663225115758,8.41605091095
0.389227035333,0.0014649899159,0.00715584993318,8.43305706978
0.389227035333,0.0014649899159,0.00715584993318,8.44936203957
0.389227035333,0.0014649899159,0.00715584993318,8.46581912041
0.389227035333,0.0014649899159,0.00715584993318,8.48298406601
0.403982188829,0.00157057738231,0.00715584993318,8.49991703033
0.403982188829,0.00157057738231,0.00715584993318,8.51579093933
0.403982188829,0.00157057738231,0.00715584993318,8.53242301941
0.403982188829,0.00157057738231,0.00715584993318,8.54984402657
0.418950567087,0.00167769067915,0.00733038285838,8.56993412971
0.418950567087,0.00167769067915,0.00733038285838,8.58327293396
Actuacion(lineal,angular) = 0.3,-0.0152469973124
0.418950567087,0.00167769067915,0.00733038285838,8.59963202477
0.434046861117,0.00178835427629,0.00785398163398,8.61610007286
0.438993649665,0.00182720706158,0.00802851455917,8.63245606422
0.438993649665,0.00182720706158,0.00802851455917,8.65181899071
0.438993649665,0.00182720706158,0.00802851455917,8.66594600677
0.438993649665,0.00182720706158,0.00802851455917,8.6824889183
0.453876639409,0.00194669792878,0.00820304748437,8.69889712334
0.458866058703,0.00198762729022,0.00837758040958,8.71593999863
0.458866058703,0.00198762729022,0.00837758040958,8.73251605034
0.458866058703,0.00198762729022,0.00837758040958,8.74934601784
0.458866058703,0.00198762729022,0.00837758040958,8.76581597328
0.47340784945,0.00210945516163,0.00837758040958,8.78316712379
Actuacion(lineal,angular) = 0.3,-0.0182108278718
0.47340784945,0.00210945516163,0.00837758040958,8.79909706116
0.47340784945,0.00210945516163,0.00837758040958,8.81600213051
0.483557251789,0.00219448458507,0.00733038285838,8.83241391182
0.483557251789,0.00219448458507,0.00733038285838,8.84957814217
0.483557251789,0.00219448458507,0.00733038285838,8.86557912827
0.483557251789,0.00219448458507,0.00733038285838,8.88251900673
0.494218476386,0.00227263684294,0.00680678408278,8.89903497696
0.494218476386,0.00227263684294,0.00680678408278,8.91612410545
0.494218476386,0.00227263684294,0.00680678408278,8.93297791481
0.494218476386,0.00227263684294,0.00680678408278,8.94938898087
0.504069484374,0.00233969156292,0.00610865238198,8.96584796906
0.504069484374,0.00233969156292,0.00610865238198,8.98245096207
Actuacion(lineal,angular) = 0.3,-0.0163273732976
0.504069484374,0.00233969156292,0.00610865238198,8.99941802025
0.514560215502,0.00240377658973,0.00523598775598,9.0159239769
0.514560215502,0.00240377658973,0.00523598775598,9.03240609169
0.514560215502,0.00240377658973,0.00523598775598,9.04901099205
0.514560215502,0.00240377658973,0.00523598775598,9.06579899788
0.523601052934,0.00245111473643,0.00541052068118,9.08289694786
0.523601052934,0.00245111473643,0.00541052068118,9.09897112846
0.523601052934,0.00245111473643,0.00541052068118,9.11627292633
0.532215427767,0.00249772344443,0.00575958653158,9.13267397881
0.532215427767,0.00249772344443,0.00575958653158,9.14940905571
0.532215427767,0.00249772344443,0.00575958653158,9.16556096077
0.532215427767,0.00249772344443,0.00575958653158,9.1834499836
Actuacion(lineal,angular) = 0.3,-0.0166673562804
0.5411709485,0.00254930411138,0.00541052068118,9.19970202446
0.5411709485,0.00254930411138,0.00541052068118,9.21589493752
0.5411709485,0.00254930411138,0.00541052068118,9.23262500763
0.549188287453,0.00259268251288,0.00436332312999,9.24925613403
0.549188287453,0.00259268251288,0.00436332312999,9.26579809189
0.552173482128,0.00260570796451,0.00418879020479,9.28345894814
0.552173482128,0.00260570796451,0.00418879020479,9.29943203926
0.552173482128,0.00260570796451,0.00418879020479,9.31658101082
0.562152568916,0.00264750850998,0.00453785605519,9.33291506767
0.565350989297,0.0026620225809,0.00453785605519,9.35311508179
0.565350989297,0.0026620225809,0.00453785605519,9.36639714241
0.565350989297,0.0026620225809,0.00453785605519,9.38377308846
Actuacion(lineal,angular) = 0.3,-0.0160258756075
0.565350989297,0.0026620225809,0.00453785605519,9.39901709557
0.575372706491,0.00270750000311,0.00471238898039,9.41592097282
0.575372706491,0.00270750000311,0.00471238898039,9.43235492706
0.575372706491,0.00270750000311,0.00471238898039,9.44902610779
0.575372706491,0.00270750000311,0.00471238898039,9.46563601494
0.5850958966,0.00275331979621,0.00453785605519,9.48245096207
0.5850958966,0.00275331979621,0.00453785605519,9.49982309341
0.5850958966,0.00275331979621,0.00453785605519,9.51683998108
0.594819094559,0.0027974425718,0.00436332312999,9.53224492073
0.598060163063,0.00281158449072,0.00436332312999,9.55098199844
0.598060163063,0.00281158449072,0.00436332312999,9.56599903107
0.598060163063,0.00281158449072,0.00436332312999,9.58240509033
Actuacion(lineal,angular) = 0.3,-0.0170573588199
0.598060163063,0.00281158449072,0.00436332312999,9.5991499424
0.608081888041,0.00285531279263,0.00471238898039,9.61602401733
0.608081888041,0.00285531279263,0.00471238898039,9.63231110573
0.608081888041,0.00285531279263,0.00471238898039,9.64932107925
0.608081888041,0.00285531279263,0.00471238898039,9.66568613052
0.618146242716,0.00290274029776,0.00506145483079,9.68265008926
0.621515237051,0.00291979245602,0.00488692190558,9.69948506355
0.621515237051,0.00291979245602,0.00488692190558,9.7161719799
0.621515237051,0.00291979245602,0.00488692190558,9.73251509666
0.631707519899,0.00296960174286,0.00471238898039,9.7494161129
0.631707519899,0.00296960174286,0.00471238898039,9.76588201523
0.635076519981,0.00298547789924,0.00471238898039,9.78663802147
0.635076519981,0.00298547789924,0.00471238898039,9.79902505875
0.635076519981,0.00298547789924,0.00471238898039,9.81573200226
0.645226165797,0.00303330733238,0.00436332312999,9.83235812187
0.648936336321,0.00304949610798,0.00418879020479,9.84904503822
0.648936336321,0.00304949610798,0.00418879020479,9.86570692062
0.648936336321,0.00304949610798,0.00418879020479,9.88247299194
0.648936336321,0.00304949610798,0.00418879020479,9.89891910553
0.65972569084,0.00309469071483,0.00418879020479,9.91572499275
0.65972569084,0.00309469071483,0.00418879020479,9.93233203888
0.65972569084,0.00309469071483,0.00418879020479,9.94923710823
0.65972569084,0.00309469071483,0.00418879020479,9.96581792831
0.670557691028,0.0031400639565,0.00401425727959,9.98253107071
Actuacion(lineal,angular) = 0.269875160936,-0.0200273206492
0.670557691028,0.0031400639565,0.00401425727959,9.9990811348
0.670557691028,0.0031400639565,0.00401425727959,10.0159780979
0.68130440757,0.00318320427333,0.00418879020479,10.0325391293
0.68130440757,0.00318320427333,0.00418879020479,10.0493490696
0.68130440757,0.00318320427333,0.00418879020479,10.0658779144
0.68130440757,0.00318320427333,0.00418879020479,10.0832121372
0.691070266008,0.00322411164475,0.00418879020479,10.0989379883
0.691070266008,0.00322411164475,0.00418879020479,10.118021965
0.691070266008,0.00322411164475,0.00418879020479,10.1323440075
0.700025856715,0.00326162495479,0.00436332312999,10.1492679119
0.700025856715,0.00326162495479,0.00436332312999,10.165995121
0.700025856715,0.00326162495479,0.00436332312999,10.1826930046
Actuacion(lineal,angular) = 0.239153019353,-0.0229626189954
0.700025856715,0.00326162495479,0.00436332312999,10.1992149353
0.709535834035,0.00330312032213,0.00453785605519,10.2158739567
0.709535834035,0.00330312032213,0.00453785605519,10.2335500717
0.709535834035,0.00330312032213,0.00453785605519,10.2498250008
0.717723790211,0.00334027634368,0.00471238898039,10.2665600777
0.717723790211,0.00334027634368,0.00471238898039,10.2825920582
0.717723790211,0.00334027634368,0.00471238898039,10.2996001244
0.717723790211,0.00334027634368,0.00471238898039,10.3158020973
0.724845600511,0.00337383733248,0.00471238898039,10.332392931
0.727745499315,0.00338750288481,0.00453785605519,10.3492929935
0.727745499315,0.00338750288481,0.00453785605519,10.3662590981
0.727745499315,0.00338750288481,0.00453785605519,10.3830280304
Actuacion(lineal,angular) = 0.217396112326,-0.0254874651278
0.727745499315,0.00338750288481,0.00453785605519,10.3992099762
0.73542170823,0.00342233665501,0.00436332312999,10.4159169197
0.73542170823,0.00342233665501,0.00436332312999,10.4323029518
0.738065737799,0.0034338734836,0.00453785605519,10.4490680695
0.738065737799,0.0034338734836,0.00453785605519,10.465667963
0.738065737799,0.0034338734836,0.00453785605519,10.4824709892
0.745016971427,0.00346541739773,0.00436332312999,10.4991049767
0.745016971427,0.00346541739773,0.00436332312999,10.5158290863
0.745016971427,0.00346541739773,0.00436332312999,10.5324890614
0.752607895028,0.00349853926046,0.00453785605519,10.5492939949
0.752607895028,0.00349853926046,0.00453785605519,10.5657339096
0.752607895028,0.00349853926046,0.00453785605519,10.5823791027
Actuacion(lineal,angular) = 0.197217051623,-0.0281480210303
0.752607895028,0.00349853926046,0.00453785605519,10.5995490551
0.759772356681,0.00353105077931,0.00453785605519,10.6156680584
0.759772356681,0.00353105077931,0.00453785605519,10.6324319839
0.759772356681,0.00353105077931,0.00453785605519,10.6497421265
0.759772356681,0.00353105077931,0.00453785605519,10.6655249596
0.76680888152,0.00356298173534,0.00436332312999,10.6826999187
0.76680888152,0.00356298173534,0.00436332312999,10.6993911266
0.76680888152,0.00356298173534,0.00436332312999,10.7155981064
0.772182231934,0.00358642754828,0.00436332312999,10.7328939438
0.772182231934,0.00358642754828,0.00436332312999,10.748980999
0.772182231934,0.00358642754828,0.00436332312999,10.7656331062
0.772182231934,0.00358642754828,0.00436332312999,10.7823960781
Actuacion(lineal,angular) = 0.182166590222,-0.0301735554559
0.778792305856,0.00361526961975,0.00436332312999,10.7990090847
0.778792305856,0.00361526961975,0.00436332312999,10.8157439232
0.780540777022,0.00362289881285,0.00436332312999,10.8323180676
0.780540777022,0.00362289881285,0.00436332312999,10.8492450714
0.780540777022,0.00362289881285,0.00436332312999,10.865778923
0.78702291403,0.00365118265068,0.00418879020479,10.8824179173
0.78702291403,0.00365118265068,0.00418879020479,10.8992879391
0.788558158151,0.00365761350383,0.00436332312999,10.9158420563
0.788558158151,0.00365761350383,0.00436332312999,10.9323370457
0.788558158151,0.00365761350383,0.00436332312999,10.9492139816
0.794357964947,0.00368292009557,0.00418879020479,10.9657080173
0.794357964947,0.00368292009557,0.00418879020479,10.9827349186
Actuacion(lineal,angular) = 0.165109622148,-0.0330571962214
0.794357964947,0.00368292009557,0.00418879020479,10.9989900589
0.799518091021,0.00370453490754,0.00418879020479,11.0163559914
0.799518091021,0.00370453490754,0.00418879020479,11.0323109627
0.799518091021,0.00370453490754,0.00418879020479,11.0493719578
0.805232610806,0.00372847197204,0.00383972435439,11.0657539368
0.805232610806,0.00372847197204,0.00383972435439,11.0832300186
0.805232610806,0.00372847197204,0.00383972435439,11.0990989208
0.805232610806,0.00372847197204,0.00383972435439,11.1157591343
0.809497183785,0.00374484683725,0.00401425727959,11.132381916
0.809497183785,0.00374484683725,0.00401425727959,11.1494450569
0.809497183785,0.00374484683725,0.00401425727959,11.1656289101
0.809497183785,0.00374484683725,0.00401425727959,11.1827790737
Actuacion(lineal,angular) = 0.152357478961,-0.0355260206373
0.81516906196,0.0037676153378,0.00383972435439,11.199023962
0.81516906196,0.0037676153378,0.00383972435439,11.2160110474
0.81516906196,0.0037676153378,0.00383972435439,11.232227087
0.819732155048,0.00378513644357,0.00401425727959,11.2513821125
0.819732155048,0.00378513644357,0.00401425727959,11.2657129765
0.821352691669,0.00379164172944,0.00383972435439,11.2829790115
0.821352691669,0.00379164172944,0.00383972435439,11.299104929
0.821352691669,0.00379164172944,0.00383972435439,11.3156571388
0.826086367676,0.00380981782981,0.00383972435439,11.332474947
0.826086367676,0.00380981782981,0.00383972435439,11.3509380817
0.826086367676,0.00380981782981,0.00383972435439,11.3658189774
0.830393586385,0.00382635644367,0.00401425727959,11.3825359344
Actuacion(lineal,angular) = 0.138083300928,-0.0389980144163
0.830393586385,0.00382635644367,0.00401425727959,11.3988530636
0.830393586385,0.00382635644367,0.00401425727959,11.4158699512
0.831672957402,0.00383149219567,0.00401425727959,11.432487011
0.831672957402,0.00383149219567,0.00401425727959,11.4493980408
0.831672957402,0.00383149219567,0.00401425727959,11.4657430649
0.836278693062,0.00384998090289,0.00383972435439,11.4826381207
0.836278693062,0.00384998090289,0.00383972435439,11.4993340969
0.837302190577,0.00385391087054,0.00401425727959,11.5157310963
0.837302190577,0.00385391087054,0.00401425727959,11.5322890282
0.837302190577,0.00385391087054,0.00401425727959,11.5492761135
0.840372681018,0.00386623667535,0.00418879020479,11.5657479763
0.840372681018,0.00386623667535,0.00418879020479,11.5827209949
Actuacion(lineal,angular) = 0.1280411165,-0.0424702786261
0.840372681018,0.00386623667535,0.00418879020479,11.5990741253
0.841481468439,0.0038708811804,0.00401425727959,11.6159629822
0.841481468439,0.0038708811804,0.00401425727959,11.6323139668
0.84540487289,0.00388663081988,0.00366519142919,11.6493639946
0.84540487289,0.00388663081988,0.00366519142919,11.6658320427
0.84540487289,0.00388663081988,0.00366519142919,11.6825859547
0.848731241993,0.00389882265399,0.00401425727959,11.6991689205
0.848731241993,0.00389882265399,0.00401425727959,11.7155511379
0.848731241993,0.00389882265399,0.00401425727959,11.7327020168
0.850948818422,0.00390772462414,0.00401425727959,11.7491250038
0.850948818422,0.00390772462414,0.00401425727959,11.7657670975
0.850948818422,0.00390772462414,0.00401425727959,11.7824759483
Actuacion(lineal,angular) = 0.119078040892,-0.0454134050582
0.850948818422,0.00390772462414,0.00401425727959,11.7995021343
0.85384872606,0.00391936566201,0.00366519142919,11.815994978
0.85384872606,0.00391936566201,0.00366519142919,11.8329660892
0.85384872606,0.00391936566201,0.00366519142919,11.849216938
0.857430969709,0.00393249532952,0.00418879020479,11.8656260967
0.857430969709,0.00393249532952,0.00418879020479,11.8837840557
0.857430969709,0.00393249532952,0.00418879020479,11.8990590572
0.858028009089,0.00393499621686,0.00436332312999,11.9198701382
0.858028009089,0.00393499621686,0.00436332312999,11.9327669144
0.860160291,0.00394430011088,0.00418879020479,11.9494299889
0.860160291,0.00394430011088,0.00418879020479,11.9668519497
0.860160291,0.00394430011088,0.00418879020479,11.9835460186
Actuacion(lineal,angular) = 0.111717270244,-0.0486295802251
0.862591094192,0.00395448229503,0.00383972435439,12.0001759529
0.862591094192,0.00395448229503,0.00383972435439,12.0169949532
0.862591094192,0.00395448229503,0.00383972435439,12.0326039791
0.863316071598,0.00395726602212,0.00366519142919,12.0499961376
0.863316071598,0.00395726602212,0.00366519142919,12.0660071373
0.863316071598,0.00395726602212,0.00366519142919,12.0826029778
0.866429211912,0.00396867632841,0.00366519142919,12.0990679264
0.866429211912,0.00396867632841,0.00366519142919,12.1163220406
0.866429211912,0.00396867632841,0.00366519142919,12.1324260235
0.86758064737,0.00397289657868,0.00401425727959,12.1494569778
0.86758064737,0.00397289657868,0.00401425727959,12.1656041145
0.870011452302,0.00398265450749,0.00383972435439,12.1830329895
Actuacion(lineal,angular) = 0.105880621913,-0.0511237465335
0.870011452302,0.00398265450749,0.00383972435439,12.198982954
0.870011452302,0.00398265450749,0.00383972435439,12.2158820629
0.87248490463,0.00399215192931,0.00331612557879,12.2323479652
0.87248490463,0.00399215192931,0.00331612557879,12.2491159439
0.87248490463,0.00399215192931,0.00331612557879,12.26572299
0.874617195114,0.00399922289824,0.00349065850399,12.2834379673
0.874617195114,0.00399922289824,0.00349065850399,12.2992470264
0.874617195114,0.00399922289824,0.00349065850399,12.3163399696
0.874617195114,0.00399922289824,0.00349065850399,12.3323960304
0.877687691588,0.0040099409964,0.00401425727959,12.3490159512
0.877687691588,0.0040099409964,0.00401425727959,12.3656730652
0.877687691588,0.0040099409964,0.00401425727959,12.3824489117
Actuacion(lineal,angular) = 0.0975985513083,-0.0554414075546
0.88016114222,0.00401987011694,0.00401425727959,12.3995859623
0.88016114222,0.00401987011694,0.00401425727959,12.4165410995
0.88016114222,0.00401987011694,0.00401425727959,12.4322271347
0.88016114222,0.00401987011694,0.00401425727959,12.4490270615
0.881994907345,0.00402723136148,0.00331612557879,12.4656770229
0.881994907345,0.00402723136148,0.00331612557879,12.4824690819
0.882762531919,0.0040297769103,0.00331612557879,12.4991281033
0.882762531919,0.0040297769103,0.00331612557879,12.515638113
0.882762531919,0.0040297769103,0.00331612557879,12.5324950218
0.884340426877,0.00403500942731,0.00349065850399,12.5491900444
0.884340426877,0.00403500942731,0.00349065850399,12.5660560131
0.884340426877,0.00403500942731,0.00349065850399,12.5828430653
Actuacion(lineal,angular) = 0.0924319297413,-0.0576691713874
0.885022759427,0.0040373912269,0.00349065850399,12.5993800163
0.885022759427,0.0040373912269,0.00349065850399,12.6162040234
0.885022759427,0.0040373912269,0.00349065850399,12.6328320503
0.888221193253,0.00404855591248,0.00366519142919,12.649255991
0.888221193253,0.00404855591248,0.00366519142919,12.6656010151
0.889202045681,0.00405215094049,0.00366519142919,12.6824381351
0.889202045681,0.00405215094049,0.00366519142919,12.6990089417
0.889202045681,0.00405215094049,0.00366519142919,12.7158410549
0.891760791144,0.00406152927443,0.00331612557879,12.73250103
0.891760791144,0.00406152927443,0.00331612557879,12.7492330074
0.891760791144,0.00406152927443,0.00331612557879,12.7656941414
0.894490122964,0.00407058011466,0.0019198621772,12.7822740078
Actuacion(lineal,angular) = 0.085969467042,-0.0611027630032
0.894490122964,0.00407058011466,0.0019198621772,12.7991950512
0.894490122964,0.00407058011466,0.0019198621772,12.8157019615
0.896878297036,0.00407516508537,0.0010471975512,12.8323199749
0.896878297036,0.00407516508537,0.0010471975512,12.8490259647
0.896878297036,0.00407516508537,0.0010471975512,12.8655531406
0.900076748595,0.00407851449723,0.0010471975512,12.8824191093
0.900076748595,0.00407851449723,0.0010471975512,12.8991539478
0.900076748595,0.00407851449723,0.0010471975512,12.9157090187
0.900076748595,0.00407851449723,0.0010471975512,12.9324839115
0.902678155863,0.00408123868555,0.0010471975512,12.9490699768
0.902678155863,0.00408123868555,0.0010471975512,12.965542078
0.903573722299,0.00408217652087,0.0010471975512,12.9824819565
Actuacion(lineal,angular) = 0.0774549825886,-0.0648226003208
0.903573722299,0.00408217652087,0.0010471975512,12.9990530014
0.903573722299,0.00408217652087,0.0010471975512,13.0156979561
0.906431005692,0.00408516866214,0.0010471975512,13.0324139595
0.906431005692,0.00408516866214,0.0010471975512,13.0491609573
0.906431005692,0.00408516866214,0.0010471975512,13.0658040047
0.908776536835,0.00408762489751,0.0013962634016,13.0837209225
0.908776536835,0.00408762489751,0.0013962634016,13.0998871326
0.908776536835,0.00408762489751,0.0013962634016,13.1166670322
0.909544164881,0.00408869670915,0.0015707963268,13.132463932
0.909544164881,0.00408869670915,0.0015707963268,13.1493360996
0.912060278383,0.00409264901425,0.000698131700799,13.1660430431
0.912060278383,0.00409264901425,0.000698131700799,13.1826679707
Actuacion(lineal,angular) = 0.0706525187631,-0.0707470487552
0.912060278383,0.00409264901425,0.000698131700799,13.1991090775
0.912913199059,0.00409324446531,0.000523598775599,13.2157571316
0.912913199059,0.00409324446531,0.000523598775599,13.2327890396
0.912913199059,0.00409324446531,0.000523598775599,13.2490930557
0.915983713818,0.00409485218322,-0.000872664625996,13.2659709454
0.915983713818,0.00409485218322,-0.000872664625996,13.2832939625
0.917860139047,0.00409321469288,-0.00122173047639,13.299063921
0.917860139047,0.00409321469288,-0.00122173047639,13.3157610893
0.917860139047,0.00409321469288,-0.00122173047639,13.3336830139
0.917860139047,0.00409321469288,-0.00122173047639,13.3500249386
0.91956597954,0.00409113061453,-0.00174532925199,13.3658881187
0.91956597954,0.00409113061453,-0.00174532925199,13.3836429119
Actuacion(lineal,angular) = 0.0645994723901,-0.0735156653221
0.91956597954,0.00409113061453,-0.00174532925199,13.3990321159
0.91956597954,0.00409113061453,-0.00174532925199,13.4157209396
0.921314464688,0.00408807892915,-0.00244346095279,13.4331669807
0.921314464688,0.00408807892915,-0.00244346095279,13.4496190548
0.921314464688,0.00408807892915,-0.00244346095279,13.4670059681
0.922892363612,0.00408422338707,-0.00314159265359,13.4840199947
0.922892363612,0.00408422338707,-0.00314159265359,13.4990370274
0.922892363612,0.00408422338707,-0.00314159265359,13.517318964
0.922892363612,0.00408422338707,-0.00314159265359,13.532282114
0.92459819696,0.00407886433593,-0.00279252680319,13.5490190983
0.92459819696,0.00407886433593,-0.00279252680319,13.5660231113
0.925067301617,0.00407755434519,-0.00261799387799,13.5845890045
Actuacion(lineal,angular) = 0.0601300802549,-0.0773619471429
0.925067301617,0.00407755434519,-0.00261799387799,13.599034071
0.925067301617,0.00407755434519,-0.00261799387799,13.6168439388
0.926602553946,0.00407353505481,-0.00296705972839,13.6332139969
0.926602553946,0.00407353505481,-0.00296705972839,13.6490569115
0.926602553946,0.00407353505481,-0.00296705972839,13.6658101082
0.927071658367,0.00407214318989,-0.00331612557879,13.6825499535
0.927071658367,0.00407214318989,-0.00331612557879,13.6990580559
0.927881928751,0.0040694562217,-0.00436332312998,13.7162890434
0.927881928751,0.0040694562217,-0.00436332312998,13.73250103
0.927881928751,0.0040694562217,-0.00436332312998,13.7512750626
0.928564258962,0.00406647897561,-0.00453785605518,13.7655949593
0.928564258962,0.00406647897561,-0.00453785605518,13.7828369141
Actuacion(lineal,angular) = 0.0573194930816,-0.0784443842906
0.928564258962,0.00406647897561,-0.00453785605518,13.7990889549
0.929758335904,0.00406106038913,-0.00383972435439,13.8162639141
0.929758335904,0.00406106038913,-0.00383972435439,13.8325231075
0.929758335904,0.00406106038913,-0.00383972435439,13.8496520519
0.929758335904,0.00406106038913,-0.00383972435439,13.8656849861
0.93069654196,0.00405745791879,-0.00401425727959,13.8825471401
0.93069654196,0.00405745791879,-0.00401425727959,13.8989989758
0.93069654196,0.00405745791879,-0.00401425727959,13.9156711102
0.93069654196,0.00405745791879,-0.00401425727959,13.9326150417
0.931762684474,0.00405317812545,-0.00436332312998,13.9493720531
0.931762684474,0.00405317812545,-0.00436332312998,13.9668450356
0.931762684474,0.00405317812545,-0.00436332312998,13.9824519157
Actuacion(lineal,angular) = 0.0545801285154,-0.0825415939674
0.932402369047,0.00405038695725,-0.00418879020479,13.9992229939
0.932402369047,0.00405038695725,-0.00418879020479,14.0160360336
0.932402369047,0.00405038695725,-0.00418879020479,14.032736063
0.932402369047,0.00405038695725,-0.00418879020479,14.0489830971
0.933511156468,0.00404574245219,-0.00401425727959,14.0657730103
0.933511156468,0.00404574245219,-0.00401425727959,14.0826461315
0.933511156468,0.00404574245219,-0.00401425727959,14.0992429256
0.934193487677,0.00404300338446,-0.00401425727959,14.1159880161
0.934193487677,0.00404300338446,-0.00401425727959,14.1327209473
0.934193487677,0.00404300338446,-0.00401425727959,14.1498100758
0.934193487677,0.00404300338446,-0.00401425727959,14.1659100056
0.934918464586,0.00404009312499,-0.00436332312998,14.1830029488
Actuacion(lineal,angular) = 0.0525856694616,-0.0861288356295
0.934918464586,0.00404009312499,-0.00436332312998,14.1994960308
0.93530227533,0.00403841842407,-0.00436332312998,14.2157130241
0.93530227533,0.00403841842407,-0.00436332312998,14.2322199345
0.93530227533,0.00403841842407,-0.00436332312998,14.2491979599
0.936155188094,0.00403469686646,-0.00453785605518,14.2657160759
0.936155188094,0.00403469686646,-0.00453785605518,14.2825949192
0.936155188094,0.00403469686646,-0.00453785605518,14.2991580963
0.93653899854,0.00403295517795,-0.00436332312998,14.3157739639
0.93653899854,0.00403295517795,-0.00436332312998,14.3324120045
0.937306620028,0.0040296057761,-0.00453785605518,14.349050045
0.937306620028,0.0040296057761,-0.00453785605518,14.3655600548
0.937306620028,0.0040296057761,-0.00453785605518,14.3828349113
Actuacion(lineal,angular) = 0.0501897430549,-0.0895567288159
0.938884507416,0.00402244550111,-0.00488692190558,14.3989050388
0.938884507416,0.00402244550111,-0.00488692190558,14.4155881405
0.938884507416,0.00402244550111,-0.00488692190558,14.4323689938
0.938884507416,0.00402244550111,-0.00488692190558,14.4491610527
0.939822709184,0.00401786054584,-0.00506145483078,14.4655990601
0.939822709184,0.00401786054584,-0.00506145483078,14.4826719761
0.940249164163,0.00401570204479,-0.00523598775598,14.498912096
0.940249164163,0.00401570204479,-0.00523598775598,14.5156440735
0.940249164163,0.00401570204479,-0.00523598775598,14.532433033
0.941016782436,0.00401168276818,-0.00523598775598,14.5495331287
0.941016782436,0.00401168276818,-0.00523598775598,14.5657110214
0.941016782436,0.00401168276818,-0.00523598775598,14.5827810764
Actuacion(lineal,angular) = 0.047221932334,-0.0941555839196
0.942466728062,0.00400409080126,-0.00506145483078,14.5995681286
0.942466728062,0.00400409080126,-0.00506145483078,14.6158320904
0.942466728062,0.00400409080126,-0.00506145483078,14.6322479248
0.942466728062,0.00400409080126,-0.00506145483078,14.6490440369
0.942978474037,0.0040015006,-0.00558505360638,14.6655979156
0.942978474037,0.0040015006,-0.00558505360638,14.6824860573
0.942978474037,0.0040015006,-0.00558505360638,14.6989619732
0.94370344548,0.00399745155353,-0.00593411945678,14.716807127
0.94370344548,0.00399745155353,-0.00593411945678,14.7323620319
0.94370344548,0.00399745155353,-0.00593411945678,14.7491221428
0.94370344548,0.00399745155353,-0.00593411945678,14.7657239437
0.944215189,0.00399441477071,-0.00575958653158,14.7825689316
Actuacion(lineal,angular) = 0.0450427601599,-0.09775368882
0.944215189,0.00399441477071,-0.00575958653158,14.7989311218
0.944215189,0.00399441477071,-0.00575958653158,14.8157010078
0.9450254504,0.00398974794846,-0.00558505360638,14.8323581219
0.9450254504,0.00398974794846,-0.00558505360638,14.8491799831
0.9450254504,0.00398974794846,-0.00558505360638,14.8657391071
0.9450254504,0.00398974794846,-0.00541052068118,14.882502079
0.9450254504,0.00398974794846,-0.00541052068118,14.8991060257
0.945494550019,0.0039872098505,-0.00558505360638,14.9156811237
0.945494550019,0.0039872098505,-0.00558505360638,14.932213068
0.945494550019,0.0039872098505,-0.00558505360638,14.94927001
0.945707776915,0.00398601895447,-0.00558505360638,14.9657690525
0.945707776915,0.00398601895447,-0.00558505360638,14.9826180935
Actuacion(lineal,angular) = 0.0435791940982,-0.101492192367
0.945707776915,0.00398601895447,-0.00558505360638,14.9989719391
0.946262166842,0.00398292262482,-0.00575958653158,15.0156290531
0.946262166842,0.00398292262482,-0.00575958653158,15.0324339867
0.946262166842,0.00398292262482,-0.00575958653158,15.0490500927
0.946816556221,0.00397972953591,-0.00575958653158,15.0656759739
0.946816556221,0.00397972953591,-0.00575958653158,15.0824871063
0.946816556221,0.00397972953591,-0.00575958653158,15.0990819931
0.947157718915,0.00397776455812,-0.00593411945678,15.1157560349
0.947157718915,0.00397776455812,-0.00593411945678,15.1322989464
0.947157718915,0.00397776455812,-0.00593411945678,15.1491661072
0.947157718915,0.00397776455812,-0.00593411945678,15.1656870842
0.947370945382,0.00397649923194,-0.00628318530718,15.1829240322
Actuacion(lineal,angular) = 0.0423489371152,-0.103762221306
0.947370945382,0.00397649923194,-0.00628318530718,15.1992199421
0.947370945382,0.00397649923194,-0.00628318530718,15.2158920765
0.947584171394,0.00397515947577,-0.00628318530718,15.232640028
0.947584171394,0.00397515947577,-0.00628318530718,15.2491829395
0.947584171394,0.00397515947577,-0.00628318530718,15.2656080723
0.947712107001,0.00397435562206,-0.00628318530718,15.2827169895
0.947712107001,0.00397435562206,-0.00628318530718,15.2996060848
0.94805326862,0.00397221201218,-0.00628318530718,15.3158321381
0.94805326862,0.00397221201218,-0.00628318530718,15.332392931
0.94805326862,0.00397221201218,-0.00628318530718,15.3491370678
0.948266494632,0.00397087225601,-0.00628318530718,15.3681340218
0.948266494632,0.00397087225601,-0.00628318530718,15.3830730915
Actuacion(lineal,angular) = 0.0415345041624,-0.105418683419
0.948266494632,0.00397087225601,-0.00628318530718,15.3991539478
0.948820882263,0.00396738888995,-0.00645771823238,15.4165220261
0.948820882263,0.00396738888995,-0.00645771823238,15.4323620796
0.948820882263,0.00396738888995,-0.00645771823238,15.4494850636
0.948991462882,0.00396628731306,-0.00663225115758,15.4659409523
0.948991462882,0.00396628731306,-0.00663225115758,15.4825410843
0.950611976919,0.00395553949937,-0.00663225115758,15.4991180897
0.950611976919,0.00395553949937,-0.00663225115758,15.5159680843
0.950611976919,0.00395553949937,-0.00663225115758,15.5324459076
0.952744232231,0.00394139763926,-0.00733038285837,15.5489869118
0.952744232231,0.00394139763926,-0.00733038285837,15.5657579899
0.952744232231,0.00394139763926,-0.00733038285837,15.582679987
Actuacion(lineal,angular) = 0.0377339150361,-0.114284031734
0.954748542456,0.00392670501478,-0.00715584993317,15.599118948
0.954748542456,0.00392670501478,-0.00715584993317,15.6159579754
0.954748542456,0.00392670501478,-0.00715584993317,15.6327221394
0.954748542456,0.00392670501478,-0.00715584993317,15.6494131088
0.959524777113,0.00389252641294,-0.00733038285837,15.6657009125
0.959524777113,0.00389252641294,-0.00733038285837,15.6825680733
0.959524777113,0.00389252641294,-0.00733038285837,15.6991450787
0.964770099615,0.00385407550207,-0.00820304748437,15.7157030106
0.964770099615,0.00385407550207,-0.00820304748437,15.7324500084
0.964770099615,0.00385407550207,-0.00820304748437,15.7499239445
0.964770099615,0.00385407550207,-0.00820304748437,15.7661750317
0.969546295862,0.00381489525864,-0.011344640138,15.7828040123
Actuacion(lineal,angular) = 0.00587127073245,-0.054333513126
0.969546295862,0.00381489525864,-0.011344640138,15.7990150452
0.969546295862,0.00381489525864,-0.011344640138,15.815737009
0.975431071249,0.00374813173539,-0.0118682389136,15.8324420452
0.975431071249,0.00374813173539,-0.0118682389136,15.8497369289
0.975431071249,0.00374813173539,-0.0118682389136,15.8658299446
0.975431071249,0.00374813173539,-0.0118682389136,15.8834090233
0.979951233568,0.00369448285013,-0.0109955742876,15.8989470005
0.979951233568,0.00369448285013,-0.0109955742876,15.9156870842
0.980462955163,0.00368885595055,-0.0115191730632,15.9323151112
0.980462955163,0.00368885595055,-0.0115191730632,15.9491350651
0.980462955163,0.00368885595055,-0.0115191730632,15.9660520554
0.983277407341,0.0036564343548,-0.0181514242207,15.9848759174
0.983277407341,0.0036564343548,-0.0181514242207,15.9988980293
0.983277407341,0.0036564343548,-0.0181514242207,16.0159111023
0.983618519492,0.00365024200334,-0.0212930168743,16.0324370861
0.983618519492,0.00365024200334,-0.0212930168743,16.0492210388
0.984428610652,0.00363299011123,-0.0253072741539,16.0659780502
0.984428610652,0.00363299011123,-0.0253072741539,16.0829360485
0.984428610652,0.00363299011123,-0.0253072741539,16.0992100239
0.986560230072,0.00357903311463,-0.0289724655831,16.1157529354
0.986560230072,0.00357903311463,-0.0289724655831,16.1323959827
0.986560230072,0.00357903311463,-0.0289724655831,16.1493399143
0.986560230072,0.00357903311463,-0.0289724655831,16.165831089
0.988094843356,0.00353455913949,-0.0370009801423,16.1828680038
Actuacion(lineal,angular) = 0.00367263036007,0.00597606386222
0.988094843356,0.00353455913949,-0.0370009801423,16.1997919083
0.988094843356,0.00353455913949,-0.0370009801423,16.2163031101
0.989799517546,0.00347145572331,-0.0413643032723,16.2326951027
0.989799517546,0.00347145572331,-0.0413643032723,16.2492010593
0.989799517546,0.00347145572331,-0.0413643032723,16.2658600807
0.989799517546,0.00347145572331,-0.0413643032723,16.2825980186
0.99129085234,0.00340973249164,-0.0443313630007,16.2991240025
0.99129085234,0.00340973249164,-0.0443313630007,16.3157019615
0.99129085234,0.00340973249164,-0.0443313630007,16.3325181007
0.992952414016,0.00333602490641,-0.0483456202802,16.3491010666
0.992952414016,0.00333602490641,-0.0483456202802,16.3659460545
0.992952414016,0.00333602490641,-0.0483456202802,16.3825991154
0.992952414016,0.00333602490641,-0.0483456202802,16.3993589878
0.994698858856,0.00325152610412,-0.0511381470834,16.4167909622
0.994698858856,0.00325152610412,-0.0511381470834,16.4323461056
0.994698858856,0.00325152610412,-0.0511381470834,16.4500150681
0.996189519155,0.00317522997929,-0.052534410485,16.4655959606
0.996189519155,0.00317522997929,-0.052534410485,16.4824650288
0.996189519155,0.00317522997929,-0.052534410485,16.4990899563
0.996657978455,0.00315059708083,-0.0528834763354,16.5157971382
0.996657978455,0.00315059708083,-0.0528834763354,16.5322260857
0.996657978455,0.00315059708083,-0.0528834763354,16.5492019653
0.998191089747,0.00306944516049,-0.0546288055874,16.5656061172
0.998191089747,0.00306944516049,-0.0546288055874,16.5832130909
Actuacion(lineal,angular) = 0.00664295196866,0.0658533402828
0.998191089747,0.00306944516049,-0.0546288055874,16.5990250111
0.99959630979,0.00299260321275,-0.056025068989,16.6156070232
0.99959630979,0.00299260321275,-0.056025068989,16.6323230267
1.00010725938,0.00296394723837,-0.0565486677646,16.6496269703
1.00010725938,0.00296394723837,-0.0565486677646,16.6661860943
1.00010725938,0.00296394723837,-0.0565486677646,16.6825940609
1.00070334966,0.00293020315153,-0.0582939970166,16.699504137
1.00070334966,0.00293020315153,-0.0582939970166,16.7165291309
1.00070334966,0.00293020315153,-0.0582939970166,16.7324049473
1.00083107047,0.00292274934966,-0.0567232006898,16.7490389347
1.00083107047,0.00292274934966,-0.0567232006898,16.7658779621
1.00083107047,0.00292274934966,-0.0567232006898,16.7827079296
Actuacion(lineal,angular) = 0.0139354607271,0.125844342366
1.00083107047,0.00292274934966,-0.0567232006898,16.7991321087
1.00083107047,0.00292274934966,-0.0565486677646,16.816229105
1.00083107047,0.00292274934966,-0.0565486677646,16.8325459957
1.00083107047,0.00292274934966,-0.0565486677646,16.8493061066
1.00083107047,0.00292274934966,-0.0565486677646,16.8659620285
1.00083107047,0.00292274934966,-0.0565486677646,16.8826880455
1.00104395985,0.00291069789007,-0.0567232006898,16.8989899158
1.00104395985,0.00291069789007,-0.0567232006898,16.915954113
1.00104395985,0.00291069789007,-0.0567232006898,16.9325520992
1.00129942459,0.00289619155133,-0.0565486677646,16.9489529133
1.00129942459,0.00289619155133,-0.0565486677646,16.9660480022
1.00129942459,0.00289619155133,-0.0565486677646,16.9823300838
Actuacion(lineal,angular) = 0.0212983754235,0.185917884961
1.00129942459,0.00289619155133,-0.0565486677646,16.999530077
1.00129942459,0.00289619155133,-0.0565486677646,17.0157990456
1.00151231397,0.00288414009175,-0.0565486677646,17.0325520039
1.00151231397,0.00288414009175,-0.0565486677646,17.0492510796
1.00151231397,0.00288414009175,-0.0565486677646,17.0656309128
1.00159746972,0.00287931950791,-0.0565486677646,17.082406044
1.00159746972,0.00287931950791,-0.0565486677646,17.0989880562
1.00159746972,0.00287931950791,-0.0565486677646,17.1165139675
1.00185293698,0.0028648577564,-0.0563741348394,17.1338529587
1.00185293698,0.0028648577564,-0.0563741348394,17.1492679119
1.00193809357,0.00286005203512,-0.0563741348394,17.1656999588
1.00193809357,0.00286005203512,-0.0563741348394,17.1824820042
1.00193809357,0.00286005203512,-0.0563741348394,17.2003641129
1.00227871995,0.00284082915001,-0.056025068989,17.2159559727
1.00227871995,0.00284082915001,-0.056025068989,17.2337589264
1.00227871995,0.00284082915001,-0.056025068989,17.2493829727
1.00249161561,0.00282888916069,-0.0555014702134,17.267843008
1.00249161561,0.00282888916069,-0.0555014702134,17.2826969624
1.00249161561,0.00282888916069,-0.0555014702134,17.2989070415
1.00261935674,0.00282179205122,-0.0555014702134,17.315705061
1.00261935674,0.00282179205122,-0.0555014702134,17.3324370384
1.00261935674,0.00282179205122,-0.0555014702134,17.3491709232
1.0027045175,0.0028170606449,-0.0553269372882,17.367110014
1.0027045175,0.0028170606449,-0.0553269372882,17.3860349655
Actuacion(lineal,angular) = 0.00920543974775,0.245898086682
1.0027045175,0.0028170606449,-0.0553269372882,17.4004580975
1.0027045175,0.0028170606449,-0.0553269372882,17.4167559147
1.00296000224,0.00280291101625,-0.0553269372882,17.4323019981
1.00296000224,0.00280291101625,-0.0553269372882,17.4491150379
1.00300258303,0.00280055274481,-0.0553269372882,17.4655749798
1.00300258303,0.00280055274481,-0.0553269372882,17.4824740887
1.00300258303,0.00280055274481,-0.0553269372882,17.4990539551
1.00300258303,0.00280055274481,-0.0555014702134,17.5158529282
1.00300258303,0.00280055274481,-0.0555014702134,17.532323122
1.00300258303,0.00280055274481,-0.0555014702134,17.5489869118
1.00300258303,0.00280055274481,-0.0555014702134,17.5656881332
1.00300258303,0.00280055274481,-0.0555014702134,17.583288908
Actuacion(lineal,angular) = 0.00477932334339,0.305948168888
1.00300258303,0.00280055274481,-0.0555014702134,17.6010839939
1.00300258303,0.00280055274481,-0.0555014702134,17.6157000065
1.00300258303,0.00280055274481,-0.0555014702134,17.6325509548
1.00300258303,0.00280055274481,-0.0555014702134,17.6518599987
1.00300258303,0.00280055274481,-0.0555014702134,17.6656601429
1.00300258303,0.00280055274481,-0.0555014702134,17.6822631359
1.00300258303,0.00280055274481,-0.0555014702134,17.6990680695
1.00300258303,0.00280055274481,-0.0555014702134,17.7157540321
1.00300258303,0.00280055274481,-0.0555014702134,17.7324020863
1.00300258303,0.00280055274481,-0.0553269372882,17.7493190765
1.00300258303,0.00280055274481,-0.0553269372882,17.7662580013
1.00300258303,0.00280055274481,-0.0553269372882,17.7826011181
Actuacion(lineal,angular) = 0.00279395912078,0.365900761738
1.00300258303,0.00280055274481,-0.0553269372882,17.7993450165
1.00300258303,0.00280055274481,-0.0555014702134,17.8159461021
1.00300258303,0.00280055274481,-0.0555014702134,17.8325169086
1.00300258303,0.00280055274481,-0.0555014702134,17.8499400616
1.00308774378,0.00279582133849,-0.0553269372882,17.8658940792
1.00308774378,0.00279582133849,-0.0553269372882,17.8830990791
1.00308774378,0.00279582133849,-0.0553269372882,17.8991239071
