0.0,0.0,0.0,0.0406548976898
0.0,0.0,0.0,0.0575580596924
0.0,0.0,0.0,0.0743508338928
0.0,0.0,0.0,0.0913779735565
0.0,0.0,0.0,0.10773897171
0.0,0.0,0.0,0.124508857727
0.0,0.0,0.0,0.141700983047
0.0,0.0,0.0,0.157403945923
0.0,0.0,0.0,0.173979043961
0.0,0.0,0.0,0.190928936005
0.0,0.0,0.0,0.207733869553
0.0,0.0,0.0,0.224287986755
0.0,0.0,0.0,0.241060972214
0.0,0.0,0.0,0.257737874985
0.0,0.0,0.0,0.274308919907
0.0,0.0,0.0,0.291653871536
0.0,0.0,0.0,0.307741880417
0.0,0.0,0.0,0.324625968933
0.0,0.0,0.0,0.341392993927
0.0,0.0,0.0,0.357738018036
0.0,0.0,0.0,0.374666929245
0.0,0.0,0.0,0.39124083519
0.0,0.0,0.0,0.407973051071
0.0,0.0,0.0,0.424629926682
0.0,0.0,0.0,0.441382884979
0.0,0.0,0.0,0.458482980728
0.0,0.0,0.0,0.474972963333
0.0,0.0,0.0,0.491282939911
0.0,0.0,0.0,0.508050918579
0.0,0.0,0.0,0.524567842484
0.0,0.0,0.0,0.541156053543
0.0,0.0,0.0,0.557813882828
0.0,0.0,0.0,0.576318979263
0.0,0.0,0.0,0.591275930405
0.0,0.0,0.0,0.607867002487
0.0,0.0,0.0,0.624544858932
0.0,0.0,0.0,0.641286849976
0.0,0.0,0.0,0.657722949982
0.0,0.0,0.0,0.674491882324
0.0,0.0,0.0,0.691498994827
0.0,0.0,0.0,0.70783495903
0.0,0.0,0.0,0.724375009537
0.0,0.0,0.0,0.74077296257
0.0,0.0,0.0,0.757447004318
0.0,0.0,0.0,0.774256944656
0.0,0.0,0.0,0.791101932526
0.0,0.0,0.0,0.807579994202
0.0,0.0,0.0,0.824497938156
0.0,0.0,0.0,0.842489004135
0.0,0.0,0.0,0.857766866684
0.0,0.0,0.0,0.874603033066
0.0,0.0,0.0,0.891115903854
0.0,0.0,0.0,0.908061981201
0.0,0.0,0.0,0.92454791069
0.0,0.0,0.0,0.940929889679
0.0,0.0,0.0,0.957931041718
0.0,0.0,0.0,0.974308013916
0.0,0.0,0.0,0.99120593071
0.0,0.0,0.0,1.00783801079
0.0,0.0,0.0,1.02452087402
0.0,0.0,0.0,1.04100584984
0.0,0.0,0.0,1.05756998062
0.0,0.0,0.0,1.07436084747
0.0,0.0,0.0,1.09134101868
0.0,0.0,0.0,1.10764789581
0.0,0.0,0.0,1.12459492683
0.0,0.0,0.0,1.14091396332
0.0,0.0,0.0,1.1577539444
0.0,0.0,0.0,1.17440700531
0.0,0.0,0.0,1.19130587578
0.0,0.0,0.0,1.2075920105
0.0,0.0,0.0,1.22448801994
0.0,0.0,0.0,1.24100184441
0.0,0.0,0.0,1.25750398636
0.0,0.0,0.0,1.27411794662
0.0,0.0,0.0,1.29121303558
0.0,0.0,0.0,1.30769205093
0.0,0.0,0.0,1.32450699806
0.0,0.0,0.0,1.34119391441
0.0,0.0,0.0,1.35769486427
0.0,0.0,0.0,1.37510585785
0.0,0.0,0.0,1.39124894142
0.0,0.0,0.0,1.40767598152
0.0,0.0,0.0,1.42444086075
0.0,0.0,0.0,1.44116687775
0.0,0.0,0.0,1.45769906044
0.0,0.0,0.0,1.47472405434
0.0,0.0,0.0,1.49221992493
0.0,0.0,0.0,1.50762701035
0.0,0.0,0.0,1.52423286438
0.0,0.0,0.0,1.54091286659
0.0,0.0,0.0,1.5576300621
0.0,0.0,0.0,1.57595992088
0.0,0.0,0.0,1.59096598625
0.0,0.0,0.0,1.60742306709
0.0,0.0,0.0,1.62421894073
0.0,0.0,0.0,1.64078497887
0.0,0.0,0.0,1.6576230526
0.0,0.0,0.0,1.67431688309
0.0,0.0,0.0,1.6910378933
0.0,0.0,0.0,1.70802307129
0.0,0.0,0.0,1.72437095642
0.0,0.0,0.0,1.74101996422
0.0,0.0,0.0,1.75767683983
0.0,0.0,0.0,1.77427387238
0.0,0.0,0.0,1.79101085663
0.0,0.0,0.0,1.80754995346
0.0,0.0,0.0,1.82429885864
0.0,0.0,0.0,1.84093284607
0.0,0.0,0.0,1.85796689987
0.0,0.0,0.0,1.87445187569
0.0,0.0,0.0,1.89116001129
0.0,0.0,0.0,1.90752196312
0.0,0.0,0.0,1.92445588112
0.0,0.0,0.0,1.94121098518
0.0,0.0,0.0,1.95789289474
0.0,0.0,0.0,1.97433304787
0.0,0.0,0.0,1.99129605293
0.0,0.0,0.0,2.00778603554
0.0,0.0,0.0,2.02434206009
0.0,0.0,0.0,2.04118299484
0.0,0.0,0.0,2.05777692795
0.0,0.0,0.0,2.07426285744
0.0,0.0,0.0,2.09089398384
0.0,0.0,0.0,2.10806298256
0.0,0.0,0.0,2.1244828701
0.0,0.0,0.0,2.14087891579
0.0,0.0,0.0,2.15776991844
0.0,0.0,0.0,2.17424201965
0.0,0.0,0.0,2.19124388695
0.0,0.0,0.0,2.20763206482
0.0,0.0,0.0,2.22477293015
0.0,0.0,0.0,2.24091291428
0.0,0.0,0.0,2.25780487061
0.0,0.0,0.0,2.27425384521
0.0,0.0,0.0,2.29116106033
0.0,0.0,0.0,2.30783295631
0.0,0.0,0.0,2.32448005676
0.0,0.0,0.0,2.34077596664
0.0,0.0,0.0,2.35775589943
0.0,0.0,0.0,2.3744969368
0.0,0.0,0.0,2.39136099815
0.0,0.0,0.0,2.40766906738
0.0,0.0,0.0,2.42458796501
0.0,0.0,0.0,2.4411649704
0.0,0.0,0.0,2.4577229023
0.0,0.0,0.0,2.47448992729
0.0,0.0,0.0,2.49095392227
0.0,0.0,0.0,2.50749492645
0.0,0.0,0.0,2.52455806732
0.0,0.0,0.0,2.54097890854
0.0,0.0,0.0,2.55784201622
0.0,0.0,0.0,2.57447504997
0.0,0.0,0.0,2.59143805504
0.0,0.0,0.0,2.60770201683
0.0,0.0,0.0,2.62460684776
0.0,0.0,0.0,2.64115691185
0.0,0.0,0.0,2.65788888931
0.0,0.0,0.0,2.67501497269
0.0,0.0,0.0,2.69110798836
0.0,0.0,0.0,2.70771098137
0.0,0.0,0.0,2.724588871
0.0,0.0,0.0,2.74080300331
0.0,0.0,0.0,2.75742101669
0.0,0.0,0.0,2.77452301979
0.0,0.0,0.0,2.79121398926
0.0,0.0,0.0,2.80763792992
0.0,0.0,0.0,2.82440304756
0.0,0.0,0.0,2.84105086327
0.0,0.0,0.0,2.85787701607
0.0,0.0,0.0,2.87453103065
0.0,0.0,0.0,2.89101195335
0.0,0.0,0.0,2.90804886818
0.0,0.0,0.0,2.92441797256
0.0,0.0,0.0,2.94129085541
0.0,0.0,0.0,2.95803689957
0.0,0.0,0.0,2.97476005554
0.0,0.0,0.0,2.9915599823
0.0,0.0,0.0,3.00810289383
0.0,0.0,0.0,3.02450489998
0.0,0.0,0.0,3.04150700569
0.0,0.0,0.0,3.05778694153
0.0,0.0,0.0,3.07537388802
0.0,0.0,0.0,3.09131598473
0.0,0.0,0.0,3.10757493973
0.0,0.0,0.0,3.1247780323
0.0,0.0,0.0,3.14121794701
0.0,0.0,0.0,3.15776801109
0.0,0.0,0.0,3.17432785034
0.0,0.0,0.0,3.19130396843
0.0,0.0,0.0,3.20745491982
0.0,0.0,0.0,3.2243540287
0.0,0.0,0.0,3.24085593224
0.0,0.0,0.0,3.25766706467
0.0,0.0,0.0,3.2747900486
0.0,0.0,0.0,3.2912569046
0.0,0.0,0.0,3.30781793594
0.0,0.0,0.0,3.32443594933
0.0,0.0,0.0,3.3419380188
0.0,0.0,0.0,3.35799002647
0.0,0.0,0.0,3.37478685379
0.0,0.0,0.0,3.39124202728
0.0,0.0,0.0,3.40875291824
0.0,0.0,0.0,3.42514395714
0.0,0.0,0.0,3.44140601158
0.0,0.0,0.0,3.45850086212
0.0,0.0,0.0,3.47566199303
0.0,0.0,0.0,3.49103999138
0.0,0.0,0.0,3.50952100754
0.0,0.0,0.0,3.52437186241
0.0,0.0,0.0,3.54097104073
0.0,0.0,0.0,3.55897593498
0.0,0.0,0.0,3.57549595833
0.0,0.0,0.0,3.5924808979
0.0,0.0,0.0,3.60879397392
0.0,0.0,0.0,3.62530493736
0.0,0.0,0.0,3.6412229538
0.0,0.0,0.0,3.65795683861
0.0,0.0,0.0,3.67446804047
0.0,0.0,0.0,3.69123387337
0.0,0.0,0.0,3.7081348896
0.0,0.0,0.0,3.72439885139
0.0,0.0,0.0,3.7409799099
0.0,0.0,0.0,3.75757884979
0.0,0.0,0.0,3.77440905571
0.0,0.0,0.0,3.79239702225
0.0,0.0,0.0,3.80954384804
0.0,0.0,0.0,3.82453393936
0.0,0.0,0.0,3.84180498123
0.0,0.0,0.0,3.85788106918
0.0,0.0,0.0,3.87432599068
0.0,0.0,0.0,3.89185595512
0.0,0.0,0.0,3.90926003456
0.0,0.0,0.0,3.92505502701
0.0,0.0,0.0,3.94214200974
0.0,0.0,0.0,3.95857906342
0.0,0.0,0.0,3.97480201721
0.0,0.0,0.0,3.99151396751
0.0,0.0,0.0,4.0083990097
0.0,0.0,0.0,4.02428293228
0.0,0.0,0.0,4.04155492783
0.0,0.0,0.0,4.05759096146
0.0,0.0,0.0,4.07434797287
0.0,0.0,0.0,4.09121584892
0.0,0.0,0.0,4.10792088509
0.0,0.0,0.0,4.12421584129
0.0,0.0,0.0,4.14155292511
0.0,0.0,0.0,4.15779304504
0.0,0.0,0.0,4.17531490326
0.0,0.0,0.0,4.19140195847
0.0,0.0,0.0,4.2078640461
0.0,0.0,0.0,4.22433805466
0.0,0.0,0.0,4.24104595184
0.0,0.0,0.0,4.25795388222
0.0,0.0,0.0,4.27426195145
0.0,0.0,0.0,4.29136800766
0.0,0.0,0.0,4.3084859848
0.0,0.0,0.0,4.32497596741
0.0,0.0,0.0,4.34162902832
0.0,0.0,0.0,4.3580930233
0.0,0.0,0.0,4.37467098236
0.0,0.0,0.0,4.39104890823
0.0,0.0,0.0,4.40769004822
0.0,0.0,0.0,4.42422604561
0.0,0.0,0.0,4.44094896317
0.0,0.0,0.0,4.45765686035
0.0,0.0,0.0,4.47422003746
0.0,0.0,0.0,4.49115991592
0.0,0.0,0.0,4.50886893272
0.0,0.0,0.0,4.52485203743
0.0,0.0,0.0,4.54145598412
0.0,0.0,0.0,4.55796790123
0.0,0.0,0.0,4.57449793816
0.0,0.0,0.0,4.59218096733
0.0,0.0,0.0,4.60842084885
0.0,0.0,0.0,4.62536597252
0.0,0.0,0.0,4.64130187035
0.0,0.0,0.0,4.65768194199
0.0,0.0,0.0,4.67432284355
0.0,0.0,0.0,4.69088196754
0.0,0.0,0.0,4.70801305771
0.0,0.0,0.0,4.72438788414
0.0,0.0,0.0,4.74101805687
0.0,0.0,0.0,4.75754404068
0.0,0.0,0.0,4.77515697479
0.0,0.0,0.0,4.79095196724
0.0,0.0,0.0,4.80806994438
0.0,0.0,0.0,4.82468891144
0.0,0.0,0.0,4.84251904488
0.0,0.0,0.0,4.85762286186
0.0,0.0,0.0,4.87451601028
0.0,0.0,0.0,4.89084291458
0.0,0.0,0.0,4.90772891045
0.0,0.0,0.0,4.92424702644
0.0,0.0,0.0,4.9408788681
0.0,0.0,0.0,4.95777797699
0.0,0.0,0.0,4.97517800331
0.0,0.0,0.0,4.99094986916
0.0,0.0,0.0,5.00766205788
0.0,0.0,0.0,5.02443790436
0.0,0.0,0.0,5.04149389267
0.0,0.0,0.0,5.05781602859
0.0,0.0,0.0,5.07468605042
0.0,0.0,0.0,5.09097099304
0.0,0.0,0.0,5.10841298103
0.0,0.0,0.0,5.12468099594
0.0,0.0,0.0,5.14111995697
0.0,0.0,0.0,5.15771389008
0.0,0.0,0.0,5.17459106445
0.0,0.0,0.0,5.19088697433
0.0,0.0,0.0,5.20778203011
0.0,0.0,0.0,5.22423195839
0.0,0.0,0.0,5.24177002907
0.0,0.0,0.0,5.25770688057
0.0,0.0,0.0,5.27489185333
0.0,0.0,0.0,5.29110002518
0.0,0.0,0.0,5.30797290802
0.0,0.0,0.0,5.32520794868
0.0,0.0,0.0,5.34126091003
0.0,0.0,0.0,5.35810089111
0.0,0.0,0.0,5.3745470047
0.0,0.0,0.0,5.39141893387
0.0,0.0,0.0,5.40764188766
0.0,0.0,0.0,5.42431998253
0.0,0.0,0.0,5.44100499153
0.0,0.0,0.0,5.4576189518
0.0,0.0,0.0,5.47471094131
0.0,0.0,0.0,5.4921810627
0.0,0.0,0.0,5.50856184959
0.0,0.0,0.0,5.52427101135
0.0,0.0,0.0,5.541203022
0.0,0.0,0.0,5.55780291557
0.0,0.0,0.0,5.57440495491
0.0,0.0,0.0,5.59091186523
0.0,0.0,0.0,5.60773301125
0.0,0.0,0.0,5.62434792519
0.0,0.0,0.0,5.64111399651
0.0,0.0,0.0,5.65820503235
0.0,0.0,0.0,5.67445993423
0.0,0.0,0.0,5.6909430027
0.0,0.0,0.0,5.70801687241
0.0,0.0,0.0,5.72437405586
0.0,0.0,0.0,5.74104785919
0.0,0.0,0.0,5.75763392448
0.0,0.0,0.0,5.77471089363
0.0,0.0,0.0,5.79103803635
0.0,0.0,0.0,5.8080060482
0.0,0.0,0.0,5.82425189018
0.0,0.0,0.0,5.84283089638
0.0,0.0,0.0,5.85784602165
0.0,0.0,0.0,5.87439084053
0.0,0.0,0.0,5.89137387276
0.0,0.0,0.0,5.90842485428
0.0,0.0,0.0,5.92428994179
0.0,0.0,0.0,5.94100284576
0.0,0.0,0.0,5.95752501488
0.0,0.0,0.0,5.97472000122
0.0,0.0,0.0,5.99124693871
0.0,0.0,0.0,6.00942802429
0.0,0.0,0.0,6.02435588837
0.0,0.0,0.0,6.04091596603
0.0,0.0,0.0,6.05757284164
0.0,0.0,0.0,6.07456994057
0.0,0.0,0.0,6.09150290489
0.0,0.0,0.0,6.10828900337
0.0,0.0,0.0,6.12434601784
0.0,0.0,0.0,6.14103984833
0.0,0.0,0.0,6.15788006783
0.0,0.0,0.0,6.1756670475
0.0,0.0,0.0,6.1913690567
0.0,0.0,0.0,6.20832490921
0.0,0.0,0.0,6.22422289848
0.0,0.0,0.0,6.24588394165
0.0,0.0,0.0,6.2579908371
0.0,0.0,0.0,6.27453899384
0.0,0.0,0.0,6.29153299332
0.0,0.0,0.0,6.30830001831
0.0,0.0,0.0,6.32470297813
0.0,0.0,0.0,6.34126996994
0.0,0.0,0.0,6.35829901695
0.0,0.0,0.0,6.37434506416
0.0,0.0,0.0,6.3922419548
0.0,0.0,0.0,6.40786004066
0.0,0.0,0.0,6.42450094223
0.0,0.0,0.0,6.44134187698
0.0,0.0,0.0,6.45777702332
0.0,0.0,0.0,6.47461700439
0.0,0.0,0.0,6.49132299423
0.0,0.0,0.0,6.50753688812
0.0,0.0,0.0,6.52438402176
0.0,0.0,0.0,6.54130196571
0.0,0.0,0.0,6.55770492554
0.0,0.0,0.0,6.57449007034
0.0,0.0,0.0,6.59092998505
0.0,0.0,0.0,6.60759806633
0.0,0.0,0.0,6.62424397469
0.0,0.0,0.0,6.64104104042
0.0,0.0,0.0,6.65754199028
0.0,0.0,0.0,6.67441487312
0.0,0.0,0.0,6.69113087654
0.0,0.0,0.0,6.70798301697
0.0,0.0,0.0,6.7243449688
0.0,0.0,0.0,6.74101305008
0.0,0.0,0.0,6.75750589371
0.0,0.0,0.0,6.77445101738
0.0,0.0,0.0,6.79099392891
0.0,0.0,0.0,6.80774903297
0.0,0.0,0.0,6.82439804077
0.0,0.0,0.0,6.84097886086
0.0,0.0,0.0,6.8575630188
0.0,0.0,0.0,6.87439584732
0.0,0.0,0.0,6.89094400406
0.0,0.0,0.0,6.9078400135
0.0,0.0,0.0,6.92437601089
0.0,0.0,0.0,6.94409584999
0.0,0.0,0.0,6.9586160183
0.0,0.0,0.0,6.97450685501
0.0,0.0,0.0,6.99152994156
0.0,0.0,0.0,7.0079908371
0.0,0.0,0.0,7.0245308876
0.0,0.0,0.0,7.04117703438
0.0,0.0,0.0,7.05774903297
0.0,0.0,0.0,7.07458901405
0.0,0.0,0.0,7.09136390686
0.0,0.0,0.0,7.10807085037
0.0,0.0,0.0,7.12451887131
0.0,0.0,0.0,7.14136600494
0.0,0.0,0.0,7.1578309536
0.0,0.0,0.0,7.1743710041
0.0,0.0,0.0,7.19117283821
0.0,0.0,0.0,7.208122015
0.0,0.0,0.0,7.22444701195
0.0,0.0,0.0,7.24108505249
0.0,0.0,0.0,7.25754785538
0.0,0.0,0.0,7.27459192276
0.0,0.0,0.0,7.29134106636
0.0,0.0,0.0,7.30779886246
0.0,0.0,0.0,7.32437801361
0.0,0.0,0.0,7.3412258625
0.0,0.0,0.0,7.35783696175
0.0,0.0,0.0,7.37609505653
0.0,0.0,0.0,7.39129686356
0.0,0.0,0.0,7.40774202347
0.0,0.0,0.0,7.42430996895
0.0,0.0,0.0,7.44125699997
0.0,0.0,0.0,7.45766592026
0.0,0.0,0.0,7.47450900078
0.0,0.0,0.0,7.49197506905
0.0,0.0,0.0,7.51008987427
0.0,0.0,0.0,7.52555704117
0.0,0.0,0.0,7.54274392128
0.0,0.0,0.0,7.55758905411
0.0,0.0,0.0,7.57471990585
0.0,0.0,0.0,7.59116506577
0.0,0.0,0.0,7.61002397537
0.0,0.0,0.0,7.62498903275
0.0,0.0,0.0,7.64260697365
0.0,0.0,0.0,7.6586329937
0.0,0.0,0.0,7.6775739193
0.0,0.0,0.0,7.69149899483
0.0,0.0,0.0,7.70796585083
0.0,0.0,0.0,7.72470283508
0.0,0.0,0.0,7.74115490913
0.0,0.0,0.0,7.75769400597
0.0,0.0,0.0,7.77447390556
0.0,0.0,0.0,7.79131603241
0.0,0.0,0.0,7.80804896355
0.0,0.0,0.0,7.82453393936
0.0,0.0,0.0,7.84097385406
0.0,0.0,0.0,7.85751795769
0.0,0.0,0.0,7.87433791161
0.0,0.0,0.0,7.89096999168
0.0,0.0,0.0,7.90798592567
0.0,0.0,0.0,7.92426395416
0.0,0.0,0.0,7.94090986252
0.0,0.0,0.0,7.95754885674
0.0,0.0,0.0,7.97448897362
0.0,0.0,0.0,7.99117994308
0.0,0.0,0.0,8.00898385048
0.0,0.0,0.0,8.02448105812
0.0,0.0,0.0,8.04097795486
0.0,0.0,0.0,8.05750584602
0.0,0.0,0.0,8.07453989983
0.0,0.0,0.0,8.09092783928
0.0,0.0,0.0,8.10866904259
0.0,0.0,0.0,8.1242878437
0.0,0.0,0.0,8.14145588875
0.0,0.0,0.0,8.15790891647
0.0,0.0,0.0,8.1769888401
0.0,0.0,0.0,8.19109487534
0.0,0.0,0.0,8.21000003815
0.0,0.0,0.0,8.22837305069
0.0,0.0,0.0,8.24104595184
0.0,0.0,0.0,8.25754904747
0.0,0.0,0.0,8.27548789978
0.0,0.0,0.0,8.29174494743
0.0,0.0,0.0,8.30976390839
0.0,0.0,0.0,8.32538986206
0.0,0.0,0.0,8.34272098541
0.0,0.0,0.0,8.358522892
0.0,0.0,0.0,8.37639784813
0.0,0.0,0.0,8.39097094536
0.0,0.0,0.0,8.40774488449
0.0,0.0,0.0,8.42424583435
0.0,0.0,0.0,8.44289183617
0.0,0.0,0.0,8.45762705803
0.0,0.0,0.0,8.48055791855
0.0,0.0,0.0,8.49109888077
0.0,0.0,0.0,8.50838589668
0.0,0.0,0.0,8.5252828598
0.0,0.0,0.0,8.54102897644
0.0,0.0,0.0,8.55789995193
0.0,0.0,0.0,8.5743830204
0.0,0.0,0.0,8.59097599983
0.0,0.0,0.0,8.60787892342
0.0,0.0,0.0,8.62428498268
0.0,0.0,0.0,8.64089393616
0.0,0.0,0.0,8.65762996674
0.0,0.0,0.0,8.67453384399
0.0,0.0,0.0,8.69100689888
0.0,0.0,0.0,8.70815896988
0.0,0.0,0.0,8.72502994537
0.0,0.0,0.0,8.74168086052
0.0,0.0,0.0,8.75757789612
0.0,0.0,0.0,8.77604794502
0.0,0.0,0.0,8.79188084602
0.0,0.0,0.0,8.8077878952
0.0,0.0,0.0,8.82434296608
0.0,0.0,0.0,8.84267902374
0.0,0.0,0.0,8.85843801498
0.0,0.0,0.0,8.87442183495
0.0,0.0,0.0,8.89176797867
0.0,0.0,0.0,8.90854597092
0.0,0.0,0.0,8.92437601089
0.0,0.0,0.0,8.94156384468
0.0,0.0,0.0,8.95836806297
0.0,0.0,0.0,8.97426605225
0.0,0.0,0.0,8.99108695984
0.0,0.0,0.0,9.00891494751
0.0,0.0,0.0,9.02445602417
0.0,0.0,0.0,9.04127597809
0.0,0.0,0.0,9.05829405785
0.0,0.0,0.0,9.07436704636
0.0,0.0,0.0,9.09158492088
0.0,0.0,0.0,9.10907888412
0.0,0.0,0.0,9.12464785576
0.0,0.0,0.0,9.14127492905
0.0,0.0,0.0,9.15757799149
0.0,0.0,0.0,9.17465305328
0.0,0.0,0.0,9.19087505341
0.0,0.0,0.0,9.20777106285
0.0,0.0,0.0,9.22430992126
0.0,0.0,0.0,9.24138998985
0.0,0.0,0.0,9.25752902031
0.0,0.0,0.0,9.27650690079
0.0,0.0,0.0,9.29115796089
0.0,0.0,0.0,9.30913496017
0.0,0.0,0.0,9.32447385788
0.0,0.0,0.0,9.34113407135
0.0,0.0,0.0,9.35784602165
0.0,0.0,0.0,9.37437391281
0.0,0.0,0.0,9.39251899719
0.0,0.0,0.0,9.40866684914
0.0,0.0,0.0,9.42448806763
0.0,0.0,0.0,9.44132089615
0.0,0.0,0.0,9.45778083801
0.0,0.0,0.0,9.47632002831
0.0,0.0,0.0,9.4913828373
0.0,0.0,0.0,9.50913405418
0.0,0.0,0.0,9.5250480175
0.0,0.0,0.0,9.54673695564
0.0,0.0,0.0,9.55756187439
0.0,0.0,0.0,9.57462000847
0.0,0.0,0.0,9.59094405174
0.0,0.0,0.0,9.60905194283
0.0,0.0,0.0,9.62422704697
0.0,0.0,0.0,9.6409778595
0.0,0.0,0.0,9.65764498711
0.0,0.0,0.0,9.67674899101
0.0,0.0,0.0,9.69098091125
0.0,0.0,0.0,9.70831990242
0.0,0.0,0.0,9.72725987434
0.0,0.0,0.0,9.74740886688
0.0,0.0,0.0,9.75749206543
0.0,0.0,0.0,9.77456998825
0.0,0.0,0.0,9.79110383987
0.0,0.0,0.0,9.80808901787
0.0,0.0,0.0,9.82432794571
0.0,0.0,0.0,9.84129285812
0.0,0.0,0.0,9.85767698288
0.0,0.0,0.0,9.87440490723
0.0,0.0,0.0,9.89358997345
0.0,0.0,0.0,9.90826106071
0.0,0.0,0.0,9.92443203926
0.0,0.0,0.0,9.94329786301
0.0,0.0,0.0,9.95761990547
0.0,0.0,0.0,9.97432804108
0.0,0.0,0.0,9.99093103409
0.0,0.0,0.0,10.007860899
0.0,0.0,0.0,10.0244500637
0.0,0.0,0.0,10.041082859
0.0,0.0,0.0,10.0577039719
0.0,0.0,0.0,10.0744099617
0.0,0.0,0.0,10.091850996
0.0,0.0,0.0,10.107845068
0.0,0.0,0.0,10.1246268749
0.0,0.0,0.0,10.1412098408
0.0,0.0,0.0,10.1577038765
0.0,0.0,0.0,10.1746058464
0.0,0.0,0.0,10.1909458637
0.0,0.0,0.0,10.2085299492
0.0,0.0,0.0,10.2243020535
0.0,0.0,0.0,10.2432060242
0.0,0.0,0.0,10.2575008869
0.0,0.0,0.0,10.2744519711
0.0,0.0,0.0,10.2911398411
0.0,0.0,0.0,10.3095428944
0.0,0.0,0.0,10.3245308399
0.0,0.0,0.0,10.3411660194
0.0,0.0,0.0,10.3577919006
0.0,0.0,0.0,10.3746340275
0.0,0.0,0.0,10.3911068439
0.0,0.0,0.0,10.4085519314
0.0,0.0,0.0,10.4243550301
0.0,0.0,0.0,10.4442670345
0.0,0.0,0.0,10.4577970505
0.0,0.0,0.0,10.476017952
0.0,0.0,0.0,10.4912018776
0.0,0.0,0.0,10.5089130402
0.0,0.0,0.0,10.5245490074
0.0,0.0,0.0,10.5414729118
0.0,0.0,0.0,10.5576679707
0.0,0.0,0.0,10.5743398666
0.0,0.0,0.0,10.5916750431
0.0,0.0,0.0,10.607656002
0.0,0.0,0.0,10.6242959499
0.0,0.0,0.0,10.6425719261
0.0,0.0,0.0,10.6582360268
0.0,0.0,0.0,10.6756000519
0.0,0.0,0.0,10.6923880577
0.0,0.0,0.0,10.7088458538
0.0,0.0,0.0,10.724519968
0.0,0.0,0.0,10.7410609722
0.0,0.0,0.0,10.7577068806
0.0,0.0,0.0,10.7744350433
0.0,0.0,0.0,10.7924458981
0.0,0.0,0.0,10.8092639446
0.0,0.0,0.0,10.8245840073
0.0,0.0,0.0,10.8409540653
0.0,0.0,0.0,10.8576028347
0.0,0.0,0.0,10.8745980263
0.0,0.0,0.0,10.8910739422
0.0,0.0,0.0,10.9080190659
0.0,0.0,0.0,10.9246709347
0.0,0.0,0.0,10.9436910152
0.0,0.0,0.0,10.9577000141
0.0,0.0,0.0,10.9744229317
0.0,0.0,0.0,10.9915659428
0.0,0.0,0.0,11.0091049671
0.0,0.0,0.0,11.0249948502
0.0,0.0,0.0,11.0409748554
0.0,0.0,0.0,11.057626009
0.0,0.0,0.0,11.0761890411
0.0,0.0,0.0,11.092206955
0.0,0.0,0.0,11.1096768379
0.0,0.0,0.0,11.1243610382
0.0,0.0,0.0,11.142305851
0.0,0.0,0.0,11.15802598
0.0,0.0,0.0,11.1744668484
0.0,0.0,0.0,11.1911969185
0.0,0.0,0.0,11.2077858448
0.0,0.0,0.0,11.2243540287
0.0,0.0,0.0,11.2410590649
0.0,0.0,0.0,11.2575519085
0.0,0.0,0.0,11.2745718956
0.0,0.0,0.0,11.2910089493
0.0,0.0,0.0,11.309183836
0.0,0.0,0.0,11.3259308338
0.0,0.0,0.0,11.3421959877
0.0,0.0,0.0,11.3579950333
0.0,0.0,0.0,11.3758749962
0.0,0.0,0.0,11.3918058872
0.0,0.0,0.0,11.4092700481
0.0,0.0,0.0,11.4243068695
0.0,0.0,0.0,11.4422900677
0.0,0.0,0.0,11.4576368332
0.0,0.0,0.0,11.4745750427
0.0,0.0,0.0,11.4917218685
0.0,0.0,0.0,11.5130908489
0.0,0.0,0.0,11.5251059532
0.0,0.0,0.0,11.5410408974
0.0,0.0,0.0,11.5576038361
0.0,0.0,0.0,11.574354887
0.0,0.0,0.0,11.5912320614
0.0,0.0,0.0,11.6085119247
0.0,0.0,0.0,11.625385046
0.0,0.0,0.0,11.6410479546
0.0,0.0,0.0,11.6577739716
0.0,0.0,0.0,11.6743369102
0.0,0.0,0.0,11.6915168762
0.0,0.0,0.0,11.7080729008
0.0,0.0,0.0,11.7243578434
0.0,0.0,0.0,11.7414059639
0.0,0.0,0.0,11.7582509518
0.0,0.0,0.0,11.7744669914
0.0,0.0,0.0,11.7911410332
0.0,0.0,0.0,11.8081328869
0.0,0.0,0.0,11.824534893
0.0,0.0,0.0,11.8425660133
0.0,0.0,0.0,11.8588678837
0.0,0.0,0.0,11.8762259483
0.0,0.0,0.0,11.8926770687
0.0,0.0,0.0,11.9080169201
0.0,0.0,0.0,11.9243998528
0.0,0.0,0.0,11.9432480335
0.0,0.0,0.0,11.9577410221
0.0,0.0,0.0,11.9743299484
0.0,0.0,0.0,11.9926559925
0.0,0.0,0.0,12.00908494
0.0,0.0,0.0,12.0246520042
0.0,0.0,0.0,12.0411179066
0.0,0.0,0.0,12.0577299595
0.0,0.0,0.0,12.074493885
0.0,0.0,0.0,12.0925660133
0.0,0.0,0.0,12.1080169678
0.0,0.0,0.0,12.1248269081
0.0,0.0,0.0,12.14123106
0.0,0.0,0.0,12.1577370167
0.0,0.0,0.0,12.1746220589
0.0,0.0,0.0,12.190985918
0.0,0.0,0.0,12.2078199387
0.0,0.0,0.0,12.2243218422
0.0,0.0,0.0,12.2444639206
0.0,0.0,0.0,12.2575809956
0.0,0.0,0.0,12.2744350433
0.0,0.0,0.0,12.2911038399
0.0,0.0,0.0,12.3075299263
0.0,0.0,0.0,12.3244378567
0.0,0.0,0.0,12.3410098553
0.0,0.0,0.0,12.3576178551
0.0,0.0,0.0,12.3741278648
0.0,0.0,0.0,12.3910398483
0.0,0.0,0.0,12.408094883
0.0,0.0,0.0,12.424394846
0.0,0.0,0.0,12.4439918995
0.0,0.0,0.0,12.4575178623
0.0,0.0,0.0,12.474406004
0.0,0.0,0.0,12.4912290573
0.0,0.0,0.0,12.5076880455
0.0,0.0,0.0,12.5245239735
0.0,0.0,0.0,12.5421409607
0.0,0.0,0.0,12.5575768948
0.0,0.0,0.0,12.5742468834
0.0,0.0,0.0,12.5910668373
0.0,0.0,0.0,12.6088759899
0.0,0.0,0.0,12.624284029
0.0,0.0,0.0,12.6422400475
0.0,0.0,0.0,12.6575100422
0.0,0.0,0.0,12.6741878986
0.0,0.0,0.0,12.6908910275
0.0,0.0,0.0,12.7075638771
0.0,0.0,0.0,12.7243368626
0.0,0.0,0.0,12.7412638664
0.0,0.0,0.0,12.7576019764
0.0,0.0,0.0,12.774461031
0.0,0.0,0.0,12.790874958
0.0,0.0,0.0,12.8080348969
0.0,0.0,0.0,12.8243060112
0.0,0.0,0.0,12.8411979675
0.0,0.0,0.0,12.8575270176
0.0,0.0,0.0,12.8742799759
0.0,0.0,0.0,12.8911099434
0.0,0.0,0.0,12.9078500271
0.0,0.0,0.0,12.9245810509
0.0,0.0,0.0,12.941617012
0.0,0.0,0.0,12.9577159882
0.0,0.0,0.0,12.9742789268
0.0,0.0,0.0,12.9908800125
0.0,0.0,0.0,13.0077819824
0.0,0.0,0.0,13.0242710114
0.0,0.0,0.0,13.0410878658
0.0,0.0,0.0,13.0579459667
0.0,0.0,0.0,13.0758199692
0.0,0.0,0.0,13.0920450687
0.0,0.0,0.0,13.1086819172
0.0,0.0,0.0,13.1244959831
0.0,0.0,0.0,13.1435248852
0.0,0.0,0.0,13.1576650143
0.0,0.0,0.0,13.1743919849
0.0,0.0,0.0,13.1909599304
0.0,0.0,0.0,13.2079899311
0.0,0.0,0.0,13.2250809669
0.0,0.0,0.0,13.2431690693
0.0,0.0,0.0,13.2575888634
0.0,0.0,0.0,13.2743690014
0.0,0.0,0.0,13.2909309864
0.0,0.0,0.0,13.3077979088
0.0,0.0,0.0,13.32447505
0.0,0.0,0.0,13.3411779404
0.0,0.0,0.0,13.3577489853
0.0,0.0,0.0,13.374683857
0.0,0.0,0.0,13.3909699917
0.0,0.0,0.0,13.4075548649
0.0,0.0,0.0,13.4243779182
0.0,0.0,0.0,13.4409389496
0.0,0.0,0.0,13.4575669765
0.0,0.0,0.0,13.4746379852
0.0,0.0,0.0,13.4909548759
0.0,0.0,0.0,13.5078580379
0.0,0.0,0.0,13.5242459774
0.0,0.0,0.0,13.5409529209
0.0,0.0,0.0,13.5576770306
0.0,0.0,0.0,13.575232029
0.0,0.0,0.0,13.5909628868
0.0,0.0,0.0,13.6077079773
0.0,0.0,0.0,13.6244020462
0.0,0.0,0.0,13.6408438683
0.0,0.0,0.0,13.657763958
0.0,0.0,0.0,13.6743979454
0.0,0.0,0.0,13.6911170483
0.0,0.0,0.0,13.707627058
0.0,0.0,0.0,13.7242598534
0.0,0.0,0.0,13.74137187
0.0,0.0,0.0,13.7578110695
0.0,0.0,0.0,13.7743299007
0.0,0.0,0.0,13.7910339832
0.0,0.0,0.0,13.8076350689
0.0,0.0,0.0,13.8244469166
0.0,0.0,0.0,13.8411040306
0.0,0.0,0.0,13.8576250076
0.0,0.0,0.0,13.8741919994
0.0,0.0,0.0,13.8918180466
0.0,0.0,0.0,13.9085049629
0.0,0.0,0.0,13.924685955
0.0,0.0,0.0,13.9409160614
0.0,0.0,0.0,13.9586269855
0.0,0.0,0.0,13.9752850533
0.0,0.0,0.0,13.9920518398
0.0,0.0,0.0,14.0087189674
0.0,0.0,0.0,14.0242319107
0.0,0.0,0.0,14.0409338474
0.0,0.0,0.0,14.0574698448
0.0,0.0,0.0,14.0743310452
0.0,0.0,0.0,14.0908448696
0.0,0.0,0.0,14.1077270508
0.0,0.0,0.0,14.1242070198
0.0,0.0,0.0,14.1409468651
0.0,0.0,0.0,14.1576218605
0.0,0.0,0.0,14.174380064
0.0,0.0,0.0,14.1908700466
0.0,0.0,0.0,14.2077889442
0.0,0.0,0.0,14.2243089676
0.0,0.0,0.0,14.2408599854
0.0,0.0,0.0,14.2574839592
0.0,0.0,0.0,14.274420023
0.0,0.0,0.0,14.2908220291
0.0,0.0,0.0,14.3075048923
0.0,0.0,0.0,14.3243498802
0.0,0.0,0.0,14.341105938
0.0,0.0,0.0,14.3578789234
0.0,0.0,0.0,14.3745069504
0.0,0.0,0.0,14.3909099102
0.0,0.0,0.0,14.4076168537
0.0,0.0,0.0,14.4242908955
0.0,0.0,0.0,14.4410140514
0.0,0.0,0.0,14.4581799507
0.0,0.0,0.0,14.4751958847
0.0,0.0,0.0,14.4912128448
0.0,0.0,0.0,14.5077519417
0.0,0.0,0.0,14.5245258808
0.0,0.0,0.0,14.5409648418
0.0,0.0,0.0,14.5580070019
0.0,0.0,0.0,14.5742180347
0.0,0.0,0.0,14.5911879539
0.0,0.0,0.0,14.6075558662
0.0,0.0,0.0,14.6242120266
0.0,0.0,0.0,14.6413328648
0.0,0.0,0.0,14.6577398777
0.0,0.0,0.0,14.6758480072
0.0,0.0,0.0,14.6921050549
0.0,0.0,0.0,14.7083320618
0.0,0.0,0.0,14.7247488499
0.0,0.0,0.0,14.7409858704
0.0,0.0,0.0,14.7578339577
0.0,0.0,0.0,14.7745828629
0.0,0.0,0.0,14.7909200191
0.0,0.0,0.0,14.8083188534
0.0,0.0,0.0,14.8242628574
0.0,0.0,0.0,14.8415989876
0.0,0.0,0.0,14.8577749729
0.0,0.0,0.0,14.8750078678
0.0,0.0,0.0,14.8911418915
0.0,0.0,0.0,14.9081799984
0.0,0.0,0.0,14.9247009754
0.0,0.0,0.0,14.9413158894
0.0,0.0,0.0,14.9585769176
0.0,0.0,0.0,14.9745869637
0.0,0.0,0.0,14.9910449982
0.0,0.0,0.0,15.0080490112
0.0,0.0,0.0,15.0256340504
0.0,0.0,0.0,15.0424308777
0.0,0.0,0.0,15.0576269627
0.0,0.0,0.0,15.074972868
0.0,0.0,0.0,15.0909500122
0.0,0.0,0.0,15.1076488495
0.0,0.0,0.0,15.1256530285
0.0,0.0,0.0,15.141272068
0.0,0.0,0.0,15.1580560207
0.0,0.0,0.0,15.1748428345
0.0,0.0,0.0,15.1909098625
0.0,0.0,0.0,15.207736969
0.0,0.0,0.0,15.2244288921
0.0,0.0,0.0,15.2411570549
0.0,0.0,0.0,15.2575960159
0.0,0.0,0.0,15.2745778561
0.0,0.0,0.0,15.2909588814
0.0,0.0,0.0,15.307872057
0.0,0.0,0.0,15.3252570629
0.0,0.0,0.0,15.3412070274
0.0,0.0,0.0,15.3576459885
0.0,0.0,0.0,15.3742539883
0.0,0.0,0.0,15.391149044
0.0,0.0,0.0,15.4083478451
0.0,0.0,0.0,15.4244420528
0.0,0.0,0.0,15.4414298534
0.0,0.0,0.0,15.458178997
0.0,0.0,0.0,15.4751398563
0.0,0.0,0.0,15.4921250343
0.0,0.0,0.0,15.5077078342
0.0,0.0,0.0,15.524255991
0.0,0.0,0.0,15.541105032
0.0,0.0,0.0,15.5578038692
0.0,0.0,0.0,15.5742049217
0.0,0.0,0.0,15.5908298492
0.0,0.0,0.0,15.6078748703
0.0,0.0,0.0,15.6244568825
0.0,0.0,0.0,15.6410930157
0.0,0.0,0.0,15.6577398777
0.0,0.0,0.0,15.6744809151
0.0,0.0,0.0,15.6909618378
0.0,0.0,0.0,15.7076969147
0.0,0.0,0.0,15.7243480682
0.0,0.0,0.0,15.7409648895
0.0,0.0,0.0,15.757735014
0.0,0.0,0.0,15.7743010521
0.0,0.0,0.0,15.7910130024
0.0,0.0,0.0,15.8075740337
0.0,0.0,0.0,15.824450016
0.0,0.0,0.0,15.8417818546
0.0,0.0,0.0,15.8583059311
0.0,0.0,0.0,15.8757219315
0.0,0.0,0.0,15.891201973
0.0,0.0,0.0,15.9095849991
0.0,0.0,0.0,15.9242999554
0.0,0.0,0.0,15.9414930344
0.0,0.0,0.0,15.9579319954
0.0,0.0,0.0,15.9752550125
0.0,0.0,0.0,15.990983963
0.0,0.0,0.0,16.0078690052
0.0,0.0,0.0,16.0244688988
0.0,0.0,0.0,16.0410170555
0.0,0.0,0.0,16.0578148365
0.0,0.0,0.0,16.0755770206
0.0,0.0,0.0,16.0930230618
0.0,0.0,0.0,16.1086008549
0.0,0.0,0.0,16.1244719028
0.0,0.0,0.0,16.1411118507
0.0,0.0,0.0,16.1578018665
0.0,0.0,0.0,16.1741299629
0.0,0.0,0.0,16.1914029121
0.0,0.0,0.0,16.2076070309
0.0,0.0,0.0,16.2243978977
0.0,0.0,0.0,16.241517067
0.0,0.0,0.0,16.2576198578
0.0,0.0,0.0,16.2758629322
0.0,0.0,0.0,16.2911539078
0.0,0.0,0.0,16.3077180386
0.0,0.0,0.0,16.3245358467
0.0,0.0,0.0,16.3409328461
0.0,0.0,0.0,16.3576290607
0.0,0.0,0.0,16.3746218681
0.0,0.0,0.0,16.3910169601
0.0,0.0,0.0,16.4078519344
0.0,0.0,0.0,16.424546957
0.0,0.0,0.0,16.4411239624
0.0,0.0,0.0,16.4575278759
0.0,0.0,0.0,16.4745779037
0.0,0.0,0.0,16.4910919666
0.0,0.0,0.0,16.5078048706
0.0,0.0,0.0,16.5245480537
0.0,0.0,0.0,16.5411930084
0.0,0.0,0.0,16.5578620434
0.0,0.0,0.0,16.5749590397
0.0,0.0,0.0,16.5916030407
0.0,0.0,0.0,16.6077280045
0.0,0.0,0.0,16.6242859364
0.0,0.0,0.0,16.6415529251
0.0,0.0,0.0,16.6576619148
0.0,0.0,0.0,16.6751880646
0.0,0.0,0.0,16.6924510002
0.0,0.0,0.0,16.7091429234
0.0,0.0,0.0,16.7251958847
0.0,0.0,0.0,16.740844965
0.0,0.0,0.0,16.7576649189
0.0,0.0,0.0,16.77501297
0.0,0.0,0.0,16.7926769257
0.0,0.0,0.0,16.8091309071
0.0,0.0,0.0,16.8243999481
0.0,0.0,0.0,16.8409769535
0.0,0.0,0.0,16.8577609062
0.0,0.0,0.0,16.8754749298
0.0,0.0,0.0,16.8916399479
0.0,0.0,0.0,16.9100799561
0.0,0.0,0.0,16.9242949486
0.0,0.0,0.0,16.9409580231
0.0,0.0,0.0,16.9576539993
0.0,0.0,0.0,16.9743130207
0.0,0.0,0.0,16.9928379059
0.0,0.0,0.0,17.0085918903
0.0,0.0,0.0,17.0243358612
0.0,0.0,0.0,17.0413320065
0.0,0.0,0.0,17.0583970547
0.0,0.0,0.0,17.0746350288
0.0,0.0,0.0,17.0910189152
0.0,0.0,0.0,17.1084330082
0.0,0.0,0.0,17.1241710186
0.0,0.0,0.0,17.1409099102
0.0,0.0,0.0,17.1574418545
0.0,0.0,0.0,17.1744208336
0.0,0.0,0.0,17.1908988953
0.0,0.0,0.0,17.2076158524
0.0,0.0,0.0,17.2254459858
0.0,0.0,0.0,17.2408919334
0.0,0.0,0.0,17.2584710121
0.0,0.0,0.0,17.2751190662
0.0,0.0,0.0,17.2912459373
0.0,0.0,0.0,17.3086469173
0.0,0.0,0.0,17.324229002
0.0,0.0,0.0,17.3409409523
0.0,0.0,0.0,17.3586909771
0.0,0.0,0.0,17.3743579388
0.0,0.0,0.0,17.3916740417
0.0,0.0,0.0,17.408755064
0.0,0.0,0.0,17.4249680042
0.0,0.0,0.0,17.4416668415
0.0,0.0,0.0,17.4578669071
0.0,0.0,0.0,17.4743790627
0.0,0.0,0.0,17.4912509918
0.0,0.0,0.0,17.5077989101
0.0,0.0,0.0,17.5247428417
0.0,0.0,0.0,17.5424129963
0.0,0.0,0.0,17.5585799217
0.0,0.0,0.0,17.5743448734
0.0,0.0,0.0,17.5931859016
0.0,0.0,0.0,17.6084170341
0.0,0.0,0.0,17.6265559196
0.0,0.0,0.0,17.6421329975
0.0,0.0,0.0,17.6591460705
0.0,0.0,0.0,17.674407959
0.0,0.0,0.0,17.6921830177
0.0,0.0,0.0,17.7089579105
0.0,0.0,0.0,17.7250778675
0.0,0.0,0.0,17.74091506
0.0,0.0,0.0,17.7577488422
0.0,0.0,0.0,17.7743759155
0.0,0.0,0.0,17.7921788692
0.0,0.0,0.0,17.8085899353
0.0,0.0,0.0,17.8260638714
0.0,0.0,0.0,17.8418860435
0.0,0.0,0.0,17.8574490547
0.0,0.0,0.0,17.874382019
0.0,0.0,0.0,17.8911068439
0.0,0.0,0.0,17.9077088833
0.0,0.0,0.0,17.9243960381
0.0,0.0,0.0,17.9410438538
0.0,0.0,0.0,17.9579269886
0.0,0.0,0.0,17.9744839668
0.0,0.0,0.0,17.9927530289
0.0,0.0,0.0,18.0081288815
0.0,0.0,0.0,18.0243659019
0.0,0.0,0.0,18.0410659313
0.0,0.0,0.0,18.0576899052
0.0,0.0,0.0,18.0742709637
0.0,0.0,0.0,18.0912148952
0.0,0.0,0.0,18.1081659794
0.0,0.0,0.0,18.1259598732
0.0,0.0,0.0,18.1423480511
0.0,0.0,0.0,18.1645598412
0.0,0.0,0.0,18.1748020649
0.0,0.0,0.0,18.1909849644
0.0,0.0,0.0,18.2076058388
0.0,0.0,0.0,18.2250030041
0.0,0.0,0.0,18.2417299747
0.0,0.0,0.0,18.257958889
0.0,0.0,0.0,18.2747550011
0.0,0.0,0.0,18.291369915
0.0,0.0,0.0,18.3080439568
0.0,0.0,0.0,18.3247439861
0.0,0.0,0.0,18.3410308361
0.0,0.0,0.0,18.3583340645
0.0,0.0,0.0,18.3749220371
0.0,0.0,0.0,18.3923380375
0.0,0.0,0.0,18.4086508751
0.0,0.0,0.0,18.4255578518
0.0,0.0,0.0,18.4417569637
0.0,0.0,0.0,18.4579799175
0.0,0.0,0.0,18.4753270149
0.0,0.0,0.0,18.4913129807
0.0,0.0,0.0,18.5078639984
0.0,0.0,0.0,18.5245349407
0.0,0.0,0.0,18.5421459675
0.0,0.0,0.0,18.5608818531
0.0,0.0,0.0,18.5747699738
0.0,0.0,0.0,18.5913710594
0.0,0.0,0.0,18.6078109741
0.0,0.0,0.0,18.6244840622
0.0,0.0,0.0,18.6412448883
0.0,0.0,0.0,18.6576628685
0.0,0.0,0.0,18.6749780178
0.0,0.0,0.0,18.6914420128
0.0,0.0,0.0,18.7080130577
0.0,0.0,0.0,18.7254469395
0.0,0.0,0.0,18.7419478893
0.0,0.0,0.0,18.7594099045
0.0,0.0,0.0,18.7756509781
0.0,0.0,0.0,18.7911498547
0.0,0.0,0.0,18.8077540398
0.0,0.0,0.0,18.8244788647
0.0,0.0,0.0,18.8423190117
0.0,0.0,0.0,18.8578679562
0.0,0.0,0.0,18.8749158382
0.0,0.0,0.0,18.8918318748
0.0,0.0,0.0,18.9081039429
0.0,0.0,0.0,18.9245889187
0.0,0.0,0.0,18.9408249855
0.0,0.0,0.0,18.9576978683
0.0,0.0,0.0,18.9745960236
0.0,0.0,0.0,18.990926981
0.0,0.0,0.0,19.0086688995
0.0,0.0,0.0,19.0243618488
0.0,0.0,0.0,19.0411720276
0.0,0.0,0.0,19.0575640202
0.0,0.0,0.0,19.0743238926
0.0,0.0,0.0,19.090929985
0.0,0.0,0.0,19.1076979637
0.0,0.0,0.0,19.1244418621
0.0,0.0,0.0,19.1414649487
0.0,0.0,0.0,19.1590640545
0.0,0.0,0.0,19.1758718491
0.0,0.0,0.0,19.1925189495
0.0,0.0,0.0,19.2084538937
0.0,0.0,0.0,19.2280139923
0.0,0.0,0.0,19.2413918972
0.0,0.0,0.0,19.2578969002
0.0,0.0,0.0,19.2742459774
0.0,0.0,0.0,19.2913439274
0.0,0.0,0.0,19.3078219891
0.0,0.0,0.0,19.3244569302
0.0,0.0,0.0,19.3411810398
0.0,0.0,0.0,19.3576638699
0.0,0.0,0.0,19.374325037
0.0,0.0,0.0,19.3909039497
0.0,0.0,0.0,19.4077548981
0.0,0.0,0.0,19.4245169163
0.0,0.0,0.0,19.4409270287
0.0,0.0,0.0,19.4577209949
0.0,0.0,0.0,19.4744200706
0.0,0.0,0.0,19.4911119938
0.0,0.0,0.0,19.5076048374
0.0,0.0,0.0,19.5245919228
0.0,0.0,0.0,19.5413808823
0.0,0.0,0.0,19.558246851
0.0,0.0,0.0,19.575553894
0.0,0.0,0.0,19.5921549797
0.0,0.0,0.0,19.6087398529
0.0,0.0,0.0,19.6254558563
0.0,0.0,0.0,19.6417598724
0.0,0.0,0.0,19.6588990688
0.0,0.0,0.0,19.675180912
0.0,0.0,0.0,19.6930818558
0.0,0.0,0.0,19.7090308666
0.0,0.0,0.0,19.7294428349
0.0,0.0,0.0,19.7416698933
0.0,0.0,0.0,19.757876873
0.0,0.0,0.0,19.7743749619
0.0,0.0,0.0,19.791203022
0.0,0.0,0.0,19.8075349331
0.0,0.0,0.0,19.8249299526
0.0,0.0,0.0,19.841105938
0.0,0.0,0.0,19.858109951
0.0,0.0,0.0,19.8745298386
0.0,0.0,0.0,19.8915069103
0.0,0.0,0.0,19.9078359604
0.0,0.0,0.0,19.9258768559
0.0,0.0,0.0,19.9414050579
0.0,0.0,0.0,19.962250948
0.0,0.0,0.0,19.9746809006
0.0,0.0,0.0,19.9926979542
0.0,0.0,0.0,20.008867979
0.0,0.0,0.0,20.0260698795
0.0,0.0,0.0,20.0409419537
0.0,0.0,0.0,20.057653904
0.0,0.0,0.0,20.0742549896
