0.0,0.0,0.0,0.0578939914703
0.0,0.0,0.0,0.0747361183167
0.0,0.0,0.0,0.0904860496521
0.0,0.0,0.0,0.107373952866
0.0,0.0,0.0,0.123538017273
0.0,0.0,0.0,0.140367984772
0.0,0.0,0.0,0.157099962234
0.0,0.0,0.0,0.173675060272
0.0,0.0,0.0,0.190451145172
0.0,0.0,0.0,0.207304954529
0.0,0.0,0.0,0.224207162857
0.0,0.0,0.0,0.240432977676
0.0,0.0,0.0,0.257063150406
0.0,0.0,0.0,0.273760080338
0.0,0.0,0.0,0.29043507576
0.0,0.0,0.0,0.307108163834
0.0,0.0,0.0,0.324318170547
0.0,0.0,0.0,0.340458154678
0.0,0.0,0.0,0.357169151306
0.0,0.0,0.0,0.373832941055
0.0,0.0,0.0,0.391011953354
0.0,0.0,0.0,0.407253980637
0.0,0.0,0.0,0.424065113068
0.0,0.0,0.0,0.440575122833
0.0,0.0,0.0,0.458034038544
0.0,0.0,0.0,0.474071979523
0.0,0.0,0.0,0.490519046783
0.0,0.0,0.0,0.507668018341
0.0,0.0,0.0,0.523972988129
0.0,0.0,0.0,0.541275024414
0.0,0.0,0.0,0.557101964951
0.0,0.0,0.0,0.574035167694
0.0,0.0,0.0,0.590459108353
0.0,0.0,0.0,0.607133150101
0.0,0.0,0.0,0.623857021332
0.0,0.0,0.0,0.640465021133
0.0,0.0,0.0,0.657139062881
0.0,0.0,0.0,0.673721075058
0.0,0.0,0.0,0.690365076065
0.0,0.0,0.0,0.706993103027
0.0,0.0,0.0,0.723837137222
0.0,0.0,0.0,0.740628004074
0.0,0.0,0.0,0.757114171982
0.0,0.0,0.0,0.773756027222
0.0,0.0,0.0,0.790591955185
0.0,0.0,0.0,0.807197093964
0.0,0.0,0.0,0.824080944061
0.0,0.0,0.0,0.840371131897
0.0,0.0,0.0,0.85725402832
0.0,0.0,0.0,0.873621940613
0.0,0.0,0.0,0.890614032745
0.0,0.0,0.0,0.907276153564
0.0,0.0,0.0,0.924067974091
0.0,0.0,0.0,0.940515041351
0.0,0.0,0.0,0.957201957703
0.0,0.0,0.0,0.973759174347
0.0,0.0,0.0,0.99054312706
0.0,0.0,0.0,1.00697994232
0.0,0.0,0.0,1.02427411079
0.0,0.0,0.0,1.04030013084
0.0,0.0,0.0,1.05699896812
0.0,0.0,0.0,1.07375502586
0.0,0.0,0.0,1.09059715271
0.0,0.0,0.0,1.10728096962
0.0,0.0,0.0,1.12388014793
0.0,0.0,0.0,1.14028096199
0.0,0.0,0.0,1.15697097778
0.0,0.0,0.0,1.17452311516
0.0,0.0,0.0,1.19061994553
0.0,0.0,0.0,1.20704603195
0.0,0.0,0.0,1.22405314445
0.0,0.0,0.0,1.24039411545
0.0,0.0,0.0,1.25711297989
0.0,0.0,0.0,1.27375006676
0.0,0.0,0.0,1.29068398476
0.0,0.0,0.0,1.30702710152
0.0,0.0,0.0,1.32410097122
0.0,0.0,0.0,1.34051203728
0.0,0.0,0.0,1.35800099373
0.0,0.0,0.0,1.37391400337
0.0,0.0,0.0,1.39056801796
0.0,0.0,0.0,1.4070110321
0.0,0.0,0.0,1.42399311066
0.0,0.0,0.0,1.44046711922
0.0,0.0,0.0,1.45721507072
0.0,0.0,0.0,1.4736969471
0.0,0.0,0.0,1.49053096771
0.0,0.0,0.0,1.50700998306
0.0,0.0,0.0,1.52385115623
0.0,0.0,0.0,1.54054117203
0.0,0.0,0.0,1.55773115158
0.0,0.0,0.0,1.57573509216
0.0,0.0,0.0,1.59048700333
0.0,0.0,0.0,1.60718297958
0.0,0.0,0.0,1.62406802177
0.0,0.0,0.0,1.64033699036
0.0,0.0,0.0,1.65825915337
0.0,0.0,0.0,1.67391514778
0.0,0.0,0.0,1.6908261776
0.0,0.0,0.0,1.7072250843
0.0,0.0,0.0,1.72408914566
0.0,0.0,0.0,1.74084615707
0.0,0.0,0.0,1.75780701637
0.0,0.0,0.0,1.77378511429
0.0,0.0,0.0,1.79053497314
0.0,0.0,0.0,1.80713415146
0.0,0.0,0.0,1.82393717766
0.0,0.0,0.0,1.84040904045
0.0,0.0,0.0,1.85707902908
0.0,0.0,0.0,1.87367916107
0.0,0.0,0.0,1.89055204391
0.0,0.0,0.0,1.90713715553
0.0,0.0,0.0,1.92381811142
0.0,0.0,0.0,1.94044208527
0.0,0.0,0.0,1.95711708069
0.0,0.0,0.0,1.97376799583
0.0,0.0,0.0,1.99044108391
0.0,0.0,0.0,2.00699901581
0.0,0.0,0.0,2.02378511429
0.0,0.0,0.0,2.04031515121
0.0,0.0,0.0,2.05708408356
0.0,0.0,0.0,2.07363414764
0.0,0.0,0.0,2.09065914154
0.0,0.0,0.0,2.10738015175
0.0,0.0,0.0,2.1238360405
0.0,0.0,0.0,2.14039301872
0.0,0.0,0.0,2.15736317635
0.0,0.0,0.0,2.17428708076
0.0,0.0,0.0,2.19058299065
0.0,0.0,0.0,2.20710301399
0.0,0.0,0.0,2.22645401955
0.0,0.0,0.0,2.24040007591
0.0,0.0,0.0,2.25772094727
0.0,0.0,0.0,2.27388215065
0.0,0.0,0.0,2.29054903984
0.0,0.0,0.0,2.30696797371
0.0,0.0,0.0,2.3238401413
0.0,0.0,0.0,2.34051513672
0.0,0.0,0.0,2.35718297958
0.0,0.0,0.0,2.37377214432
0.0,0.0,0.0,2.39053797722
0.0,0.0,0.0,2.40701413155
0.0,0.0,0.0,2.42377710342
0.0,0.0,0.0,2.44041609764
0.0,0.0,0.0,2.45716714859
0.0,0.0,0.0,2.4742000103
0.0,0.0,0.0,2.49071717262
0.0,0.0,0.0,2.50718617439
0.0,0.0,0.0,2.52389717102
0.0,0.0,0.0,2.54092097282
0.0,0.0,0.0,2.55716204643
0.0,0.0,0.0,2.57388496399
0.0,0.0,0.0,2.59078717232
0.0,0.0,0.0,2.6083920002
0.0,0.0,0.0,2.62390995026
0.0,0.0,0.0,2.64037513733
0.0,0.0,0.0,2.65722513199
0.0,0.0,0.0,2.67397117615
0.0,0.0,0.0,2.6906580925
0.0,0.0,0.0,2.70719814301
0.0,0.0,0.0,2.72399902344
0.0,0.0,0.0,2.74073815346
0.0,0.0,0.0,2.7572491169
0.0,0.0,0.0,2.77394604683
0.0,0.0,0.0,2.79133915901
0.0,0.0,0.0,2.80748200417
0.0,0.0,0.0,2.82404112816
0.0,0.0,0.0,2.84056711197
0.0,0.0,0.0,2.85733795166
0.0,0.0,0.0,2.8737180233
0.0,0.0,0.0,2.89301204681
0.0,0.0,0.0,2.90722513199
0.0,0.0,0.0,2.92552495003
0.0,0.0,0.0,2.94056105614
0.0,0.0,0.0,2.95740699768
0.0,0.0,0.0,2.97380304337
0.0,0.0,0.0,2.99040603638
0.0,0.0,0.0,3.00712704659
0.0,0.0,0.0,3.02380394936
0.0,0.0,0.0,3.04036712646
0.0,0.0,0.0,3.05712604523
0.0,0.0,0.0,3.07388806343
0.0,0.0,0.0,3.09040117264
0.0,0.0,0.0,3.10712814331
0.0,0.0,0.0,3.12379407883
0.0,0.0,0.0,3.14049911499
0.0,0.0,0.0,3.1569890976
0.0,0.0,0.0,3.17389512062
0.0,0.0,0.0,3.19048810005
0.0,0.0,0.0,3.20711612701
0.0,0.0,0.0,3.22386908531
0.0,0.0,0.0,3.24045014381
0.0,0.0,0.0,3.25720715523
0.0,0.0,0.0,3.27402114868
0.0,0.0,0.0,3.29061412811
0.0,0.0,0.0,3.30746006966
0.0,0.0,0.0,3.32382512093
0.0,0.0,0.0,3.34046196938
0.0,0.0,0.0,3.35710406303
0.0,0.0,0.0,3.37392401695
0.0,0.0,0.0,3.39041209221
0.0,0.0,0.0,3.40713000298
0.0,0.0,0.0,3.42384409904
0.0,0.0,0.0,3.44038414955
0.0,0.0,0.0,3.45708703995
0.0,0.0,0.0,3.47384500504
0.0,0.0,0.0,3.49043297768
0.0,0.0,0.0,3.50707507133
0.0,0.0,0.0,3.52381110191
0.0,0.0,0.0,3.54039216042
0.0,0.0,0.0,3.55711817741
0.0,0.0,0.0,3.57387399673
0.0,0.0,0.0,3.59069705009
0.0,0.0,0.0,3.60710406303
0.0,0.0,0.0,3.62378501892
0.0,0.0,0.0,3.64040112495
0.0,0.0,0.0,3.65746808052
0.0,0.0,0.0,3.67369794846
0.0,0.0,0.0,3.6904270649
0.0,0.0,0.0,3.70700502396
0.0,0.0,0.0,3.72379302979
0.0,0.0,0.0,3.74056100845
0.0,0.0,0.0,3.75702309608
0.0,0.0,0.0,3.77386307716
0.0,0.0,0.0,3.79054903984
0.0,0.0,0.0,3.80712914467
0.0,0.0,0.0,3.82394003868
0.0,0.0,0.0,3.84042310715
0.0,0.0,0.0,3.85723900795
0.0,0.0,0.0,3.87409710884
0.0,0.0,0.0,3.89323997498
0.0,0.0,0.0,3.90706396103
0.0,0.0,0.0,3.92403006554
0.0,0.0,0.0,3.94370913506
0.0,0.0,0.0,3.95722198486
0.0,0.0,0.0,3.97378802299
0.0,0.0,0.0,3.99043107033
0.0,0.0,0.0,4.0073120594
0.0,0.0,0.0,4.02392697334
0.0,0.0,0.0,4.04048895836
0.0,0.0,0.0,4.05756402016
0.0,0.0,0.0,4.07375597954
0.0,0.0,0.0,4.09128212929
0.0,0.0,0.0,4.1076540947
0.0,0.0,0.0,4.12418413162
0.0,0.0,0.0,4.14068102837
0.0,0.0,0.0,4.15716814995
0.0,0.0,0.0,4.17387008667
0.0,0.0,0.0,4.19037008286
0.0,0.0,0.0,4.20709204674
Actuacion(lineal,angular) = 0.0400219917297,0.0
0.0,0.0,0.0,4.22381615639
0.0,0.0,0.0,4.24035310745
0.0,0.0,0.0,4.25748610497
0.0,0.0,0.0,4.27399802208
0.0,0.0,0.0,4.29039001465
0.0,0.0,0.0,4.3074669838
0.0,0.0,0.0,4.32396197319
0.0,0.0,0.0,4.3408010006
0.0,0.0,0.0,4.35712409019
0.0,0.0,0.0,4.37366008759
0.0,0.0,0.0,4.39043712616
0.00119408923667,1.80519661719e-17,0.000174532925201,4.40806698799
Actuacion(lineal,angular) = 0.0799930095673,0.0
0.00119408923667,1.80519661719e-17,0.000174532925201,4.42450809479
0.00119408923667,1.80519661719e-17,0.000174532925201,4.44050312042
0.00119408923667,1.80519661719e-17,0.000174532925201,4.45724105835
0.00170584175888,8.93176658305e-08,0.000174532925201,4.47414207458
0.00213230219405,1.63749054008e-07,0.000174532925201,4.49076509476
0.00213230219405,1.63749054008e-07,0.000174532925201,4.50738501549
0.00213230219405,1.63749054008e-07,0.000174532925201,4.52394413948
0.00213230219405,1.63749054008e-07,0.000174532925201,4.54135513306
0.00422195832639,5.28462855164e-07,0.000349065850398,4.55715894699
0.0050322331162,8.11302125318e-07,0.000349065850398,4.57424902916
0.0050322331162,8.11302125318e-07,0.000349065850398,4.59047794342
0.0050322331162,8.11302125318e-07,0.000349065850398,4.60775399208
Actuacion(lineal,angular) = 0.120007610321,-0.000530339162703
0.0050322331162,8.11302125318e-07,0.000349065850398,4.62483501434
0.00780422581816,1.77891015432e-06,0.000349065850398,4.6407930851
0.00780422581816,1.77891015432e-06,0.000349065850398,4.6572470665
0.00780422581816,1.77891015432e-06,0.000349065850398,4.67467212677
0.0117276616425,3.14844767258e-06,0.000523598775596,4.69101214409
0.0117276616425,3.14844767258e-06,0.000523598775596,4.70754599571
0.0117276616425,3.14844767258e-06,0.000523598775596,4.72467517853
0.0117276616425,3.14844767258e-06,0.000523598775596,4.74038505554
0.0160349115129,5.40371863713e-06,0.000698131700797,4.7571310997
0.0160349115129,5.40371863713e-06,0.000698131700797,4.77368998528
0.0160349115129,5.40371863713e-06,0.000698131700797,4.79043197632
0.021109789532,8.94665243553e-06,0.000523598775596,4.80708098412
Actuacion(lineal,angular) = 0.15999622345,-0.00098603729364
0.021109789532,8.94665243553e-06,0.000523598775596,4.82380008698
0.021109789532,8.94665243553e-06,0.000523598775596,4.84039306641
0.021109789532,8.94665243553e-06,0.000523598775596,4.85723400116
0.025886145824,1.14475469701e-05,0.0010471975512,4.87374305725
0.025886145824,1.14475469701e-05,0.0010471975512,4.8904440403
0.025886145824,1.14475469701e-05,0.0010471975512,4.9070250988
0.0318139427129,1.76551236252e-05,0.000698131700797,4.92462801933
0.0318139427129,1.76551236252e-05,0.000698131700797,4.94047808647
0.0342021206042,1.93223865891e-05,0.000872664625998,4.95719909668
0.0342021206042,1.93223865891e-05,0.000872664625998,4.97417211533
0.0342021206042,1.93223865891e-05,0.000872664625998,4.99055194855
0.0409828390448,2.52396812131e-05,0.000872664625998,5.00706410408
Actuacion(lineal,angular) = 0.199994421005,-0.00134864090525
0.0409828390448,2.52396812131e-05,0.000872664625998,5.02400994301
0.0434136626367,2.73609755121e-05,0.000872664625998,5.04044795036
0.0434136626367,2.73609755121e-05,0.000872664625998,5.05736613274
0.0434136626367,2.73609755121e-05,0.000872664625998,5.07508015633
0.0513458238314,3.42830937514e-05,0.0012217304764,5.09061908722
0.0513458238314,3.42830937514e-05,0.0012217304764,5.10738515854
0.0513458238314,3.42830937514e-05,0.0012217304764,5.12407612801
0.0513458238314,3.42830937514e-05,0.0012217304764,5.14093208313
0.0600456103487,4.4911893366e-05,0.0015707963268,5.15726613998
0.0600456103487,4.4911893366e-05,0.0015707963268,5.17380714417
0.0600456103487,4.4911893366e-05,0.0015707963268,5.19072794914
0.0694277284906,5.96493022018e-05,0.00191986217719,5.20703315735
Actuacion(lineal,angular) = 0.239997816086,-0.00259999435602
0.0694277284906,5.96493022018e-05,0.00191986217719,5.22387814522
0.0694277284906,5.96493022018e-05,0.00191986217719,5.24035716057
0.0694277284906,5.96493022018e-05,0.00191986217719,5.25723814964
0.0786392570544,7.73341892136e-05,0.00209439510239,5.27389812469
0.0786392570544,7.73341892136e-05,0.00209439510239,5.29043912888
0.0786392570544,7.73341892136e-05,0.00209439510239,5.30805397034
0.0786392570544,7.73341892136e-05,0.00209439510239,5.32411694527
0.0885331176013,9.80558725855e-05,0.00244346095279,5.34060716629
0.0885331176013,9.80558725855e-05,0.00244346095279,5.35757017136
0.0885331176013,9.80558725855e-05,0.00244346095279,5.37397503853
0.0991945968158,0.000124106832591,0.00261799387799,5.39052295685
0.103032727638,0.000134155058542,0.00296705972839,5.40700411797
Actuacion(lineal,angular) = 0.279962015152,-0.00424312515807
0.103032727638,0.000134155058542,0.00296705972839,5.42429208755
0.103032727638,0.000134155058542,0.00296705972839,5.44045901299
0.103032727638,0.000134155058542,0.00296705972839,5.45746898651
0.114717692305,0.000168825148374,0.00279252680319,5.47399711609
0.118513175437,0.000179424164301,0.00279252680319,5.49137616158
0.118513175437,0.000179424164301,0.00279252680319,5.50736904144
0.118513175437,0.000179424164301,0.00279252680319,5.52408194542
0.118513175437,0.000179424164301,0.00279252680319,5.54096508026
0.130880480024,0.000213960283617,0.00296705972839,5.55818915367
0.130880480024,0.000213960283617,0.00296705972839,5.57570314407
0.130880480024,0.000213960283617,0.00296705972839,5.59118199348
0.144185987236,0.000253438634082,0.00366519142919,5.60788917542
Actuacion(lineal,angular) = 0.3,-0.00515545004028
0.14862114604,0.000269694412905,0.00366519142919,5.62422394753
0.14862114604,0.000269694412905,0.00366519142919,5.64061808586
0.14862114604,0.000269694412905,0.00366519142919,5.65733909607
0.14862114604,0.000269694412905,0.00366519142919,5.67436313629
0.162736891845,0.000321431555122,0.00366519142919,5.69049715996
0.162736891845,0.000321431555122,0.00366519142919,5.70707702637
0.162736891845,0.000321431555122,0.00366519142919,5.72398710251
0.162736891845,0.000321431555122,0.00366519142919,5.74040412903
0.176852637651,0.000373168697338,0.00418879020479,5.75722408295
0.176852637651,0.000373168697338,0.00418879020479,5.77373194695
0.176852637651,0.000373168697338,0.00418879020479,5.79041004181
0.191181582783,0.000433189993395,0.00453785605519,5.80727505684
Actuacion(lineal,angular) = 0.3,-0.00717126054645
0.196128472972,0.000455638423082,0.00453785605519,5.82423305511
0.196128472972,0.000455638423082,0.00453785605519,5.84070110321
0.196128472972,0.000455638423082,0.00453785605519,5.85706305504
0.196128472972,0.000455638423082,0.00453785605519,5.87358903885
0.210542687489,0.000521048502689,0.00471238898038,5.89047408104
0.210542687489,0.000521048502689,0.00471238898038,5.90736508369
0.210542687489,0.000521048502689,0.00471238898038,5.92415308952
0.210542687489,0.000521048502689,0.00471238898038,5.94053602219
0.225127472654,0.000589778192329,0.00488692190558,5.95725917816
0.225127472654,0.000589778192329,0.00488692190558,5.97428607941
0.225127472654,0.000589778192329,0.00488692190558,5.99065899849
0.2397122456,0.000661053406129,0.00488692190558,6.00791096687
Actuacion(lineal,angular) = 0.3,-0.0085285237998
0.244445899978,0.000684186589555,0.00488692190558,6.02405714989
0.244445899978,0.000684186589555,0.00488692190558,6.04060101509
0.244445899978,0.000684186589555,0.00488692190558,6.05745410919
0.244445899978,0.000684186589555,0.00488692190558,6.07410216331
0.259158609529,0.000756087024528,0.00523598775598,6.09040403366
0.264062837381,0.000781765736181,0.00523598775598,6.10718512535
0.264062837381,0.000781765736181,0.00523598775598,6.12405014038
0.264062837381,0.000781765736181,0.00523598775598,6.14068603516
0.264062837381,0.000781765736181,0.00523598775598,6.15729308128
0.278519648181,0.000857462112272,0.00575958653158,6.17460417747
0.278519648181,0.000857462112272,0.00575958653158,6.1905169487
0.278519648181,0.000857462112272,0.00575958653158,6.20817899704
Actuacion(lineal,angular) = 0.3,-0.01054104063
0.293189644048,0.000941956157192,0.00593411945678,6.22398495674
0.293189644048,0.000941956157192,0.00593411945678,6.24177908897
0.293189644048,0.000941956157192,0.00593411945678,6.25902199745
0.293189644048,0.000941956157192,0.00593411945678,6.27369213104
0.307987560825,0.00102976979381,0.00628318530718,6.29043698311
0.307987560825,0.00102976979381,0.00628318530718,6.30724215508
0.307987560825,0.00102976979381,0.00628318530718,6.32395005226
0.307987560825,0.00102976979381,0.00628318530718,6.34092116356
0.322913381654,0.00112355272608,0.00645771823238,6.35836005211
0.322913381654,0.00112355272608,0.00645771823238,6.3741209507
0.322913381654,0.00112355272608,0.00645771823238,6.39063715935
0.337540669804,0.00121801294452,0.00645771823238,6.4072329998
Actuacion(lineal,angular) = 0.3,-0.0122656857541
0.342615443243,0.00125078485704,0.00663225115758,6.42482995987
0.342615443243,0.00125078485704,0.00663225115758,6.44049096107
0.342615443243,0.00125078485704,0.00663225115758,6.45726013184
0.342615443243,0.00125078485704,0.00663225115758,6.47391414642
0.357242714683,0.00134779801742,0.00680678408278,6.49066114426
0.357242714683,0.00134779801742,0.00680678408278,6.50712800026
0.357242714683,0.00134779801742,0.00680678408278,6.52405405045
0.372125839306,0.00144910579781,0.00680678408278,6.5403649807
0.372125839306,0.00144910579781,0.00680678408278,6.55705499649
0.377030020772,0.00148248801772,0.00680678408278,6.57374501228
0.377030020772,0.00148248801772,0.00680678408278,6.59037303925
0.377030020772,0.00148248801772,0.00680678408278,6.60736513138
Actuacion(lineal,angular) = 0.0592490386729,0.0480810845325
0.392254305845,0.0015861180395,0.00698131700798,6.62473201752
0.392254305845,0.0015861180395,0.00698131700798,6.64068007469
0.392254305845,0.0015861180395,0.00698131700798,6.65741109848
0.392254305845,0.0015861180395,0.00698131700798,6.67392897606
0.407137412559,0.00169002341362,0.00715584993318,6.69080901146
0.407137412559,0.00169002341362,0.00715584993318,6.70766496658
0.407137412559,0.00169002341362,0.00715584993318,6.72403311729
0.416135497495,0.00175441345816,0.00733038285838,6.74232912064
0.416135497495,0.00175441345816,0.00733038285838,6.75782799721
0.416135497495,0.00175441345816,0.00733038285838,6.77400302887
0.416135497495,0.00175441345816,0.00733038285838,6.79059410095
0.420101473045,0.00178348609809,0.00820304748437,6.8070089817
Actuacion(lineal,angular) = 0.0388084174279,0.107713314337
0.420101473045,0.00178348609809,0.00820304748437,6.82569599152
0.420101473045,0.00178348609809,0.00820304748437,6.84039115906
0.420101473045,0.00178348609809,0.00820304748437,6.8570971489
0.42372626484,0.00181322110426,0.010471975512,6.87368607521
0.42372626484,0.00181322110426,0.010471975512,6.89048814774
0.42372626484,0.00181322110426,0.010471975512,6.91218709946
0.425432013074,0.00183108431097,0.010471975512,6.92384600639
0.425432013074,0.00183108431097,0.010471975512,6.94068098068
0.425432013074,0.00183108431097,0.010471975512,6.95701313019
0.425432013074,0.00183108431097,0.010471975512,6.97365403175
0.42722304872,0.00184984067803,0.0106465084372,6.99032402039
0.42722304872,0.00184984067803,0.0106465084372,7.00702214241
Actuacion(lineal,angular) = 0.075679023748,0.167696520133
0.42722304872,0.00184984067803,0.0106465084372,7.02558302879
0.428672932047,0.00186527745635,0.0106465084372,7.04035997391
0.428672932047,0.00186527745635,0.0106465084372,7.0572271347
0.429312586456,0.00187208779973,0.011344640138,7.07409405708
0.429312586456,0.00187208779973,0.011344640138,7.09046602249
0.429312586456,0.00187208779973,0.011344640138,7.10716199875
0.432724050448,0.00191079129147,0.0111701072128,7.12385702133
0.433790135041,0.00192270006596,0.0120427718388,7.14047002792
0.433790135041,0.00192270006596,0.0120427718388,7.15717816353
0.433790135041,0.00192270006596,0.0120427718388,7.17392611504
0.433790135041,0.00192270006596,0.0120427718388,7.19045495987
0.437116285278,0.0019627580709,0.0123918376892,7.20712804794
Actuacion(lineal,angular) = 0.0481359476799,0.227715989394
0.437116285278,0.0019627580709,0.0123918376892,7.22375702858
0.437116285278,0.0019627580709,0.0123918376892,7.24055194855
0.437116285278,0.0019627580709,0.0123918376892,7.25769305229
0.441252633958,0.00201401765616,0.01308996939,7.27402210236
0.441252633958,0.00201401765616,0.01308996939,7.29090595245
0.441252633958,0.00201401765616,0.01308996939,7.30721902847
0.444280243689,0.00205365123859,0.0134390352404,7.32388496399
0.445175729744,0.00206568643181,0.0137881010908,7.34036612511
0.445175729744,0.00206568643181,0.0137881010908,7.35712313652
0.445175729744,0.00206568643181,0.0137881010908,7.3738451004
0.445175729744,0.00206568643181,0.0137881010908,7.39058113098
0.447350471259,0.002095673888,0.0143116998664,7.40713596344
Actuacion(lineal,angular) = 0.0181809898576,0.287708207412
0.447350471259,0.002095673888,0.0143116998664,7.4240629673
0.447350471259,0.002095673888,0.0143116998664,7.44066095352
0.449226705036,0.00212252781618,0.014835298642,7.45804214478
0.449226705036,0.00212252781618,0.014835298642,7.47386097908
0.449908966658,0.00213265011369,0.014835298642,7.49045610428
0.449908966658,0.00213265011369,0.014835298642,7.50706505775
0.449908966658,0.00213265011369,0.014835298642,7.52386212349
0.450804435036,0.00214593562917,0.0157079632679,7.54048514366
0.450974998168,0.00214861504897,0.0158824961931,7.5573849678
0.450974998168,0.00214861504897,0.0158824961931,7.57397603989
0.450974998168,0.00214861504897,0.0158824961931,7.59038209915
0.450974998168,0.00214861504897,0.0158824961931,7.60735607147
Actuacion(lineal,angular) = 0.00680058690702,0.347759791655
0.451230842161,0.00215267883191,0.0181514242207,7.62400507927
0.451230842161,0.00215267883191,0.0185004900711,7.64047503471
0.451230842161,0.00215267883191,0.0185004900711,7.65712094307
0.451230842161,0.00215267883191,0.0185004900711,7.67386507988
0.451230842161,0.00215267883191,0.0185004900711,7.69052696228
0.4513587584,0.00215504561505,0.0185004900711,7.70709609985
0.4513587584,0.00215504561505,0.0185004900711,7.72378110886
0.4513587584,0.00215504561505,0.0185004900711,7.74095702171
0.4513587584,0.00215504561505,0.0185004900711,7.75768303871
0.451401397146,0.00215583454276,0.0186750229963,7.77406716347
0.451401397146,0.00215583454276,0.0186750229963,7.79044103622
0.451401397146,0.00215583454276,0.0186750229963,7.80739712715
Actuacion(lineal,angular) = 0.00339033779823,0.407712384505
0.451401397146,0.00215583454276,0.0188495559215,7.82381415367
0.451401397146,0.00215583454276,0.0188495559215,7.84037995338
0.451401397146,0.00215583454276,0.0188495559215,7.85752701759
0.451401397146,0.00215583454276,0.0188495559215,7.87424516678
0.451401397146,0.00215583454276,0.0188495559215,7.89065909386
0.451401397146,0.00215583454276,0.0188495559215,7.90762495995
0.451401397146,0.00215583454276,0.0188495559215,7.92405200005
0.451401397146,0.00215583454276,0.0190240888467,7.94043707848
0.451401397146,0.00215583454276,0.0190240888467,7.95692896843
0.451401397146,0.00215583454276,0.0190240888467,7.97363710403
0.451401397146,0.00215583454276,0.0190240888467,7.99054813385
0.451401397146,0.00215583454276,0.0190240888467,8.00703716278
Actuacion(lineal,angular) = 0.00208204654074,0.467632004065
0.451401397146,0.00215583454276,0.0190240888467,8.02370595932
0.451401397146,0.00215583454276,0.0190240888467,8.04167604446
0.451571950455,0.00215907955554,0.0190240888467,8.05699014664
0.451571950455,0.00215907955554,0.0190240888467,8.07394695282
0.451571950455,0.00215907955554,0.0190240888467,8.09036517143
0.451571950455,0.00215907955554,0.0190240888467,8.10715603828
0.451742503764,0.00216232456833,0.0197222205475,8.12399196625
0.451870417015,0.00216484762883,0.0202458193231,8.14044713974
0.451870417015,0.00216484762883,0.0202458193231,8.15715813637
0.451870417015,0.00216484762883,0.0202458193231,8.17373108864
0.451870417015,0.00216484762883,0.0202458193231,8.19040417671
0.452126240841,0.00217002769956,0.0223402144255,8.20711612701
Actuacion(lineal,angular) = 0.00140837688816,0.527692958159
0.452211511646,0.00217193298461,0.0232128790515,8.22401499748
0.452211511646,0.00217193298461,0.0232128790515,8.24067616463
0.452211511646,0.00217193298461,0.0232128790515,8.25735902786
0.452211511646,0.00217193298461,0.0232128790515,8.27432394028
0.452467318977,0.002177872076,0.0246091424531,8.29049396515
0.452467318977,0.002177872076,0.0246091424531,8.30729603767
0.452467318977,0.002177872076,0.0246091424531,8.32392501831
0.45289365029,0.0021883658425,0.0267035375555,8.34060502052
0.45289365029,0.0021883658425,0.0267035375555,8.35717797279
0.45289365029,0.0021883658425,0.0267035375555,8.3741569519
0.45289365029,0.0021883658425,0.0267035375555,8.39078402519
0.453319958691,0.00219975249154,0.0298451302091,8.40730309486
Actuacion(lineal,angular) = 0.00100177773241,0.587648555083
0.453319958691,0.00219975249154,0.0298451302091,8.42395615578
0.453319958691,0.00219975249154,0.0298451302091,8.44145011902
0.453788856268,0.00221375095733,0.0336848545635,8.45901799202
0.453788856268,0.00221375095733,0.0336848545635,8.47433114052
0.453788856268,0.00221375095733,0.0336848545635,8.49052500725
0.453788856268,0.00221375095733,0.0336848545635,8.50730109215
0.454300318491,0.0022309860071,0.0376991118431,8.52384114265
0.454300318491,0.0022309860071,0.0376991118431,8.54045009613
0.454300318491,0.0022309860071,0.0376991118431,8.5571539402
0.454769091664,0.00224866671624,0.0436332312999,8.57376408577
0.454769091664,0.00224866671624,0.0436332312999,8.590321064
0.454896908027,0.0022542472992,0.0457276264023,8.60705494881
Actuacion(lineal,angular) = 0.000741482626001,0.64764256124
0.454896908027,0.0022542472992,0.0457276264023,8.62384796143
0.454896908027,0.0022542472992,0.0457276264023,8.64154100418
0.455237719749,0.00226984268184,0.0511381470834,8.65705299377
0.455237719749,0.00226984268184,0.0511381470834,8.67431712151
0.455237719749,0.00226984268184,0.0511381470834,8.69205594063
0.455237719749,0.00226984268184,0.0511381470834,8.70702505112
0.455961754751,0.00230690079962,0.0548033385126,8.72399115562
0.455961754751,0.00230690079962,0.0548033385126,8.74046516418
0.455961754751,0.00230690079962,0.0548033385126,8.75721311569
0.456515320992,0.00233726848594,0.0616101225954,8.77402114868
0.456515320992,0.00233726848594,0.0616101225954,8.79053807259
0.456515320992,0.00233726848594,0.0616101225954,8.8070909977
Actuacion(lineal,angular) = 0.000583264933392,0.7
0.456515320992,0.00233726848594,0.0616101225954,8.82368516922
0.456770711782,0.00235302308268,0.0715584993318,8.84038615227
0.456770711782,0.00235302308268,0.0715584993318,8.8569920063
0.456770711782,0.00235302308268,0.0715584993318,8.87373614311
0.456770711782,0.00235302308268,0.0715584993318,8.89033198357
0.457196080819,0.00238351391437,0.0787143492649,8.90717816353
0.457196080819,0.00238351391437,0.0787143492649,8.92405104637
0.457196080819,0.00238351391437,0.0787143492649,8.94056105614
0.457536192787,0.002410341036,0.0890117918517,8.95749998093
0.457536192787,0.002410341036,0.0890117918517,8.97457194328
0.457536192787,0.002410341036,0.0890117918517,8.99048304558
0.457536192787,0.002410341036,0.0890117918517,9.00722503662
Actuacion(lineal,angular) = 0.000581445368141,0.7
0.457791056055,0.00243308697667,0.100530964915,9.02380394936
0.457791056055,0.00243308697667,0.100530964915,9.04049897194
0.457791056055,0.00243308697667,0.100530964915,9.0574991703
0.458300224755,0.00248444733816,0.106639617297,9.07411503792
0.458300224755,0.00248444733816,0.106639617297,9.09045696259
0.458300224755,0.00248444733816,0.106639617297,9.1077849865
0.458300224755,0.00248444733816,0.106639617297,9.1240260601
0.458809070214,0.00253891705663,0.113970000155,9.14040899277
0.458809070214,0.00253891705663,0.113970000155,9.15730810165
0.458809070214,0.00253891705663,0.113970000155,9.17434096336
0.459317502722,0.00259711531028,0.123220245191,9.19044399261
0.459317502722,0.00259711531028,0.123220245191,9.20717597008
Actuacion(lineal,angular) = 0.000581029993567,0.7
0.459402148125,0.00260759844727,0.128979831722,9.22469305992
0.459402148125,0.00260759844727,0.128979831722,9.24393010139
0.459402148125,0.00260759844727,0.128979831722,9.25723099709
0.459867358037,0.00266793610345,0.143291531589,9.2745320797
0.459867358037,0.00266793610345,0.143291531589,9.29046201706
0.460036193951,0.00269229581047,0.147654854719,9.30724716187
0.460036193951,0.00269229581047,0.147654854719,9.32489109039
0.460036193951,0.00269229581047,0.147654854719,9.34064102173
0.460500196002,0.0027613102462,0.158824961931,9.35830211639
0.460500196002,0.0027613102462,0.158824961931,9.37373709679
0.460500196002,0.0027613102462,0.158824961931,9.39044713974
0.460500196002,0.0027613102462,0.158824961931,9.40725111961
Actuacion(lineal,angular) = 0.000580991942752,0.7
0.460794961051,0.00280852395765,0.169820536219,9.42392802238
0.460794961051,0.00280852395765,0.169820536219,9.44075417519
0.460794961051,0.00280852395765,0.169820536219,9.45763111115
0.461173254322,0.00287339069013,0.184306769011,9.47436094284
0.461173254322,0.00287339069013,0.184306769011,9.49075007439
0.461173254322,0.00287339069013,0.184306769011,9.50732803345
0.461173254322,0.00287339069013,0.184306769011,9.5256960392
0.46159249203,0.0029515460003,0.19704767255,9.54259514809
0.46159249203,0.0029515460003,0.19704767255,9.55721712112
0.46159249203,0.0029515460003,0.19704767255,9.57385015488
0.461968879175,0.00302668726079,0.206472450511,9.59044003487
0.461968879175,0.00302668726079,0.206472450511,9.60718917847
Actuacion(lineal,angular) = 0.00058150091811,0.7
0.461968879175,0.00302668726079,0.206472450511,9.62456607819
0.461968879175,0.00302668726079,0.206472450511,9.64373707771
0.462428021924,0.00312285810479,0.220609617452,9.65717315674
0.462552859377,0.00315085410351,0.225322006432,9.6739461422
0.462552859377,0.00315085410351,0.225322006432,9.69049406052
0.462552859377,0.00315085410351,0.225322006432,9.70721817017
0.462552859377,0.00315085410351,0.225322006432,9.72382712364
0.463093243983,0.0032747179663,0.238761041673,9.74081802368
0.463093243983,0.0032747179663,0.238761041673,9.75723195076
0.463093243983,0.0032747179663,0.238761041673,9.77420401573
0.463466170232,0.00336548968635,0.252374609838,9.79040408134
0.463466170232,0.00336548968635,0.252374609838,9.80710196495
Actuacion(lineal,angular) = 0.000581211102087,0.7
0.463466170232,0.00336548968635,0.252374609838,9.82381010056
0.463466170232,0.00336548968635,0.252374609838,9.84057807922
0.463837826234,0.00346132969529,0.264591914602,9.85710096359
0.463837826234,0.00346132969529,0.264591914602,9.87382602692
0.463837826234,0.00346132969529,0.264591914602,9.89068198204
0.463837826234,0.00346132969529,0.264591914602,9.90727496147
0.464208283623,0.00356170307336,0.279427213244,9.92400097847
0.464208283623,0.00356170307336,0.279427213244,9.94053316116
0.464208283623,0.00356170307336,0.279427213244,9.95728302002
0.464618203188,0.00367932304811,0.29304078141,9.97443795204
0.464618203188,0.00367932304811,0.29304078141,9.99095416069
0.464618203188,0.00367932304811,0.29304078141,10.0071079731
Actuacion(lineal,angular) = 0.000580593614005,0.7
0.464618203188,0.00367932304811,0.29304078141,10.0237669945
0.465026483591,0.0038025124194,0.309097810528,10.0406000614
0.465026483591,0.0038025124194,0.309097810528,10.0570280552
0.465026483591,0.0038025124194,0.309097810528,10.0739650726
0.465229608491,0.00386737690909,0.325852971347,10.090389967
0.465229608491,0.00386737690909,0.325852971347,10.1070940495
0.46531041234,0.00389468035555,0.329692695702,10.1237831116
0.46531041234,0.00389468035555,0.329692695702,10.1404631138
0.46531041234,0.00389468035555,0.329692695702,10.1571409702
0.465592856799,0.00399132763682,0.34173546754,10.1736719608
0.465592856799,0.00399132763682,0.34173546754,10.1904089451
0.465592856799,0.00399132763682,0.34173546754,10.2069821358
Actuacion(lineal,angular) = 0.000582948643401,0.7
0.465592856799,0.00399132763682,0.34173546754,10.2263031006
0.466034836963,0.00414853587328,0.357617963734,10.240350008
0.466034836963,0.00414853587328,0.357617963734,10.2570359707
0.466034836963,0.00414853587328,0.357617963734,10.2738411427
0.46635442072,0.0042679597728,0.376118453805,10.2903981209
0.46635442072,0.0042679597728,0.376118453805,10.307185173
0.466394085694,0.00428362422048,0.381179908636,10.3240880966
0.466394085694,0.00428362422048,0.381179908636,10.3408131599
0.466394085694,0.00428362422048,0.381179908636,10.3570380211
0.466631596782,0.00437881427239,0.396364273128,10.3756639957
0.466631596782,0.00437881427239,0.396364273128,10.3904070854
0.466670936509,0.00439527850484,0.401251195033,10.4108409882
Actuacion(lineal,angular) = 0.000579738793763,0.7
0.466670936509,0.00439527850484,0.401251195033,10.4238679409
0.466670936509,0.00439527850484,0.401251195033,10.4405641556
0.467142042089,0.004595153928,0.417308224152,10.4570910931
0.467142042089,0.004595153928,0.417308224152,10.4738969803
0.467142042089,0.004595153928,0.417308224152,10.490694046
0.467142042089,0.004595153928,0.417308224152,10.5075080395
0.467220014686,0.00462972290932,0.436506845924,10.5241940022
0.467220014686,0.00462972290932,0.436506845924,10.5419509411
0.467220014686,0.00462972290932,0.436506845924,10.5571620464
0.467335956573,0.00468381213699,0.451865743341,10.5755331516
0.467335956573,0.00468381213699,0.451865743341,10.5932381153
0.467335956573,0.00468381213699,0.451865743341,10.6072030067
Actuacion(lineal,angular) = 0.00058123162331,0.7
0.467335956573,0.00468381213699,0.451865743341,10.6238930225
0.467412688235,0.00472105448207,0.470540766338,10.6406841278
0.467412688235,0.00472105448207,0.470540766338,10.6573390961
0.467412688235,0.00472105448207,0.470540766338,10.6742391586
0.467716779522,0.00487572941524,0.488168591783,10.6905310154
0.467716779522,0.00487572941524,0.488168591783,10.7071750164
0.467716779522,0.00487572941524,0.488168591783,10.7238349915
0.467716779522,0.00487572941524,0.488168591783,10.740527153
0.468018097121,0.00503574050767,0.50754174648,10.7572040558
0.468018097121,0.00503574050767,0.50754174648,10.7742660046
0.46812990762,0.00509792232257,0.512777734236,10.7905299664
0.46812990762,0.00509792232257,0.512777734236,10.8109190464
Actuacion(lineal,angular) = 0.000581229783917,0.7
0.46812990762,0.00509792232257,0.512777734236,10.8238761425
0.468352874388,0.00522345511909,0.52935836213,10.840749979
0.468352874388,0.00522345511909,0.52935836213,10.8572821617
0.468352874388,0.00522345511909,0.52935836213,10.8742990494
0.468426492656,0.00526652588608,0.535990613287,10.8908100128
0.468426492656,0.00526652588608,0.535990613287,10.9073171616
0.468426492656,0.00526652588608,0.535990613287,10.9237611294
0.468609820143,0.00537542106355,0.555189235059,10.9405260086
0.468609820143,0.00537542106355,0.555189235059,10.9572820663
0.468863504613,0.00553277340314,0.572118928804,10.9742751122
0.468863504613,0.00553277340314,0.572118928804,10.9904310703
0.468863504613,0.00553277340314,0.572118928804,11.007226944
Actuacion(lineal,angular) = 0.000723140998475,0.650777200605
0.468863504613,0.00553277340314,0.572118928804,11.0237159729
0.469150343832,0.00571748698671,0.584336233568,11.0406241417
0.469150343832,0.00571748698671,0.584336233568,11.0584659576
0.469150343832,0.00571748698671,0.584336233568,11.07538414
0.469150343832,0.00571748698671,0.584336233568,11.0902969837
0.469399334852,0.00588216558586,0.599695130985,11.1071610451
0.469399334852,0.00588216558586,0.599695130985,11.1237640381
0.469399334852,0.00588216558586,0.599695130985,11.1416270733
0.469540153406,0.00597844173055,0.622384411261,11.1578290462
0.469540153406,0.00597844173055,0.622384411261,11.1756510735
0.469540153406,0.00597844173055,0.622384411261,11.1906750202
0.469644101951,0.00605302635178,0.638266907454,11.207734108
Actuacion(lineal,angular) = 0.00147133915404,0.514221192926
0.469644101951,0.00605302635178,0.638266907454,11.223772049
0.469644101951,0.00605302635178,0.638266907454,11.2403531075
0.469644101951,0.00605302635178,0.638266907454,11.257060051
0.469918104337,0.00625629597114,0.653451271947,11.2738740444
0.469918104337,0.00625629597114,0.653451271947,11.2906451225
0.469918104337,0.00625629597114,0.653451271947,11.3071520329
0.469918104337,0.00625629597114,0.653451271947,11.3239941597
0.470222849283,0.00648962837207,0.666890307187,11.3406801224
0.470222849283,0.00648962837207,0.666890307187,11.3573150635
0.470189340199,0.00646324985149,0.671253630317,11.3746070862
0.470189340199,0.00646324985149,0.671253630317,11.3905110359
0.470189340199,0.00646324985149,0.671253630317,11.4071130753
Actuacion(lineal,angular) = 0.00536099120164,0.336220043807
0.470356308537,0.00659587225137,0.683121869231,11.4240691662
0.470356308537,0.00659587225137,0.683121869231,11.4409120083
0.470422461586,0.00664971010471,0.685739863109,11.4571080208
0.470422461586,0.00664971010471,0.685739863109,11.4743161201
0.470422461586,0.00664971010471,0.685739863109,11.4904720783
0.470719515025,0.00689275896082,0.697608102022,11.5071680546
0.470719515025,0.00689275896082,0.697608102022,11.5254170895
0.470719515025,0.00689275896082,0.697608102022,11.5407509804
0.471013663049,0.00713931611821,0.710174472636,11.5573310852
0.471013663049,0.00713931611821,0.710174472636,11.5742311478
0.471013663049,0.00713931611821,0.710174472636,11.5904860497
0.47120768075,0.00730613876226,0.715934059168,11.60729599
Actuacion(lineal,angular) = 0.0453434054472,0.236129539538
0.47120768075,0.00730613876226,0.715934059168,11.6251690388
0.47120768075,0.00730613876226,0.715934059168,11.6404180527
0.471336383189,0.00741809698401,0.717504855495,11.6570219994
0.471336383189,0.00741809698401,0.717504855495,11.6741170883
0.471336383189,0.00741809698401,0.717504855495,11.6912090778
0.472300331318,0.0082592988505,0.722217244475,11.7105591297
0.472300331318,0.0082592988505,0.722217244475,11.723940134
0.472300331318,0.0082592988505,0.722217244475,11.7418529987
0.473740291373,0.00952790136266,0.72640603468,11.7569820881
0.473740291373,0.00952790136266,0.72640603468,11.7741630077
0.473740291373,0.00952790136266,0.72640603468,11.7904131413
0.475525613096,0.0111140989431,0.728325896857,11.807090044
Actuacion(lineal,angular) = 0.085304981909,0.178647749132
0.475525613096,0.0111140989431,0.728325896857,11.8238651752
0.475525613096,0.0111140989431,0.728325896857,11.8405580521
0.47609848661,0.0116250489445,0.728500429782,11.8579101562
0.47609848661,0.0116250489445,0.728500429782,11.8737900257
0.478007767702,0.0133285488743,0.729198561483,11.8905129433
0.478007767702,0.0133285488743,0.729198561483,11.9072451591
0.478007767702,0.0133285488743,0.729198561483,11.9241609573
0.478961813382,0.0141809650965,0.729373094408,11.9408061504
0.478961813382,0.0141809650965,0.729373094408,11.9574530125
0.478961813382,0.0141809650965,0.729373094408,11.9766731262
0.481314759045,0.0162840024762,0.729722160259,11.9904351234
0.481314759045,0.0162840024762,0.729722160259,12.0079369545
Actuacion(lineal,angular) = 0.125350195608,0.16762596968
0.483825903671,0.0185300136678,0.732165621212,12.0239801407
0.483825903671,0.0185300136678,0.732165621212,12.0406880379
0.483825903671,0.0185300136678,0.732165621212,12.0580689907
0.484587113522,0.0192142082089,0.732340154137,12.0803561211
0.484587113522,0.0192142082089,0.732340154137,12.0905470848
0.484587113522,0.0192142082089,0.732340154137,12.1071910858
0.487219217909,0.0215808404219,0.732689219987,12.1240501404
0.487219217909,0.0215808404219,0.732689219987,12.1406130791
0.487219217909,0.0215808404219,0.732689219987,12.1572320461
0.490389432508,0.0244333113212,0.733212818763,12.1742620468
0.490389432508,0.0244333113212,0.733212818763,12.1905601025
0.490389432508,0.0244333113212,0.733212818763,12.207020998
Actuacion(lineal,angular) = 0.0647598141063,0.107656282218
0.492132228845,0.026003083057,0.732689219987,12.2258031368
0.492132228845,0.026003083057,0.732689219987,12.2407059669
0.492132228845,0.026003083057,0.732689219987,12.2574880123
0.492132228845,0.026003083057,0.732689219987,12.2767851353
0.493336910392,0.0270870219988,0.732165621212,12.2910499573
0.493336910392,0.0270870219988,0.732165621212,12.3111770153
0.493336910392,0.0270870219988,0.732165621212,12.3252701759
0.493590647009,0.0273150868458,0.732863752912,12.3435640335
0.493590647009,0.0273150868458,0.732863752912,12.3574671745
0.493590647009,0.0273150868458,0.732863752912,12.3753950596
0.493590647009,0.0273150868458,0.732863752912,12.3904960155
0.49368573851,0.0274006775707,0.734085483389,12.4071390629
Actuacion(lineal,angular) = 0.0206004348447,0.0476658523397
0.49368573851,0.0274006775707,0.734085483389,12.4251711369
0.49368573851,0.0274006775707,0.734609082164,12.4412109852
0.49368573851,0.0274006775707,0.734609082164,12.4570200443
0.49368573851,0.0274006775707,0.734609082164,12.4737770557
0.493717385834,0.0274292630909,0.735307213865,12.4903931618
0.493717385834,0.0274292630909,0.735307213865,12.507215023
0.493717385834,0.0274292630909,0.735307213865,12.5239739418
0.493654131115,0.0273720478765,0.73548174679,12.540749073
0.493654131115,0.0273720478765,0.73548174679,12.5574071407
0.493654131115,0.0273720478765,0.736005345566,12.5754480362
0.493654131115,0.0273720478765,0.736005345566,12.5904450417
0.493654131115,0.0273720478765,0.736005345566,12.6085469723
Actuacion(lineal,angular) = 0.0605704513242,0.107620877059
0.493654131115,0.0273720478765,0.735830812641,12.6243460178
0.493654131115,0.0273720478765,0.735830812641,12.6427240372
0.493654131115,0.0273720478765,0.735830812641,12.6576189995
0.493654131115,0.0273720478765,0.735830812641,12.6747159958
0.493780580621,0.0274865445297,0.736005345566,12.690680027
0.493780580621,0.0274865445297,0.736005345566,12.7071211338
0.493907010143,0.0276010632507,0.736005345566,12.7241561413
0.493907010143,0.0276010632507,0.736005345566,12.7408440113
0.493907010143,0.0276010632507,0.736005345566,12.7570850849
0.494033439664,0.0277155819718,0.736005345566,12.7749321461
0.494033439664,0.0277155819718,0.736005345566,12.7907290459
0.494033439664,0.0277155819718,0.736005345566,12.8084609509
Actuacion(lineal,angular) = 0.100619861191,0.148187898815
0.494223083946,0.0278873600533,0.736179878491,12.8238639832
0.494223083946,0.0278873600533,0.736179878491,12.8410630226
0.494223083946,0.0278873600533,0.736179878491,12.8580000401
0.494223083946,0.0278873600533,0.736179878491,12.8742949963
0.494317891095,0.0279732656424,0.736354411416,12.8904769421
0.494317891095,0.0279732656424,0.736354411416,12.9074170589
0.49434948848,0.028001906354,0.736354411416,12.9240241051
0.49434948848,0.028001906354,0.736354411416,12.940926075
0.49434948848,0.028001906354,0.736354411416,12.9572939873
0.495960955103,0.0294625826441,0.736354411416,12.9743471146
0.495960955103,0.0294625826441,0.736354411416,12.9909069538
0.495960955103,0.0294625826441,0.736354411416,13.007830143
Actuacion(lineal,angular) = 0.140582057541,0.148111305975
0.497193253108,0.0305795703955,0.734958148015,13.0239450932
0.497193253108,0.0305795703955,0.734958148015,13.0405740738
0.497193253108,0.0305795703955,0.734958148015,13.0573680401
0.497193253108,0.0305795703955,0.734958148015,13.0742499828
0.498490384209,0.0317520295767,0.734958148015,13.0906159878
0.498490384209,0.0317520295767,0.734958148015,13.1072390079
0.498490384209,0.0317520295767,0.734958148015,13.1239330769
0.501021371723,0.0340397548084,0.73513268094,13.1409840584
0.501021371723,0.0340397548084,0.73513268094,13.1571669579
0.501021371723,0.0340397548084,0.73513268094,13.1747601032
0.501021371723,0.0340397548084,0.73513268094,13.1904740334
0.50361522462,0.0363851259194,0.734434549239,13.2074730396
Actuacion(lineal,angular) = 0.0555137604441,0.0881127937069
0.50361522462,0.0363851259194,0.734434549239,13.2238891125
0.50361522462,0.0363851259194,0.734434549239,13.2404279709
0.50361522462,0.0363851259194,0.734434549239,13.2571079731
0.506463932764,0.0389573255776,0.733038285838,13.2738721371
0.506463932764,0.0389573255776,0.733038285838,13.290610075
0.506463932764,0.0389573255776,0.733038285838,13.3087320328
0.507446390563,0.0398419345528,0.732514687062,13.3238680363
0.507446390563,0.0398419345528,0.732514687062,13.3412101269
0.507446390563,0.0398419345528,0.732514687062,13.3575279713
0.507446390563,0.0398419345528,0.732340154137,13.3754630089
0.507446390563,0.0398419345528,0.732340154137,13.3908281326
0.508207480988,0.0405262619396,0.732689219987,13.4074289799
Actuacion(lineal,angular) = 0.0154683396922,0.0281334502926
0.508207480988,0.0405262619396,0.732689219987,13.4239799976
0.508207480988,0.0405262619396,0.732689219987,13.4404809475
0.508397693864,0.0406974101936,0.732689219987,13.4570960999
0.508397693864,0.0406974101936,0.732689219987,13.4739511013
0.508397693864,0.0406974101936,0.732689219987,13.4905121326
0.508619608886,0.0408970831566,0.732689219987,13.507174015
0.508619608886,0.0408970831566,0.732689219987,13.5238890648
0.508461098156,0.0407544596116,0.732689219987,13.5418109894
0.508461098156,0.0407544596116,0.732689219987,13.5570700169
0.508461098156,0.0407544596116,0.732689219987,13.574005127
0.50842939601,0.0407259349026,0.732863752912,13.5905690193
0.50842939601,0.0407259349026,0.732863752912,13.6074650288
Actuacion(lineal,angular) = 0.00931848127731,-0.0318845169315
0.50842939601,0.0407259349026,0.732863752912,13.623924017
0.50842939601,0.0407259349026,0.734260016314,13.641710043
0.50842939601,0.0407259349026,0.734260016314,13.6571660042
0.50842939601,0.0407259349026,0.734260016314,13.6739461422
0.50842939601,0.0407259349026,0.734085483389,13.6906659603
0.50842939601,0.0407259349026,0.734085483389,13.707501173
0.50842939601,0.0407259349026,0.734085483389,13.7239871025
0.50842939601,0.0407259349026,0.734085483389,13.7410860062
0.50842939601,0.0407259349026,0.734085483389,13.7572140694
0.50842939601,0.0407259349026,0.734085483389,13.773897171
0.50842939601,0.0407259349026,0.733910950464,13.7904970646
0.50842939601,0.0407259349026,0.733910950464,13.8072450161
Actuacion(lineal,angular) = 0.0493162973631,0.0281122071972
0.50842939601,0.0407259349026,0.733910950464,13.8237831593
0.50842939601,0.0407259349026,0.733910950464,13.8412401676
0.50842939601,0.0407259349026,0.733910950464,13.8572571278
0.50842939601,0.0407259349026,0.733910950464,13.8739650249
0.50842939601,0.0407259349026,0.733910950464,13.8903410435
0.50842939601,0.0407259349026,0.733910950464,13.9072401524
0.50842939601,0.0407259349026,0.733910950464,13.9239900112
0.508619399647,0.0408973154176,0.733736417538,13.9418780804
0.508619399647,0.0408973154176,0.733736417538,13.9578101635
0.50871441642,0.0409829890929,0.733736417538,13.9775800705
0.50871441642,0.0409829890929,0.733736417538,13.9902851582
0.50871441642,0.0409829890929,0.733736417538,14.0071649551
Actuacion(lineal,angular) = 0.0892945154417,0.0880795343151
0.50884110545,0.0410972206599,0.734085483389,14.0240869522
0.50884110545,0.0410972206599,0.734085483389,14.0405430794
0.50884110545,0.0410972206599,0.734085483389,14.0602631569
0.50884110545,0.0410972206599,0.734085483389,14.0741319656
0.509157728321,0.0413829101171,0.734434549239,14.0906381607
0.509157728321,0.0413829101171,0.734434549239,14.1075191498
0.509157728321,0.0413829101171,0.734434549239,14.1237361431
0.509885731513,0.0420402500298,0.734958148015,14.1408159733
0.509885731513,0.0420402500298,0.734958148015,14.1569600105
0.509885731513,0.0420402500298,0.734958148015,14.1745300293
0.509885731513,0.0420402500298,0.734958148015,14.1905090809
0.510771577143,0.0428409538609,0.734434549239,14.2073559761
Actuacion(lineal,angular) = 0.129296909164,0.148083124899
0.510771577143,0.0428409538609,0.734434549239,14.223952055
0.510771577143,0.0428409538609,0.734434549239,14.2403790951
0.512100974277,0.0440413137014,0.734085483389,14.2571351528
0.512100974277,0.0440413137014,0.734085483389,14.2742030621
0.512100974277,0.0440413137014,0.734085483389,14.2905101776
0.512100974277,0.0440413137014,0.734085483389,14.3071680069
0.513557439483,0.0453554852045,0.733736417538,14.3239271641
0.513557439483,0.0453554852045,0.733736417538,14.3430280685
0.513557439483,0.0453554852045,0.733736417538,14.3575100899
0.51558446397,0.047183190277,0.733212818763,14.376707077
0.51558446397,0.047183190277,0.733212818763,14.3904180527
0.51558446397,0.047183190277,0.733212818763,14.4078011513
Actuacion(lineal,angular) = 0.169270072769,0.156455615504
0.51558446397,0.047183190277,0.733212818763,14.4239521027
0.517612445162,0.0490098337514,0.732689219987,14.4408969879
0.517612445162,0.0490098337514,0.732689219987,14.4571311474
0.517612445162,0.0490098337514,0.732689219987,14.4740250111
0.517612445162,0.0490098337514,0.732689219987,14.4902861118
0.520212021133,0.0513488598888,0.731991088286,14.5070331097
0.520212021133,0.0513488598888,0.731991088286,14.523774147
0.520212021133,0.0513488598888,0.731991088286,14.5407941341
0.523701446881,0.0544841425637,0.731292956586,14.5576870441
0.523701446881,0.0544841425637,0.731292956586,14.5750000477
0.523701446881,0.0544841425637,0.731292956586,14.5903270245
0.524494995458,0.0551961529801,0.729547627334,14.6073081493
Actuacion(lineal,angular) = 0.209280048202,0.163684100575
0.524494995458,0.0551961529801,0.729547627334,14.6238501072
0.527642364096,0.0580102253234,0.726929633456,14.6407899857
0.527642364096,0.0580102253234,0.726929633456,14.6571669579
0.527642364096,0.0580102253234,0.726929633456,14.6740989685
0.528757670939,0.0590021829204,0.725882435904,14.6904859543
0.528757670939,0.0590021829204,0.725882435904,14.7072870731
0.528757670939,0.0590021829204,0.725882435904,14.7237999439
0.532999781962,0.0627671815259,0.723438974952,14.7410399914
0.532999781962,0.0627671815259,0.723438974952,14.7571430206
0.532999781962,0.0627671815259,0.723438974952,14.7756540775
0.536771610243,0.066098349867,0.719948316448,14.7905249596
0.536771610243,0.066098349867,0.719948316448,14.8071861267
Actuacion(lineal,angular) = 0.249262414764,0.1928660311
0.536771610243,0.066098349867,0.719948316448,14.8238389492
0.540971862409,0.0697818721555,0.715235927467,14.8404200077
0.540971862409,0.0697818721555,0.715235927467,14.8571541309
0.540971862409,0.0697818721555,0.715235927467,14.874516964
0.540971862409,0.0697818721555,0.715235927467,14.8902931213
0.545672353201,0.0738650666831,0.709476340936,14.907269001
0.545672353201,0.0738650666831,0.709476340936,14.923967123
0.545672353201,0.0738650666831,0.709476340936,14.9404671192
0.551237531256,0.0786434317501,0.705287550731,14.957103014
0.551237531256,0.0786434317501,0.705287550731,14.9739201069
0.551237531256,0.0786434317501,0.705287550731,14.9903359413
0.551237531256,0.0786434317501,0.705287550731,15.0070641041
Actuacion(lineal,angular) = 0.289263616394,0.239409625728
0.555945938161,0.0826520173225,0.701273293451,15.0238511562
0.555945938161,0.0826520173225,0.701273293451,15.0447700024
0.557770557357,0.0841928486594,0.69987703005,15.0570011139
0.557770557357,0.0841928486594,0.69987703005,15.0749640465
0.557770557357,0.0841928486594,0.69987703005,15.0904870033
0.562924655109,0.088533001972,0.693593844743,15.1093020439
0.562924655109,0.088533001972,0.693593844743,15.1239440441
0.562924655109,0.088533001972,0.693593844743,15.142029047
0.564564296192,0.0898961930175,0.692023048416,15.1570560932
0.564564296192,0.0898961930175,0.692023048416,15.1745431423
0.568734418293,0.0933521521267,0.686961593585,15.1904621124
0.568734418293,0.0933521521267,0.686961593585,15.2071299553
Actuacion(lineal,angular) = 0.060459743857,0.289957205353
0.568734418293,0.0933521521267,0.686961593585,15.223883152
0.57249333113,0.096435365649,0.685390797258,15.2412450314
0.57249333113,0.096435365649,0.685390797258,15.2572281361
0.57249333113,0.096435365649,0.685390797258,15.2739739418
0.57249333113,0.096435365649,0.685390797258,15.2905380726
0.574111083881,0.0977580670218,0.685739863109,15.3071789742
0.574111083881,0.0977580670218,0.685739863109,15.3237261772
0.574111083881,0.0977580670218,0.685739863109,15.3405539989
0.574177095756,0.0978120778787,0.687659725286,15.3571109772
0.574177095756,0.0978120778787,0.687659725286,15.374063015
0.574177095756,0.0978120778787,0.687659725286,15.390805006
0.574177095756,0.0978120778787,0.687659725286,15.4073121548
Actuacion(lineal,angular) = 0.0189415965268,0.296506352553
0.574572544118,0.0981369028247,0.688706922837,15.4237430096
0.574572544118,0.0981369028247,0.688706922837,15.4405350685
0.574572544118,0.0981369028247,0.688706922837,15.4570031166
0.575692016752,0.0990584129858,0.688881455762,15.473706007
0.575692016752,0.0990584129858,0.688881455762,15.490489006
0.575692016752,0.0990584129858,0.688881455762,15.5071771145
0.575692016752,0.0990584129858,0.688881455762,15.5237431526
0.576350435448,0.0996005927104,0.688532389912,15.5405399799
0.576350435448,0.0996005927104,0.688532389912,15.5571219921
0.576350435448,0.0996005927104,0.688532389912,15.5757770538
0.576350435448,0.0996005927104,0.688532389912,15.5908880234
0.576383365844,0.0996276902034,0.688706922837,15.6073281765
Actuacion(lineal,angular) = 0.0118944212434,0.289790284676
0.576383365844,0.0996276902034,0.688706922837,15.6241049767
0.576383365844,0.0996276902034,0.688706922837,15.640887022
0.576943102161,0.100088445284,0.693942910593,15.6571259499
0.576943102161,0.100088445284,0.693942910593,15.6740591526
0.576943102161,0.100088445284,0.693942910593,15.6903860569
0.576975885464,0.10011572055,0.694815575219,15.708851099
0.576975885464,0.10011572055,0.694815575219,15.7239229679
0.577270720857,0.100361455331,0.695164641069,15.7410140038
0.577270720857,0.100361455331,0.695164641069,15.7571811676
0.577270720857,0.100361455331,0.695164641069,15.7738029957
0.577303470812,0.100388770629,0.69551370692,15.7904579639
0.577303470812,0.100388770629,0.69551370692,15.8071899414
Actuacion(lineal,angular) = 0.0131045023429,0.268972902986
0.577303470812,0.100388770629,0.69551370692,15.8238091469
0.577172509138,0.100279463716,0.697782634947,15.8460919857
0.577172509138,0.100279463716,0.697782634947,15.8570821285
0.577270544134,0.100361666546,0.700400628825,15.8763120174
0.577270544134,0.100361666546,0.700400628825,15.890499115
0.577270544134,0.100361666546,0.700400628825,15.9073271751
0.577270544134,0.100361666546,0.700400628825,15.923828125
0.577205331165,0.100306693744,0.702844089778,15.9406690598
0.577205331165,0.100306693744,0.702844089778,15.9570560455
0.577205331165,0.100306693744,0.702844089778,15.9738609791
0.577465644967,0.100527221678,0.705811149507,15.9909751415
0.577465644967,0.100527221678,0.705811149507,16.0094840527
Actuacion(lineal,angular) = 0.0531031290519,0.242585950437
0.577465644967,0.100527221678,0.705811149507,16.0237369537
0.577465644967,0.100527221678,0.705811149507,16.0411419868
0.577530559552,0.10058254651,0.707207412908,16.0570120811
0.577530559552,0.10058254651,0.707207412908,16.0749440193
0.577530559552,0.10058254651,0.707207412908,16.0902941227
0.578049257736,0.10102586984,0.710174472636,16.1082980633
0.578049257736,0.10102586984,0.710174472636,16.1236720085
0.578049257736,0.10102586984,0.710174472636,16.1406691074
0.578437293139,0.101359515128,0.710872604337,16.1570761204
0.578437293139,0.101359515128,0.710872604337,16.1740670204
0.578437293139,0.101359515128,0.710872604337,16.1905710697
0.578598877464,0.101498646839,0.714188729916,16.2080581188
Actuacion(lineal,angular) = 0.0931049028861,0.221992605116
0.578598877464,0.101498646839,0.714188729916,16.2253899574
0.578759999523,0.101638313618,0.715235927467,16.2405719757
0.578759999523,0.101638313618,0.715235927467,16.2569789886
0.578759999523,0.101638313618,0.715235927467,16.2751150131
0.579146341232,0.101973918648,0.715410460392,16.2904040813
0.579146341232,0.101973918648,0.715410460392,16.3071579933
0.579146341232,0.101973918648,0.715410460392,16.3238310814
0.579822336707,0.102561345442,0.715934059168,16.3407201767
0.579822336707,0.102561345442,0.715934059168,16.3575561047
0.580272795245,0.102953199218,0.716108592093,16.3737380505
0.580272795245,0.102953199218,0.716108592093,16.3904399872
0.580272795245,0.102953199218,0.716108592093,16.4078221321
Actuacion(lineal,angular) = 0.133081118249,0.207211131321
0.580980551179,0.103569092974,0.716806723794,16.4237771034
0.580980551179,0.103569092974,0.716806723794,16.4405889511
0.580980551179,0.103569092974,0.716806723794,16.457103014
0.582395202752,0.104801868399,0.717504855495,16.4743320942
0.582395202752,0.104801868399,0.717504855495,16.4907710552
0.582395202752,0.104801868399,0.717504855495,16.5074181557
0.582395202752,0.104801868399,0.717504855495,16.5243239403
0.584355230613,0.106512312194,0.717853921345,16.5404970646
0.584355230613,0.106512312194,0.717853921345,16.5581381321
0.585415250492,0.10743800432,0.717853921345,16.5751321316
0.585415250492,0.10743800432,0.717853921345,16.5902910233
0.585415250492,0.10743800432,0.717853921345,16.6070570946
Actuacion(lineal,angular) = 0.173086945199,0.202606252621
0.587663777507,0.109401593679,0.715584993318,16.6238479614
0.587663777507,0.109401593679,0.715584993318,16.6406121254
0.587663777507,0.109401593679,0.715584993318,16.6572179794
