0.0,0.0,0.142767932813
0.0,0.0,0.142767932813
0.0,0.0,0.142767932813
0.0,0.0,0.142767932813
0.000211057627183,3.03612285348e-05,0.142244334038
0.000379925277956,5.44999082276e-05,0.141546202337
0.000422144821199,6.05161571799e-05,0.141371669412
0.000422144821199,6.05161571799e-05,0.141546202337
0.000591027187873,8.45516772725e-05,0.141022603561
0.000717696296072,0.000102526734015,0.140848070636
0.000844370624214,0.000120464942961,0.140149938935
0.00101328327016,0.000144286746364,0.139451807234
0.00109774737223,0.000156142369199,0.138928208459
0.0014356521963,0.000203218399588,0.137531945057
0.00194267769285,0.0002726121521,0.134041286553
