0.0,0.0,0.0,0.012139081955
0.0,0.0,0.0,0.0292110443115
0.0,0.0,0.0,0.0455791950226
0.0,0.0,0.0,0.0624780654907
0.0,0.0,0.0,0.0790002346039
0.0,0.0,0.0,0.0956680774689
0.0,0.0,0.0,0.112337112427
0.0,0.0,0.0,0.129051208496
0.0,0.0,0.0,0.145604133606
0.0,0.0,0.0,0.162295103073
0.0,0.0,0.0,0.179844141006
0.0,0.0,0.0,0.195587158203
0.0,0.0,0.0,0.212389230728
0.0,0.0,0.0,0.229009151459
0.0,0.0,0.0,0.245473146439
0.0,0.0,0.0,0.262257099152
0.0,0.0,0.0,0.27913403511
0.0,0.0,0.0,0.295661211014
0.0,0.0,0.0,0.31232714653
0.0,0.0,0.0,0.328993082047
0.0,0.0,0.0,0.345650196075
0.0,0.0,0.0,0.362179040909
0.0,0.0,0.0,0.379002094269
0.0,0.0,0.0,0.395742177963
0.0,0.0,0.0,0.41232919693
0.0,0.0,0.0,0.428999185562
0.0,0.0,0.0,0.445554018021
0.0,0.0,0.0,0.462203025818
0.0,0.0,0.0,0.479211091995
0.0,0.0,0.0,0.495823144913
0.0,0.0,0.0,0.512217998505
0.0,0.0,0.0,0.528962135315
0.0,0.0,0.0,0.546163082123
0.0,0.0,0.0,0.56278014183
0.0,0.0,0.0,0.578891038895
0.0,0.0,0.0,0.595601081848
0.0,0.0,0.0,0.612317085266
0.0,0.0,0.0,0.629184007645
0.0,0.0,0.0,0.645723104477
0.0,0.0,0.0,0.662254095078
0.0,0.0,0.0,0.678996086121
0.0,0.0,0.0,0.695619106293
0.0,0.0,0.0,0.712255001068
0.0,0.0,0.0,0.729014158249
0.0,0.0,0.0,0.74566411972
0.0,0.0,0.0,0.762282133102
0.0,0.0,0.0,0.778962135315
0.0,0.0,0.0,0.795289039612
0.0,0.0,0.0,0.812127113342
0.0,0.0,0.0,0.828936100006
0.0,0.0,0.0,0.845830202103
0.0,0.0,0.0,0.862241029739
0.0,0.0,0.0,0.878885030746
0.0,0.0,0.0,0.895596027374
0.0,0.0,0.0,0.912280082703
0.0,0.0,0.0,0.928997039795
0.0,0.0,0.0,0.945625066757
0.0,0.0,0.0,0.96234703064
0.0,0.0,0.0,0.9791431427
0.0,0.0,0.0,0.995872020721
0.0,0.0,0.0,1.0124270916
0.0,0.0,0.0,1.02922916412
0.0,0.0,0.0,1.04563307762
0.0,0.0,0.0,1.06232309341
0.0,0.0,0.0,1.07908511162
0.0,0.0,0.0,1.09584903717
0.0,0.0,0.0,1.11264014244
0.0,0.0,0.0,1.12907409668
0.0,0.0,0.0,1.14561605453
0.0,0.0,0.0,1.16257619858
0.0,0.0,0.0,1.17909121513
0.0,0.0,0.0,1.19565820694
0.0,0.0,0.0,1.21233415604
0.0,0.0,0.0,1.22900605202
0.0,0.0,0.0,1.24574518204
0.0,0.0,0.0,1.26227521896
0.0,0.0,0.0,1.27910208702
0.0,0.0,0.0,1.29571819305
0.0,0.0,0.0,1.31235909462
0.0,0.0,0.0,1.32889914513
0.0,0.0,0.0,1.34573411942
0.0,0.0,0.0,1.36234211922
0.0,0.0,0.0,1.3789961338
0.0,0.0,0.0,1.39565110207
0.0,0.0,0.0,1.41231608391
0.0,0.0,0.0,1.42894005775
0.0,0.0,0.0,1.44563412666
0.0,0.0,0.0,1.46233201027
0.0,0.0,0.0,1.47907304764
0.0,0.0,0.0,1.49573612213
0.0,0.0,0.0,1.51226902008
0.0,0.0,0.0,1.52899503708
0.0,0.0,0.0,1.54570007324
0.0,0.0,0.0,1.56230401993
0.0,0.0,0.0,1.57899522781
0.0,0.0,0.0,1.59590315819
0.0,0.0,0.0,1.61234211922
0.0,0.0,0.0,1.62913417816
0.0,0.0,0.0,1.64566802979
0.0,0.0,0.0,1.66229319572
0.0,0.0,0.0,1.67901206017
0.0,0.0,0.0,1.69567918777
0.0,0.0,0.0,1.71244716644
0.0,0.0,0.0,1.72919201851
0.0,0.0,0.0,1.74564003944
0.0,0.0,0.0,1.762196064
0.0,0.0,0.0,1.77892804146
0.0,0.0,0.0,1.7956571579
0.0,0.0,0.0,1.8123562336
0.0,0.0,0.0,1.82864618301
0.0,0.0,0.0,1.84557700157
0.0,0.0,0.0,1.86232709885
0.0,0.0,0.0,1.8789691925
0.0,0.0,0.0,1.89568519592
0.0,0.0,0.0,1.9124212265
0.0,0.0,0.0,1.92912316322
0.0,0.0,0.0,1.94582104683
0.0,0.0,0.0,1.96239805222
0.0,0.0,0.0,1.97900915146
0.0,0.0,0.0,1.99557614326
0.0,0.0,0.0,2.01237010956
0.0,0.0,0.0,2.02883601189
0.0,0.0,0.0,2.04570221901
0.0,0.0,0.0,2.0621380806
0.0,0.0,0.0,2.07900309563
0.0,0.0,0.0,2.09595823288
0.0,0.0,0.0,2.11233711243
0.0,0.0,0.0,2.12891316414
0.0,0.0,0.0,2.14573907852
0.0,0.0,0.0,2.16236400604
0.0,0.0,0.0,2.17897510529
0.0,0.0,0.0,2.19571614265
0.0,0.0,0.0,2.21262311935
0.0,0.0,0.0,2.22927713394
0.0,0.0,0.0,2.2456510067
0.0,0.0,0.0,2.26222419739
0.0,0.0,0.0,2.27898001671
0.0,0.0,0.0,2.2958881855
0.0,0.0,0.0,2.3139231205
0.0,0.0,0.0,2.32902812958
0.0,0.0,0.0,2.34571123123
0.0,0.0,0.0,2.36237406731
0.0,0.0,0.0,2.37898111343
0.0,0.0,0.0,2.39567923546
0.0,0.0,0.0,2.41233420372
0.0,0.0,0.0,2.42911505699
0.0,0.0,0.0,2.44554901123
0.0,0.0,0.0,2.46210408211
0.0,0.0,0.0,2.47919106483
0.0,0.0,0.0,2.49577903748
0.0,0.0,0.0,2.51372313499
0.0,0.0,0.0,2.52914309502
0.0,0.0,0.0,2.54581999779
0.0,0.0,0.0,2.56237506866
0.0,0.0,0.0,2.57900309563
0.0,0.0,0.0,2.59557104111
0.0,0.0,0.0,2.61241912842
0.0,0.0,0.0,2.62961912155
0.0,0.0,0.0,2.64613223076
0.0,0.0,0.0,2.66261911392
0.0,0.0,0.0,2.679292202
0.0,0.0,0.0,2.69574904442
0.0,0.0,0.0,2.71256518364
0.0,0.0,0.0,2.72981405258
0.0,0.0,0.0,2.74565219879
0.0,0.0,0.0,2.76272010803
0.0,0.0,0.0,2.7791121006
0.0,0.0,0.0,2.7958240509
0.0,0.0,0.0,2.81233215332
0.0,0.0,0.0,2.82883119583
0.0,0.0,0.0,2.84580206871
0.0,0.0,0.0,2.86251020432
0.0,0.0,0.0,2.87915015221
0.0,0.0,0.0,2.89561414719
0.0,0.0,0.0,2.91244006157
0.0,0.0,0.0,2.92886805534
0.0,0.0,0.0,2.94570708275
0.0,0.0,0.0,2.96280312538
0.0,0.0,0.0,2.97890710831
0.0,0.0,0.0,2.99549412727
0.0,0.0,0.0,3.0122179985
0.0,0.0,0.0,3.03071713448
0.0,0.0,0.0,3.04559421539
0.0,0.0,0.0,3.06260919571
0.0,0.0,0.0,3.07881116867
0.0,0.0,0.0,3.0955991745
0.0,0.0,0.0,3.11229300499
0.0,0.0,0.0,3.1292681694
0.0,0.0,0.0,3.14592599869
0.0,0.0,0.0,3.16272115707
0.0,0.0,0.0,3.17941212654
0.0,0.0,0.0,3.19578003883
0.0,0.0,0.0,3.21247506142
0.0,0.0,0.0,3.22982621193
0.0,0.0,0.0,3.24556016922
0.0,0.0,0.0,3.26276111603
0.0,0.0,0.0,3.27919721603
0.0,0.0,0.0,3.29584217072
0.0,0.0,0.0,3.31270122528
0.0,0.0,0.0,3.329226017
0.0,0.0,0.0,3.3457570076
0.0,0.0,0.0,3.36289715767
0.0,0.0,0.0,3.37923812866
0.0,0.0,0.0,3.39579701424
0.0,0.0,0.0,3.41229701042
0.0,0.0,0.0,3.42890501022
0.0,0.0,0.0,3.44563317299
0.0,0.0,0.0,3.46220016479
0.0,0.0,0.0,3.47925901413
0.0,0.0,0.0,3.49586820602
0.0,0.0,0.0,3.51279020309
0.0,0.0,0.0,3.52917909622
0.0,0.0,0.0,3.54573321342
0.0,0.0,0.0,3.56288123131
0.0,0.0,0.0,3.57930421829
0.0,0.0,0.0,3.59583115578
0.0,0.0,0.0,3.61248707771
0.0,0.0,0.0,3.62975716591
0.0,0.0,0.0,3.64596509933
0.0,0.0,0.0,3.66253900528
0.0,0.0,0.0,3.67918610573
0.0,0.0,0.0,3.69561719894
0.0,0.0,0.0,3.71280622482
0.0,0.0,0.0,3.73017215729
0.0,0.0,0.0,3.74575519562
0.0,0.0,0.0,3.76270103455
0.0,0.0,0.0,3.77962708473
0.0,0.0,0.0,3.79580116272
0.0,0.0,0.0,3.81245613098
0.0,0.0,0.0,3.83036422729
0.0,0.0,0.0,3.84577608109
0.0,0.0,0.0,3.86272311211
0.0,0.0,0.0,3.87917208672
0.0,0.0,0.0,3.8957631588
0.0,0.0,0.0,3.91232919693
0.0,0.0,0.0,3.92891716957
0.0,0.0,0.0,3.94558906555
0.0,0.0,0.0,3.96238517761
0.0,0.0,0.0,3.97916102409
0.0,0.0,0.0,3.99583721161
0.0,0.0,0.0,4.01239800453
0.0,0.0,0.0,4.02924513817
0.0,0.0,0.0,4.04577517509
0.0,0.0,0.0,4.06231212616
0.0,0.0,0.0,4.07893919945
0.0,0.0,0.0,4.09559607506
0.0,0.0,0.0,4.11232614517
0.0,0.0,0.0,4.12904000282
0.0,0.0,0.0,4.14600300789
0.0,0.0,0.0,4.16262817383
0.0,0.0,0.0,4.17898011208
0.0,0.0,0.0,4.1956050396
0.0,0.0,0.0,4.212195158
0.0,0.0,0.0,4.22907519341
0.0,0.0,0.0,4.24579405785
0.0,0.0,0.0,4.26279520988
0.0,0.0,0.0,4.27909612656
0.0,0.0,0.0,4.29597711563
0.0,0.0,0.0,4.31253123283
0.0,0.0,0.0,4.32926106453
0.0,0.0,0.0,4.34630823135
0.0,0.0,0.0,4.3625061512
0.0,0.0,0.0,4.37913513184
0.0,0.0,0.0,4.39586305618
0.0,0.0,0.0,4.41241502762
0.0,0.0,0.0,4.42931103706
0.0,0.0,0.0,4.4458220005
0.0,0.0,0.0,4.46249103546
0.0,0.0,0.0,4.47913217545
0.0,0.0,0.0,4.49668002129
0.0,0.0,0.0,4.51248311996
0.0,0.0,0.0,4.52938818932
0.0,0.0,0.0,4.54619407654
0.0,0.0,0.0,4.56322312355
0.0,0.0,0.0,4.57916808128
0.0,0.0,0.0,4.59591221809
0.0,0.0,0.0,4.61245417595
0.0,0.0,0.0,4.62922620773
0.0,0.0,0.0,4.64586806297
0.0,0.0,0.0,4.66265416145
0.0,0.0,0.0,4.67910408974
0.0,0.0,0.0,4.69571518898
0.0,0.0,0.0,4.71253800392
0.0,0.0,0.0,4.72908806801
0.0,0.0,0.0,4.74572110176
0.0,0.0,0.0,4.76251220703
0.0,0.0,0.0,4.77882409096
0.0,0.0,0.0,4.79615902901
0.0,0.0,0.0,4.8128900528
0.0,0.0,0.0,4.82951307297
0.0,0.0,0.0,4.845454216
0.0,0.0,0.0,4.86288809776
0.0,0.0,0.0,4.87885212898
0.0,0.0,0.0,4.89546513557
0.0,0.0,0.0,4.91210103035
0.0,0.0,0.0,4.92875504494
0.0,0.0,0.0,4.94545912743
0.0,0.0,0.0,4.96209001541
0.0,0.0,0.0,4.97963213921
0.0,0.0,0.0,4.99546718597
0.0,0.0,0.0,5.01210403442
0.0,0.0,0.0,5.0292930603
0.0,0.0,0.0,5.04545903206
0.0,0.0,0.0,5.06202507019
0.0,0.0,0.0,5.07877707481
0.0,0.0,0.0,5.0954041481
0.0,0.0,0.0,5.11207914352
0.0,0.0,0.0,5.12880516052
0.0,0.0,0.0,5.14537215233
0.0,0.0,0.0,5.16203212738
0.0,0.0,0.0,5.17874002457
0.0,0.0,0.0,5.19537806511
0.0,0.0,0.0,5.21211600304
0.0,0.0,0.0,5.22884106636
0.0,0.0,0.0,5.24538302422
0.0,0.0,0.0,5.26204299927
0.0,0.0,0.0,5.27874302864
0.0,0.0,0.0,5.29537415504
0.0,0.0,0.0,5.31206011772
0.0,0.0,0.0,5.32873511314
0.0,0.0,0.0,5.34573912621
0.0,0.0,0.0,5.36220622063
0.0,0.0,0.0,5.37924814224
0.0,0.0,0.0,5.39573121071
0.0,0.0,0.0,5.41255021095
0.0,0.0,0.0,5.42890119553
0.0,0.0,0.0,5.44534516335
0.0,0.0,0.0,5.46254014969
0.0,0.0,0.0,5.47895622253
0.0,0.0,0.0,5.49574017525
0.0,0.0,0.0,5.51253318787
0.0,0.0,0.0,5.52911305428
0.0,0.0,0.0,5.54571413994
0.0,0.0,0.0,5.56269621849
0.0,0.0,0.0,5.57903504372
0.0,0.0,0.0,5.59569811821
0.0,0.0,0.0,5.6130001545
0.0,0.0,0.0,5.62920022011
0.0,0.0,0.0,5.64567303658
0.0,0.0,0.0,5.66212415695
0.0,0.0,0.0,5.67881822586
0.0,0.0,0.0,5.69555521011
0.0,0.0,0.0,5.71218800545
0.0,0.0,0.0,5.72878503799
0.0,0.0,0.0,5.74577713013
0.0,0.0,0.0,5.76309609413
0.0,0.0,0.0,5.77916812897
0.0,0.0,0.0,5.79617714882
0.0,0.0,0.0,5.81265115738
0.0,0.0,0.0,5.8291311264
0.0,0.0,0.0,5.84579205513
0.0,0.0,0.0,5.86289620399
0.0,0.0,0.0,5.8790512085
0.0,0.0,0.0,5.89578509331
0.0,0.0,0.0,5.91276311874
0.0,0.0,0.0,5.92911219597
0.0,0.0,0.0,5.94585204124
0.0,0.0,0.0,5.96384906769
0.0,0.0,0.0,5.97913622856
0.0,0.0,0.0,5.99582219124
0.0,0.0,0.0,6.01254916191
0.0,0.0,0.0,6.02946901321
0.0,0.0,0.0,6.04624700546
0.0,0.0,0.0,6.06268811226
0.0,0.0,0.0,6.07913422585
0.0,0.0,0.0,6.0957159996
0.0,0.0,0.0,6.1125690937
0.0,0.0,0.0,6.12918901443
0.0,0.0,0.0,6.14600300789
0.0,0.0,0.0,6.16256022453
0.0,0.0,0.0,6.17930006981
0.0,0.0,0.0,6.19596004486
0.0,0.0,0.0,6.21307420731
0.0,0.0,0.0,6.22932219505
0.0,0.0,0.0,6.24609208107
0.0,0.0,0.0,6.26225113869
0.0,0.0,0.0,6.27910423279
0.0,0.0,0.0,6.29573011398
0.0,0.0,0.0,6.31243610382
0.0,0.0,0.0,6.32908916473
0.0,0.0,0.0,6.34625315666
0.0,0.0,0.0,6.36279416084
0.0,0.0,0.0,6.37921905518
0.0,0.0,0.0,6.39583802223
0.0,0.0,0.0,6.41247010231
0.0,0.0,0.0,6.42997312546
0.0,0.0,0.0,6.44596004486
0.0,0.0,0.0,6.46224617958
0.0,0.0,0.0,6.47897005081
0.0,0.0,0.0,6.49675703049
0.0,0.0,0.0,6.51223301888
0.0,0.0,0.0,6.52973508835
0.0,0.0,0.0,6.54576206207
0.0,0.0,0.0,6.56222820282
0.0,0.0,0.0,6.57895612717
0.0,0.0,0.0,6.59588718414
0.0,0.0,0.0,6.61253499985
0.0,0.0,0.0,6.63022708893
0.0,0.0,0.0,6.64600205421
0.0,0.0,0.0,6.66286921501
0.0,0.0,0.0,6.68001317978
0.0,0.0,0.0,6.69583010674
0.0,0.0,0.0,6.71242117882
0.0,0.0,0.0,6.72927308083
0.0,0.0,0.0,6.74690318108
0.0,0.0,0.0,6.7624912262
0.0,0.0,0.0,6.77959799767
0.0,0.0,0.0,6.79613423347
0.0,0.0,0.0,6.81254720688
0.0,0.0,0.0,6.82913303375
0.0,0.0,0.0,6.84600615501
0.0,0.0,0.0,6.86231517792
0.0,0.0,0.0,6.87887907028
0.0,0.0,0.0,6.89550113678
0.0,0.0,0.0,6.9132630825
0.0,0.0,0.0,6.92881321907
0.0,0.0,0.0,6.94577503204
0.0,0.0,0.0,6.96255111694
0.0,0.0,0.0,6.97900700569
0.0,0.0,0.0,6.99601817131
0.0,0.0,0.0,7.01247310638
0.0,0.0,0.0,7.0293340683
0.0,0.0,0.0,7.04577612877
0.0,0.0,0.0,7.06249713898
0.0,0.0,0.0,7.07976412773
0.0,0.0,0.0,7.09565114975
0.0,0.0,0.0,7.11220216751
0.0,0.0,0.0,7.12903022766
0.0,0.0,0.0,7.1456360817
0.0,0.0,0.0,7.16269516945
0.0,0.0,0.0,7.17922019958
0.0,0.0,0.0,7.19582009315
0.0,0.0,0.0,7.21280121803
0.0,0.0,0.0,7.22919607162
0.0,0.0,0.0,7.24609017372
0.0,0.0,0.0,7.26233506203
0.0,0.0,0.0,7.27889204025
0.0,0.0,0.0,7.29557919502
0.0,0.0,0.0,7.31223106384
0.0,0.0,0.0,7.32915210724
0.0,0.0,0.0,7.34597110748
0.0,0.0,0.0,7.36250710487
0.0,0.0,0.0,7.37930822372
0.0,0.0,0.0,7.396007061
0.0,0.0,0.0,7.41249203682
0.0,0.0,0.0,7.4291100502
0.0,0.0,0.0,7.44597101212
0.0,0.0,0.0,7.46249723434
0.0,0.0,0.0,7.47930407524
0.0,0.0,0.0,7.49563622475
0.0,0.0,0.0,7.51222920418
0.0,0.0,0.0,7.52890300751
0.0,0.0,0.0,7.54559516907
0.0,0.0,0.0,7.56249213219
0.0,0.0,0.0,7.5789642334
0.0,0.0,0.0,7.59556913376
0.0,0.0,0.0,7.6122341156
0.0,0.0,0.0,7.62895202637
0.0,0.0,0.0,7.64562106133
0.0,0.0,0.0,7.66263103485
0.0,0.0,0.0,7.67892003059
0.0,0.0,0.0,7.69564008713
0.0,0.0,0.0,7.71224021912
0.0,0.0,0.0,7.73019313812
0.0,0.0,0.0,7.74553418159
0.0,0.0,0.0,7.76264405251
0.0,0.0,0.0,7.77905702591
0.0,0.0,0.0,7.79547214508
0.0,0.0,0.0,7.81214618683
0.0,0.0,0.0,7.82891321182
0.0,0.0,0.0,7.84560608864
0.0,0.0,0.0,7.86218810081
0.0,0.0,0.0,7.87891221046
0.0,0.0,0.0,7.89549922943
0.0,0.0,0.0,7.91244721413
0.0,0.0,0.0,7.92923808098
0.0,0.0,0.0,7.94615602493
0.0,0.0,0.0,7.96279001236
0.0,0.0,0.0,7.97924113274
0.0,0.0,0.0,7.9955060482
0.0,0.0,0.0,8.01215410233
0.0,0.0,0.0,8.02889800072
0.0,0.0,0.0,8.04571914673
0.0,0.0,0.0,8.06227707863
0.0,0.0,0.0,8.07885718346
0.0,0.0,0.0,8.09621810913
0.0,0.0,0.0,8.11246705055
0.0,0.0,0.0,8.1289961338
0.0,0.0,0.0,8.14565420151
0.0,0.0,0.0,8.16234111786
0.0,0.0,0.0,8.17918109894
0.0,0.0,0.0,8.19593405724
0.0,0.0,0.0,8.21263122559
0.0,0.0,0.0,8.22908210754
0.0,0.0,0.0,8.24673223495
0.0,0.0,0.0,8.2626490593
0.0,0.0,0.0,8.27935409546
0.0,0.0,0.0,8.29599404335
0.0,0.0,0.0,8.31249403954
0.0,0.0,0.0,8.32930922508
0.0,0.0,0.0,8.3458571434
0.0,0.0,0.0,8.36244702339
0.0,0.0,0.0,8.37928009033
0.0,0.0,0.0,8.3957722187
0.0,0.0,0.0,8.41243314743
0.0,0.0,0.0,8.42915916443
0.0,0.0,0.0,8.44585418701
0.0,0.0,0.0,8.46223020554
0.0,0.0,0.0,8.47886705399
0.0,0.0,0.0,8.49598312378
0.0,0.0,0.0,8.51220202446
0.0,0.0,0.0,8.5288131237
0.0,0.0,0.0,8.54545116425
0.0,0.0,0.0,8.56215405464
0.0,0.0,0.0,8.57884001732
0.0,0.0,0.0,8.59566307068
0.0,0.0,0.0,8.61222505569
0.0,0.0,0.0,8.62892913818
0.0,0.0,0.0,8.64554309845
0.0,0.0,0.0,8.66216111183
0.0,0.0,0.0,8.6788380146
0.0,0.0,0.0,8.6954331398
0.0,0.0,0.0,8.71230316162
0.0,0.0,0.0,8.72910809517
0.0,0.0,0.0,8.7459321022
0.0,0.0,0.0,8.76258707047
0.0,0.0,0.0,8.77930617332
0.0,0.0,0.0,8.79589319229
0.0,0.0,0.0,8.81259417534
0.0,0.0,0.0,8.82905101776
0.0,0.0,0.0,8.84580612183
0.0,0.0,0.0,8.86261606216
0.0,0.0,0.0,8.87913107872
0.0,0.0,0.0,8.89562106133
0.0,0.0,0.0,8.9123840332
0.0,0.0,0.0,8.93078303337
0.0,0.0,0.0,8.94609212875
0.0,0.0,0.0,8.9626531601
0.0,0.0,0.0,8.97918319702
0.0,0.0,0.0,8.99593019485
0.0,0.0,0.0,9.01254916191
0.0,0.0,0.0,9.02947211266
0.0,0.0,0.0,9.04597401619
0.0,0.0,0.0,9.0630531311
0.0,0.0,0.0,9.07932400703
0.0,0.0,0.0,9.09592223167
0.0,0.0,0.0,9.1125330925
0.0,0.0,0.0,9.12913322449
0.0,0.0,0.0,9.14574813843
0.0,0.0,0.0,9.16261410713
0.0,0.0,0.0,9.17949414253
0.0,0.0,0.0,9.19556212425
0.0,0.0,0.0,9.21227121353
0.0,0.0,0.0,9.22920322418
0.0,0.0,0.0,9.24582409859
0.0,0.0,0.0,9.26266717911
0.0,0.0,0.0,9.27949213982
0.0,0.0,0.0,9.29579210281
0.0,0.0,0.0,9.31316304207
0.0,0.0,0.0,9.32923316956
0.0,0.0,0.0,9.34577012062
0.0,0.0,0.0,9.36286115646
0.0,0.0,0.0,9.37913918495
0.0,0.0,0.0,9.39581823349
0.0,0.0,0.0,9.41308712959
0.0,0.0,0.0,9.42913007736
0.0,0.0,0.0,9.44557023048
0.0,0.0,0.0,9.46227312088
0.0,0.0,0.0,9.47896122932
0.0,0.0,0.0,9.4957010746
0.0,0.0,0.0,9.51216411591
0.0,0.0,0.0,9.52882599831
0.0,0.0,0.0,9.54575109482
0.0,0.0,0.0,9.56255412102
0.0,0.0,0.0,9.57912302017
0.0,0.0,0.0,9.59621715546
0.0,0.0,0.0,9.61274814606
0.0,0.0,0.0,9.62914013863
0.0,0.0,0.0,9.64603900909
0.0,0.0,0.0,9.66272711754
0.0,0.0,0.0,9.67897105217
0.0,0.0,0.0,9.69542908669
0.0,0.0,0.0,9.71228122711
0.0,0.0,0.0,9.72885012627
0.0,0.0,0.0,9.74649000168
0.0,0.0,0.0,9.76322102547
0.0,0.0,0.0,9.77894616127
0.0,0.0,0.0,9.79555821419
0.0,0.0,0.0,9.81211304665
0.0,0.0,0.0,9.82877922058
0.0,0.0,0.0,9.84547901154
0.0,0.0,0.0,9.86259317398
0.0,0.0,0.0,9.87884521484
0.0,0.0,0.0,9.8957221508
0.0,0.0,0.0,9.91210508347
0.0,0.0,0.0,9.93031311035
0.0,0.0,0.0,9.94557213783
0.0,0.0,0.0,9.96216917038
0.0,0.0,0.0,9.97879600525
0.0,0.0,0.0,9.99546813965
0.0,0.0,0.0,10.0121290684
0.0,0.0,0.0,10.0288112164
0.0,0.0,0.0,10.0454750061
0.0,0.0,0.0,10.0621521473
0.0,0.0,0.0,10.0787701607
0.0,0.0,0.0,10.095744133
0.0,0.0,0.0,10.1122021675
0.0,0.0,0.0,10.1289381981
0.0,0.0,0.0,10.145512104
0.0,0.0,0.0,10.1621651649
0.0,0.0,0.0,10.1788470745
0.0,0.0,0.0,10.1953790188
0.0,0.0,0.0,10.2120690346
0.0,0.0,0.0,10.2293140888
0.0,0.0,0.0,10.2454760075
Actuacion(lineal,angular) = 0.0399951934814,0.0
0.0,0.0,0.0,10.2620282173
0.0,0.0,0.0,10.278701067
0.0,0.0,0.0,10.2953021526
0.0,0.0,0.0,10.3119471073
0.0,0.0,0.0,10.3295202255
0.0,0.0,0.0,10.3459961414
0.0,0.0,0.0,10.3627500534
0.0,0.0,0.0,10.3786900043
0.0,0.0,0.0,10.3955512047
0.0,0.0,0.0,10.4121050835
0.0,0.0,0.0,10.4289171696
0.0,0.0,0.0,10.4455702305
0.000341168353334,-8.97516110911e-18,0.000174532925206,10.4623081684
0.000341168353334,-8.97516110911e-18,0.000174532925206,10.4791061878
0.000341168353334,-8.97516110911e-18,0.000174532925206,10.4956412315
0.000724982744989,6.69882492269e-08,0.0,10.5124351978
0.00102350505416,6.69882491815e-08,0.0,10.5298662186
0.00102350505416,6.69882491815e-08,0.0,10.5458781719
0.00102350505416,6.69882491815e-08,0.0,10.5629072189
0.00102350505416,6.69882491815e-08,0.0,10.5791480541
0.00162054967249,6.69882492017e-08,0.0,10.5958871841
0.00162054967249,6.69882492017e-08,0.0,10.6121940613
0.00162054967249,6.69882492017e-08,0.0,10.6288280487
0.00162054967249,6.69882492017e-08,0.0,10.6455991268
0.00204701011416,6.69882491627e-08,0.0,10.6623589993
0.00204701011416,6.69882491627e-08,0.0,10.6788702011
0.00204701011416,6.69882491627e-08,0.0,10.6956551075
0.00251611659999,6.69882491683e-08,0.0,10.7122700214
0.00251611659999,6.69882491683e-08,0.0,10.7289171219
0.00251611659999,6.69882491683e-08,0.0,10.7455570698
0.00251611659999,6.69882491683e-08,0.0,10.7622852325
0.00298522308583,6.69882491739e-08,0.000174532925206,10.7789111137
0.00298522308583,6.69882491739e-08,0.000174532925206,10.7955181599
0.00319845330341,1.04203943119e-07,0.000174532925206,10.8121461868
0.00319845330341,1.04203943119e-07,0.000174532925206,10.8287901878
0.00319845330341,1.04203943119e-07,0.000174532925206,10.8455212116
0.00362491373859,1.7863533112e-07,0.000174532925206,10.8623552322
0.00362491373859,1.7863533112e-07,0.000174532925206,10.8788042068
0.00362491373859,1.7863533112e-07,0.000174532925206,10.8954670429
0.00426460439134,2.90282413066e-07,0.000174532925206,10.9121451378
0.00426460439134,2.90282413066e-07,0.000174532925206,10.9288051128
0.00426460439134,2.90282413066e-07,0.000174532925206,10.9454770088
0.00426460439134,2.90282413066e-07,0.000174532925206,10.9621930122
0.00452048065245,3.34941245887e-07,0.000174532925206,10.9789030552
0.00452048065245,3.34941245887e-07,0.000174532925206,10.9954771996
0.00452048065245,3.34941245887e-07,0.000174532925206,11.0122141838
0.00452048065245,3.34941245887e-07,0.000174532925206,11.0288681984
0.00452048065245,3.34941245887e-07,0.000174532925206,11.0455641747
0.00452048065245,3.34941245887e-07,0.000174532925206,11.0622901917
0.00452048065245,3.34941245887e-07,0.000174532925206,11.0789940357
0.00447783460893,3.27498107122e-07,0.000174532925206,11.0955951214
0.00447783460893,3.27498107122e-07,0.000174532925206,11.1122541428
0.00447783460893,3.27498107122e-07,0.000174532925206,11.1288461685
0.00447783460893,3.27498107122e-07,0.000174532925206,11.1464931965
0.00447783460893,3.27498107122e-07,0.000174532925206,11.1636431217
0.00447783460893,3.27498107122e-07,0.000174532925206,11.178907156
0.00447783460893,3.27498107122e-07,0.000174532925206,11.1955502033
0.00447783460893,3.27498107122e-07,0.000174532925206,11.2122430801
0.00447783460893,3.27498107122e-07,0.000174532925206,11.2290430069
0.00447783460893,3.27498107122e-07,0.000174532925206,11.2455961704
0.00447783460893,3.27498107122e-07,0.000174532925206,11.2622652054
0.00447783460893,3.27498107122e-07,0.000174532925206,11.2789700031
0.00447783460893,3.27498107122e-07,0.000174532925206,11.2956030369
0.00447783460893,3.27498107122e-07,0.000174532925206,11.3123681545
0.00447783460893,3.27498107122e-07,0.000174532925206,11.3291480541
0.00447783460893,3.27498107122e-07,0.000174532925206,11.3467140198
0.00447783460893,3.27498107122e-07,0.000174532925206,11.362662077
0.00447783460893,3.27498107122e-07,0.000174532925206,11.379155159
0.00447783460893,3.27498107122e-07,0.000174532925206,11.3966300488
0.00447783460893,3.27498107122e-07,0.000174532925206,11.4122412205
0.00447783460893,3.27498107122e-07,0.000174532925206,11.4288492203
0.00447783460893,3.27498107122e-07,0.000174532925206,11.4454741478
0.00447783460893,3.27498107122e-07,0.000174532925206,11.4624950886
0.00447783460893,3.27498107122e-07,0.000174532925206,11.4792220592
0.00447783460893,3.27498107122e-07,0.000174532925206,11.4960980415
0.00447783460893,3.27498107122e-07,0.000174532925206,11.5122771263
0.00447783460893,3.27498107122e-07,0.000174532925206,11.5289111137
0.00447783460893,3.27498107122e-07,0.000174532925206,11.5461921692
0.00447783460893,3.27498107122e-07,0.000174532925206,11.5623431206
0.00447783460893,3.27498107122e-07,0.000174532925206,11.578961134
0.00447783460893,3.27498107122e-07,0.000174532925206,11.5955841541
0.00447783460893,3.27498107122e-07,0.000174532925206,11.6131401062
0.00447783460893,3.27498107122e-07,0.000174532925206,11.6291429996
0.00447783460893,3.27498107122e-07,0.000174532925206,11.6454761028
0.00447783460893,3.27498107122e-07,0.000174532925206,11.6622841358
0.00447783460893,3.27498107122e-07,0.000174532925206,11.6789240837
0.00447783460893,3.27498107122e-07,0.000174532925206,11.6955962181
0.00447783460893,3.27498107122e-07,0.000174532925206,11.71225214
0.00447783460893,3.27498107122e-07,0.000174532925206,11.7292041779
0.00447783460893,3.27498107122e-07,0.000174532925206,11.7457971573
0.00447783460893,3.27498107122e-07,0.000174532925206,11.7634181976
0.00447783460893,3.27498107122e-07,0.000174532925206,11.7789130211
0.00447783460893,3.27498107122e-07,0.000174532925206,11.7956171036
0.00447783460893,3.27498107122e-07,0.000174532925206,11.8126320839
0.00447783460893,3.27498107122e-07,0.000174532925206,11.8293371201
0.00447783460893,3.27498107122e-07,0.000174532925206,11.8457791805
0.00447783460893,3.27498107122e-07,0.000174532925206,11.8622820377
0.00447783460893,3.27498107122e-07,0.000174532925206,11.8791429996
0.00447783460893,3.27498107122e-07,0.000174532925206,11.8956170082
0.00447783460893,3.27498107122e-07,0.000174532925206,11.9122531414
0.00447783460893,3.27498107122e-07,0.000174532925206,11.9289431572
0.00447783460893,3.27498107122e-07,0.000174532925206,11.9458990097
0.00447783460893,3.27498107122e-07,0.000174532925206,11.962501049
0.00447783460893,3.27498107122e-07,0.000174532925206,11.9788970947
0.00447783460893,3.27498107122e-07,0.000174532925206,11.9956531525
0.00447783460893,3.27498107122e-07,0.000174532925206,12.0122900009
0.00447783460893,3.27498107122e-07,0.000174532925206,12.0289912224
0.00447783460893,3.27498107122e-07,0.000174532925206,12.0457060337
0.00447783460893,3.27498107122e-07,0.000174532925206,12.0622751713
0.00447783460893,3.27498107122e-07,0.000174532925206,12.0788900852
0.00447783460893,3.27498107122e-07,0.000174532925206,12.0957231522
0.00447783460893,3.27498107122e-07,0.000174532925206,12.1122400761
0.00447783460893,3.27498107122e-07,0.000174532925206,12.1289319992
0.00447783460893,3.27498107122e-07,0.000174532925206,12.1457641125
0.00447783460893,3.27498107122e-07,0.000174532925206,12.1622691154
0.00447783460893,3.27498107122e-07,0.000174532925206,12.1788170338
0.00447783460893,3.27498107122e-07,0.000174532925206,12.1955530643
0.00447783460893,3.27498107122e-07,0.000174532925206,12.2122402191
0.00447783460893,3.27498107122e-07,0.000174532925206,12.228921175
0.00447783460893,3.27498107122e-07,0.000174532925206,12.2455911636
0.00447783460893,3.27498107122e-07,0.000174532925206,12.2622652054
0.00447783460893,3.27498107122e-07,0.000174532925206,12.2808661461
0.00447783460893,3.27498107122e-07,0.000174532925206,12.2959651947
0.00447783460893,3.27498107122e-07,0.000174532925206,12.3122692108
0.00447783460893,3.27498107122e-07,0.000174532925206,12.3288180828
0.00447783460893,3.27498107122e-07,0.000174532925206,12.3457272053
0.00447783460893,3.27498107122e-07,0.000174532925206,12.3626191616
0.00447783460893,3.27498107122e-07,0.000174532925206,12.3788502216
0.00447783460893,3.27498107122e-07,0.000174532925206,12.3954880238
0.00447783460893,3.27498107122e-07,0.000174532925206,12.4123630524
0.00447783460893,3.27498107122e-07,0.000174532925206,12.4287931919
0.00447783460893,3.27498107122e-07,0.000174532925206,12.4454641342
0.00447783460893,3.27498107122e-07,0.000174532925206,12.4623651505
0.00447783460893,3.27498107122e-07,0.000174532925206,12.4788050652
0.00447783460893,3.27498107122e-07,0.000174532925206,12.4958541393
0.00447783460893,3.27498107122e-07,0.000174532925206,12.512496233
0.00447783460893,3.27498107122e-07,0.000174532925206,12.5288572311
0.00447783460893,3.27498107122e-07,0.000174532925206,12.545481205
0.00447783460893,3.27498107122e-07,0.000174532925206,12.5623130798
0.00447783460893,3.27498107122e-07,0.000174532925206,12.578851223
0.00447783460893,3.27498107122e-07,0.000174532925206,12.5957331657
0.00447783460893,3.27498107122e-07,0.000174532925206,12.6121912003
0.00447783460893,3.27498107122e-07,0.000174532925206,12.6290860176
0.00447783460893,3.27498107122e-07,0.000174532925206,12.6457340717
0.00447783460893,3.27498107122e-07,0.000174532925206,12.6627230644
0.00447783460893,3.27498107122e-07,0.000174532925206,12.6791372299
0.00447783460893,3.27498107122e-07,0.000174532925206,12.6957991123
0.00447783460893,3.27498107122e-07,0.000174532925206,12.7124171257
0.00447783460893,3.27498107122e-07,0.000174532925206,12.7292621136
0.00447783460893,3.27498107122e-07,0.000174532925206,12.7456231117
0.00447783460893,3.27498107122e-07,0.000174532925206,12.7627220154
0.00447783460893,3.27498107122e-07,0.000174532925206,12.7790100574
0.00447783460893,3.27498107122e-07,0.000174532925206,12.7955520153
0.00447783460893,3.27498107122e-07,0.000174532925206,12.8122420311
0.00447783460893,3.27498107122e-07,0.000174532925206,12.8288960457
0.00447783460893,3.27498107122e-07,0.000174532925206,12.8455560207
0.00447783460893,3.27498107122e-07,0.000174532925206,12.8622040749
0.00447783460893,3.27498107122e-07,0.000174532925206,12.8788170815
0.00447783460893,3.27498107122e-07,0.000174532925206,12.8954992294
0.00447783460893,3.27498107122e-07,0.000174532925206,12.9121801853
0.00447783460893,3.27498107122e-07,0.000174532925206,12.9288141727
0.00447783460893,3.27498107122e-07,0.000174532925206,12.9456350803
0.00447783460893,3.27498107122e-07,0.000174532925206,12.9624671936
0.00447783460893,3.27498107122e-07,0.000174532925206,12.9789271355
0.00447783460893,3.27498107122e-07,0.000174532925206,12.9955801964
0.00447783460893,3.27498107122e-07,0.000174532925206,13.0121991634
0.00447783460893,3.27498107122e-07,0.000174532925206,13.028922081
0.00447783460893,3.27498107122e-07,0.000174532925206,13.0455710888
0.00447783460893,3.27498107122e-07,0.000174532925206,13.0622041225
0.00447783460893,3.27498107122e-07,0.000174532925206,13.0794160366
0.00447783460893,3.27498107122e-07,0.000174532925206,13.0955660343
0.00447783460893,3.27498107122e-07,0.000174532925206,13.1121442318
0.00447783460893,3.27498107122e-07,0.000174532925206,13.1293590069
0.00447783460893,3.27498107122e-07,0.000174532925206,13.145524025
0.00447783460893,3.27498107122e-07,0.000174532925206,13.1625130177
0.00447783460893,3.27498107122e-07,0.000174532925206,13.1788182259
0.00447783460893,3.27498107122e-07,0.000174532925206,13.1954610348
0.00447783460893,3.27498107122e-07,0.000174532925206,13.2121520042
0.00447783460893,3.27498107122e-07,0.000174532925206,13.2289521694
0.00447783460893,3.27498107122e-07,0.000174532925206,13.2457261086
0.00447783460893,3.27498107122e-07,0.000174532925206,13.26258111
0.00447783460893,3.27498107122e-07,0.000174532925206,13.2787971497
0.00447783460893,3.27498107122e-07,0.000174532925206,13.2957680225
0.00447783460893,3.27498107122e-07,0.000174532925206,13.3124501705
0.00447783460893,3.27498107122e-07,0.000174532925206,13.3288280964
0.00447783460893,3.27498107122e-07,0.000174532925206,13.3456292152
0.00447783460893,3.27498107122e-07,0.000174532925206,13.3622570038
0.00447783460893,3.27498107122e-07,0.000174532925206,13.379401207
0.00447783460893,3.27498107122e-07,0.000174532925206,13.3955111504
0.00447783460893,3.27498107122e-07,0.000174532925206,13.4122371674
0.00447783460893,3.27498107122e-07,0.000174532925206,13.4291381836
0.00447783460893,3.27498107122e-07,0.000174532925206,13.445797205
0.00447783460893,3.27498107122e-07,0.000174532925206,13.4624471664
0.00447783460893,3.27498107122e-07,0.000174532925206,13.4788620472
0.00447783460893,3.27498107122e-07,0.000174532925206,13.4955592155
0.00447783460893,3.27498107122e-07,0.000174532925206,13.5122511387
0.00447783460893,3.27498107122e-07,0.000174532925206,13.5289361477
0.00447783460893,3.27498107122e-07,0.000174532925206,13.5456252098
0.00447783460893,3.27498107122e-07,0.000174532925206,13.562223196
0.00447783460893,3.27498107122e-07,0.000174532925206,13.5790970325
0.00447783460893,3.27498107122e-07,0.000174532925206,13.5955572128
0.00447783460893,3.27498107122e-07,0.000174532925206,13.6122500896
0.00447783460893,3.27498107122e-07,0.000174532925206,13.6288571358
0.00447783460893,3.27498107122e-07,0.000174532925206,13.6461009979
0.00447783460893,3.27498107122e-07,0.000174532925206,13.6623730659
0.00447783460893,3.27498107122e-07,0.000174532925206,13.6788470745
0.00447783460893,3.27498107122e-07,0.000174532925206,13.6954741478
0.00447783460893,3.27498107122e-07,0.000174532925206,13.7123541832
0.00447783460893,3.27498107122e-07,0.000174532925206,13.7289412022
0.00447783460893,3.27498107122e-07,0.000174532925206,13.7456200123
0.00447783460893,3.27498107122e-07,0.000174532925206,13.7625892162
0.00447783460893,3.27498107122e-07,0.000174532925206,13.7791600227
0.00447783460893,3.27498107122e-07,0.000174532925206,13.7955372334
0.00447783460893,3.27498107122e-07,0.000174532925206,13.8121111393
0.00447783460893,3.27498107122e-07,0.000174532925206,13.8288071156
0.00447783460893,3.27498107122e-07,0.000174532925206,13.8455541134
0.00447783460893,3.27498107122e-07,0.000174532925206,13.8623650074
0.00447783460893,3.27498107122e-07,0.000174532925206,13.8789970875
0.00447783460893,3.27498107122e-07,0.000174532925206,13.8955671787
0.00447783460893,3.27498107122e-07,0.000174532925206,13.9122440815
0.00447783460893,3.27498107122e-07,0.000174532925206,13.9289000034
0.00447783460893,3.27498107122e-07,0.000174532925206,13.9456381798
0.00447783460893,3.27498107122e-07,0.000174532925206,13.9626181126
0.00447783460893,3.27498107122e-07,0.000174532925206,13.9794690609
0.00447783460893,3.27498107122e-07,0.000174532925206,13.9954972267
0.00447783460893,3.27498107122e-07,0.000174532925206,14.0122430325
0.00447783460893,3.27498107122e-07,0.000174532925206,14.0288732052
0.00447783460893,3.27498107122e-07,0.000174532925206,14.0457651615
0.00447783460893,3.27498107122e-07,0.000174532925206,14.0621440411
0.00447783460893,3.27498107122e-07,0.000174532925206,14.0788590908
0.00447783460893,3.27498107122e-07,0.000174532925206,14.0954761505
0.00447783460893,3.27498107122e-07,0.000174532925206,14.1121461391
0.00447783460893,3.27498107122e-07,0.000174532925206,14.1289172173
0.00447783460893,3.27498107122e-07,0.000174532925206,14.1456370354
0.00447783460893,3.27498107122e-07,0.000174532925206,14.1622152328
0.00447783460893,3.27498107122e-07,0.000174532925206,14.1788492203
0.00447783460893,3.27498107122e-07,0.000174532925206,14.1954641342
0.00447783460893,3.27498107122e-07,0.000174532925206,14.2121181488
0.00447783460893,3.27498107122e-07,0.000174532925206,14.2293322086
0.00447783460893,3.27498107122e-07,0.000174532925206,14.2457640171
0.00447783460893,3.27498107122e-07,0.000174532925206,14.2622961998
0.00447783460893,3.27498107122e-07,0.000174532925206,14.278853178
0.00447783460893,3.27498107122e-07,0.000174532925206,14.295648098
0.00447783460893,3.27498107122e-07,0.000174532925206,14.312207222
0.00447783460893,3.27498107122e-07,0.000174532925206,14.329002142
0.00447783460893,3.27498107122e-07,0.000174532925206,14.3459210396
0.00447783460893,3.27498107122e-07,0.000174532925206,14.3622632027
0.00447783460893,3.27498107122e-07,0.000174532925206,14.3788461685
0.00447783460893,3.27498107122e-07,0.000174532925206,14.3954761028
0.00447783460893,3.27498107122e-07,0.000174532925206,14.412238121
0.00447783460893,3.27498107122e-07,0.000174532925206,14.4289221764
0.00447783460893,3.27498107122e-07,0.000174532925206,14.4456281662
0.00447783460893,3.27498107122e-07,0.000174532925206,14.4625611305
0.00447783460893,3.27498107122e-07,0.000174532925206,14.4788300991
0.00447783460893,3.27498107122e-07,0.000174532925206,14.4955220222
0.00447783460893,3.27498107122e-07,0.000174532925206,14.5121312141
0.00447783460893,3.27498107122e-07,0.000174532925206,14.5288360119
0.00447783460893,3.27498107122e-07,0.000174532925206,14.5455842018
0.00447783460893,3.27498107122e-07,0.000174532925206,14.5622930527
0.00447783460893,3.27498107122e-07,0.000174532925206,14.5789530277
0.00447783460893,3.27498107122e-07,0.000174532925206,14.5955491066
0.00447783460893,3.27498107122e-07,0.000174532925206,14.6124210358
0.00447783460893,3.27498107122e-07,0.000174532925206,14.6288080215
0.00447783460893,3.27498107122e-07,0.000174532925206,14.6454820633
0.00447783460893,3.27498107122e-07,0.000174532925206,14.662266016
0.00447783460893,3.27498107122e-07,0.000174532925206,14.679210186
0.00447783460893,3.27498107122e-07,0.000174532925206,14.6958742142
0.00447783460893,3.27498107122e-07,0.000174532925206,14.712179184
0.00447783460893,3.27498107122e-07,0.000174532925206,14.7288792133
0.00447783460893,3.27498107122e-07,0.000174532925206,14.7457361221
0.00447783460893,3.27498107122e-07,0.000174532925206,14.7634022236
0.00447783460893,3.27498107122e-07,0.000174532925206,14.7789161205
0.00447783460893,3.27498107122e-07,0.000174532925206,14.7955892086
0.00447783460893,3.27498107122e-07,0.000174532925206,14.8123271465
0.00447783460893,3.27498107122e-07,0.000174532925206,14.8289711475
0.00447783460893,3.27498107122e-07,0.000174532925206,14.8457660675
0.00447783460893,3.27498107122e-07,0.000174532925206,14.8623180389
0.00447783460893,3.27498107122e-07,0.000174532925206,14.8788080215
0.00447783460893,3.27498107122e-07,0.000174532925206,14.8961930275
0.00447783460893,3.27498107122e-07,0.000174532925206,14.9124071598
0.00447783460893,3.27498107122e-07,0.000174532925206,14.9291741848
0.00447783460893,3.27498107122e-07,0.000174532925206,14.9458370209
0.00447783460893,3.27498107122e-07,0.000174532925206,14.9627740383
0.00447783460893,3.27498107122e-07,0.000174532925206,14.9797251225
0.00447783460893,3.27498107122e-07,0.000174532925206,14.9958012104
0.00447783460893,3.27498107122e-07,0.000174532925206,15.0128810406
0.00447783460893,3.27498107122e-07,0.000174532925206,15.0291831493
0.00447783460893,3.27498107122e-07,0.000174532925206,15.045759201
0.00447783460893,3.27498107122e-07,0.000174532925206,15.0626602173
0.00447783460893,3.27498107122e-07,0.000174532925206,15.0788860321
0.00447783460893,3.27498107122e-07,0.000174532925206,15.0955350399
0.00447783460893,3.27498107122e-07,0.000174532925206,15.1123912334
0.00447783460893,3.27498107122e-07,0.000174532925206,15.1288640499
0.00447783460893,3.27498107122e-07,0.000174532925206,15.1458420753
0.00447783460893,3.27498107122e-07,0.000174532925206,15.1628930569
0.00447783460893,3.27498107122e-07,0.000174532925206,15.1789860725
0.00447783460893,3.27498107122e-07,0.000174532925206,15.195592165
0.00447783460893,3.27498107122e-07,0.000174532925206,15.2122380733
0.00447783460893,3.27498107122e-07,0.000174532925206,15.2289390564
0.00447783460893,3.27498107122e-07,0.000174532925206,15.2457430363
0.00447783460893,3.27498107122e-07,0.000174532925206,15.2623641491
0.00447783460893,3.27498107122e-07,0.000174532925206,15.2788171768
0.00447783460893,3.27498107122e-07,0.000174532925206,15.2954690456
0.00447783460893,3.27498107122e-07,0.000174532925206,15.3122770786
0.00447783460893,3.27498107122e-07,0.000174532925206,15.328920126
0.00447783460893,3.27498107122e-07,0.000174532925206,15.3454620838
0.00447783460893,3.27498107122e-07,0.000174532925206,15.3621301651
0.00447783460893,3.27498107122e-07,0.000174532925206,15.3788361549
0.00447783460893,3.27498107122e-07,0.000174532925206,15.3955800533
0.00447783460893,3.27498107122e-07,0.000174532925206,15.412364006
0.00447783460893,3.27498107122e-07,0.000174532925206,15.429194212
0.00447783460893,3.27498107122e-07,0.000174532925206,15.4461731911
0.00447783460893,3.27498107122e-07,0.000174532925206,15.4627511501
0.00447783460893,3.27498107122e-07,0.000174532925206,15.4791722298
0.00447783460893,3.27498107122e-07,0.000174532925206,15.4957070351
0.00447783460893,3.27498107122e-07,0.000174532925206,15.5122702122
0.00447783460893,3.27498107122e-07,0.000174532925206,15.5289900303
0.00447783460893,3.27498107122e-07,0.000174532925206,15.5455842018
0.00447783460893,3.27498107122e-07,0.000174532925206,15.5622842312
0.00447783460893,3.27498107122e-07,0.000174532925206,15.579031229
0.00447783460893,3.27498107122e-07,0.000174532925206,15.5956151485
0.00447783460893,3.27498107122e-07,0.000174532925206,15.6123371124
0.00447783460893,3.27498107122e-07,0.000174532925206,15.6290261745
0.00447783460893,3.27498107122e-07,0.000174532925206,15.6456010342
0.00447783460893,3.27498107122e-07,0.000174532925206,15.6622741222
0.00447783460893,3.27498107122e-07,0.000174532925206,15.6789650917
0.00447783460893,3.27498107122e-07,0.000174532925206,15.6956541538
0.00447783460893,3.27498107122e-07,0.000174532925206,15.7142112255
0.00447783460893,3.27498107122e-07,0.000174532925206,15.7291240692
0.00447783460893,3.27498107122e-07,0.000174532925206,15.7456641197
0.00447783460893,3.27498107122e-07,0.000174532925206,15.7623422146
0.00447783460893,3.27498107122e-07,0.000174532925206,15.7790250778
0.00447783460893,3.27498107122e-07,0.000174532925206,15.7956180573
0.00447783460893,3.27498107122e-07,0.000174532925206,15.8124141693
0.00447783460893,3.27498107122e-07,0.000174532925206,15.8305561543
0.00447783460893,3.27498107122e-07,0.000174532925206,15.8455741405
0.00447783460893,3.27498107122e-07,0.000174532925206,15.8622732162
0.00447783460893,3.27498107122e-07,0.000174532925206,15.8788621426
0.00447783460893,3.27498107122e-07,0.000174532925206,15.8954792023
0.00447783460893,3.27498107122e-07,0.000174532925206,15.9122471809
0.00447783460893,3.27498107122e-07,0.000174532925206,15.9289941788
0.00447783460893,3.27498107122e-07,0.000174532925206,15.9463121891
0.00447783460893,3.27498107122e-07,0.000174532925206,15.9623551369
0.00447783460893,3.27498107122e-07,0.000174532925206,15.9792890549
0.00447783460893,3.27498107122e-07,0.000174532925206,15.9955182076
0.00447783460893,3.27498107122e-07,0.000174532925206,16.0125892162
0.00447783460893,3.27498107122e-07,0.000174532925206,16.0289890766
0.00447783460893,3.27498107122e-07,0.000174532925206,16.0455842018
0.00447783460893,3.27498107122e-07,0.000174532925206,16.0622010231
0.00447783460893,3.27498107122e-07,0.000174532925206,16.0788230896
0.00447783460893,3.27498107122e-07,0.000174532925206,16.0955321789
0.00447783460893,3.27498107122e-07,0.000174532925206,16.1127421856
0.00447783460893,3.27498107122e-07,0.000174532925206,16.1291871071
0.00447783460893,3.27498107122e-07,0.000174532925206,16.1458530426
0.00447783460893,3.27498107122e-07,0.000174532925206,16.1627810001
0.00447783460893,3.27498107122e-07,0.000174532925206,16.1791810989
0.00447783460893,3.27498107122e-07,0.000174532925206,16.1958320141
0.00447783460893,3.27498107122e-07,0.000174532925206,16.2128171921
0.00447783460893,3.27498107122e-07,0.000174532925206,16.229085207
0.00447783460893,3.27498107122e-07,0.000174532925206,16.2461922169
0.00447783460893,3.27498107122e-07,0.000174532925206,16.2622871399
0.00447783460893,3.27498107122e-07,0.000174532925206,16.2788231373
0.00447783460893,3.27498107122e-07,0.000174532925206,16.2955091
0.00447783460893,3.27498107122e-07,0.000174532925206,16.3121991158
0.00447783460893,3.27498107122e-07,0.000174532925206,16.3293371201
0.00447783460893,3.27498107122e-07,0.000174532925206,16.3460690975
0.00447783460893,3.27498107122e-07,0.000174532925206,16.3628451824
0.00447783460893,3.27498107122e-07,0.000174532925206,16.3799920082
0.00447783460893,3.27498107122e-07,0.000174532925206,16.3956332207
0.00447783460893,3.27498107122e-07,0.000174532925206,16.4122021198
0.00447783460893,3.27498107122e-07,0.000174532925206,16.4288201332
0.00447783460893,3.27498107122e-07,0.000174532925206,16.4455811977
0.00447783460893,3.27498107122e-07,0.000174532925206,16.4623270035
0.00447783460893,3.27498107122e-07,0.000174532925206,16.4788150787
0.00447783460893,3.27498107122e-07,0.000174532925206,16.4954731464
0.00447783460893,3.27498107122e-07,0.000174532925206,16.5123071671
0.00447783460893,3.27498107122e-07,0.000174532925206,16.5288090706
0.00447783460893,3.27498107122e-07,0.000174532925206,16.5454490185
0.00447783460893,3.27498107122e-07,0.000174532925206,16.562223196
0.00447783460893,3.27498107122e-07,0.000174532925206,16.5788490772
0.00447783460893,3.27498107122e-07,0.000174532925206,16.5958311558
0.00447783460893,3.27498107122e-07,0.000174532925206,16.6122331619
0.00447783460893,3.27498107122e-07,0.000174532925206,16.6288061142
0.00447783460893,3.27498107122e-07,0.000174532925206,16.6463570595
0.00447783460893,3.27498107122e-07,0.000174532925206,16.6632401943
0.00447783460893,3.27498107122e-07,0.000174532925206,16.6790251732
0.00447783460893,3.27498107122e-07,0.000174532925206,16.6956760883
0.00447783460893,3.27498107122e-07,0.000174532925206,16.7125461102
0.00447783460893,3.27498107122e-07,0.000174532925206,16.7302320004
0.00447783460893,3.27498107122e-07,0.000174532925206,16.7458782196
0.00447783460893,3.27498107122e-07,0.000174532925206,16.7625460625
0.00447783460893,3.27498107122e-07,0.000174532925206,16.7791800499
0.00447783460893,3.27498107122e-07,0.000174532925206,16.7956120968
0.00447783460893,3.27498107122e-07,0.000174532925206,16.8122551441
0.00447783460893,3.27498107122e-07,0.000174532925206,16.8289141655
0.00447783460893,3.27498107122e-07,0.000174532925206,16.8455882072
0.00447783460893,3.27498107122e-07,0.000174532925206,16.8622071743
0.00447783460893,3.27498107122e-07,0.000174532925206,16.8789432049
0.00447783460893,3.27498107122e-07,0.000174532925206,16.8954741955
0.00447783460893,3.27498107122e-07,0.000174532925206,16.9124250412
0.00447783460893,3.27498107122e-07,0.000174532925206,16.9298732281
0.00447783460893,3.27498107122e-07,0.000174532925206,16.9457230568
0.00447783460893,3.27498107122e-07,0.000174532925206,16.9627850056
0.00447783460893,3.27498107122e-07,0.000174532925206,16.9791471958
0.00447783460893,3.27498107122e-07,0.000174532925206,16.9955990314
0.00447783460893,3.27498107122e-07,0.000174532925206,17.0121870041
0.00447783460893,3.27498107122e-07,0.000174532925206,17.0293431282
0.00447783460893,3.27498107122e-07,0.000174532925206,17.0455551147
0.00447783460893,3.27498107122e-07,0.000174532925206,17.0623102188
0.00447783460893,3.27498107122e-07,0.000174532925206,17.0789802074
0.00447783460893,3.27498107122e-07,0.000174532925206,17.095728159
0.00447783460893,3.27498107122e-07,0.000174532925206,17.1122641563
0.00447783460893,3.27498107122e-07,0.000174532925206,17.1293292046
0.00447783460893,3.27498107122e-07,0.000174532925206,17.1455471516
0.00447783460893,3.27498107122e-07,0.000174532925206,17.1623051167
0.00447783460893,3.27498107122e-07,0.000174532925206,17.1789431572
0.00447783460893,3.27498107122e-07,0.000174532925206,17.1958670616
0.00447783460893,3.27498107122e-07,0.000174532925206,17.2122700214
0.00447783460893,3.27498107122e-07,0.000174532925206,17.2289021015
0.00447783460893,3.27498107122e-07,0.000174532925206,17.2459821701
0.00447783460893,3.27498107122e-07,0.000174532925206,17.262732029
0.00447783460893,3.27498107122e-07,0.000174532925206,17.2793271542
0.00447783460893,3.27498107122e-07,0.000174532925206,17.2956130505
0.00447783460893,3.27498107122e-07,0.000174532925206,17.3122460842
0.00447783460893,3.27498107122e-07,0.000174532925206,17.3290331364
0.00447783460893,3.27498107122e-07,0.000174532925206,17.3458101749
0.00447783460893,3.27498107122e-07,0.000174532925206,17.3622760773
0.00447783460893,3.27498107122e-07,0.000174532925206,17.3788511753
0.00447783460893,3.27498107122e-07,0.000174532925206,17.3956401348
0.00447783460893,3.27498107122e-07,0.000174532925206,17.4122400284
0.00447783460893,3.27498107122e-07,0.000174532925206,17.4288971424
0.00447783460893,3.27498107122e-07,0.000174532925206,17.445592165
0.00447783460893,3.27498107122e-07,0.000174532925206,17.4622490406
0.00447783460893,3.27498107122e-07,0.000174532925206,17.4788510799
0.00447783460893,3.27498107122e-07,0.000174532925206,17.4956841469
0.00447783460893,3.27498107122e-07,0.000174532925206,17.5122470856
0.00447783460893,3.27498107122e-07,0.000174532925206,17.5288910866
0.00447783460893,3.27498107122e-07,0.000174532925206,17.5455901623
0.00447783460893,3.27498107122e-07,0.000174532925206,17.5622961521
0.00447783460893,3.27498107122e-07,0.000174532925206,17.578851223
0.00447783460893,3.27498107122e-07,0.000174532925206,17.5955090523
0.00447783460893,3.27498107122e-07,0.000174532925206,17.6121151447
0.00447783460893,3.27498107122e-07,0.000174532925206,17.6288740635
0.00447783460893,3.27498107122e-07,0.000174532925206,17.6454942226
0.00447783460893,3.27498107122e-07,0.000174532925206,17.6622831821
0.00447783460893,3.27498107122e-07,0.000174532925206,17.6788380146
0.00447783460893,3.27498107122e-07,0.000174532925206,17.6954891682
0.00447783460893,3.27498107122e-07,0.000174532925206,17.7123091221
0.00447783460893,3.27498107122e-07,0.000174532925206,17.7292401791
0.00447783460893,3.27498107122e-07,0.000174532925206,17.7460770607
0.00447783460893,3.27498107122e-07,0.000174532925206,17.7623531818
0.00447783460893,3.27498107122e-07,0.000174532925206,17.7788581848
0.00447783460893,3.27498107122e-07,0.000174532925206,17.7955691814
0.00447783460893,3.27498107122e-07,0.000174532925206,17.8126130104
0.00447783460893,3.27498107122e-07,0.000174532925206,17.828908205
0.00447783460893,3.27498107122e-07,0.000174532925206,17.8455710411
0.00447783460893,3.27498107122e-07,0.000174532925206,17.8621861935
0.00447783460893,3.27498107122e-07,0.000174532925206,17.87915802
0.00447783460893,3.27498107122e-07,0.000174532925206,17.8960671425
0.00447783460893,3.27498107122e-07,0.000174532925206,17.9128000736
0.00447783460893,3.27498107122e-07,0.000174532925206,17.9289622307
0.00447783460893,3.27498107122e-07,0.000174532925206,17.946116209
0.00447783460893,3.27498107122e-07,0.000174532925206,17.962608099
0.00447783460893,3.27498107122e-07,0.000174532925206,17.9795520306
0.00447783460893,3.27498107122e-07,0.000174532925206,17.995732069
0.00447783460893,3.27498107122e-07,0.000174532925206,18.0123970509
0.00447783460893,3.27498107122e-07,0.000174532925206,18.0295081139
0.00447783460893,3.27498107122e-07,0.000174532925206,18.0463030338
Actuacion(lineal,angular) = 0.0800443649292,-0.000262292844588
0.00447783460893,3.27498107122e-07,0.000174532925206,18.0636131763
0.00447783460893,3.27498107122e-07,0.000174532925206,18.079428196
0.00447783460893,3.27498107122e-07,0.000174532925206,18.095687151
0.00447783460893,3.27498107122e-07,0.000174532925206,18.1126260757
0.00447783460893,3.27498107122e-07,0.000174532925206,18.1289811134
0.00447783460893,3.27498107122e-07,0.000174532925206,18.1459941864
0.00447783460893,3.27498107122e-07,0.000174532925206,18.1626930237
0.00447783460893,3.27498107122e-07,0.000174532925206,18.1789860725
0.00447783460893,3.27498107122e-07,0.000174532925206,18.1959190369
0.00477635691355,3.79600078708e-07,0.000174532925206,18.212264061
0.00477635691355,3.79600078708e-07,0.000174532925206,18.2291061878
0.00477635691355,3.79600078708e-07,0.000174532925206,18.2466051579
0.00554398569686,5.13576577061e-07,0.000349065850408,18.2635080814
0.00554398569686,5.13576577061e-07,0.000349065850408,18.2791950703
0.00759099569215,1.22811789083e-06,0.000174532925206,18.2960150242
0.00759099569215,1.22811789083e-06,0.000174532925206,18.312762022
0.00759099569215,1.22811789083e-06,0.000174532925206,18.3291790485
0.0105335726948,1.74169446795e-06,0.000349065850408,18.3458611965
0.0105335726948,1.74169446795e-06,0.000349065850408,18.3638291359
0.0105335726948,1.74169446795e-06,0.000349065850408,18.3792521954
0.0105335726948,1.74169446795e-06,0.000349065850408,18.395619154
0.0135187956046,2.78373388391e-06,0.000523598775595,18.4126241207
0.0135187956046,2.78373388391e-06,0.000523598775595,18.4290850163
0.0144143624094,3.25265160923e-06,0.000698131700797,18.4458482265
0.0144143624094,3.25265160923e-06,0.000698131700797,18.4625880718
0.0144143624094,3.25265160923e-06,0.000698131700797,18.4791631699
0.0169304784021,5.00923223196e-06,0.000349065850408,18.4956281185
0.0169304784021,5.00923223196e-06,0.000349065850408,18.5122580528
0.0169304784021,5.00923223196e-06,0.000349065850408,18.5288991928
0.0193613027715,5.85775004213e-06,0.000523598775595,18.54560709
0.0193613027715,5.85775004213e-06,0.000523598775595,18.5622310638
0.0193613027715,5.85775004213e-06,0.000523598775595,18.5791451931
0.0193613027715,5.85775004213e-06,0.000523598775595,18.5955650806
0.022218587339,7.35382087994e-06,0.000523598775595,18.6122531891
0.022218587339,7.35382087994e-06,0.000523598775595,18.6288971901
0.022218587339,7.35382087994e-06,0.000523598775595,18.6454870701
0.022218587339,7.35382087994e-06,0.000523598775595,18.66229105
0.0250758719065,8.84989171774e-06,0.000523598775595,18.6788730621
0.0250758719065,8.84989171774e-06,0.000523598775595,18.69562006
0.0250758719065,8.84989171774e-06,0.000523598775595,18.7122170925
0.0264831911711,9.58676242891e-06,0.000349065850408,18.7290141582
0.0264831911711,9.58676242891e-06,0.000349065850408,18.7455730438
0.0264831911711,9.58676242891e-06,0.000349065850408,18.7625501156
0.0264831911711,9.58676242891e-06,0.000349065850408,18.7788550854
0.0267390674205,9.67608009314e-06,0.000349065850408,18.7958500385
0.0267390674205,9.67608009314e-06,0.000349065850408,18.8124501705
0.0267390674205,9.67608009314e-06,0.000349065850408,18.829169035
0.0267390674205,9.67608009314e-06,0.000349065850408,18.8461461067
0.0267390674205,9.67608009314e-06,0.000349065850408,18.862801075
0.0266964213789,9.66119381582e-06,0.000174532925206,18.8792111874
0.0266964213789,9.66119381582e-06,0.000174532925206,18.89589715
0.0266964213789,9.66119381582e-06,0.000174532925206,18.9125380516
0.0265258372048,9.63142126064e-06,0.000174532925206,18.9291760921
0.0265258372048,9.63142126064e-06,0.000174532925206,18.9460680485
0.0265258372048,9.63142126064e-06,0.000174532925206,18.9623370171
0.0265258372048,9.63142126064e-06,0.000174532925206,18.9791870117
0.0265258372048,9.63142126064e-06,0.000349065850408,18.9957330227
0.0265258372048,9.63142126064e-06,0.000349065850408,19.0125682354
0.0265258372048,9.63142126064e-06,0.000349065850408,19.0292270184
0.0265258372048,9.63142126064e-06,0.000349065850408,19.0457801819
0.0265258372048,9.63142126064e-06,0.000349065850408,19.062743187
0.0265258372048,9.63142126064e-06,0.000349065850408,19.0791320801
0.0265258372048,9.63142126064e-06,0.000349065850408,19.0957801342
0.0265258372048,9.63142126064e-06,0.000349065850408,19.1126890182
0.0265258372048,9.63142126064e-06,0.000349065850408,19.1291031837
0.0265258372048,9.63142126064e-06,0.000349065850408,19.1459851265
0.0265258372048,9.63142126064e-06,0.000349065850408,19.1626310349
0.0265258372048,9.63142126064e-06,0.000349065850408,19.1791460514
0.0265258372048,9.63142126064e-06,0.000349065850408,19.195756197
0.0265258372048,9.63142126064e-06,0.000349065850408,19.2124722004
0.0265258372048,9.63142126064e-06,0.000349065850408,19.2291660309
0.0265258372048,9.63142126064e-06,0.000349065850408,19.2458531857
0.0265258372048,9.63142126064e-06,0.000349065850408,19.2628951073
0.0265258372048,9.63142126064e-06,0.000349065850408,19.2792360783
0.0265258372048,9.63142126064e-06,0.000349065850408,19.2957861423
0.0265258372048,9.63142126064e-06,0.000349065850408,19.3125572205
0.0265258372048,9.63142126064e-06,0.000349065850408,19.3292591572
0.0265258372048,9.63142126064e-06,0.000349065850408,19.3458971977
0.0265258372048,9.63142126064e-06,0.000349065850408,19.363858223
0.0265258372048,9.63142126064e-06,0.000349065850408,19.3789432049
0.0265258372048,9.63142126064e-06,0.000349065850408,19.3954601288
0.0265258372048,9.63142126064e-06,0.000349065850408,19.4121301174
0.0265258372048,9.63142126064e-06,0.000349065850408,19.4291779995
0.0265258372048,9.63142126064e-06,0.000349065850408,19.445800066
0.0265258372048,9.63142126064e-06,0.000349065850408,19.4640190601
0.0265258372048,9.63142126064e-06,0.000349065850408,19.4800260067
0.0265258372048,9.63142126064e-06,0.000349065850408,19.4954531193
0.0265258372048,9.63142126064e-06,0.000349065850408,19.512253046
0.0265258372048,9.63142126064e-06,0.000349065850408,19.5290031433
0.0265258372048,9.63142126064e-06,0.000349065850408,19.5456922054
0.0265258372048,9.63142126064e-06,0.000349065850408,19.5622520447
0.0265258372048,9.63142126064e-06,0.000349065850408,19.5790781975
0.0265258372048,9.63142126064e-06,0.000349065850408,19.5955781937
0.0265258372048,9.63142126064e-06,0.000349065850408,19.6122560501
0.0265258372048,9.63142126064e-06,0.000349065850408,19.6291790009
0.0265258372048,9.63142126064e-06,0.000349065850408,19.6456580162
0.0265258372048,9.63142126064e-06,0.000349065850408,19.6622021198
0.0265258372048,9.63142126064e-06,0.000349065850408,19.6788141727
0.0265258372048,9.63142126064e-06,0.000349065850408,19.6954770088
0.0265258372048,9.63142126064e-06,0.000349065850408,19.71225214
0.0265258372048,9.63142126064e-06,0.000349065850408,19.7288401127
0.0265258372048,9.63142126064e-06,0.000349065850408,19.74548316
0.0265258372048,9.63142126064e-06,0.000349065850408,19.7621891499
0.0265258372048,9.63142126064e-06,0.000349065850408,19.7788522243
0.0265258372048,9.63142126064e-06,0.000349065850408,19.7955040932
0.0265258372048,9.63142126064e-06,0.000349065850408,19.8122060299
0.0265258372048,9.63142126064e-06,0.000349065850408,19.8289411068
0.0265258372048,9.63142126064e-06,0.000349065850408,19.8458340168
0.0265258372048,9.63142126064e-06,0.000349065850408,19.8625910282
0.0265258372048,9.63142126064e-06,0.000349065850408,19.8789241314
0.0265258372048,9.63142126064e-06,0.000349065850408,19.8954601288
0.0265258372048,9.63142126064e-06,0.000349065850408,19.9124400616
0.0265258372048,9.63142126064e-06,0.000349065850408,19.9289081097
0.0265258372048,9.63142126064e-06,0.000349065850408,19.9455940723
0.0265258372048,9.63142126064e-06,0.000349065850408,19.962485075
0.0265258372048,9.63142126064e-06,0.000349065850408,19.9789071083
0.0265258372048,9.63142126064e-06,0.000349065850408,19.9955430031
0.0265258372048,9.63142126064e-06,0.000349065850408,20.0124661922
0.0265258372048,9.63142126064e-06,0.000349065850408,20.0291171074
0.0265258372048,9.63142126064e-06,0.000349065850408,20.0455670357
0.0265258372048,9.63142126064e-06,0.000349065850408,20.0624542236
0.0265258372048,9.63142126064e-06,0.000349065850408,20.0803151131
0.0265258372048,9.63142126064e-06,0.000349065850408,20.0955290794
0.0265258372048,9.63142126064e-06,0.000349065850408,20.1124620438
0.0265258372048,9.63142126064e-06,0.000349065850408,20.1291429996
0.0265258372048,9.63142126064e-06,0.000349065850408,20.1456010342
0.0265258372048,9.63142126064e-06,0.000349065850408,20.1623980999
0.0265258372048,9.63142126064e-06,0.000349065850408,20.178841114
0.0265258372048,9.63142126064e-06,0.000349065850408,20.1954741478
0.0265258372048,9.63142126064e-06,0.000349065850408,20.2126481533
0.0265258372048,9.63142126064e-06,0.000349065850408,20.2291550636
0.0265258372048,9.63142126064e-06,0.000349065850408,20.2456161976
0.0265258372048,9.63142126064e-06,0.000349065850408,20.2622470856
0.0265258372048,9.63142126064e-06,0.000349065850408,20.2790980339
0.0265258372048,9.63142126064e-06,0.000349065850408,20.2955541611
0.0265258372048,9.63142126064e-06,0.000349065850408,20.3122851849
0.0265258372048,9.63142126064e-06,0.000349065850408,20.3289132118
0.0265258372048,9.63142126064e-06,0.000349065850408,20.3456082344
0.0265258372048,9.63142126064e-06,0.000349065850408,20.3622450829
0.0265258372048,9.63142126064e-06,0.000349065850408,20.3792860508
0.0265258372048,9.63142126064e-06,0.000349065850408,20.3956642151
0.0265258372048,9.63142126064e-06,0.000349065850408,20.4124820232
0.0265258372048,9.63142126064e-06,0.000349065850408,20.4294741154
0.0265258372048,9.63142126064e-06,0.000349065850408,20.4457640648
0.0265258372048,9.63142126064e-06,0.000349065850408,20.4623692036
0.0265258372048,9.63142126064e-06,0.000349065850408,20.4794290066
0.0265258372048,9.63142126064e-06,0.000349065850408,20.4955451488
0.0265258372048,9.63142126064e-06,0.000349065850408,20.5123832226
0.0265258372048,9.63142126064e-06,0.000349065850408,20.528979063
0.0265258372048,9.63142126064e-06,0.000349065850408,20.5455520153
0.0265258372048,9.63142126064e-06,0.000349065850408,20.5621480942
0.0265258372048,9.63142126064e-06,0.000349065850408,20.5788440704
0.0265258372048,9.63142126064e-06,0.000349065850408,20.5959880352
0.0265258372048,9.63142126064e-06,0.000349065850408,20.6125080585
0.0265258372048,9.63142126064e-06,0.000349065850408,20.6291851997
0.0265258372048,9.63142126064e-06,0.000349065850408,20.6458292007
0.0265258372048,9.63142126064e-06,0.000349065850408,20.6623511314
0.0265258372048,9.63142126064e-06,0.000349065850408,20.6790611744
0.0265258372048,9.63142126064e-06,0.000349065850408,20.6957871914
0.0265258372048,9.63142126064e-06,0.000349065850408,20.7125561237
0.0265258372048,9.63142126064e-06,0.000349065850408,20.7289290428
0.0265258372048,9.63142126064e-06,0.000349065850408,20.7459361553
0.0265258372048,9.63142126064e-06,0.000349065850408,20.7626070976
0.0265258372048,9.63142126064e-06,0.000349065850408,20.7789330482
0.0265258372048,9.63142126064e-06,0.000349065850408,20.7958111763
0.0265258372048,9.63142126064e-06,0.000349065850408,20.8135750294
0.0265258372048,9.63142126064e-06,0.000349065850408,20.8290719986
0.0265258372048,9.63142126064e-06,0.000349065850408,20.8460140228
0.0265258372048,9.63142126064e-06,0.000349065850408,20.8623230457
0.0265258372048,9.63142126064e-06,0.000349065850408,20.879196167
0.0265258372048,9.63142126064e-06,0.000349065850408,20.8956930637
0.0265258372048,9.63142126064e-06,0.000349065850408,20.9124171734
0.0265258372048,9.63142126064e-06,0.000349065850408,20.9291820526
0.0265258372048,9.63142126064e-06,0.000349065850408,20.9459121227
0.0265258372048,9.63142126064e-06,0.000349065850408,20.962334156
0.0265258372048,9.63142126064e-06,0.000349065850408,20.9793441296
0.0265258372048,9.63142126064e-06,0.000349065850408,20.9970030785
0.0265258372048,9.63142126064e-06,0.000349065850408,21.0125060081
0.0265258372048,9.63142126064e-06,0.000349065850408,21.0292460918
0.0265258372048,9.63142126064e-06,0.000349065850408,21.045992136
0.0265258372048,9.63142126064e-06,0.000349065850408,21.0626602173
0.0265258372048,9.63142126064e-06,0.000349065850408,21.0790431499
0.0265258372048,9.63142126064e-06,0.000349065850408,21.0956280231
0.0265258372048,9.63142126064e-06,0.000349065850408,21.1127851009
0.0265258372048,9.63142126064e-06,0.000349065850408,21.129114151
0.0265258372048,9.63142126064e-06,0.000349065850408,21.1459751129
0.0265258372048,9.63142126064e-06,0.000349065850408,21.1627810001
0.0265258372048,9.63142126064e-06,0.000349065850408,21.1793482304
0.0265258372048,9.63142126064e-06,0.000349065850408,21.1955192089
0.0265258372048,9.63142126064e-06,0.000349065850408,21.2124562263
0.0265258372048,9.63142126064e-06,0.000349065850408,21.229195118
0.0265258372048,9.63142126064e-06,0.000349065850408,21.2458121777
0.0265258372048,9.63142126064e-06,0.000349065850408,21.2628581524
0.0265258372048,9.63142126064e-06,0.000349065850408,21.2791991234
0.0265258372048,9.63142126064e-06,0.000349065850408,21.2958211899
0.0265258372048,9.63142126064e-06,0.000349065850408,21.3126580715
0.0265258372048,9.63142126064e-06,0.000349065850408,21.3292310238
0.0265258372048,9.63142126064e-06,0.000349065850408,21.3459300995
0.0265258372048,9.63142126064e-06,0.000349065850408,21.3624942303
0.0265258372048,9.63142126064e-06,0.000349065850408,21.3794000149
0.0265258372048,9.63142126064e-06,0.000349065850408,21.3961031437
0.0265258372048,9.63142126064e-06,0.000349065850408,21.4125561714
0.0265258372048,9.63142126064e-06,0.000349065850408,21.4293880463
0.0265258372048,9.63142126064e-06,0.000349065850408,21.4461901188
0.0265258372048,9.63142126064e-06,0.000349065850408,21.4624531269
0.0265258372048,9.63142126064e-06,0.000349065850408,21.479886055
0.0265258372048,9.63142126064e-06,0.000349065850408,21.4964191914
0.0265258372048,9.63142126064e-06,0.000349065850408,21.5125610828
0.0265258372048,9.63142126064e-06,0.000349065850408,21.5300559998
0.0265258372048,9.63142126064e-06,0.000349065850408,21.5459442139
0.0265258372048,9.63142126064e-06,0.000349065850408,21.5622620583
0.0265258372048,9.63142126064e-06,0.000349065850408,21.5790371895
0.0265258372048,9.63142126064e-06,0.000349065850408,21.5964992046
0.0265258372048,9.63142126064e-06,0.000349065850408,21.6129360199
0.0265258372048,9.63142126064e-06,0.000349065850408,21.6293120384
0.0265258372048,9.63142126064e-06,0.000349065850408,21.6458950043
0.0265258372048,9.63142126064e-06,0.000349065850408,21.6623911858
0.0265258372048,9.63142126064e-06,0.000349065850408,21.6803791523
0.0265258372048,9.63142126064e-06,0.000349065850408,21.6960780621
0.0265258372048,9.63142126064e-06,0.000349065850408,21.7124941349
0.0265258372048,9.63142126064e-06,0.000349065850408,21.7291040421
0.0265258372048,9.63142126064e-06,0.000349065850408,21.7458531857
0.0265258372048,9.63142126064e-06,0.000349065850408,21.7625250816
0.0265258372048,9.63142126064e-06,0.000349065850408,21.7794392109
0.0265258372048,9.63142126064e-06,0.000349065850408,21.7963130474
0.0265258372048,9.63142126064e-06,0.000349065850408,21.8127741814
0.0265258372048,9.63142126064e-06,0.000349065850408,21.8290891647
0.0265258372048,9.63142126064e-06,0.000349065850408,21.8461470604
0.0265258372048,9.63142126064e-06,0.000349065850408,21.8625330925
0.0265258372048,9.63142126064e-06,0.000349065850408,21.8792140484
0.0265258372048,9.63142126064e-06,0.000349065850408,21.8959760666
0.0265258372048,9.63142126064e-06,0.000349065850408,21.9124150276
0.0265258372048,9.63142126064e-06,0.000349065850408,21.9291241169
0.0265258372048,9.63142126064e-06,0.000349065850408,21.9466822147
0.0265258372048,9.63142126064e-06,0.000349065850408,21.9626071453
0.0265258372048,9.63142126064e-06,0.000349065850408,21.9803462029
0.0265258372048,9.63142126064e-06,0.000349065850408,21.9963140488
0.0265258372048,9.63142126064e-06,0.000349065850408,22.0125620365
0.0265258372048,9.63142126064e-06,0.000349065850408,22.0290491581
0.0265258372048,9.63142126064e-06,0.000349065850408,22.04581213
0.0265258372048,9.63142126064e-06,0.000349065850408,22.0629742146
0.0265258372048,9.63142126064e-06,0.000349065850408,22.0792181492
0.0265258372048,9.63142126064e-06,0.000349065850408,22.0956032276
0.0265258372048,9.63142126064e-06,0.000349065850408,22.1123812199
0.0265258372048,9.63142126064e-06,0.000349065850408,22.1303520203
0.0265258372048,9.63142126064e-06,0.000349065850408,22.1457941532
0.0265258372048,9.63142126064e-06,0.000349065850408,22.1626341343
0.0265258372048,9.63142126064e-06,0.000349065850408,22.1791861057
0.0265258372048,9.63142126064e-06,0.000349065850408,22.1958241463
0.0265258372048,9.63142126064e-06,0.000349065850408,22.2125220299
0.0265258372048,9.63142126064e-06,0.000349065850408,22.2291221619
0.0265258372048,9.63142126064e-06,0.000349065850408,22.2460570335
0.0265258372048,9.63142126064e-06,0.000349065850408,22.2623910904
0.0265258372048,9.63142126064e-06,0.000349065850408,22.2790830135
0.0265258372048,9.63142126064e-06,0.000349065850408,22.295800209
0.0265258372048,9.63142126064e-06,0.000349065850408,22.3124661446
0.0265258372048,9.63142126064e-06,0.000349065850408,22.3291060925
0.0265258372048,9.63142126064e-06,0.000349065850408,22.3457870483
0.0265258372048,9.63142126064e-06,0.000349065850408,22.3623940945
0.0265258372048,9.63142126064e-06,0.000349065850408,22.3789842129
0.0265258372048,9.63142126064e-06,0.000349065850408,22.395720005
0.0265258372048,9.63142126064e-06,0.000349065850408,22.4125831127
0.0265258372048,9.63142126064e-06,0.000349065850408,22.4291632175
0.0265258372048,9.63142126064e-06,0.000349065850408,22.4458391666
0.0265258372048,9.63142126064e-06,0.000349065850408,22.4627580643
0.0265258372048,9.63142126064e-06,0.000349065850408,22.4792811871
0.0265258372048,9.63142126064e-06,0.000349065850408,22.4959430695
0.0265258372048,9.63142126064e-06,0.000349065850408,22.5128080845
0.0265258372048,9.63142126064e-06,0.000349065850408,22.5291621685
0.0265258372048,9.63142126064e-06,0.000349065850408,22.5458030701
0.0265258372048,9.63142126064e-06,0.000349065850408,22.5627560616
0.0265258372048,9.63142126064e-06,0.000349065850408,22.5797262192
0.0265258372048,9.63142126064e-06,0.000349065850408,22.5957431793
0.0265258372048,9.63142126064e-06,0.000349065850408,22.6127281189
0.0265258372048,9.63142126064e-06,0.000349065850408,22.629098177
0.0265258372048,9.63142126064e-06,0.000349065850408,22.6458861828
0.0265258372048,9.63142126064e-06,0.000349065850408,22.6630132198
0.0265258372048,9.63142126064e-06,0.000349065850408,22.6792590618
0.0265258372048,9.63142126064e-06,0.000349065850408,22.6958220005
0.0265258372048,9.63142126064e-06,0.000349065850408,22.7122700214
0.0265258372048,9.63142126064e-06,0.000349065850408,22.7290430069
0.0265258372048,9.63142126064e-06,0.000349065850408,22.7455739975
0.0265258372048,9.63142126064e-06,0.000349065850408,22.7625792027
0.0265258372048,9.63142126064e-06,0.000349065850408,22.7790381908
0.0265258372048,9.63142126064e-06,0.000349065850408,22.7955720425
0.0265258372048,9.63142126064e-06,0.000349065850408,22.8123102188
0.0265258372048,9.63142126064e-06,0.000349065850408,22.8289320469
0.0265258372048,9.63142126064e-06,0.000349065850408,22.8457410336
0.0265258372048,9.63142126064e-06,0.000349065850408,22.8625571728
0.0265258372048,9.63142126064e-06,0.000349065850408,22.8791241646
0.0265258372048,9.63142126064e-06,0.000349065850408,22.8956940174
0.0265258372048,9.63142126064e-06,0.000349065850408,22.9136021137
0.0265258372048,9.63142126064e-06,0.000349065850408,22.9295492172
0.0265258372048,9.63142126064e-06,0.000349065850408,22.9457321167
0.0265258372048,9.63142126064e-06,0.000349065850408,22.9622380733
0.0265258372048,9.63142126064e-06,0.000349065850408,22.979940176
0.0265258372048,9.63142126064e-06,0.000349065850408,22.9957580566
0.0265258372048,9.63142126064e-06,0.000349065850408,23.0123910904
0.0265258372048,9.63142126064e-06,0.000349065850408,23.0292611122
0.0265258372048,9.63142126064e-06,0.000349065850408,23.0458920002
0.0265258372048,9.63142126064e-06,0.000349065850408,23.0631370544
0.0265258372048,9.63142126064e-06,0.000349065850408,23.0791831017
0.0265258372048,9.63142126064e-06,0.000349065850408,23.0957760811
0.0265258372048,9.63142126064e-06,0.000349065850408,23.112404108
0.0265258372048,9.63142126064e-06,0.000349065850408,23.1292262077
0.0265258372048,9.63142126064e-06,0.000349065850408,23.1470432281
0.0265258372048,9.63142126064e-06,0.000349065850408,23.1632940769
0.0265258372048,9.63142126064e-06,0.000349065850408,23.178976059
0.0265258372048,9.63142126064e-06,0.000349065850408,23.1957440376
0.0265258372048,9.63142126064e-06,0.000349065850408,23.2124531269
0.0265258372048,9.63142126064e-06,0.000349065850408,23.2290751934
0.0265258372048,9.63142126064e-06,0.000349065850408,23.2463641167
0.0265258372048,9.63142126064e-06,0.000349065850408,23.2626771927
0.0265258372048,9.63142126064e-06,0.000349065850408,23.2794430256
0.0265258372048,9.63142126064e-06,0.000349065850408,23.2957801819
0.0265258372048,9.63142126064e-06,0.000349065850408,23.3125641346
0.0265258372048,9.63142126064e-06,0.000349065850408,23.3290719986
0.0265258372048,9.63142126064e-06,0.000349065850408,23.3461120129
0.0265258372048,9.63142126064e-06,0.000349065850408,23.3626201153
0.0265258372048,9.63142126064e-06,0.000349065850408,23.379199028
0.0265258372048,9.63142126064e-06,0.000349065850408,23.3957390785
0.0265258372048,9.63142126064e-06,0.000349065850408,23.4124481678
0.0265258372048,9.63142126064e-06,0.000349065850408,23.4291861057
0.0265258372048,9.63142126064e-06,0.000349065850408,23.4457662106
0.0265258372048,9.63142126064e-06,0.000349065850408,23.462583065
0.0265258372048,9.63142126064e-06,0.000349065850408,23.4793581963
0.0265258372048,9.63142126064e-06,0.000349065850408,23.4956610203
0.0265258372048,9.63142126064e-06,0.000349065850408,23.5129032135
0.0265258372048,9.63142126064e-06,0.000349065850408,23.5289821625
0.0265258372048,9.63142126064e-06,0.000349065850408,23.5455770493
0.0265258372048,9.63142126064e-06,0.000349065850408,23.5623772144
0.0265258372048,9.63142126064e-06,0.000349065850408,23.5791461468
0.0265258372048,9.63142126064e-06,0.000349065850408,23.5955750942
0.0265258372048,9.63142126064e-06,0.000349065850408,23.6122140884
0.0265258372048,9.63142126064e-06,0.000349065850408,23.6292262077
0.0265258372048,9.63142126064e-06,0.000349065850408,23.6456201077
0.0265258372048,9.63142126064e-06,0.000349065850408,23.6626141071
0.0265258372048,9.63142126064e-06,0.000349065850408,23.6789281368
0.0265258372048,9.63142126064e-06,0.000349065850408,23.69562006
0.0265258372048,9.63142126064e-06,0.000349065850408,23.7123532295
0.0265258372048,9.63142126064e-06,0.000349065850408,23.7288901806
0.0265258372048,9.63142126064e-06,0.000349065850408,23.7465910912
0.0265258372048,9.63142126064e-06,0.000349065850408,23.7628400326
0.0265258372048,9.63142126064e-06,0.000349065850408,23.779140234
0.0265258372048,9.63142126064e-06,0.000349065850408,23.795828104
0.0265258372048,9.63142126064e-06,0.000349065850408,23.8127951622
0.0265258372048,9.63142126064e-06,0.000349065850408,23.8299810886
0.0265258372048,9.63142126064e-06,0.000349065850408,23.8455550671
0.0265258372048,9.63142126064e-06,0.000349065850408,23.8623261452
0.0265258372048,9.63142126064e-06,0.000349065850408,23.8789770603
0.0265258372048,9.63142126064e-06,0.000349065850408,23.895553112
0.0265258372048,9.63142126064e-06,0.000349065850408,23.9121580124
0.0265258372048,9.63142126064e-06,0.000349065850408,23.9299302101
0.0265258372048,9.63142126064e-06,0.000349065850408,23.9464440346
0.0265258372048,9.63142126064e-06,0.000349065850408,23.9624781609
0.0265258372048,9.63142126064e-06,0.000349065850408,23.9789540768
0.0265258372048,9.63142126064e-06,0.000349065850408,23.9956390858
0.0265258372048,9.63142126064e-06,0.000349065850408,24.0122401714
0.0265258372048,9.63142126064e-06,0.000349065850408,24.0292770863
0.0265258372048,9.63142126064e-06,0.000349065850408,24.0465540886
0.0265258372048,9.63142126064e-06,0.000349065850408,24.0623822212
0.0265258372048,9.63142126064e-06,0.000349065850408,24.0789480209
0.0265258372048,9.63142126064e-06,0.000349065850408,24.0956392288
0.0265258372048,9.63142126064e-06,0.000349065850408,24.1122920513
0.0265258372048,9.63142126064e-06,0.000349065850408,24.1292970181
0.0265258372048,9.63142126064e-06,0.000349065850408,24.146064043
0.0265258372048,9.63142126064e-06,0.000349065850408,24.162910223
0.0265258372048,9.63142126064e-06,0.000349065850408,24.1794321537
0.0265258372048,9.63142126064e-06,0.000349065850408,24.1960220337
0.0265258372048,9.63142126064e-06,0.000349065850408,24.2128560543
0.0265258372048,9.63142126064e-06,0.000349065850408,24.2289960384
0.0265258372048,9.63142126064e-06,0.000349065850408,24.2457871437
0.0265258372048,9.63142126064e-06,0.000349065850408,24.2627441883
0.0265258372048,9.63142126064e-06,0.000349065850408,24.2792840004
0.0265258372048,9.63142126064e-06,0.000349065850408,24.2960240841
0.0265258372048,9.63142126064e-06,0.000349065850408,24.3124601841
0.0265258372048,9.63142126064e-06,0.000349065850408,24.3292181492
0.0265258372048,9.63142126064e-06,0.000349065850408,24.3455171585
0.0265258372048,9.63142126064e-06,0.000349065850408,24.3626730442
0.0265258372048,9.63142126064e-06,0.000349065850408,24.379278183
0.0265258372048,9.63142126064e-06,0.000349065850408,24.3960530758
0.0265258372048,9.63142126064e-06,0.000349065850408,24.4124472141
0.0265258372048,9.63142126064e-06,0.000349065850408,24.4291820526
0.0265258372048,9.63142126064e-06,0.000349065850408,24.4482262135
0.0265258372048,9.63142126064e-06,0.000349065850408,24.4625370502
0.0265258372048,9.63142126064e-06,0.000349065850408,24.4795670509
0.0265258372048,9.63142126064e-06,0.000349065850408,24.4957351685
0.0265258372048,9.63142126064e-06,0.000349065850408,24.5124540329
0.0265258372048,9.63142126064e-06,0.000349065850408,24.5291371346
0.0265258372048,9.63142126064e-06,0.000349065850408,24.5456972122
0.0265258372048,9.63142126064e-06,0.000349065850408,24.5622282028
0.0265258372048,9.63142126064e-06,0.000349065850408,24.5793271065
0.0265258372048,9.63142126064e-06,0.000349065850408,24.5956721306
0.0265258372048,9.63142126064e-06,0.000349065850408,24.6122701168
0.0265258372048,9.63142126064e-06,0.000349065850408,24.6289432049
0.0265258372048,9.63142126064e-06,0.000349065850408,24.6455790997
0.0265258372048,9.63142126064e-06,0.000349065850408,24.6622471809
0.0265258372048,9.63142126064e-06,0.000349065850408,24.6788840294
0.0265258372048,9.63142126064e-06,0.000349065850408,24.6957612038
0.0265258372048,9.63142126064e-06,0.000349065850408,24.7124521732
0.0265258372048,9.63142126064e-06,0.000349065850408,24.7291781902
0.0265258372048,9.63142126064e-06,0.000349065850408,24.7459611893
0.0265258372048,9.63142126064e-06,0.000349065850408,24.7628581524
0.0265258372048,9.63142126064e-06,0.000349065850408,24.7793161869
0.0265258372048,9.63142126064e-06,0.000349065850408,24.7960321903
0.0265258372048,9.63142126064e-06,0.000349065850408,24.8122951984
0.0265258372048,9.63142126064e-06,0.000349065850408,24.8291780949
0.0265258372048,9.63142126064e-06,0.000349065850408,24.8457181454
0.0265258372048,9.63142126064e-06,0.000349065850408,24.862319231
0.0265258372048,9.63142126064e-06,0.000349065850408,24.8790061474
0.0265258372048,9.63142126064e-06,0.000349065850408,24.895704031
0.0265258372048,9.63142126064e-06,0.000349065850408,24.9122691154
0.0265258372048,9.63142126064e-06,0.000349065850408,24.9290761948
0.0265258372048,9.63142126064e-06,0.000349065850408,24.9459111691
0.0265258372048,9.63142126064e-06,0.000349065850408,24.9628851414
0.0265258372048,9.63142126064e-06,0.000349065850408,24.9792811871
0.0265258372048,9.63142126064e-06,0.000349065850408,24.9960741997
0.0265258372048,9.63142126064e-06,0.000349065850408,25.0128982067
0.0265258372048,9.63142126064e-06,0.000349065850408,25.0290892124
0.0265258372048,9.63142126064e-06,0.000349065850408,25.046500206
0.0265258372048,9.63142126064e-06,0.000349065850408,25.063532114
0.0265258372048,9.63142126064e-06,0.000349065850408,25.0792691708
0.0265258372048,9.63142126064e-06,0.000349065850408,25.0957541466
0.0265258372048,9.63142126064e-06,0.000349065850408,25.1130230427
0.0265258372048,9.63142126064e-06,0.000349065850408,25.1289291382
0.0265258372048,9.63142126064e-06,0.000349065850408,25.145676136
0.0265258372048,9.63142126064e-06,0.000349065850408,25.1630990505
0.0265258372048,9.63142126064e-06,0.000349065850408,25.1791651249
0.0265258372048,9.63142126064e-06,0.000349065850408,25.1957201958
0.0265258372048,9.63142126064e-06,0.000349065850408,25.2126832008
0.0265258372048,9.63142126064e-06,0.000349065850408,25.2291381359
0.0265258372048,9.63142126064e-06,0.000349065850408,25.2457411289
0.0265258372048,9.63142126064e-06,0.000349065850408,25.2622201443
0.0265258372048,9.63142126064e-06,0.000349065850408,25.2788081169
0.0265258372048,9.63142126064e-06,0.000349065850408,25.2956850529
0.0265258372048,9.63142126064e-06,0.000349065850408,25.3126070499
0.0265258372048,9.63142126064e-06,0.000349065850408,25.3292620182
0.0265258372048,9.63142126064e-06,0.000349065850408,25.3456251621
0.0265258372048,9.63142126064e-06,0.000349065850408,25.362278223
0.0265258372048,9.63142126064e-06,0.000349065850408,25.378978014
0.0265258372048,9.63142126064e-06,0.000349065850408,25.3958542347
0.0265258372048,9.63142126064e-06,0.000349065850408,25.4122610092
0.0265258372048,9.63142126064e-06,0.000349065850408,25.4290351868
0.0265258372048,9.63142126064e-06,0.000349065850408,25.4458901882
0.0265258372048,9.63142126064e-06,0.000349065850408,25.4627540112
0.0265258372048,9.63142126064e-06,0.000349065850408,25.4789872169
0.0265258372048,9.63142126064e-06,0.000349065850408,25.49548316
0.0265258372048,9.63142126064e-06,0.000349065850408,25.5121560097
0.0265258372048,9.63142126064e-06,0.000349065850408,25.528796196
0.0265258372048,9.63142126064e-06,0.000349065850408,25.5455551147
0.0265258372048,9.63142126064e-06,0.000349065850408,25.5622282028
0.0265258372048,9.63142126064e-06,0.000349065850408,25.5792732239
0.0265258372048,9.63142126064e-06,0.000349065850408,25.5957810879
0.0265258372048,9.63142126064e-06,0.000349065850408,25.6125211716
0.0265258372048,9.63142126064e-06,0.000349065850408,25.6293711662
0.0265258372048,9.63142126064e-06,0.000349065850408,25.645840168
0.0265258372048,9.63142126064e-06,0.000349065850408,25.6639380455
0.0265258372048,9.63142126064e-06,0.000349065850408,25.6791620255
0.0265258372048,9.63142126064e-06,0.000349065850408,25.6969690323
0.0265258372048,9.63142126064e-06,0.000349065850408,25.7125821114
0.0265258372048,9.63142126064e-06,0.000349065850408,25.729321003
0.0265258372048,9.63142126064e-06,0.000349065850408,25.7458381653
0.0265258372048,9.63142126064e-06,0.000349065850408,25.7627241611
0.0265258372048,9.63142126064e-06,0.000349065850408,25.7793450356
0.0265258372048,9.63142126064e-06,0.000349065850408,25.7958760262
0.0265258372048,9.63142126064e-06,0.000349065850408,25.8125400543
0.0265258372048,9.63142126064e-06,0.000349065850408,25.8291831017
0.0265258372048,9.63142126064e-06,0.000349065850408,25.8462572098
0.0265258372048,9.63142126064e-06,0.000349065850408,25.8631930351
0.0265258372048,9.63142126064e-06,0.000349065850408,25.8792500496
0.0265258372048,9.63142126064e-06,0.000349065850408,25.8962721825
0.0265258372048,9.63142126064e-06,0.000349065850408,25.912443161
0.0265258372048,9.63142126064e-06,0.000349065850408,25.929516077
0.0265258372048,9.63142126064e-06,0.000349065850408,25.9457859993
0.0265258372048,9.63142126064e-06,0.000349065850408,25.9626982212
0.0265258372048,9.63142126064e-06,0.000349065850408,25.9792180061
0.0265258372048,9.63142126064e-06,0.000349065850408,25.9963431358
0.0265258372048,9.63142126064e-06,0.000349065850408,26.0129010677
0.0265258372048,9.63142126064e-06,0.000349065850408,26.0291080475
0.0265258372048,9.63142126064e-06,0.000349065850408,26.0460231304
0.0265258372048,9.63142126064e-06,0.000349065850408,26.063201189
0.0265258372048,9.63142126064e-06,0.000349065850408,26.0804769993
0.0265258372048,9.63142126064e-06,0.000349065850408,26.0970101357
0.0265258372048,9.63142126064e-06,0.000349065850408,26.1122450829
0.0265258372048,9.63142126064e-06,0.000349065850408,26.1290521622
0.0265258372048,9.63142126064e-06,0.000349065850408,26.1460101604
0.0265258372048,9.63142126064e-06,0.000349065850408,26.1622741222
0.0265258372048,9.63142126064e-06,0.000349065850408,26.179156065
0.0265258372048,9.63142126064e-06,0.000349065850408,26.1957621574
0.0265258372048,9.63142126064e-06,0.000349065850408,26.2124900818
0.0265258372048,9.63142126064e-06,0.000349065850408,26.2289021015
0.0265258372048,9.63142126064e-06,0.000349065850408,26.2455282211
0.0265258372048,9.63142126064e-06,0.000349065850408,26.2621500492
0.0265258372048,9.63142126064e-06,0.000349065850408,26.2788221836
0.0265258372048,9.63142126064e-06,0.000349065850408,26.2954990864
0.0265258372048,9.63142126064e-06,0.000349065850408,26.3121762276
0.0265258372048,9.63142126064e-06,0.000349065850408,26.3288030624
0.0265258372048,9.63142126064e-06,0.000349065850408,26.3455951214
0.0265258372048,9.63142126064e-06,0.000349065850408,26.3622300625
0.0265258372048,9.63142126064e-06,0.000349065850408,26.3790640831
0.0265258372048,9.63142126064e-06,0.000349065850408,26.3956921101
0.0265258372048,9.63142126064e-06,0.000349065850408,26.412225008
0.0265258372048,9.63142126064e-06,0.000349065850408,26.4289600849
0.0265258372048,9.63142126064e-06,0.000349065850408,26.4456481934
0.0265258372048,9.63142126064e-06,0.000349065850408,26.462239027
0.0265258372048,9.63142126064e-06,0.000349065850408,26.4789190292
0.0265258372048,9.63142126064e-06,0.000349065850408,26.4957301617
0.0265258372048,9.63142126064e-06,0.000349065850408,26.5123631954
0.0265258372048,9.63142126064e-06,0.000349065850408,26.5289771557
0.0265258372048,9.63142126064e-06,0.000349065850408,26.545563221
0.0265258372048,9.63142126064e-06,0.000349065850408,26.5621461868
0.0265258372048,9.63142126064e-06,0.000349065850408,26.5788300037
0.0265258372048,9.63142126064e-06,0.000349065850408,26.5958490372
0.0265258372048,9.63142126064e-06,0.000349065850408,26.6123051643
0.0265258372048,9.63142126064e-06,0.000349065850408,26.6288220882
0.0265258372048,9.63142126064e-06,0.000349065850408,26.6454892159
0.0265258372048,9.63142126064e-06,0.000349065850408,26.6622850895
0.0265258372048,9.63142126064e-06,0.000349065850408,26.678948164
0.0265258372048,9.63142126064e-06,0.000349065850408,26.6955912113
0.0265258372048,9.63142126064e-06,0.000349065850408,26.7122311592
0.0265258372048,9.63142126064e-06,0.000349065850408,26.7288811207
0.0265258372048,9.63142126064e-06,0.000349065850408,26.7455730438
0.0265258372048,9.63142126064e-06,0.000349065850408,26.7621822357
0.0265258372048,9.63142126064e-06,0.000349065850408,26.7789611816
0.0265258372048,9.63142126064e-06,0.000349065850408,26.7954320908
0.0265258372048,9.63142126064e-06,0.000349065850408,26.8121161461
0.0265258372048,9.63142126064e-06,0.000349065850408,26.828826189
0.0265258372048,9.63142126064e-06,0.000349065850408,26.8457012177
0.0265258372048,9.63142126064e-06,0.000349065850408,26.8622691631
0.0265258372048,9.63142126064e-06,0.000349065850408,26.8790030479
0.0265258372048,9.63142126064e-06,0.000349065850408,26.8954570293
0.0265258372048,9.63142126064e-06,0.000349065850408,26.9121160507
0.0265258372048,9.63142126064e-06,0.000349065850408,26.9289500713
0.0265258372048,9.63142126064e-06,0.000349065850408,26.945677042
0.0265258372048,9.63142126064e-06,0.000349065850408,26.9623970985
0.0265258372048,9.63142126064e-06,0.000349065850408,26.9789140224
0.0265258372048,9.63142126064e-06,0.000349065850408,26.9955921173
0.0265258372048,9.63142126064e-06,0.000349065850408,27.0122351646
0.0265258372048,9.63142126064e-06,0.000349065850408,27.028960228
0.0265258372048,9.63142126064e-06,0.000349065850408,27.0455930233
0.0265258372048,9.63142126064e-06,0.000349065850408,27.0623941422
0.0265258372048,9.63142126064e-06,0.000349065850408,27.0788161755
0.0265258372048,9.63142126064e-06,0.000349065850408,27.0956702232
0.0265258372048,9.63142126064e-06,0.000349065850408,27.1122710705
0.0265258372048,9.63142126064e-06,0.000349065850408,27.1289460659
0.0265258372048,9.63142126064e-06,0.000349065850408,27.1457772255
0.0265258372048,9.63142126064e-06,0.000349065850408,27.1623210907
0.0265258372048,9.63142126064e-06,0.000349065850408,27.1790721416
0.0265258372048,9.63142126064e-06,0.000349065850408,27.1958351135
0.0265258372048,9.63142126064e-06,0.000349065850408,27.2130410671
0.0265258372048,9.63142126064e-06,0.000349065850408,27.2289311886
0.0265258372048,9.63142126064e-06,0.000349065850408,27.2455801964
0.0265258372048,9.63142126064e-06,0.000349065850408,27.2623212337
0.0265258372048,9.63142126064e-06,0.000349065850408,27.2789580822
0.0265258372048,9.63142126064e-06,0.000349065850408,27.2954730988
0.0265258372048,9.63142126064e-06,0.000349065850408,27.312456131
0.0265258372048,9.63142126064e-06,0.000349065850408,27.3289730549
0.0265258372048,9.63142126064e-06,0.000349065850408,27.3454580307
0.0265258372048,9.63142126064e-06,0.000349065850408,27.3623812199
0.0265258372048,9.63142126064e-06,0.000349065850408,27.3788940907
0.0265258372048,9.63142126064e-06,0.000349065850408,27.3957600594
0.0265258372048,9.63142126064e-06,0.000349065850408,27.4123151302
0.0265258372048,9.63142126064e-06,0.000349065850408,27.4288930893
0.0265258372048,9.63142126064e-06,0.000349065850408,27.4455962181
0.0265258372048,9.63142126064e-06,0.000349065850408,27.4626061916
0.0265258372048,9.63142126064e-06,0.000349065850408,27.4795331955
0.0265258372048,9.63142126064e-06,0.000349065850408,27.4958400726
0.0265258372048,9.63142126064e-06,0.000349065850408,27.5131630898
0.0265258372048,9.63142126064e-06,0.000349065850408,27.5290470123
0.0265258372048,9.63142126064e-06,0.000349065850408,27.5456061363
0.0265258372048,9.63142126064e-06,0.000349065850408,27.5621790886
0.0265258372048,9.63142126064e-06,0.000349065850408,27.5790820122
0.0265258372048,9.63142126064e-06,0.000349065850408,27.5954720974
0.0265258372048,9.63142126064e-06,0.000349065850408,27.6121091843
0.0265258372048,9.63142126064e-06,0.000349065850408,27.628824234
0.0265258372048,9.63142126064e-06,0.000349065850408,27.6454570293
0.0265258372048,9.63142126064e-06,0.000349065850408,27.662774086
0.0265258372048,9.63142126064e-06,0.000349065850408,27.6798491478
0.0265258372048,9.63142126064e-06,0.000349065850408,27.6968810558
0.0265258372048,9.63142126064e-06,0.000349065850408,27.7128992081
0.0265258372048,9.63142126064e-06,0.000349065850408,27.7291181087
0.0265258372048,9.63142126064e-06,0.000349065850408,27.7457621098
0.0265258372048,9.63142126064e-06,0.000349065850408,27.7629010677
0.0265258372048,9.63142126064e-06,0.000349065850408,27.7802400589
0.0265258372048,9.63142126064e-06,0.000349065850408,27.7961380482
0.0265258372048,9.63142126064e-06,0.000349065850408,27.8137280941
0.0265258372048,9.63142126064e-06,0.000349065850408,27.8291230202
0.0265258372048,9.63142126064e-06,0.000349065850408,27.8458380699
0.0265258372048,9.63142126064e-06,0.000349065850408,27.8627841473
0.0265258372048,9.63142126064e-06,0.000349065850408,27.879139185
0.0265258372048,9.63142126064e-06,0.000349065850408,27.8986210823
0.0265258372048,9.63142126064e-06,0.000349065850408,27.9125440121
0.0265258372048,9.63142126064e-06,0.000349065850408,27.9292330742
0.0265258372048,9.63142126064e-06,0.000349065850408,27.9458780289
0.0265258372048,9.63142126064e-06,0.000349065850408,27.9631810188
0.0265258372048,9.63142126064e-06,0.000349065850408,27.9792020321
0.0265258372048,9.63142126064e-06,0.000349065850408,27.9957940578
0.0265258372048,9.63142126064e-06,0.000349065850408,28.0126760006
0.0265258372048,9.63142126064e-06,0.000349065850408,28.0295751095
0.0265258372048,9.63142126064e-06,0.000349065850408,28.0455691814
0.0265258372048,9.63142126064e-06,0.000349065850408,28.0664901733
