0,0,0,0.0613920688629
0,0,0,0.0779030323029
0,0,0,0.0947070121765
0.0,0.0,0.0,0.0107870101929
0.0,0.0,0.0,0.0274059772491
0.0,0.0,0.0,0.0438830852509
0.0,0.0,0.0,0.0606760978699
0.0,0.0,0.0,0.077399969101
0.0,0.0,0.0,0.0939939022064
0.0,0.0,0.0,0.110496997833
0.0,0.0,0.0,0.127319097519
0.0,0.0,0.0,0.14450097084
0.0,0.0,0.0,0.160546064377
0.0,0.0,0.0,0.177273988724
0.0,0.0,0.0,0.194380998611
0.0,0.0,0.0,0.210730075836
0.0,0.0,0.0,0.227792024612
0.0,0.0,0.0,0.244271993637
0.0,0.0,0.0,0.260855913162
0.0,0.0,0.0,0.277339935303
0.0,0.0,0.0,0.294019937515
0.0,0.0,0.0,0.310708045959
0.0,0.0,0.0,0.327507972717
0.0,0.0,0.0,0.344106912613
0.0,0.0,0.0,0.360878944397
0.0,0.0,0.0,0.377372980118
0.0,0.0,0.0,0.394026041031
0.0,0.0,0.0,0.410722017288
0.0,0.0,0.0,0.427350997925
0.0,0.0,0.0,0.444046974182
0.0,0.0,0.0,0.460774898529
0.0,0.0,0.0,0.477379083633
0.0,0.0,0.0,0.494519948959
0.0,0.0,0.0,0.510759115219
0.0,0.0,0.0,0.527386903763
0.0,0.0,0.0,0.544032096863
0.0,0.0,0.0,0.560756921768
0.0,0.0,0.0,0.577419042587
0.0,0.0,0.0,0.594038963318
0.0,0.0,0.0,0.610716104507
0.0,0.0,0.0,0.627535104752
0.0,0.0,0.0,0.644336938858
0.0,0.0,0.0,0.660545110703
0.0,0.0,0.0,0.677747011185
0.0,0.0,0.0,0.693911075592
0.0,0.0,0.0,0.71084690094
0.0,0.0,0.0,0.727242946625
0.0,0.0,0.0,0.744220972061
0.0,0.0,0.0,0.76057100296
0.0,0.0,0.0,0.777275085449
0.0,0.0,0.0,0.794266939163
0.0,0.0,0.0,0.810657024384
0.0,0.0,0.0,0.827459096909
0.0,0.0,0.0,0.844017982483
0.0,0.0,0.0,0.861378908157
0.0,0.0,0.0,0.877754926682
0.0,0.0,0.0,0.894489049911
0.0,0.0,0.0,0.910659074783
0.0,0.0,0.0,0.927827119827
0.0,0.0,0.0,0.944206953049
0.0,0.0,0.0,0.960840940475
0.0,0.0,0.0,0.977855920792
0.0,0.0,0.0,0.994102954865
0.0,0.0,0.0,1.01105308533
0.0,0.0,0.0,1.02784895897
0.0,0.0,0.0,1.04431509972
0.0,0.0,0.0,1.06090903282
0.0,0.0,0.0,1.0788640976
0.0,0.0,0.0,1.09407997131
0.0,0.0,0.0,1.11061096191
0.0,0.0,0.0,1.12749195099
0.0,0.0,0.0,1.14408993721
0.0,0.0,0.0,1.16146802902
0.0,0.0,0.0,1.177339077
0.0,0.0,0.0,1.19408106804
0.0,0.0,0.0,1.21082496643
0.0,0.0,0.0,1.22796010971
0.0,0.0,0.0,1.24440312386
0.0,0.0,0.0,1.26126694679
0.0,0.0,0.0,1.2773001194
0.0,0.0,0.0,1.2938849926
0.0,0.0,0.0,1.31061601639
0.0,0.0,0.0,1.32747602463
0.0,0.0,0.0,1.34398794174
0.0,0.0,0.0,1.36058092117
0.0,0.0,0.0,1.38081598282
0.0,0.0,0.0,1.3939409256
0.0,0.0,0.0,1.41062307358
0.0,0.0,0.0,1.42727589607
0.0,0.0,0.0,1.44393992424
0.0,0.0,0.0,1.46062302589
0.0,0.0,0.0,1.47735309601
0.0,0.0,0.0,1.49393796921
0.0,0.0,0.0,1.51086711884
0.0,0.0,0.0,1.52752304077
0.0,0.0,0.0,1.54410290718
0.0,0.0,0.0,1.56069302559
0.0,0.0,0.0,1.57731890678
0.0,0.0,0.0,1.59440612793
0.0,0.0,0.0,1.61081409454
0.0,0.0,0.0,1.62799906731
0.0,0.0,0.0,1.64434790611
0.0,0.0,0.0,1.66294503212
0.0,0.0,0.0,1.67764997482
0.0,0.0,0.0,1.69449496269
0.0,0.0,0.0,1.71074295044
0.0,0.0,0.0,1.72804403305
0.0,0.0,0.0,1.74423503876
0.0,0.0,0.0,1.76088809967
0.0,0.0,0.0,1.77726101875
0.0,0.0,0.0,1.79409790039
0.0,0.0,0.0,1.81081104279
0.0,0.0,0.0,1.82753396034
0.0,0.0,0.0,1.84399199486
0.0,0.0,0.0,1.86057090759
0.0,0.0,0.0,1.87753796577
0.0,0.0,0.0,1.89493489265
0.0,0.0,0.0,1.91059207916
0.0,0.0,0.0,1.92756891251
0.0,0.0,0.0,1.94400596619
0.0,0.0,0.0,1.96079802513
0.0,0.0,0.0,1.97719597816
0.0,0.0,0.0,1.99408602715
0.0,0.0,0.0,2.01090407372
0.0,0.0,0.0,2.02745103836
0.0,0.0,0.0,2.04413199425
0.0,0.0,0.0,2.06071400642
0.0,0.0,0.0,2.07731103897
0.0,0.0,0.0,2.09420895576
0.0,0.0,0.0,2.11070108414
0.0,0.0,0.0,2.1276268959
0.0,0.0,0.0,2.14409399033
0.0,0.0,0.0,2.16078400612
0.0,0.0,0.0,2.17749810219
0.0,0.0,0.0,2.19441699982
0.0,0.0,0.0,2.21137905121
0.0,0.0,0.0,2.22757101059
0.0,0.0,0.0,2.24400496483
0.0,0.0,0.0,2.26076006889
0.0,0.0,0.0,2.277354002
0.0,0.0,0.0,2.29451298714
0.0,0.0,0.0,2.31073594093
0.0,0.0,0.0,2.32909607887
0.0,0.0,0.0,2.3441119194
0.0,0.0,0.0,2.36254191399
0.0,0.0,0.0,2.37732410431
0.0,0.0,0.0,2.39424395561
0.0,0.0,0.0,2.41095304489
0.0,0.0,0.0,2.42757606506
0.0,0.0,0.0,2.44409012794
0.0,0.0,0.0,2.46063089371
0.0,0.0,0.0,2.47723793983
0.0,0.0,0.0,2.49447011948
0.0,0.0,0.0,2.51116704941
0.0,0.0,0.0,2.5299050808
0.0,0.0,0.0,2.54420495033
0.0,0.0,0.0,2.56088995934
0.0,0.0,0.0,2.57732105255
0.0,0.0,0.0,2.59409308434
0.0,0.0,0.0,2.61078310013
0.0,0.0,0.0,2.62722802162
0.0,0.0,0.0,2.6440050602
0.0,0.0,0.0,2.66125392914
0.0,0.0,0.0,2.67740702629
0.0,0.0,0.0,2.69432091713
0.0,0.0,0.0,2.71052002907
0.0,0.0,0.0,2.72758793831
0.0,0.0,0.0,2.74410605431
0.0,0.0,0.0,2.76094603539
0.0,0.0,0.0,2.77752399445
0.0,0.0,0.0,2.79415798187
0.0,0.0,0.0,2.81075191498
0.0,0.0,0.0,2.8274641037
0.0,0.0,0.0,2.84505605698
0.0,0.0,0.0,2.86109805107
0.0,0.0,0.0,2.87746310234
0.0,0.0,0.0,2.89433002472
0.0,0.0,0.0,2.91071891785
0.0,0.0,0.0,2.92725610733
0.0,0.0,0.0,2.94403409958
0.0,0.0,0.0,2.96091198921
0.0,0.0,0.0,2.97748303413
0.0,0.0,0.0,2.99420809746
0.0,0.0,0.0,3.01080012321
0.0,0.0,0.0,3.02758193016
0.0,0.0,0.0,3.04447507858
0.0,0.0,0.0,3.0610101223
0.0,0.0,0.0,3.07760906219
0.0,0.0,0.0,3.09454512596
0.0,0.0,0.0,3.11080503464
0.0,0.0,0.0,3.12759995461
0.0,0.0,0.0,3.14405202866
0.0,0.0,0.0,3.16132307053
0.0,0.0,0.0,3.17793703079
0.0,0.0,0.0,3.19407510757
0.0,0.0,0.0,3.21078801155
0.0,0.0,0.0,3.22760510445
0.0,0.0,0.0,3.24418210983
0.0,0.0,0.0,3.26172208786
0.0,0.0,0.0,3.27739310265
0.0,0.0,0.0,3.29493689537
0.0,0.0,0.0,3.31076407433
0.0,0.0,0.0,3.33109998703
0.0,0.0,0.0,3.34448289871
0.0,0.0,0.0,3.36295890808
0.0,0.0,0.0,3.3777050972
0.0,0.0,0.0,3.39427804947
0.0,0.0,0.0,3.41088008881
0.0,0.0,0.0,3.42756891251
0.0,0.0,0.0,3.44427204132
0.0,0.0,0.0,3.46229290962
0.0,0.0,0.0,3.47732591629
0.0,0.0,0.0,3.49530005455
0.0,0.0,0.0,3.51072502136
0.0,0.0,0.0,3.52972006798
0.0,0.0,0.0,3.54490995407
0.0,0.0,0.0,3.56297397614
0.0,0.0,0.0,3.57742905617
0.0,0.0,0.0,3.59452295303
0.0,0.0,0.0,3.61087298393
0.0,0.0,0.0,3.62731099129
0.0,0.0,0.0,3.64430999756
0.0,0.0,0.0,3.66114091873
0.0,0.0,0.0,3.67755103111
0.0,0.0,0.0,3.69437289238
0.0,0.0,0.0,3.71081209183
0.0,0.0,0.0,3.72910308838
0.0,0.0,0.0,3.74399995804
0.0,0.0,0.0,3.76133108139
0.0,0.0,0.0,3.77770495415
0.0,0.0,0.0,3.79435110092
0.0,0.0,0.0,3.81084704399
0.0,0.0,0.0,3.82778406143
0.0,0.0,0.0,3.85210609436
0.0,0.0,0.0,3.86082005501
0.0,0.0,0.0,3.87797498703
0.0,0.0,0.0,3.8949649334
0.0,0.0,0.0,3.91120195389
0.0,0.0,0.0,3.92943811417
0.0,0.0,0.0,3.94422912598
0.0,0.0,0.0,3.96212100983
0.0,0.0,0.0,3.97746896744
0.0,0.0,0.0,3.99428105354
0.0,0.0,0.0,4.01072907448
0.0,0.0,0.0,4.029088974
0.0,0.0,0.0,4.04404592514
0.0,0.0,0.0,4.06228399277
0.0,0.0,0.0,4.0775179863
0.0,0.0,0.0,4.09493494034
0.0,0.0,0.0,4.1114859581
0.0,0.0,0.0,4.12929391861
0.0,0.0,0.0,4.14412498474
0.0,0.0,0.0,4.16076493263
0.0,0.0,0.0,4.17726492882
0.0,0.0,0.0,4.19394111633
0.0,0.0,0.0,4.21063709259
0.0,0.0,0.0,4.22746992111
0.0,0.0,0.0,4.24400210381
0.0,0.0,0.0,4.26282095909
0.0,0.0,0.0,4.27726602554
0.0,0.0,0.0,4.2938990593
0.0,0.0,0.0,4.31058192253
0.0,0.0,0.0,4.3273370266
0.0,0.0,0.0,4.34412407875
0.0,0.0,0.0,4.36332392693
0.0,0.0,0.0,4.37721204758
0.0,0.0,0.0,4.39390492439
0.0,0.0,0.0,4.41070890427
0.0,0.0,0.0,4.42756295204
0.0,0.0,0.0,4.44406104088
0.0,0.0,0.0,4.46063804626
0.0,0.0,0.0,4.47737693787
0.0,0.0,0.0,4.49398994446
0.0,0.0,0.0,4.51069092751
0.0,0.0,0.0,4.52736091614
0.0,0.0,0.0,4.54404711723
0.0,0.0,0.0,4.56064796448
0.0,0.0,0.0,4.57737994194
0.0,0.0,0.0,4.59406304359
0.0,0.0,0.0,4.6107211113
0.0,0.0,0.0,4.62741994858
0.0,0.0,0.0,4.64402604103
0.0,0.0,0.0,4.66062092781
0.0,0.0,0.0,4.67735409737
0.0,0.0,0.0,4.69398999214
0.0,0.0,0.0,4.71067500114
0.0,0.0,0.0,4.72736692429
0.0,0.0,0.0,4.74549508095
0.0,0.0,0.0,4.76062011719
0.0,0.0,0.0,4.77739310265
0.0,0.0,0.0,4.79402399063
0.0,0.0,0.0,4.8107008934
0.0,0.0,0.0,4.8273460865
0.0,0.0,0.0,4.84404301643
0.0,0.0,0.0,4.86066198349
0.0,0.0,0.0,4.87737894058
0.0,0.0,0.0,4.89399909973
0.0,0.0,0.0,4.91070508957
0.0,0.0,0.0,4.927339077
0.0,0.0,0.0,4.94403505325
0.0,0.0,0.0,4.96069002151
0.0,0.0,0.0,4.97739005089
0.0,0.0,0.0,4.99399209023
0.0,0.0,0.0,5.01077008247
0.0,0.0,0.0,5.02780389786
0.0,0.0,0.0,5.04460811615
0.0,0.0,0.0,5.06333112717
0.0,0.0,0.0,5.07744908333
0.0,0.0,0.0,5.09481811523
0.0,0.0,0.0,5.11096906662
0.0,0.0,0.0,5.12752890587
0.0,0.0,0.0,5.14484190941
0.0,0.0,0.0,5.16432499886
0.0,0.0,0.0,5.17748212814
0.0,0.0,0.0,5.19414496422
0.0,0.0,0.0,5.21087002754
0.0,0.0,0.0,5.22743606567
0.0,0.0,0.0,5.2444229126
0.0,0.0,0.0,5.2609770298
0.0,0.0,0.0,5.27745103836
0.0,0.0,0.0,5.2942109108
0.0,0.0,0.0,5.3108921051
0.0,0.0,0.0,5.32744312286
0.0,0.0,0.0,5.34412312508
0.0,0.0,0.0,5.36069703102
0.0,0.0,0.0,5.37729692459
0.0,0.0,0.0,5.39413690567
0.0,0.0,0.0,5.41067790985
0.0,0.0,0.0,5.4275829792
0.0,0.0,0.0,5.44400191307
0.0,0.0,0.0,5.46060299873
0.0,0.0,0.0,5.47747993469
0.0,0.0,0.0,5.49456095695
0.0,0.0,0.0,5.51073789597
0.0,0.0,0.0,5.52753901482
0.0,0.0,0.0,5.54518508911
0.0,0.0,0.0,5.56148195267
0.0,0.0,0.0,5.57741308212
0.0,0.0,0.0,5.5942940712
0.0,0.0,0.0,5.61098790169
0.0,0.0,0.0,5.62741994858
0.0,0.0,0.0,5.6440320015
0.0,0.0,0.0,5.66139411926
0.0,0.0,0.0,5.6783759594
0.0,0.0,0.0,5.69556307793
0.0,0.0,0.0,5.71082305908
0.0,0.0,0.0,5.72893309593
0.0,0.0,0.0,5.74458503723
0.0,0.0,0.0,5.76208806038
0.0,0.0,0.0,5.7774848938
0.0,0.0,0.0,5.79539108276
0.0,0.0,0.0,5.81151795387
0.0,0.0,0.0,5.82891607285
0.0,0.0,0.0,5.84395289421
0.0,0.0,0.0,5.86206197739
0.0,0.0,0.0,5.87755894661
0.0,0.0,0.0,5.89507699013
0.0,0.0,0.0,5.91158103943
0.0,0.0,0.0,5.92864012718
0.0,0.0,0.0,5.94517207146
0.0,0.0,0.0,5.96258997917
0.0,0.0,0.0,5.97844409943
0.0,0.0,0.0,5.99424099922
0.0,0.0,0.0,6.01083612442
0.0,0.0,0.0,6.02771401405
0.0,0.0,0.0,6.04406809807
0.0,0.0,0.0,6.06243991852
0.0,0.0,0.0,6.07738804817
0.0,0.0,0.0,6.09449100494
0.0,0.0,0.0,6.11088895798
0.0,0.0,0.0,6.12763094902
0.0,0.0,0.0,6.14475393295
0.0,0.0,0.0,6.1618950367
0.0,0.0,0.0,6.17746496201
0.0,0.0,0.0,6.19509410858
0.0,0.0,0.0,6.21083903313
0.0,0.0,0.0,6.22774910927
0.0,0.0,0.0,6.24419212341
0.0,0.0,0.0,6.26194596291
0.0,0.0,0.0,6.27759099007
0.0,0.0,0.0,6.29537892342
0.0,0.0,0.0,6.31142902374
0.0,0.0,0.0,6.32843995094
0.0,0.0,0.0,6.3449010849
0.0,0.0,0.0,6.36257600784
0.0,0.0,0.0,6.37821698189
0.0,0.0,0.0,6.39517402649
0.0,0.0,0.0,6.4119489193
0.0,0.0,0.0,6.42755007744
0.0,0.0,0.0,6.44464707375
0.0,0.0,0.0,6.46239709854
0.0,0.0,0.0,6.47829389572
0.0,0.0,0.0,6.4944319725
0.0,0.0,0.0,6.51068091393
0.0,0.0,0.0,6.52764010429
0.0,0.0,0.0,6.54420304298
0.0,0.0,0.0,6.56093192101
0.0,0.0,0.0,6.57744693756
0.0,0.0,0.0,6.59442591667
0.0,0.0,0.0,6.61131191254
0.0,0.0,0.0,6.62768697739
0.0,0.0,0.0,6.64467191696
0.0,0.0,0.0,6.66080307961
0.0,0.0,0.0,6.67773604393
0.0,0.0,0.0,6.6943590641
0.0,0.0,0.0,6.71070408821
0.0,0.0,0.0,6.72761893272
0.0,0.0,0.0,6.74419498444
0.0,0.0,0.0,6.76106309891
0.0,0.0,0.0,6.77733707428
0.0,0.0,0.0,6.79449295998
0.0,0.0,0.0,6.81080412865
0.0,0.0,0.0,6.82775211334
0.0,0.0,0.0,6.84424901009
0.0,0.0,0.0,6.86162900925
0.0,0.0,0.0,6.87750697136
0.0,0.0,0.0,6.89531898499
0.0,0.0,0.0,6.91092991829
0.0,0.0,0.0,6.9274160862
0.0,0.0,0.0,6.94481492043
0.0,0.0,0.0,6.96233391762
0.0,0.0,0.0,6.97784900665
0.0,0.0,0.0,6.99429893494
0.0,0.0,0.0,7.01093792915
0.0,0.0,0.0,7.02776694298
0.0,0.0,0.0,7.0458741188
0.0,0.0,0.0,7.06090807915
0.0,0.0,0.0,7.0774641037
0.0,0.0,0.0,7.09426593781
0.0,0.0,0.0,7.11084699631
0.0,0.0,0.0,7.12756705284
0.0,0.0,0.0,7.14430809021
0.0,0.0,0.0,7.16211009026
0.0,0.0,0.0,7.17867898941
0.0,0.0,0.0,7.19452190399
0.0,0.0,0.0,7.21081495285
0.0,0.0,0.0,7.22766304016
0.0,0.0,0.0,7.24410295486
0.0,0.0,0.0,7.26360201836
0.0,0.0,0.0,7.27857208252
0.0,0.0,0.0,7.29524803162
0.0,0.0,0.0,7.31126403809
0.0,0.0,0.0,7.32912898064
0.0,0.0,0.0,7.34537601471
0.0,0.0,0.0,7.36318707466
0.0,0.0,0.0,7.37736392021
0.0,0.0,0.0,7.39411711693
0.0,0.0,0.0,7.41249895096
0.0,0.0,0.0,7.42781996727
0.0,0.0,0.0,7.4448800087
0.0,0.0,0.0,7.46225404739
0.0,0.0,0.0,7.47726202011
0.0,0.0,0.0,7.4943048954
0.0,0.0,0.0,7.5107960701
0.0,0.0,0.0,7.52854299545
0.0,0.0,0.0,7.54487609863
0.0,0.0,0.0,7.56282305717
0.0,0.0,0.0,7.57754206657
0.0,0.0,0.0,7.59434008598
0.0,0.0,0.0,7.6108109951
0.0,0.0,0.0,7.62759590149
0.0,0.0,0.0,7.64478111267
0.0,0.0,0.0,7.66090989113
0.0,0.0,0.0,7.67762804031
0.0,0.0,0.0,7.69521999359
0.0,0.0,0.0,7.71093797684
0.0,0.0,0.0,7.72976398468
0.0,0.0,0.0,7.74395990372
0.0,0.0,0.0,7.76063394547
0.0,0.0,0.0,7.77728891373
0.0,0.0,0.0,7.79442191124
0.0,0.0,0.0,7.81119394302
0.0,0.0,0.0,7.82758498192
0.0,0.0,0.0,7.84526395798
0.0,0.0,0.0,7.86162805557
0.0,0.0,0.0,7.87795209885
0.0,0.0,0.0,7.89552092552
0.0,0.0,0.0,7.91079807281
0.0,0.0,0.0,7.92897391319
0.0,0.0,0.0,7.94425296783
0.0,0.0,0.0,7.96196007729
0.0,0.0,0.0,7.97786998749
0.0,0.0,0.0,7.99416399002
0.0,0.0,0.0,8.01116609573
0.0,0.0,0.0,8.02789711952
0.0,0.0,0.0,8.04477906227
0.0,0.0,0.0,8.06163692474
0.0,0.0,0.0,8.0777759552
0.0,0.0,0.0,8.09435391426
0.0,0.0,0.0,8.11080694199
0.0,0.0,0.0,8.12743592262
0.0,0.0,0.0,8.14600610733
Actuacion(lineal,angular) = 0.0399985790253,0.0
0.0,0.0,0.0,8.16179299355
0.0,0.0,0.0,8.17765903473
0.0,0.0,0.0,8.19434499741
0.0,0.0,0.0,8.21107292175
0.0,0.0,0.0,8.22756695747
0.0,0.0,0.0,8.24446296692
0.0,0.0,0.0,8.26183009148
0.0,0.0,0.0,8.27731609344
0.0,0.0,0.0,8.29560709
0.0,0.0,0.0,8.31115698814
8.52920883323e-05,-2.79553059846e-16,-0.0001745329252,8.3281390667
0.000341168349437,-4.46588328442e-08,-0.0001745329252,8.34404611588
Actuacion(lineal,angular) = 0.0799841880798,0.00023121006482
0.000341168349437,-4.46588328442e-08,-0.0001745329252,8.36127591133
0.000341168349437,-4.46588328442e-08,-0.0001745329252,8.3775229454
0.00089556691516,-1.41419637287e-07,-0.0001745329252,8.39441299438
0.00089556691516,-1.41419637287e-07,-0.0001745329252,8.41061592102
0.00089556691516,-1.41419637287e-07,-0.0001745329252,8.4302239418
0.00089556691516,-1.41419637287e-07,-0.0001745329252,8.44411993027
0.00243082448178,-4.09372634176e-07,0.0,8.46704101562
0.00243082448178,-4.09372634176e-07,0.0,8.47733712196
0.00243082448178,-4.09372634176e-07,0.0,8.49449300766
0.00243082448178,-4.09372634176e-07,0.0,8.51078701019
0.00443518855762,-4.09372634456e-07,0.000174532925199,8.53041696548
0.00443518855762,-4.09372634456e-07,0.000174532925199,8.54405808449
0.00443518855762,-4.09372634456e-07,0.000174532925199,8.56192708015
0.00746305764734,1.19090220345e-07,0.000349065850401,8.57728910446
0.00746305764734,1.19090220345e-07,0.000349065850401,8.59420990944
0.00746305764734,1.19090220345e-07,0.000349065850401,8.61083507538
0.00746305764734,1.19090220345e-07,0.000349065850401,8.62741112709
0.0102350503493,1.08669824935e-06,0.000523598775597,8.64398789406
0.0102350503493,1.08669824935e-06,0.000523598775597,8.66071200371
0.0102350503493,1.08669824935e-06,0.000523598775597,8.67728900909
0.0131349809551,2.60509850273e-06,0.000349065850401,8.69412493706
0.0131349809551,2.60509850273e-06,0.000349065850401,8.71063399315
0.0131349809551,2.60509850273e-06,0.000349065850401,8.72742795944
0.0131349809551,2.60509850273e-06,0.000349065850401,8.74412298203
0.0157790355324,3.52804769995e-06,0.000349065850401,8.76093697548
0.0157790355324,3.52804769995e-06,0.000349065850401,8.77742409706
0.0157790355324,3.52804769995e-06,0.000349065850401,8.79434990883
0.0157790355324,3.52804769995e-06,0.000349065850401,8.81083893776
0.0189348426085,4.62963222529e-06,0.000523598775597,8.82754993439
0.0189348426085,4.62963222529e-06,0.000523598775597,8.84409809113
0.0189348426085,4.62963222529e-06,0.000523598775597,8.86092495918
0.0218347732143,6.14803247866e-06,0.000698131700796,8.87740492821
0.0228582780249,6.8625737488e-06,0.000523598775597,8.89441490173
0.0228582780249,6.8625737488e-06,0.000523598775597,8.91076898575
0.0228582780249,6.8625737488e-06,0.000523598775597,8.92729592323
0.0228582780249,6.8625737488e-06,0.000523598775597,8.9441280365
0.025672916554,8.33631517129e-06,0.000872664625998,8.96718096733
0.0267390672523,9.26670740802e-06,0.000872664625998,8.97736096382
0.0267390672523,9.26670740802e-06,0.000872664625998,8.99528002739
0.0267390672523,9.26670740802e-06,0.000872664625998,9.01073503494
0.0267390672523,9.26670740802e-06,0.000872664625998,9.02755093575
0.029894873319,1.2020668428e-05,0.0010471975512,9.04411792755
0.029894873319,1.2020668428e-05,0.0010471975512,9.0615439415
0.029894873319,1.2020668428e-05,0.0010471975512,9.07739090919
0.0313021920048,1.34944096482e-05,0.000523598775597,9.09411811829
0.0313021920048,1.34944096482e-05,0.000523598775597,9.11068511009
0.0313021920048,1.34944096482e-05,0.000523598775597,9.1276819706
0.0313021920048,1.34944096482e-05,0.000523598775597,9.14427304268
0.0315580682347,1.36283861411e-05,0.0010471975512,9.16138291359
0.0315580682347,1.36283861411e-05,0.0010471975512,9.17771291733
0.0315580682347,1.36283861411e-05,0.0010471975512,9.19454789162
0.0315580682347,1.36283861411e-05,0.000698131700796,9.21103692055
0.0315580682347,1.36283861411e-05,0.000698131700796,9.2290520668
0.0315580682347,1.36283861411e-05,0.000698131700796,9.244120121
0.0315580682347,1.36283861411e-05,0.000698131700796,9.26074504852
0.0313874840996,1.35092959293e-05,0.000698131700796,9.27729201317
0.0313874840996,1.35092959293e-05,0.000698131700796,9.29760193825
0.0313874840996,1.35092959293e-05,0.000698131700796,9.31115102768
0.0313874840996,1.35092959293e-05,0.000698131700796,9.32890892029
0.0313874840996,1.35092959293e-05,0.000698131700796,9.34410691261
0.0313874840996,1.35092959293e-05,0.000698131700796,9.36186099052
0.0313874840996,1.35092959293e-05,0.000698131700796,9.37746596336
0.0313874840996,1.35092959293e-05,0.000698131700796,9.39693403244
0.0313874840996,1.35092959293e-05,0.000698131700796,9.41074705124
0.0313874840996,1.35092959293e-05,0.000698131700796,9.4275290966
0.0313874840996,1.35092959293e-05,0.000698131700796,9.44418811798
0.0313874840996,1.35092959293e-05,0.000698131700796,9.46078705788
0.0313874840996,1.35092959293e-05,0.000698131700796,9.47746396065
0.0313874840996,1.35092959293e-05,0.000698131700796,9.49662303925
0.0313874840996,1.35092959293e-05,0.000698131700796,9.51062393188
0.0313874840996,1.35092959293e-05,0.000698131700796,9.52755403519
0.0313874840996,1.35092959293e-05,0.000698131700796,9.54417490959
0.0313874840996,1.35092959293e-05,0.000698131700796,9.5617480278
0.0313874840996,1.35092959293e-05,0.000698131700796,9.57757902145
0.0313874840996,1.35092959293e-05,0.000698131700796,9.59708595276
0.0313874840996,1.35092959293e-05,0.000698131700796,9.61076211929
0.0313874840996,1.35092959293e-05,0.000698131700796,9.62764406204
0.0313874840996,1.35092959293e-05,0.000698131700796,9.64447307587
0.0313874840996,1.35092959293e-05,0.000698131700796,9.66101002693
0.0313874840996,1.35092959293e-05,0.000698131700796,9.6774699688
0.0313874840996,1.35092959293e-05,0.000698131700796,9.6940100193
0.0313874840996,1.35092959293e-05,0.000698131700796,9.71081590652
0.0313874840996,1.35092959293e-05,0.000698131700796,9.72831296921
0.0313874840996,1.35092959293e-05,0.000698131700796,9.74413704872
0.0313874840996,1.35092959293e-05,0.000698131700796,9.7616250515
0.0313874840996,1.35092959293e-05,0.000698131700796,9.77835893631
0.0313874840996,1.35092959293e-05,0.000698131700796,9.79428100586
0.0313874840996,1.35092959293e-05,0.000698131700796,9.81089711189
0.0313874840996,1.35092959293e-05,0.000698131700796,9.82766890526
0.0313874840996,1.35092959293e-05,0.000698131700796,9.8441259861
0.0313874840996,1.35092959293e-05,0.000698131700796,9.86189007759
0.0313874840996,1.35092959293e-05,0.000698131700796,9.87739300728
0.0313874840996,1.35092959293e-05,0.000698131700796,9.897605896
0.0313874840996,1.35092959293e-05,0.000698131700796,9.91092610359
0.0313874840996,1.35092959293e-05,0.000698131700796,9.92758202553
0.0313874840996,1.35092959293e-05,0.000698131700796,9.94474601746
0.0313874840996,1.35092959293e-05,0.000698131700796,9.96781492233
0.0313874840996,1.35092959293e-05,0.000698131700796,9.97754502296
0.0313874840996,1.35092959293e-05,0.000698131700796,9.99409890175
0.0313874840996,1.35092959293e-05,0.000698131700796,10.0109000206
0.0313874840996,1.35092959293e-05,0.000698131700796,10.0272870064
0.0313874840996,1.35092959293e-05,0.000698131700796,10.0440900326
0.0313874840996,1.35092959293e-05,0.000698131700796,10.0610620975
0.0313874840996,1.35092959293e-05,0.000698131700796,10.0775640011
0.0313874840996,1.35092959293e-05,0.000698131700796,10.0943140984
0.0313874840996,1.35092959293e-05,0.000698131700796,10.1106870174
0.0313874840996,1.35092959293e-05,0.000698131700796,10.1296420097
0.0313874840996,1.35092959293e-05,0.000698131700796,10.144701004
0.0313874840996,1.35092959293e-05,0.000698131700796,10.1627681255
0.0313874840996,1.35092959293e-05,0.000698131700796,10.1773769855
0.0313874840996,1.35092959293e-05,0.000698131700796,10.1950259209
0.0313874840996,1.35092959293e-05,0.000698131700796,10.2131099701
0.0313874840996,1.35092959293e-05,0.000698131700796,10.2307610512
0.0313874840996,1.35092959293e-05,0.000698131700796,10.2476630211
0.0313874840996,1.35092959293e-05,0.000698131700796,10.262638092
0.0313874840996,1.35092959293e-05,0.000698131700796,10.2783229351
0.0313874840996,1.35092959293e-05,0.000698131700796,10.2949690819
0.0313874840996,1.35092959293e-05,0.000698131700796,10.3106720448
0.0313874840996,1.35092959293e-05,0.000698131700796,10.3274900913
0.0313874840996,1.35092959293e-05,0.000698131700796,10.3452830315
0.0313874840996,1.35092959293e-05,0.000698131700796,10.3618268967
0.0313874840996,1.35092959293e-05,0.000698131700796,10.3775401115
0.0313874840996,1.35092959293e-05,0.000698131700796,10.3942000866
0.0313874840996,1.35092959293e-05,0.000698131700796,10.4108400345
0.0313874840996,1.35092959293e-05,0.000698131700796,10.4280669689
0.0313874840996,1.35092959293e-05,0.000698131700796,10.4440450668
0.0313874840996,1.35092959293e-05,0.000698131700796,10.4610190392
0.0313874840996,1.35092959293e-05,0.000698131700796,10.4774539471
0.0313874840996,1.35092959293e-05,0.000698131700796,10.4941730499
0.0313874840996,1.35092959293e-05,0.000698131700796,10.5109400749
0.0313874840996,1.35092959293e-05,0.000698131700796,10.5274801254
0.0313874840996,1.35092959293e-05,0.000698131700796,10.5445549488
0.0313874840996,1.35092959293e-05,0.000698131700796,10.5610749722
0.0313874840996,1.35092959293e-05,0.000698131700796,10.5777750015
0.0313874840996,1.35092959293e-05,0.000698131700796,10.5944130421
0.0313874840996,1.35092959293e-05,0.000698131700796,10.6107439995
0.0313874840996,1.35092959293e-05,0.000698131700796,10.6275091171
0.0313874840996,1.35092959293e-05,0.000698131700796,10.6440711021
0.0313874840996,1.35092959293e-05,0.000698131700796,10.6614789963
0.0313874840996,1.35092959293e-05,0.000698131700796,10.6774089336
0.0313874840996,1.35092959293e-05,0.000698131700796,10.6960759163
0.0313874840996,1.35092959293e-05,0.000698131700796,10.7106490135
0.0313874840996,1.35092959293e-05,0.000698131700796,10.7276730537
0.0313874840996,1.35092959293e-05,0.000698131700796,10.7439920902
0.0313874840996,1.35092959293e-05,0.000698131700796,10.7606630325
0.0313874840996,1.35092959293e-05,0.000698131700796,10.7774310112
0.0313874840996,1.35092959293e-05,0.000698131700796,10.7941179276
0.0313874840996,1.35092959293e-05,0.000698131700796,10.8105680943
0.0313874840996,1.35092959293e-05,0.000698131700796,10.8276779652
0.0313874840996,1.35092959293e-05,0.000698131700796,10.844192028
0.0313874840996,1.35092959293e-05,0.000698131700796,10.8620231152
0.0313874840996,1.35092959293e-05,0.000698131700796,10.8774850368
0.0313874840996,1.35092959293e-05,0.000698131700796,10.8971540928
0.0313874840996,1.35092959293e-05,0.000698131700796,10.910820961
0.0313874840996,1.35092959293e-05,0.000698131700796,10.927685976
0.0313874840996,1.35092959293e-05,0.000698131700796,10.9442028999
0.0313874840996,1.35092959293e-05,0.000698131700796,10.9611740112
0.0313874840996,1.35092959293e-05,0.000698131700796,10.9782650471
0.0313874840996,1.35092959293e-05,0.000698131700796,10.9940841198
0.0313874840996,1.35092959293e-05,0.000698131700796,11.0106699467
0.0313874840996,1.35092959293e-05,0.000698131700796,11.0276720524
0.0313874840996,1.35092959293e-05,0.000698131700796,11.044205904
0.0313874840996,1.35092959293e-05,0.000698131700796,11.0606949329
0.0313874840996,1.35092959293e-05,0.000698131700796,11.0773479939
0.0313874840996,1.35092959293e-05,0.000698131700796,11.0966660976
0.0313874840996,1.35092959293e-05,0.000698131700796,11.1109230518
0.0313874840996,1.35092959293e-05,0.000698131700796,11.1275401115
0.0313874840996,1.35092959293e-05,0.000698131700796,11.1446731091
0.0313874840996,1.35092959293e-05,0.000698131700796,11.1607830524
0.0313874840996,1.35092959293e-05,0.000698131700796,11.1774470806
0.0313874840996,1.35092959293e-05,0.000698131700796,11.1943728924
0.0313874840996,1.35092959293e-05,0.000698131700796,11.2106471062
0.0313874840996,1.35092959293e-05,0.000698131700796,11.2280089855
0.0313874840996,1.35092959293e-05,0.000698131700796,11.2440800667
0.0313874840996,1.35092959293e-05,0.000698131700796,11.2613348961
0.0313874840996,1.35092959293e-05,0.000698131700796,11.277381897
0.0313874840996,1.35092959293e-05,0.000698131700796,11.2943959236
0.0313874840996,1.35092959293e-05,0.000698131700796,11.3107669353
0.0313874840996,1.35092959293e-05,0.000698131700796,11.3275609016
0.0313874840996,1.35092959293e-05,0.000698131700796,11.344217062
0.0313874840996,1.35092959293e-05,0.000698131700796,11.3617310524
0.0313874840996,1.35092959293e-05,0.000698131700796,11.3775150776
0.0313874840996,1.35092959293e-05,0.000698131700796,11.3941860199
0.0313874840996,1.35092959293e-05,0.000698131700796,11.4106659889
0.0313874840996,1.35092959293e-05,0.000698131700796,11.4275360107
0.0313874840996,1.35092959293e-05,0.000698131700796,11.4439849854
0.0313874840996,1.35092959293e-05,0.000698131700796,11.4606499672
0.0313874840996,1.35092959293e-05,0.000698131700796,11.4776120186
0.0313874840996,1.35092959293e-05,0.000698131700796,11.494040966
0.0313874840996,1.35092959293e-05,0.000698131700796,11.5108010769
0.0313874840996,1.35092959293e-05,0.000698131700796,11.5277929306
0.0313874840996,1.35092959293e-05,0.000698131700796,11.5438799858
0.0313874840996,1.35092959293e-05,0.000698131700796,11.5606100559
0.0313874840996,1.35092959293e-05,0.000698131700796,11.5776031017
0.0313874840996,1.35092959293e-05,0.000698131700796,11.5943291187
0.0313874840996,1.35092959293e-05,0.000698131700796,11.6110069752
0.0313874840996,1.35092959293e-05,0.000698131700796,11.6275129318
0.0313874840996,1.35092959293e-05,0.000698131700796,11.6444420815
0.0313874840996,1.35092959293e-05,0.000698131700796,11.662019968
0.0313874840996,1.35092959293e-05,0.000698131700796,11.6775279045
0.0313874840996,1.35092959293e-05,0.000698131700796,11.6963059902
0.0313874840996,1.35092959293e-05,0.000698131700796,11.7106630802
0.0313874840996,1.35092959293e-05,0.000698131700796,11.7273199558
0.0313874840996,1.35092959293e-05,0.000698131700796,11.7443959713
0.0313874840996,1.35092959293e-05,0.000698131700796,11.7606871128
0.0313874840996,1.35092959293e-05,0.000698131700796,11.7775499821
0.0313874840996,1.35092959293e-05,0.000698131700796,11.7943379879
0.0313874840996,1.35092959293e-05,0.000698131700796,11.8115930557
0.0313874840996,1.35092959293e-05,0.000698131700796,11.827575922
0.0313874840996,1.35092959293e-05,0.000698131700796,11.8442060947
0.0313874840996,1.35092959293e-05,0.000698131700796,11.8607060909
0.0313874840996,1.35092959293e-05,0.000698131700796,11.8786649704
0.0313874840996,1.35092959293e-05,0.000698131700796,11.8965439796
0.0313874840996,1.35092959293e-05,0.000698131700796,11.9107151031
0.0313874840996,1.35092959293e-05,0.000698131700796,11.9273741245
0.0313874840996,1.35092959293e-05,0.000698131700796,11.9442920685
0.0313874840996,1.35092959293e-05,0.000698131700796,11.9607989788
0.0313874840996,1.35092959293e-05,0.000698131700796,11.9783449173
0.0313874840996,1.35092959293e-05,0.000698131700796,11.9959909916
0.0313874840996,1.35092959293e-05,0.000698131700796,12.0106580257
0.0313874840996,1.35092959293e-05,0.000698131700796,12.0274009705
0.0313874840996,1.35092959293e-05,0.000698131700796,12.044080019
0.0313874840996,1.35092959293e-05,0.000698131700796,12.0613210201
0.0313874840996,1.35092959293e-05,0.000698131700796,12.0773129463
0.0313874840996,1.35092959293e-05,0.000698131700796,12.0941059589
0.0313874840996,1.35092959293e-05,0.000698131700796,12.1108899117
0.0313874840996,1.35092959293e-05,0.000698131700796,12.1275269985
0.0313874840996,1.35092959293e-05,0.000698131700796,12.1447350979
0.0313874840996,1.35092959293e-05,0.000698131700796,12.1608469486
0.0313874840996,1.35092959293e-05,0.000698131700796,12.1774690151
0.0313874840996,1.35092959293e-05,0.000698131700796,12.1941320896
0.0313874840996,1.35092959293e-05,0.000698131700796,12.2106430531
0.0313874840996,1.35092959293e-05,0.000698131700796,12.2274179459
0.0313874840996,1.35092959293e-05,0.000698131700796,12.2440109253
0.0313874840996,1.35092959293e-05,0.000698131700796,12.2609751225
0.0313874840996,1.35092959293e-05,0.000698131700796,12.2775759697
0.0313874840996,1.35092959293e-05,0.000698131700796,12.2943439484
0.0313874840996,1.35092959293e-05,0.000698131700796,12.310849905
0.0313874840996,1.35092959293e-05,0.000698131700796,12.3286569118
0.0313874840996,1.35092959293e-05,0.000698131700796,12.3440520763
0.0313874840996,1.35092959293e-05,0.000698131700796,12.3610420227
0.0313874840996,1.35092959293e-05,0.000698131700796,12.3774909973
0.0313874840996,1.35092959293e-05,0.000698131700796,12.394149065
0.0313874840996,1.35092959293e-05,0.000698131700796,12.4106860161
0.0313874840996,1.35092959293e-05,0.000698131700796,12.4274101257
0.0313874840996,1.35092959293e-05,0.000698131700796,12.4453549385
0.0313874840996,1.35092959293e-05,0.000698131700796,12.4610230923
0.0313874840996,1.35092959293e-05,0.000698131700796,12.4782531261
0.0313874840996,1.35092959293e-05,0.000698131700796,12.4944241047
0.0313874840996,1.35092959293e-05,0.000698131700796,12.5117259026
0.0313874840996,1.35092959293e-05,0.000698131700796,12.5274429321
0.0313874840996,1.35092959293e-05,0.000698131700796,12.5441799164
0.0313874840996,1.35092959293e-05,0.000698131700796,12.5606410503
0.0313874840996,1.35092959293e-05,0.000698131700796,12.5773448944
0.0313874840996,1.35092959293e-05,0.000698131700796,12.5951650143
0.0313874840996,1.35092959293e-05,0.000698131700796,12.6117548943
0.0313874840996,1.35092959293e-05,0.000698131700796,12.6276240349
0.0313874840996,1.35092959293e-05,0.000698131700796,12.645211935
0.0313874840996,1.35092959293e-05,0.000698131700796,12.6620669365
0.0313874840996,1.35092959293e-05,0.000698131700796,12.6785399914
0.0313874840996,1.35092959293e-05,0.000698131700796,12.69414711
0.0313874840996,1.35092959293e-05,0.000698131700796,12.7121169567
0.0313874840996,1.35092959293e-05,0.000698131700796,12.7290210724
0.0313874840996,1.35092959293e-05,0.000698131700796,12.7440869808
0.0313874840996,1.35092959293e-05,0.000698131700796,12.7620370388
0.0313874840996,1.35092959293e-05,0.000698131700796,12.777408123
0.0313874840996,1.35092959293e-05,0.000698131700796,12.7950720787
0.0313874840996,1.35092959293e-05,0.000698131700796,12.8107330799
0.0313874840996,1.35092959293e-05,0.000698131700796,12.8275411129
0.0313874840996,1.35092959293e-05,0.000698131700796,12.8445780277
0.0313874840996,1.35092959293e-05,0.000698131700796,12.8608789444
0.0313874840996,1.35092959293e-05,0.000698131700796,12.878164053
0.0313874840996,1.35092959293e-05,0.000698131700796,12.8941679001
0.0313874840996,1.35092959293e-05,0.000698131700796,12.9107449055
0.0313874840996,1.35092959293e-05,0.000698131700796,12.9275650978
0.0313874840996,1.35092959293e-05,0.000698131700796,12.9440031052
0.0313874840996,1.35092959293e-05,0.000698131700796,12.9610600471
0.0313874840996,1.35092959293e-05,0.000698131700796,12.9774301052
0.0313874840996,1.35092959293e-05,0.000698131700796,12.9941380024
0.0313874840996,1.35092959293e-05,0.000698131700796,13.0120739937
0.0313874840996,1.35092959293e-05,0.000698131700796,13.0276219845
0.0313874840996,1.35092959293e-05,0.000698131700796,13.0442769527
0.0313874840996,1.35092959293e-05,0.000698131700796,13.0609331131
0.0313874840996,1.35092959293e-05,0.000698131700796,13.0784580708
0.0313874840996,1.35092959293e-05,0.000698131700796,13.0944020748
0.0313874840996,1.35092959293e-05,0.000698131700796,13.111166954
0.0313874840996,1.35092959293e-05,0.000698131700796,13.1277799606
0.0313874840996,1.35092959293e-05,0.000698131700796,13.1447310448
0.0313874840996,1.35092959293e-05,0.000698131700796,13.1611790657
0.0313874840996,1.35092959293e-05,0.000698131700796,13.1772289276
0.0313874840996,1.35092959293e-05,0.000698131700796,13.1951720715
0.0313874840996,1.35092959293e-05,0.000698131700796,13.2116289139
0.0313874840996,1.35092959293e-05,0.000698131700796,13.2274858952
0.0313874840996,1.35092959293e-05,0.000698131700796,13.2450559139
0.0313874840996,1.35092959293e-05,0.000698131700796,13.2618730068
0.0313874840996,1.35092959293e-05,0.000698131700796,13.2779381275
0.0313874840996,1.35092959293e-05,0.000698131700796,13.294066906
0.0313874840996,1.35092959293e-05,0.000698131700796,13.3106689453
0.0313874840996,1.35092959293e-05,0.000698131700796,13.3272690773
0.0313874840996,1.35092959293e-05,0.000698131700796,13.3442049026
0.0313874840996,1.35092959293e-05,0.000698131700796,13.3614931107
0.0313874840996,1.35092959293e-05,0.000698131700796,13.3779909611
0.0313874840996,1.35092959293e-05,0.000698131700796,13.3941290379
0.0313874840996,1.35092959293e-05,0.000698131700796,13.4149029255
0.0313874840996,1.35092959293e-05,0.000698131700796,13.4273300171
0.0313874840996,1.35092959293e-05,0.000698131700796,13.4441030025
0.0313874840996,1.35092959293e-05,0.000698131700796,13.4607770443
0.0313874840996,1.35092959293e-05,0.000698131700796,13.4775910378
0.0313874840996,1.35092959293e-05,0.000698131700796,13.4943020344
0.0313874840996,1.35092959293e-05,0.000698131700796,13.5107460022
0.0313874840996,1.35092959293e-05,0.000698131700796,13.5273621082
0.0313874840996,1.35092959293e-05,0.000698131700796,13.5440080166
0.0313874840996,1.35092959293e-05,0.000698131700796,13.5608999729
0.0313874840996,1.35092959293e-05,0.000698131700796,13.5773029327
0.0313874840996,1.35092959293e-05,0.000698131700796,13.593984127
0.0313874840996,1.35092959293e-05,0.000698131700796,13.6106920242
0.0313874840996,1.35092959293e-05,0.000698131700796,13.6275100708
0.0313874840996,1.35092959293e-05,0.000698131700796,13.6442229748
0.0313874840996,1.35092959293e-05,0.000698131700796,13.6608479023
0.0313874840996,1.35092959293e-05,0.000698131700796,13.6773300171
0.0313874840996,1.35092959293e-05,0.000698131700796,13.6940689087
0.0313874840996,1.35092959293e-05,0.000698131700796,13.7114601135
