0,0,0
0.0,-0.0,0.0
0.0,-0.0,0.0
0.0,-0.0,-0.0207694180987
0.0,-0.0,-0.0207694180987
0.0,-0.0,-0.0207694180987
0.0,-0.0,-0.0832522053201
0.0,-0.0,-0.0832522053201
0.0,-0.0,-0.0832522053201
0.0,-0.0,-0.0832522053201
0.0,-0.0,-0.159523093632
0.0,-0.0,-0.159523093632
0.0,-0.0,-0.159523093632
0.0,-0.0,-0.221831347928
0.0,-0.0,-0.221831347928
0.0,-0.0,-0.221831347928
0.0,-0.0,-0.221831347928
0.0,-0.0,-0.272096830386
0.0,-0.0,-0.272096830386
0.0,-0.0,-0.272096830386
0.0,-0.0,-0.272096830386
0.0,-0.0,-0.320966049442
0.0,-0.0,-0.320966049442
0.0,-0.0,-0.320966049442
0.0,-0.0,-0.357792496659
0.0,-0.0,-0.357792496659
0.0,-0.0,-0.357792496659
0.0,-0.0,-0.357792496659
0.0,-0.0,-0.385543231766
0.0,-0.0,-0.385543231766
0.0,-0.0,-0.385543231766
0.0,-0.0,-0.402647458435
0.0,-0.0,-0.402647458435
0.0,-0.0,-0.402647458435
0.0,-0.0,-0.402647458435
0.0,-0.0,-0.408407044967
0.0,-0.0,-0.40683624864
0.0,-0.0,-0.40683624864
0.0,-0.0,-0.40683624864
0.0,-0.0,-0.404043721837
0.0,-0.0,-0.404043721837
0.0,-0.0,-0.405614518163
0.0,-0.0,-0.405614518163
0.0,-0.0,-0.405614518163
0.0,-0.0,-0.402996524285
0.0,-0.0,-0.402996524285
0.0,-0.0,-0.402996524285
0.0,-0.0,-0.402996524285
0.0,-0.0,-0.387812159793
0.0,-0.0,-0.386415896392
0.0,-0.0,-0.386415896392
0.0,-0.0,-0.386415896392
0.0,-0.0,-0.386415896392
0.0,-0.0,-0.386241363466
0.0,-0.0,-0.386241363466
0.0,-0.0,-0.386241363466
0.0,-0.0,-0.379958178159
0.0,-0.0,-0.379958178159
0.0,-0.0,-0.376467519655
0.0,-0.0,-0.376467519655
0.0,-0.0,-0.376467519655
0.0,-0.0,-0.369660735572
0.0,-0.0,-0.372104196525
0.0,-0.0,-0.372104196525
0.0,-0.0,-0.372104196525
0.0,-0.0,-0.372104196525
0.0,-0.0,-0.394269878026
0.0,-0.0,-0.394269878026
0.0,-0.0,-0.394269878026
0.0,-0.0,-0.394269878026
0.0,-0.0,-0.431619924018
0.0,-0.0,-0.431619924018
0.0,-0.0,-0.431619924018
0.0,-0.0,-0.474555023617
0.0,-0.0,-0.487819525932
0.0,-0.0,-0.487819525932
0.0,-0.0,-0.487819525932
0.0,-0.0,-0.487819525932
0.0,-0.0,-0.522027979272
0.0,-0.0,-0.522027979272
0.0,-0.0,-0.522027979272
0.0,-0.0,-0.550651379004
0.0,-0.0,-0.550651379004
0.0,-0.0,-0.550651379004
0.0,-0.0,-0.550651379004
0.0,-0.0,-0.583987167717
0.0,-0.0,-0.583987167717
0.0,-0.0,-0.583987167717
0.0,-0.0,-0.583987167717
0.0,-0.0,-0.618021088131
0.0,-0.0,-0.618021088131
0.0,-0.0,-0.618021088131
0.0,-0.0,-0.637568775754
0.0,-0.0,-0.637568775754
0.0,-0.0,-0.637568775754
0.0,-0.0,-0.637568775754
0.0,-0.0,-0.644375559836
0.0,-0.0,-0.646469954939
0.0,-0.0,-0.646469954939
0.0,-0.0,-0.646469954939
0.0,-0.0,-0.646469954939
0.0,-0.0,-0.653800337797
0.0,-0.0,-0.654673002423
0.0,-0.0,-0.654673002423
0.0,-0.0,-0.654673002423
0.0,-0.0,-0.654673002423
0.0,-0.0,-0.654673002423
0.0,-0.0,-0.654673002423
0.0,-0.0,-0.654673002423
0.0,-0.0,-0.650658745143
0.0,-0.0,-0.650658745143
0.0,-0.0,-0.650658745143
0.0,-0.0,-0.642979296435
0.0,-0.0,-0.642979296435
0.0,-0.0,-0.646469954939
0.0,-0.0,-0.646469954939
0.0,-0.0,-0.646469954939
0.0,-0.0,-0.647168086639
0.0,-0.0,-0.647168086639
0.0,-0.0,-0.647168086639
0.0,-0.0,-0.647168086639
0.0,-0.0,-0.636172512352
0.0,-0.0,-0.636172512352
0.0,-0.0,-0.636172512352
0.0,-0.0,-0.625176938064
0.0,-0.0,-0.625176938064
0.0,-0.0,-0.622733477112
0.0,-0.0,-0.622733477112
0.0,-0.0,-0.622733477112
0.0,-0.0,-0.617846555206
0.0,-0.0,-0.617846555206
0.0,-0.0,-0.617846555206
0.0,-0.0,-0.617846555206
0.0,-0.0,-0.618544686907
0.0,-0.0,-0.618544686907
0.0,-0.0,-0.618544686907
0.0,-0.0,-0.628842129494
0.0,-0.0,-0.628842129494
0.0,-0.0,-0.633729051399
0.0,-0.0,-0.633729051399
0.0,-0.0,-0.633729051399
0.0,-0.0,-0.652927673171
0.0,-0.0,-0.660432588955
0.0,-0.0,-0.660432588955
0.0,-0.0,-0.660432588955
0.0,-0.0,-0.660432588955
0.0,-0.0,-0.686437994809
0.0,-0.0,-0.686437994809
0.0,-0.0,-0.686437994809
0.0,-0.0,-0.686437994809
0.0,-0.0,-0.71733032257
0.0,-0.0,-0.71733032257
0.0,-0.0,-0.71733032257
0.0,-0.0,-0.728500429782
0.0,-0.0,-0.728500429782
0.0,-0.0,-0.728500429782
0.0,-0.0,-0.728500429782
0.0,-0.0,-0.730071226109
0.0,-0.0,-0.730071226109
0.0,-0.0,-0.730071226109
0.0,-0.0,-0.731467489511
0.0,-0.0,-0.731467489511
0.0,-0.0,-0.732165621212
0.0,-0.0,-0.732165621212
0.0,-0.0,-0.732165621212
0.0,-0.0,-0.728674962708
0.0,-0.0,-0.728674962708
0.0,-0.0,-0.728674962708
0.0,-0.0,-0.728674962708
0.0,-0.0,-0.720297382298
0.0,-0.0,-0.720297382298
0.0,-0.0,-0.720297382298
0.0,-0.0,-0.711570736038
0.0,-0.0,-0.711570736038
0.0,-0.0,-0.711570736038
0.0,-0.0,-0.711570736038
0.0,-0.0,-0.697957167873
0.0,-0.0,-0.697957167873
0.0,-0.0,-0.697957167873
0.0,-0.0,-0.697957167873
0.0,-0.0,-0.682249204605
0.0,-0.0,-0.682249204605
0.0,-0.0,-0.682249204605
0.0,-0.0,-0.672998959569
0.0,-0.0,-0.672998959569
0.0,-0.0,-0.672998959569
0.0,-0.0,-0.672998959569
0.0,-0.0,-0.668984702289
0.0,-0.0,-0.668984702289
0.0,-0.0,-0.668984702289
0.0,-0.0,-0.672300827868
0.0,-0.0,-0.672300827868
0.0,-0.0,-0.672300827868
0.0,-0.0,-0.672300827868
0.0,-0.0,-0.681376539979
0.0,-0.0,-0.681376539979
0.0,-0.0,-0.681376539979
0.0,-0.0,-0.681376539979
0.0,-0.0,-0.695164641069
0.0,-0.0,-0.695164641069
0.0,-0.0,-0.695164641069
0.0,-0.0,-0.711047137262
0.0,-0.0,-0.714537795766
0.0,-0.0,-0.714537795766
0.0,-0.0,-0.714537795766
0.0,-0.0,-0.714537795766
0.0,-0.0,-0.722566310326
0.0,-0.0,-0.722566310326
0.0,-0.0,-0.722566310326
0.0,-0.0,-0.722566310326
0.0,-0.0,-0.724835238353
0.0,-0.0,-0.724835238353
0.0,-0.0,-0.724835238353
-0.000159625992256,0.00014137421856,-0.726929633456
-0.000159625992256,0.00014137421856,-0.726929633456
-0.000159625992256,0.00014137421856,-0.726929633456
-0.000159625992256,0.00014137421856,-0.726929633456
-0.000127760082475,0.000113032572931,-0.735656279716
-0.000127760082475,0.000113032572931,-0.735656279716
-0.000127760082475,0.000113032572931,-0.735656279716
-1.29059428445e-06,-1.44200890323e-06,-0.734609082164
-1.29059428445e-06,-1.44200890323e-06,-0.734609082164
-1.29059428445e-06,-1.44200890323e-06,-0.734609082164
-1.29059428445e-06,-1.44200890323e-06,-0.734609082164
0.000156946026124,-0.000144369609594,-0.727278699306
0.000156946026124,-0.000144369609594,-0.727278699306
0.000156946026124,-0.000144369609594,-0.727278699306
-0.000225326150741,0.000195863596837,-0.712268867739
-0.000225326150741,0.000195863596837,-0.712268867739
-0.000225326150741,0.000195863596837,-0.712268867739
-0.000225326150741,0.000195863596837,-0.712268867739
-0.000741773840109,0.000641806603751,-0.694815575219
-0.000741773840109,0.000641806603751,-0.694815575219
-0.000741773840109,0.000641806603751,-0.694815575219
-0.000741773840109,0.000641806603751,-0.694815575219
-0.00159352053215,0.00135170708182,-0.679282144876
-0.00159352053215,0.00135170708182,-0.679282144876
-0.00159352053215,0.00135170708182,-0.679282144876
-0.00242301157291,0.0020215001769,-0.667239373037
-0.00252351119636,0.00210067082446,-0.666541241337
-0.00252351119636,0.00210067082446,-0.666541241337
-0.00252351119636,0.00210067082446,-0.666541241337
-0.00252351119636,0.00210067082446,-0.666541241337
-0.00252351119636,0.00210067082446,-0.666366708411
-0.00252351119636,0.00210067082446,-0.666366708411
-0.00252351119636,0.00210067082446,-0.666366708411
-0.00252351119636,0.00210067082446,-0.666366708411
-0.00252351119636,0.00210067082446,-0.666366708411
-0.00252351119636,0.00210067082446,-0.666541241337
-0.00252351119636,0.00210067082446,-0.666541241337
-0.00252351119636,0.00210067082446,-0.666541241337
-0.00252351119636,0.00210067082446,-0.667064840112
-0.00252351119636,0.00210067082446,-0.667064840112
-0.00252351119636,0.00210067082446,-0.667064840112
-0.00252351119636,0.00210067082446,-0.667064840112
-0.00252351119636,0.00210067082446,-0.668112037663
-0.00252351119636,0.00210067082446,-0.668112037663
-0.00252351119636,0.00210067082446,-0.668112037663
-0.0025904648602,0.00215350970437,-0.668461103514
-0.0025904648602,0.00215350970437,-0.668461103514
-0.0025904648602,0.00215350970437,-0.668461103514
-0.0025904648602,0.00215350970437,-0.668461103514
-0.00299207615331,0.00247068319193,-0.668635636439
-0.0031259281299,0.00257643105097,-0.668984702289
-0.0031259281299,0.00257643105097,-0.668984702289
-0.0031259281299,0.00257643105097,-0.668984702289
-0.0031259281299,0.00257643105097,-0.668984702289
-0.00369464211565,0.00302605799792,-0.670555498616
-0.00389511517873,0.00318506495994,-0.671253630317
-0.00389511517873,0.00318506495994,-0.671253630317
-0.00389511517873,0.00318506495994,-0.671253630317
-0.00389511517873,0.00318506495994,-0.671253630317
-0.00439602019481,0.00358293215958,-0.674395222971
-0.00439602019481,0.00358293215958,-0.674395222971
-0.00439602019481,0.00358293215958,-0.674395222971
-0.00552856610992,0.00448832693878,-0.673348025419
-0.00552856610992,0.00448832693878,-0.673348025419
-0.00552856610992,0.00448832693878,-0.673348025419
-0.00552856610992,0.00448832693878,-0.673348025419
-0.00716213015803,0.00579145064173,-0.674918821746
-0.00746179619528,0.00603127090327,-0.674918821746
-0.00746179619528,0.00603127090327,-0.674918821746
-0.00746179619528,0.00603127090327,-0.674918821746
-0.007528388648,0.00608456429473,-0.66968283399
-0.007528388648,0.00608456429473,-0.66968283399
-0.007528388648,0.00608456429473,-0.667239373037
-0.007528388648,0.00608456429473,-0.667239373037
-0.007528388648,0.00608456429473,-0.667239373037
-0.00742788902455,0.00600539364717,-0.667588438888
-0.00742788902455,0.00600539364717,-0.667588438888
-0.00742788902455,0.00600539364717,-0.667588438888
-0.00742788902455,0.00600539364717,-0.667588438888
-0.00742788902455,0.00600539364717,-0.664795912085
-0.00742788902455,0.00600539364717,-0.664621379159
-0.00742788902455,0.00600539364717,-0.664621379159
-0.00742788902455,0.00600539364717,-0.664621379159
-0.00742788902455,0.00600539364717,-0.664621379159
-0.00742788902455,0.00600539364717,-0.665144977935
-0.00742788902455,0.00600539364717,-0.665144977935
-0.00742788902455,0.00600539364717,-0.665144977935
-0.00742788902455,0.00600539364717,-0.66497044501
-0.00742788902455,0.00600539364717,-0.66497044501
-0.00742788902455,0.00600539364717,-0.66497044501
-0.00742788902455,0.00600539364717,-0.66497044501
-0.00742788902455,0.00600539364717,-0.66497044501
-0.00742788902455,0.00600539364717,-0.66497044501
-0.00742788902455,0.00600539364717,-0.66497044501
-0.00742788902455,0.00600539364717,-0.66497044501
-0.00742788902455,0.00600539364717,-0.665144977935
-0.00742788902455,0.00600539364717,-0.665144977935
-0.00742788902455,0.00600539364717,-0.665144977935
-0.00742788902455,0.00600539364717,-0.665144977935
-0.00742788902455,0.00600539364717,-0.665144977935
-0.00742788902455,0.00600539364717,-0.665144977935
-0.00742788902455,0.00600539364717,-0.665144977935
-0.00742788902455,0.00600539364717,-0.665144977935
-0.00742788902455,0.00600539364717,-0.665144977935
-0.00742788902455,0.00600539364717,-0.665144977935
-0.00742788902455,0.00600539364717,-0.665144977935
-0.00742788902455,0.00600539364717,-0.665144977935
-0.00742788902455,0.00600539364717,-0.665144977935
-0.00742788902455,0.00600539364717,-0.665144977935
-0.00742788902455,0.00600539364717,-0.665144977935
-0.00742788902455,0.00600539364717,-0.665144977935
-0.00742788902455,0.00600539364717,-0.665144977935
-0.00742788902455,0.00600539364717,-0.665144977935
-0.00742788902455,0.00600539364717,-0.665144977935
-0.00742788902455,0.00600539364717,-0.665144977935
-0.00742788902455,0.00600539364717,-0.665144977935
-0.00742788902455,0.00600539364717,-0.665144977935
-0.00742788902455,0.00600539364717,-0.665144977935
-0.00742788902455,0.00600539364717,-0.665144977935
-0.00742788902455,0.00600539364717,-0.665144977935
-0.00742788902455,0.00600539364717,-0.665144977935
-0.00742788902455,0.00600539364717,-0.665144977935
-0.00742788902455,0.00600539364717,-0.665144977935
-0.00742788902455,0.00600539364717,-0.665144977935
-0.00742788902455,0.00600539364717,-0.665144977935
-0.00742788902455,0.00600539364717,-0.665144977935
-0.00742788902455,0.00600539364717,-0.665144977935
-0.00742788902455,0.00600539364717,-0.665144977935
-0.00742788902455,0.00600539364717,-0.665144977935
-0.00742788902455,0.00600539364717,-0.665144977935
-0.00742788902455,0.00600539364717,-0.665144977935
-0.00742788902455,0.00600539364717,-0.665144977935
-0.00742788902455,0.00600539364717,-0.665144977935
-0.00742788902455,0.00600539364717,-0.665144977935
-0.00742788902455,0.00600539364717,-0.665144977935
-0.00742788902455,0.00600539364717,-0.665144977935
-0.00742788902455,0.00600539364717,-0.665144977935
-0.00742788902455,0.00600539364717,-0.665144977935
-0.00742788902455,0.00600539364717,-0.665144977935
-0.00742788902455,0.00600539364717,-0.665144977935
-0.00742788902455,0.00600539364717,-0.665144977935
-0.00742788902455,0.00600539364717,-0.665144977935
-0.00742788902455,0.00600539364717,-0.665144977935
-0.00742788902455,0.00600539364717,-0.665144977935
-0.00742788902455,0.00600539364717,-0.665144977935
-0.00742788902455,0.00600539364717,-0.665144977935
-0.00742788902455,0.00600539364717,-0.665144977935
-0.00742788902455,0.00600539364717,-0.665144977935
-0.00742788902455,0.00600539364717,-0.665144977935
-0.00742788902455,0.00600539364717,-0.665144977935
-0.00742788902455,0.00600539364717,-0.665144977935
-0.00742788902455,0.00600539364717,-0.665144977935
-0.00742788902455,0.00600539364717,-0.665144977935
-0.00742788902455,0.00600539364717,-0.665144977935
-0.00742788902455,0.00600539364717,-0.665144977935
-0.00742788902455,0.00600539364717,-0.665144977935
-0.00742788902455,0.00600539364717,-0.665144977935
-0.00742788902455,0.00600539364717,-0.665144977935
-0.00742788902455,0.00600539364717,-0.665144977935
-0.00742788902455,0.00600539364717,-0.665144977935
-0.00742788902455,0.00600539364717,-0.665144977935
-0.00742788902455,0.00600539364717,-0.665144977935
-0.00742788902455,0.00600539364717,-0.665144977935
-0.00742788902455,0.00600539364717,-0.665144977935
-0.00742788902455,0.00600539364717,-0.665144977935
-0.00742788902455,0.00600539364717,-0.665144977935
-0.00742788902455,0.00600539364717,-0.665144977935
-0.00742788902455,0.00600539364717,-0.665144977935
-0.00742788902455,0.00600539364717,-0.665144977935
-0.00742788902455,0.00600539364717,-0.665144977935
-0.00742788902455,0.00600539364717,-0.665144977935
-0.00756210931458,0.00611067363137,-0.665144977935
-0.00806543540221,0.00650547357211,-0.665144977935
-0.00806543540221,0.00650547357211,-0.665144977935
-0.00806543540221,0.00650547357211,-0.665144977935
-0.00806543540221,0.00650547357211,-0.665144977935
-0.00796477018468,0.00642651358396,-0.663225115758
-0.00796477018468,0.00642651358396,-0.663225115758
-0.00796477018468,0.00642651358396,-0.663225115758
-0.00806558680889,0.00650528016337,-0.657116463376
-0.00806558680889,0.00650528016337,-0.657116463376
-0.00806558680889,0.00650528016337,-0.657116463376
-0.00806558680889,0.00650528016337,-0.657116463376
-0.00820064800603,0.00660947917659,-0.654323936573
-0.00816681009386,0.00658352381524,-0.653625804872
-0.00816681009386,0.00658352381524,-0.653625804872
-0.00816681009386,0.00658352381524,-0.653625804872
-0.00816681009386,0.00658352381524,-0.653625804872
-0.00843765828733,0.00679097766893,-0.650833278069
-0.00843765828733,0.00679097766893,-0.650833278069
-0.00843765828733,0.00679097766893,-0.650833278069
-0.0085055149016,0.00684265184267,-0.648215284191
-0.0085055149016,0.00684265184267,-0.648215284191
-0.0085055149016,0.00684265184267,-0.648215284191
-0.0085055149016,0.00684265184267,-0.648215284191
-0.00867549406223,0.00697139271431,-0.646644487864
-0.00870953029753,0.00699708745637,-0.645946356163
-0.00870953029753,0.00699708745637,-0.645946356163
-0.00870953029753,0.00699708745637,-0.645946356163
-0.00870953029753,0.00699708745637,-0.645946356163
-0.00874358446285,0.00702275843039,-0.644201026911
-0.00874358446285,0.00702275843039,-0.644201026911
-0.00874358446285,0.00702275843039,-0.644201026911
-0.00881178229832,0.00707398142883,-0.642630230584
-0.00881178229832,0.00707398142883,-0.642630230584
-0.00881178229832,0.00707398142883,-0.642630230584
-0.00881178229832,0.00707398142883,-0.642630230584
-0.00888006051052,0.00712509723922,-0.639488637931
-0.00888006051052,0.00712509723922,-0.639488637931
-0.00888006051052,0.00712509723922,-0.639488637931
-0.00888006051052,0.00712509723922,-0.635997979427
-0.00888006051052,0.00712509723922,-0.635997979427
-0.00888006051052,0.00712509723922,-0.635997979427
-0.00888006051052,0.00712509723922,-0.635997979427
-0.00881144478958,0.00707443538797,-0.632681853848
-0.00881144478958,0.00707443538797,-0.631285590446
-0.00881144478958,0.00707443538797,-0.631285590446
-0.00881144478958,0.00707443538797,-0.631285590446
-0.00881144478958,0.00707443538797,-0.631285590446
-0.00877701794131,0.00704926641499,-0.631460123372
-0.00877701794131,0.00704926641499,-0.631460123372
-0.00877701794131,0.00704926641499,-0.631460123372
-0.00877701794131,0.00704926641499,-0.631460123372
-0.00877701794131,0.00704926641499,-0.631634656297
-0.00877701794131,0.00704926641499,-0.631634656297
-0.00877701794131,0.00704926641499,-0.631634656297
-0.00877701794131,0.00704926641499,-0.631634656297
-0.00877701794131,0.00704926641499,-0.631634656297
-0.00877701794131,0.00704926641499,-0.631634656297
-0.00877701794131,0.00704926641499,-0.631634656297
-0.00877701794131,0.00704926641499,-0.631634656297
-0.00877701794131,0.00704926641499,-0.631634656297
-0.00877701794131,0.00704926641499,-0.631634656297
-0.00877701794131,0.00704926641499,-0.631634656297
-0.00877701794131,0.00704926641499,-0.631634656297
-0.00877701794131,0.00704926641499,-0.631634656297
-0.00877701794131,0.00704926641499,-0.631634656297
-0.00877701794131,0.00704926641499,-0.631634656297
-0.00877701794131,0.00704926641499,-0.631634656297
-0.00877701794131,0.00704926641499,-0.631634656297
-0.00877701794131,0.00704926641499,-0.631634656297
-0.00877701794131,0.00704926641499,-0.631634656297
-0.00877701794131,0.00704926641499,-0.631634656297
-0.00877701794131,0.00704926641499,-0.631634656297
-0.00877701794131,0.00704926641499,-0.631634656297
-0.00877701794131,0.00704926641499,-0.631634656297
-0.00877701794131,0.00704926641499,-0.631634656297
-0.00877701794131,0.00704926641499,-0.631634656297
-0.00877701794131,0.00704926641499,-0.631634656297
-0.00877701794131,0.00704926641499,-0.631634656297
-0.00877701794131,0.00704926641499,-0.631634656297
-0.00877701794131,0.00704926641499,-0.631634656297
-0.00877701794131,0.00704926641499,-0.631634656297
-0.00877701794131,0.00704926641499,-0.631634656297
-0.00877701794131,0.00704926641499,-0.631634656297
-0.00877701794131,0.00704926641499,-0.631634656297
-0.00877701794131,0.00704926641499,-0.631634656297
-0.00877701794131,0.00704926641499,-0.631634656297
-0.00877701794131,0.00704926641499,-0.631634656297
-0.00877701794131,0.00704926641499,-0.631634656297
-0.00877701794131,0.00704926641499,-0.631634656297
-0.00877701794131,0.00704926641499,-0.631634656297
-0.00877701794131,0.00704926641499,-0.631634656297
-0.00877701794131,0.00704926641499,-0.631634656297
-0.00877701794131,0.00704926641499,-0.631634656297
-0.00877701794131,0.00704926641499,-0.631634656297
-0.00877701794131,0.00704926641499,-0.631634656297
-0.00877701794131,0.00704926641499,-0.631634656297
-0.00877701794131,0.00704926641499,-0.631634656297
-0.00877701794131,0.00704926641499,-0.631634656297
-0.00877701794131,0.00704926641499,-0.631634656297
-0.00877701794131,0.00704926641499,-0.631634656297
-0.00877701794131,0.00704926641499,-0.631634656297
-0.00877701794131,0.00704926641499,-0.631634656297
-0.00877701794131,0.00704926641499,-0.631634656297
-0.00877701794131,0.00704926641499,-0.631634656297
-0.00877701794131,0.00704926641499,-0.631634656297
-0.00877701794131,0.00704926641499,-0.631634656297
-0.00877701794131,0.00704926641499,-0.631634656297
-0.00877701794131,0.00704926641499,-0.631634656297
-0.00877701794131,0.00704926641499,-0.631634656297
-0.00877701794131,0.00704926641499,-0.631634656297
-0.00877701794131,0.00704926641499,-0.631634656297
-0.00877701794131,0.00704926641499,-0.631634656297
-0.00877701794131,0.00704926641499,-0.631634656297
-0.00877701794131,0.00704926641499,-0.631634656297
-0.00877701794131,0.00704926641499,-0.631634656297
-0.00877701794131,0.00704926641499,-0.631634656297
-0.00877701794131,0.00704926641499,-0.631634656297
-0.00877701794131,0.00704926641499,-0.631634656297
-0.00877701794131,0.00704926641499,-0.631634656297
-0.00877701794131,0.00704926641499,-0.631634656297
-0.00877701794131,0.00704926641499,-0.631634656297
-0.00877701794131,0.00704926641499,-0.631634656297
-0.00877701794131,0.00704926641499,-0.631634656297
-0.00877701794131,0.00704926641499,-0.631634656297
-0.00877701794131,0.00704926641499,-0.631634656297
-0.00877701794131,0.00704926641499,-0.631634656297
-0.00877701794131,0.00704926641499,-0.631634656297
-0.00877701794131,0.00704926641499,-0.631634656297
-0.00877701794131,0.00704926641499,-0.631634656297
-0.00877701794131,0.00704926641499,-0.631634656297
-0.00877701794131,0.00704926641499,-0.631634656297
-0.00877701794131,0.00704926641499,-0.631634656297
-0.00877701794131,0.00704926641499,-0.631634656297
-0.00877701794131,0.00704926641499,-0.631634656297
-0.00877701794131,0.00704926641499,-0.631634656297
-0.00877701794131,0.00704926641499,-0.631634656297
-0.00877701794131,0.00704926641499,-0.631634656297
-0.00877701794131,0.00704926641499,-0.631634656297
-0.00877701794131,0.00704926641499,-0.631634656297
-0.00877701794131,0.00704926641499,-0.631634656297
-0.00877701794131,0.00704926641499,-0.631634656297
-0.00877701794131,0.00704926641499,-0.631634656297
-0.00877701794131,0.00704926641499,-0.631634656297
-0.00877701794131,0.00704926641499,-0.631634656297
-0.00877701794131,0.00704926641499,-0.631634656297
-0.00877701794131,0.00704926641499,-0.631634656297
-0.00877701794131,0.00704926641499,-0.631634656297
-0.00877701794131,0.00704926641499,-0.631634656297
-0.00877701794131,0.00704926641499,-0.631634656297
-0.00877701794131,0.00704926641499,-0.631634656297
-0.00877701794131,0.00704926641499,-0.631634656297
-0.00877701794131,0.00704926641499,-0.631634656297
-0.00877701794131,0.00704926641499,-0.631634656297
-0.00877701794131,0.00704926641499,-0.631634656297
-0.00877701794131,0.00704926641499,-0.631634656297
-0.00877701794131,0.00704926641499,-0.631634656297
-0.00877701794131,0.00704926641499,-0.631634656297
-0.00877701794131,0.00704926641499,-0.631634656297
-0.00877701794131,0.00704926641499,-0.631634656297
-0.00877701794131,0.00704926641499,-0.631634656297
-0.00877701794131,0.00704926641499,-0.631634656297
-0.00877701794131,0.00704926641499,-0.631634656297
-0.00877701794131,0.00704926641499,-0.631634656297
-0.00877701794131,0.00704926641499,-0.631634656297
-0.00877701794131,0.00704926641499,-0.631634656297
-0.00877701794131,0.00704926641499,-0.631634656297
-0.00877701794131,0.00704926641499,-0.631634656297
-0.00877701794131,0.00704926641499,-0.631634656297
-0.00877701794131,0.00704926641499,-0.631634656297
-0.00877701794131,0.00704926641499,-0.631634656297
-0.00877701794131,0.00704926641499,-0.631634656297
-0.00877701794131,0.00704926641499,-0.631634656297
-0.00877701794131,0.00704926641499,-0.631634656297
-0.00877701794131,0.00704926641499,-0.631634656297
-0.00877701794131,0.00704926641499,-0.631634656297
-0.00877701794131,0.00704926641499,-0.631634656297
-0.00877701794131,0.00704926641499,-0.631634656297
-0.00877701794131,0.00704926641499,-0.631634656297
-0.00877701794131,0.00704926641499,-0.631634656297
-0.00877701794131,0.00704926641499,-0.631634656297
-0.00877701794131,0.00704926641499,-0.631634656297
-0.00877701794131,0.00704926641499,-0.631634656297
-0.00877701794131,0.00704926641499,-0.631634656297
-0.00877701794131,0.00704926641499,-0.631634656297
-0.00877701794131,0.00704926641499,-0.631634656297
-0.00877701794131,0.00704926641499,-0.631634656297
-0.00877701794131,0.00704926641499,-0.631634656297
-0.00877701794131,0.00704926641499,-0.631634656297
-0.00877701794131,0.00704926641499,-0.631634656297
-0.00877701794131,0.00704926641499,-0.631634656297
-0.00877701794131,0.00704926641499,-0.631634656297
-0.00877701794131,0.00704926641499,-0.631634656297
-0.00877701794131,0.00704926641499,-0.631634656297
-0.00877701794131,0.00704926641499,-0.631634656297
-0.00877701794131,0.00704926641499,-0.631634656297
-0.00877701794131,0.00704926641499,-0.631634656297
-0.00877701794131,0.00704926641499,-0.631634656297
-0.00877701794131,0.00704926641499,-0.631634656297
-0.00877701794131,0.00704926641499,-0.631634656297
-0.00877701794131,0.00704926641499,-0.631634656297
-0.00877701794131,0.00704926641499,-0.631634656297
-0.00877701794131,0.00704926641499,-0.631634656297
-0.00877701794131,0.00704926641499,-0.631634656297
-0.00877701794131,0.00704926641499,-0.631634656297
-0.00877701794131,0.00704926641499,-0.631634656297
-0.00877701794131,0.00704926641499,-0.631634656297
-0.00877701794131,0.00704926641499,-0.631634656297
-0.00877701794131,0.00704926641499,-0.631634656297
-0.00877701794131,0.00704926641499,-0.631634656297
-0.00877701794131,0.00704926641499,-0.631634656297
-0.00877701794131,0.00704926641499,-0.631634656297
-0.00877701794131,0.00704926641499,-0.631634656297
-0.00877701794131,0.00704926641499,-0.631634656297
-0.00877701794131,0.00704926641499,-0.631634656297
-0.00877701794131,0.00704926641499,-0.631634656297
-0.00877701794131,0.00704926641499,-0.631634656297
-0.00877701794131,0.00704926641499,-0.631634656297
-0.00877701794131,0.00704926641499,-0.631634656297
-0.00877701794131,0.00704926641499,-0.631634656297
-0.00877701794131,0.00704926641499,-0.631634656297
-0.00877701794131,0.00704926641499,-0.631634656297
-0.00877701794131,0.00704926641499,-0.631634656297
-0.00877701794131,0.00704926641499,-0.631634656297
-0.00877701794131,0.00704926641499,-0.631634656297
-0.00877701794131,0.00704926641499,-0.631634656297
-0.00877701794131,0.00704926641499,-0.631634656297
-0.00877701794131,0.00704926641499,-0.631634656297
-0.00877701794131,0.00704926641499,-0.631634656297
-0.00877701794131,0.00704926641499,-0.631634656297
-0.00877701794131,0.00704926641499,-0.631634656297
-0.00877701794131,0.00704926641499,-0.631634656297
-0.00877701794131,0.00704926641499,-0.631634656297
-0.00877701794131,0.00704926641499,-0.631634656297
-0.00877701794131,0.00704926641499,-0.631634656297
-0.00877701794131,0.00704926641499,-0.631634656297
-0.00877701794131,0.00704926641499,-0.631634656297
-0.00877701794131,0.00704926641499,-0.631634656297
-0.00877701794131,0.00704926641499,-0.631634656297
-0.00877701794131,0.00704926641499,-0.631460123372
-0.00877701794131,0.00704926641499,-0.631460123372
-0.00877701794131,0.00704926641499,-0.631460123372
-0.00877701794131,0.00704926641499,-0.631460123372
-0.00877701794131,0.00704926641499,-0.631460123372
-0.00874259548637,0.00702409143377,-0.630936524596
-0.00877703111818,0.00704924838798,-0.629365728269
-0.00877703111818,0.00704924838798,-0.629365728269
-0.00877703111818,0.00704924838798,-0.629365728269
-0.00877703111818,0.00704924838798,-0.629365728269
-0.00870808090666,0.00699904272432,-0.627271333167
-0.00870808090666,0.00699904272432,-0.627271333167
-0.00870808090666,0.00699904272432,-0.627271333167
-0.00867355330131,0.00697401215198,-0.62570053684
-0.00867355330131,0.00697401215198,-0.62570053684
-0.00867355330131,0.00697401215198,-0.62570053684
-0.00867355330131,0.00697401215198,-0.62570053684
-0.00860441953996,0.00692405954069,-0.623431608812
-0.00860441953996,0.00692405954069,-0.623431608812
-0.00860441953996,0.00692405954069,-0.622733477112
-0.00860441953996,0.00692405954069,-0.622733477112
-0.00860441953996,0.00692405954069,-0.622733477112
-0.00867370120917,0.0069738068084,-0.620464549084
-0.00867370120917,0.0069738068084,-0.620464549084
-0.00867370120917,0.0069738068084,-0.620464549084
-0.00874309557291,0.00702339675308,-0.618021088131
-0.00874309557291,0.00702339675308,-0.618021088131
-0.00874309557291,0.00702339675308,-0.618021088131
-0.00881261090047,0.00707281698747,-0.61697389058
-0.00881261090047,0.00707281698747,-0.61697389058
-0.00884739442156,0.00709749069298,-0.614530429627
-0.00884739442156,0.00709749069298,-0.614530429627
-0.00884739442156,0.00709749069298,-0.614530429627
-0.00881255071513,0.00707290205322,-0.611388836974
-0.00881255071513,0.00707290205322,-0.611388836974
-0.00881255071513,0.00707290205322,-0.611388836974
-0.00881255071513,0.00707290205322,-0.610167106497
-0.00881255071513,0.00707290205322,-0.610167106497
-0.00881255071513,0.00707290205322,-0.610167106497
-0.00881255071513,0.00707290205322,-0.610167106497
-0.00881255071513,0.00707290205322,-0.611039771123
-0.00881255071513,0.00707290205322,-0.611039771123
-0.00881255071513,0.00707290205322,-0.611039771123
-0.00881255071513,0.00707290205322,-0.611039771123
-0.00881255071513,0.00707290205322,-0.611039771123
-0.00881255071513,0.00707290205322,-0.611039771123
-0.00881255071513,0.00707290205322,-0.611039771123
-0.00881255071513,0.00707290205322,-0.611039771123
-0.00881255071513,0.00707290205322,-0.611039771123
-0.00881255071513,0.00707290205322,-0.611039771123
-0.00881255071513,0.00707290205322,-0.611039771123
-0.00881255071513,0.00707290205322,-0.611039771123
-0.00881255071513,0.00707290205322,-0.611039771123
-0.00881255071513,0.00707290205322,-0.611039771123
-0.00881255071513,0.00707290205322,-0.611039771123
-0.00881255071513,0.00707290205322,-0.611039771123
-0.00881255071513,0.00707290205322,-0.611039771123
-0.00881255071513,0.00707290205322,-0.611039771123
-0.00881255071513,0.00707290205322,-0.611039771123
-0.00881255071513,0.00707290205322,-0.611039771123
-0.00881255071513,0.00707290205322,-0.611039771123
-0.00881255071513,0.00707290205322,-0.611039771123
-0.00881255071513,0.00707290205322,-0.611039771123
-0.00881255071513,0.00707290205322,-0.611039771123
-0.00881255071513,0.00707290205322,-0.611039771123
-0.00881255071513,0.00707290205322,-0.611039771123
-0.00881255071513,0.00707290205322,-0.611039771123
-0.00881255071513,0.00707290205322,-0.611039771123
-0.00881255071513,0.00707290205322,-0.611039771123
-0.00881255071513,0.00707290205322,-0.611039771123
-0.00881255071513,0.00707290205322,-0.611039771123
-0.00881255071513,0.00707290205322,-0.611039771123
-0.00881255071513,0.00707290205322,-0.611039771123
-0.00881255071513,0.00707290205322,-0.611039771123
-0.00881255071513,0.00707290205322,-0.611039771123
-0.00881255071513,0.00707290205322,-0.611039771123
-0.00881255071513,0.00707290205322,-0.611039771123
-0.00881255071513,0.00707290205322,-0.611039771123
-0.00881255071513,0.00707290205322,-0.611039771123
-0.00881255071513,0.00707290205322,-0.611039771123
-0.00881255071513,0.00707290205322,-0.611039771123
-0.00881255071513,0.00707290205322,-0.611039771123
-0.00881255071513,0.00707290205322,-0.611039771123
-0.00881255071513,0.00707290205322,-0.611039771123
-0.00881255071513,0.00707290205322,-0.611039771123
-0.00881255071513,0.00707290205322,-0.611039771123
-0.00881255071513,0.00707290205322,-0.611039771123
-0.00881255071513,0.00707290205322,-0.611039771123
-0.00881255071513,0.00707290205322,-0.611039771123
-0.00881255071513,0.00707290205322,-0.611039771123
-0.00881255071513,0.00707290205322,-0.611039771123
-0.00881255071513,0.00707290205322,-0.611039771123
-0.00881255071513,0.00707290205322,-0.611039771123
-0.00881255071513,0.00707290205322,-0.611039771123
-0.00881255071513,0.00707290205322,-0.611039771123
-0.00881255071513,0.00707290205322,-0.611039771123
-0.00881255071513,0.00707290205322,-0.611039771123
-0.00881255071513,0.00707290205322,-0.611039771123
-0.00881255071513,0.00707290205322,-0.611039771123
-0.00881255071513,0.00707290205322,-0.611039771123
-0.00881255071513,0.00707290205322,-0.611039771123
-0.00881255071513,0.00707290205322,-0.611039771123
-0.00881255071513,0.00707290205322,-0.611039771123
-0.00881255071513,0.00707290205322,-0.611039771123
-0.00881255071513,0.00707290205322,-0.611039771123
-0.00881255071513,0.00707290205322,-0.611039771123
-0.00881255071513,0.00707290205322,-0.611039771123
-0.00881255071513,0.00707290205322,-0.611039771123
-0.00881255071513,0.00707290205322,-0.611039771123
-0.00881255071513,0.00707290205322,-0.611039771123
-0.00881255071513,0.00707290205322,-0.611039771123
-0.00881255071513,0.00707290205322,-0.611039771123
-0.00881255071513,0.00707290205322,-0.611039771123
-0.00881255071513,0.00707290205322,-0.611039771123
-0.00881255071513,0.00707290205322,-0.611039771123
-0.00881255071513,0.00707290205322,-0.611039771123
-0.00881255071513,0.00707290205322,-0.611039771123
-0.00881255071513,0.00707290205322,-0.611039771123
-0.00881255071513,0.00707290205322,-0.611039771123
-0.00881255071513,0.00707290205322,-0.611039771123
-0.00881255071513,0.00707290205322,-0.611039771123
-0.00881255071513,0.00707290205322,-0.611039771123
-0.00881255071513,0.00707290205322,-0.611039771123
-0.00881255071513,0.00707290205322,-0.611039771123
-0.00881255071513,0.00707290205322,-0.611039771123
-0.00881255071513,0.00707290205322,-0.611039771123
-0.00881255071513,0.00707290205322,-0.611039771123
-0.00881255071513,0.00707290205322,-0.611039771123
-0.00881255071513,0.00707290205322,-0.611039771123
-0.00881255071513,0.00707290205322,-0.611039771123
-0.00881255071513,0.00707290205322,-0.611039771123
-0.00881255071513,0.00707290205322,-0.611039771123
-0.00881255071513,0.00707290205322,-0.611039771123
-0.00881255071513,0.00707290205322,-0.611039771123
-0.00881255071513,0.00707290205322,-0.611039771123
-0.00881255071513,0.00707290205322,-0.611039771123
-0.00881255071513,0.00707290205322,-0.611039771123
-0.00881255071513,0.00707290205322,-0.611039771123
-0.00881255071513,0.00707290205322,-0.611039771123
-0.00881255071513,0.00707290205322,-0.611039771123
-0.00881255071513,0.00707290205322,-0.611039771123
-0.00881255071513,0.00707290205322,-0.611039771123
-0.00881255071513,0.00707290205322,-0.611039771123
-0.00881255071513,0.00707290205322,-0.611039771123
-0.00881255071513,0.00707290205322,-0.611039771123
-0.00881255071513,0.00707290205322,-0.611039771123
-0.00881255071513,0.00707290205322,-0.611039771123
-0.00881255071513,0.00707290205322,-0.611039771123
-0.00881255071513,0.00707290205322,-0.611039771123
-0.00881255071513,0.00707290205322,-0.611039771123
-0.00881255071513,0.00707290205322,-0.611039771123
-0.00881255071513,0.00707290205322,-0.611039771123
-0.00881255071513,0.00707290205322,-0.611039771123
-0.00881255071513,0.00707290205322,-0.611039771123
-0.00881255071513,0.00707290205322,-0.611039771123
-0.00881255071513,0.00707290205322,-0.611039771123
-0.00881255071513,0.00707290205322,-0.611039771123
-0.00881255071513,0.00707290205322,-0.611039771123
-0.00881255071513,0.00707290205322,-0.611039771123
-0.00881255071513,0.00707290205322,-0.611039771123
-0.00881255071513,0.00707290205322,-0.611039771123
-0.00881255071513,0.00707290205322,-0.611039771123
-0.00881255071513,0.00707290205322,-0.611039771123
-0.00881255071513,0.00707290205322,-0.611039771123
-0.00881255071513,0.00707290205322,-0.611039771123
-0.00881255071513,0.00707290205322,-0.611039771123
-0.00881255071513,0.00707290205322,-0.611039771123
-0.00881255071513,0.00707290205322,-0.611039771123
-0.00881255071513,0.00707290205322,-0.611039771123
-0.00881255071513,0.00707290205322,-0.611039771123
-0.00881255071513,0.00707290205322,-0.611039771123
-0.00881255071513,0.00707290205322,-0.611039771123
-0.00881255071513,0.00707290205322,-0.611039771123
-0.00881255071513,0.00707290205322,-0.611039771123
-0.00881255071513,0.00707290205322,-0.611039771123
-0.00881255071513,0.00707290205322,-0.611039771123
-0.00881255071513,0.00707290205322,-0.611039771123
-0.00881255071513,0.00707290205322,-0.611039771123
-0.00881255071513,0.00707290205322,-0.611039771123
-0.00881255071513,0.00707290205322,-0.611039771123
-0.00881255071513,0.00707290205322,-0.611039771123
-0.00881255071513,0.00707290205322,-0.611039771123
-0.00881255071513,0.00707290205322,-0.611039771123
-0.00881255071513,0.00707290205322,-0.611039771123
-0.00881255071513,0.00707290205322,-0.611039771123
-0.00881255071513,0.00707290205322,-0.611039771123
-0.00881255071513,0.00707290205322,-0.611039771123
-0.00881255071513,0.00707290205322,-0.611039771123
-0.00881255071513,0.00707290205322,-0.611039771123
-0.00881255071513,0.00707290205322,-0.611039771123
-0.00881255071513,0.00707290205322,-0.611039771123
-0.00881255071513,0.00707290205322,-0.611039771123
-0.00881255071513,0.00707290205322,-0.611039771123
-0.00881255071513,0.00707290205322,-0.611039771123
-0.00881255071513,0.00707290205322,-0.611039771123
-0.00881255071513,0.00707290205322,-0.611039771123
-0.00881255071513,0.00707290205322,-0.611039771123
-0.00881255071513,0.00707290205322,-0.611039771123
-0.00881255071513,0.00707290205322,-0.611039771123
-0.00881255071513,0.00707290205322,-0.611039771123
-0.00881255071513,0.00707290205322,-0.611039771123
-0.00881255071513,0.00707290205322,-0.611039771123
-0.00881255071513,0.00707290205322,-0.611039771123
-0.00881255071513,0.00707290205322,-0.611039771123
-0.00881255071513,0.00707290205322,-0.611039771123
-0.00881255071513,0.00707290205322,-0.611039771123
-0.00881255071513,0.00707290205322,-0.611039771123
-0.00881255071513,0.00707290205322,-0.611039771123
-0.00881255071513,0.00707290205322,-0.611039771123
-0.00881255071513,0.00707290205322,-0.611039771123
-0.00881255071513,0.00707290205322,-0.611039771123
-0.00881255071513,0.00707290205322,-0.611039771123
-0.00881255071513,0.00707290205322,-0.611039771123
-0.00881255071513,0.00707290205322,-0.611039771123
-0.00881255071513,0.00707290205322,-0.611039771123
-0.00881255071513,0.00707290205322,-0.611039771123
-0.00881255071513,0.00707290205322,-0.611039771123
-0.00881255071513,0.00707290205322,-0.611039771123
-0.00881255071513,0.00707290205322,-0.611039771123
-0.00881255071513,0.00707290205322,-0.611039771123
-0.00881255071513,0.00707290205322,-0.611039771123
-0.00881255071513,0.00707290205322,-0.611039771123
-0.00881255071513,0.00707290205322,-0.611039771123
-0.00881255071513,0.00707290205322,-0.611039771123
-0.00881255071513,0.00707290205322,-0.611039771123
-0.00881255071513,0.00707290205322,-0.611039771123
-0.00881255071513,0.00707290205322,-0.611039771123
-0.00881255071513,0.00707290205322,-0.611039771123
-0.00881255071513,0.00707290205322,-0.611039771123
-0.00881255071513,0.00707290205322,-0.611039771123
-0.00881255071513,0.00707290205322,-0.611039771123
-0.00881255071513,0.00707290205322,-0.611039771123
-0.00881255071513,0.00707290205322,-0.611039771123
-0.00881255071513,0.00707290205322,-0.611039771123
-0.00881255071513,0.00707290205322,-0.611039771123
-0.00881255071513,0.00707290205322,-0.611039771123
-0.00881255071513,0.00707290205322,-0.611039771123
-0.00881255071513,0.00707290205322,-0.611039771123
-0.00881255071513,0.00707290205322,-0.611039771123
-0.00881255071513,0.00707290205322,-0.611039771123
-0.00881255071513,0.00707290205322,-0.611039771123
-0.00881255071513,0.00707290205322,-0.611039771123
-0.00881255071513,0.00707290205322,-0.611039771123
-0.00881255071513,0.00707290205322,-0.611039771123
-0.00881255071513,0.00707290205322,-0.611039771123
-0.00881255071513,0.00707290205322,-0.611039771123
-0.00881255071513,0.00707290205322,-0.611039771123
-0.00881255071513,0.00707290205322,-0.611039771123
-0.00881255071513,0.00707290205322,-0.611039771123
-0.00881255071513,0.00707290205322,-0.611039771123
-0.00881255071513,0.00707290205322,-0.611039771123
-0.00881255071513,0.00707290205322,-0.611039771123
-0.00881255071513,0.00707290205322,-0.611039771123
-0.00881255071513,0.00707290205322,-0.611039771123
-0.00881255071513,0.00707290205322,-0.611039771123
-0.00881255071513,0.00707290205322,-0.611039771123
-0.00881255071513,0.00707290205322,-0.611039771123
-0.00881255071513,0.00707290205322,-0.611039771123
-0.00881255071513,0.00707290205322,-0.611039771123
-0.00881255071513,0.00707290205322,-0.611039771123
-0.00881255071513,0.00707290205322,-0.611039771123
-0.00881255071513,0.00707290205322,-0.611039771123
-0.00881255071513,0.00707290205322,-0.611039771123
-0.00881255071513,0.00707290205322,-0.611039771123
-0.00881255071513,0.00707290205322,-0.611039771123
-0.00881255071513,0.00707290205322,-0.611039771123
-0.00881255071513,0.00707290205322,-0.611039771123
-0.00881255071513,0.00707290205322,-0.611039771123
-0.00881255071513,0.00707290205322,-0.611039771123
-0.00881255071513,0.00707290205322,-0.611039771123
-0.00881255071513,0.00707290205322,-0.611039771123
-0.00881255071513,0.00707290205322,-0.611039771123
-0.00881255071513,0.00707290205322,-0.611039771123
-0.00881255071513,0.00707290205322,-0.611039771123
-0.00881255071513,0.00707290205322,-0.611039771123
-0.00881255071513,0.00707290205322,-0.611039771123
-0.00881255071513,0.00707290205322,-0.611039771123
-0.00881255071513,0.00707290205322,-0.611039771123
-0.00881255071513,0.00707290205322,-0.611039771123
-0.00881255071513,0.00707290205322,-0.611039771123
-0.00881255071513,0.00707290205322,-0.611039771123
-0.00881255071513,0.00707290205322,-0.611039771123
-0.00881255071513,0.00707290205322,-0.611039771123
-0.00881255071513,0.00707290205322,-0.611039771123
-0.00881255071513,0.00707290205322,-0.611039771123
-0.00881255071513,0.00707290205322,-0.611039771123
-0.00881255071513,0.00707290205322,-0.611039771123
-0.00881255071513,0.00707290205322,-0.611039771123
-0.00881255071513,0.00707290205322,-0.611039771123
-0.00881255071513,0.00707290205322,-0.611039771123
-0.00881255071513,0.00707290205322,-0.611039771123
-0.00881255071513,0.00707290205322,-0.611039771123
-0.00881255071513,0.00707290205322,-0.611039771123
-0.00881255071513,0.00707290205322,-0.611039771123
-0.00881255071513,0.00707290205322,-0.611039771123
-0.00881255071513,0.00707290205322,-0.611039771123
-0.00881255071513,0.00707290205322,-0.611039771123
-0.00881255071513,0.00707290205322,-0.611039771123
-0.00881255071513,0.00707290205322,-0.611039771123
-0.00881255071513,0.00707290205322,-0.611039771123
-0.00881255071513,0.00707290205322,-0.611039771123
-0.00881255071513,0.00707290205322,-0.611039771123
-0.00881255071513,0.00707290205322,-0.611039771123
-0.00881255071513,0.00707290205322,-0.611039771123
-0.00881255071513,0.00707290205322,-0.611039771123
-0.00881255071513,0.00707290205322,-0.611039771123
-0.00881255071513,0.00707290205322,-0.611039771123
-0.00881255071513,0.00707290205322,-0.611039771123
-0.00881255071513,0.00707290205322,-0.611039771123
-0.00881255071513,0.00707290205322,-0.611039771123
-0.00881255071513,0.00707290205322,-0.611039771123
-0.00881255071513,0.00707290205322,-0.611039771123
-0.00881255071513,0.00707290205322,-0.611039771123
-0.00881255071513,0.00707290205322,-0.611039771123
-0.00881255071513,0.00707290205322,-0.611039771123
-0.00881255071513,0.00707290205322,-0.611039771123
-0.00881255071513,0.00707290205322,-0.611039771123
-0.00881255071513,0.00707290205322,-0.611039771123
-0.00881255071513,0.00707290205322,-0.611039771123
-0.00881255071513,0.00707290205322,-0.611039771123
-0.00881255071513,0.00707290205322,-0.611039771123
-0.00881255071513,0.00707290205322,-0.611039771123
-0.00881255071513,0.00707290205322,-0.611039771123
-0.00881255071513,0.00707290205322,-0.611039771123
-0.00881255071513,0.00707290205322,-0.611039771123
-0.00881255071513,0.00707290205322,-0.611039771123
-0.00881255071513,0.00707290205322,-0.611039771123
-0.00881255071513,0.00707290205322,-0.611039771123
-0.00881255071513,0.00707290205322,-0.611039771123
-0.00881255071513,0.00707290205322,-0.611039771123
-0.00881255071513,0.00707290205322,-0.611039771123
-0.00881255071513,0.00707290205322,-0.611039771123
-0.00881255071513,0.00707290205322,-0.611039771123
-0.00881255071513,0.00707290205322,-0.611039771123
-0.00881255071513,0.00707290205322,-0.611039771123
-0.00881255071513,0.00707290205322,-0.611039771123
-0.00881255071513,0.00707290205322,-0.611039771123
-0.00881255071513,0.00707290205322,-0.611039771123
-0.00881255071513,0.00707290205322,-0.611039771123
-0.00881255071513,0.00707290205322,-0.611039771123
-0.00881255071513,0.00707290205322,-0.611039771123
-0.00881255071513,0.00707290205322,-0.611039771123
-0.00881255071513,0.00707290205322,-0.611039771123
-0.00881255071513,0.00707290205322,-0.611039771123
-0.00881255071513,0.00707290205322,-0.611039771123
-0.00881255071513,0.00707290205322,-0.611039771123
-0.00881255071513,0.00707290205322,-0.611039771123
-0.00881255071513,0.00707290205322,-0.611039771123
-0.00881255071513,0.00707290205322,-0.611039771123
-0.00881255071513,0.00707290205322,-0.611039771123
-0.00881255071513,0.00707290205322,-0.611039771123
-0.00881255071513,0.00707290205322,-0.611039771123
-0.00881255071513,0.00707290205322,-0.611039771123
-0.00881255071513,0.00707290205322,-0.611039771123
-0.00881255071513,0.00707290205322,-0.611039771123
-0.00881255071513,0.00707290205322,-0.611039771123
-0.00881255071513,0.00707290205322,-0.611039771123
-0.00881255071513,0.00707290205322,-0.611039771123
-0.00881255071513,0.00707290205322,-0.611039771123
-0.00881255071513,0.00707290205322,-0.611039771123
-0.00881255071513,0.00707290205322,-0.611039771123
-0.00881255071513,0.00707290205322,-0.611039771123
-0.00881255071513,0.00707290205322,-0.611039771123
-0.00881255071513,0.00707290205322,-0.611039771123
-0.00881255071513,0.00707290205322,-0.611039771123
-0.00881255071513,0.00707290205322,-0.611039771123
-0.00881255071513,0.00707290205322,-0.611039771123
-0.00881255071513,0.00707290205322,-0.611039771123
-0.00881255071513,0.00707290205322,-0.611039771123
-0.00881255071513,0.00707290205322,-0.611039771123
-0.00881255071513,0.00707290205322,-0.611039771123
-0.00881255071513,0.00707290205322,-0.611039771123
-0.00881255071513,0.00707290205322,-0.611039771123
-0.00881255071513,0.00707290205322,-0.611039771123
-0.00881255071513,0.00707290205322,-0.611039771123
-0.00881255071513,0.00707290205322,-0.611039771123
-0.00881255071513,0.00707290205322,-0.611039771123
-0.00881255071513,0.00707290205322,-0.611039771123
-0.00881255071513,0.00707290205322,-0.611039771123
-0.00881255071513,0.00707290205322,-0.611039771123
-0.00881255071513,0.00707290205322,-0.611039771123
-0.00881255071513,0.00707290205322,-0.611039771123
-0.00881255071513,0.00707290205322,-0.611039771123
-0.00881255071513,0.00707290205322,-0.611039771123
-0.00881255071513,0.00707290205322,-0.611039771123
-0.00881255071513,0.00707290205322,-0.611039771123
-0.00881255071513,0.00707290205322,-0.611039771123
-0.00881255071513,0.00707290205322,-0.611039771123
-0.00881255071513,0.00707290205322,-0.611039771123
-0.00881255071513,0.00707290205322,-0.611039771123
-0.00881255071513,0.00707290205322,-0.611039771123
-0.00881255071513,0.00707290205322,-0.611039771123
-0.00881255071513,0.00707290205322,-0.611039771123
-0.00881255071513,0.00707290205322,-0.611039771123
-0.00881255071513,0.00707290205322,-0.611039771123
-0.00881255071513,0.00707290205322,-0.611039771123
-0.00881255071513,0.00707290205322,-0.611039771123
-0.00881255071513,0.00707290205322,-0.611039771123
-0.00881255071513,0.00707290205322,-0.611039771123
-0.00881255071513,0.00707290205322,-0.611039771123
-0.00881255071513,0.00707290205322,-0.611039771123
-0.00881255071513,0.00707290205322,-0.611039771123
-0.00881255071513,0.00707290205322,-0.611039771123
-0.00881255071513,0.00707290205322,-0.611039771123
-0.00881255071513,0.00707290205322,-0.611039771123
-0.00881255071513,0.00707290205322,-0.611039771123
-0.00881255071513,0.00707290205322,-0.611039771123
-0.00881255071513,0.00707290205322,-0.611039771123
-0.00881255071513,0.00707290205322,-0.611039771123
-0.00881255071513,0.00707290205322,-0.611039771123
-0.00881255071513,0.00707290205322,-0.611039771123
-0.00881255071513,0.00707290205322,-0.611039771123
-0.00881255071513,0.00707290205322,-0.611039771123
-0.00881255071513,0.00707290205322,-0.611039771123
-0.00881255071513,0.00707290205322,-0.611039771123
-0.00881255071513,0.00707290205322,-0.611039771123
-0.00881255071513,0.00707290205322,-0.611039771123
-0.00881255071513,0.00707290205322,-0.611039771123
-0.00881255071513,0.00707290205322,-0.611039771123
-0.00881255071513,0.00707290205322,-0.611039771123
-0.00881255071513,0.00707290205322,-0.611039771123
-0.00881255071513,0.00707290205322,-0.611039771123
-0.00881255071513,0.00707290205322,-0.611039771123
-0.00881255071513,0.00707290205322,-0.611039771123
-0.00881255071513,0.00707290205322,-0.611039771123
-0.00881255071513,0.00707290205322,-0.611039771123
-0.00881255071513,0.00707290205322,-0.611039771123
-0.00881255071513,0.00707290205322,-0.611039771123
-0.00881255071513,0.00707290205322,-0.611039771123
-0.00881255071513,0.00707290205322,-0.611039771123
-0.00881255071513,0.00707290205322,-0.611039771123
-0.00881255071513,0.00707290205322,-0.611039771123
-0.00881255071513,0.00707290205322,-0.611039771123
-0.00881255071513,0.00707290205322,-0.611039771123
-0.00881255071513,0.00707290205322,-0.611039771123
-0.00881255071513,0.00707290205322,-0.611039771123
-0.00881255071513,0.00707290205322,-0.611039771123
-0.00881255071513,0.00707290205322,-0.611039771123
-0.00881255071513,0.00707290205322,-0.611039771123
-0.00881255071513,0.00707290205322,-0.611039771123
-0.00881255071513,0.00707290205322,-0.611039771123
-0.00881255071513,0.00707290205322,-0.611039771123
-0.00881255071513,0.00707290205322,-0.611039771123
-0.00881255071513,0.00707290205322,-0.611039771123
-0.00877762139061,0.00704843519049,-0.611039771123
-0.00877762139061,0.00704843519049,-0.611039771123
-0.00877762139061,0.00704843519049,-0.611039771123
-0.00877762139061,0.00704843519049,-0.611039771123
-0.00874269206609,0.00702396832776,-0.611039771123
-0.00874269206609,0.00702396832776,-0.611039771123
-0.00874269206609,0.00702396832776,-0.611039771123
-0.00874269206609,0.00702396832776,-0.611039771123
-0.00874269206609,0.00702396832776,-0.611039771123
-0.00874269206609,0.00702396832776,-0.611039771123
-0.00874269206609,0.00702396832776,-0.611039771123
-0.00874269206609,0.00702396832776,-0.611039771123
-0.00874269206609,0.00702396832776,-0.611039771123
-0.00874269206609,0.00702396832776,-0.611039771123
-0.00874269206609,0.00702396832776,-0.611039771123
-0.00874269206609,0.00702396832776,-0.611039771123
-0.00874269206609,0.00702396832776,-0.611039771123
-0.00874269206609,0.00702396832776,-0.611039771123
-0.00874269206609,0.00702396832776,-0.611039771123
-0.00874269206609,0.00702396832776,-0.611039771123
-0.00874269206609,0.00702396832776,-0.611039771123
-0.00874269206609,0.00702396832776,-0.610865238198
-0.00874269206609,0.00702396832776,-0.610865238198
-0.00874269206609,0.00702396832776,-0.610865238198
-0.00870775847183,0.00699950756172,-0.610865238198
-0.00870775847183,0.00699950756172,-0.610865238198
-0.00870775847183,0.00699950756172,-0.610865238198
-0.00867282487757,0.00697504679569,-0.610341639422
-0.00867282487757,0.00697504679569,-0.610341639422
-0.00867282487757,0.00697504679569,-0.609119908946
-0.00867282487757,0.00697504679569,-0.609119908946
-0.00867282487757,0.00697504679569,-0.609119908946
-0.00877775357694,0.00704824607025,-0.60824724432
-0.00877775357694,0.00704824607025,-0.60824724432
-0.00877775357694,0.00704824607025,-0.60824724432
-0.00881275108955,0.00707261529663,-0.607723645544
-0.00881275108955,0.00707261529663,-0.607723645544
-0.00881275108955,0.00707261529663,-0.607723645544
-0.00881275108955,0.00707261529663,-0.607025513844
-0.00881275108955,0.00707261529663,-0.607025513844
-0.00881275108955,0.00707261529663,-0.607025513844
-0.00881275108955,0.00707261529663,-0.607025513844
-0.00874269657133,0.00702396239528,-0.606676447993
-0.00874269657133,0.00702396239528,-0.606676447993
-0.00874269657133,0.00702396239528,-0.606676447993
-0.00881276806834,0.00707259084003,-0.605978316292
-0.00881276806834,0.00707259084003,-0.605978316292
-0.00881276806834,0.00707259084003,-0.605978316292
-0.00877771535385,0.00704830108314,-0.605803783367
-0.00877771535385,0.00704830108314,-0.605803783367
-0.00877771535385,0.00704830108314,-0.605454717517
-0.00877771535385,0.00704830108314,-0.605454717517
-0.00877771535385,0.00704830108314,-0.605454717517
-0.00877771535385,0.00704830108314,-0.605629250442
-0.00877771535385,0.00704830108314,-0.605629250442
-0.00877771535385,0.00704830108314,-0.605629250442
-0.00877771535385,0.00704830108314,-0.605803783367
-0.00877771535385,0.00704830108314,-0.605803783367
-0.00877771535385,0.00704830108314,-0.605803783367
-0.00877771535385,0.00704830108314,-0.605803783367
-0.00877771535385,0.00704830108314,-0.605803783367
-0.00877771535385,0.00704830108314,-0.605803783367
-0.00877771535385,0.00704830108314,-0.605629250442
-0.00877771535385,0.00704830108314,-0.605629250442
-0.00877771535385,0.00704830108314,-0.605629250442
-0.00881277654493,0.00707257860284,-0.605629250442
-0.00881277654493,0.00707257860284,-0.605629250442
-0.0088828989271,0.00712113364224,-0.604931118741
-0.0088828989271,0.00712113364224,-0.604931118741
-0.0088828989271,0.00712113364224,-0.604931118741
-0.0088828989271,0.00712113364224,-0.604931118741
-0.00902321145288,0.00721814578807,-0.604756585816
-0.00902321145288,0.00721814578807,-0.604756585816
-0.00902321145288,0.00721814578807,-0.604756585816
-0.00909337618061,0.00726663961566,-0.60353485534
-0.00909337618061,0.00726663961566,-0.60353485534
-0.00909337618061,0.00726663961566,-0.60353485534
-0.00909337618061,0.00726663961566,-0.60353485534
-0.00909337618061,0.00726663961566,-0.603011256564
-0.00909337618061,0.00726663961566,-0.603011256564
-0.00909337618061,0.00726663961566,-0.603011256564
-0.00912850080987,0.00729082526229,-0.602836723639
-0.00912850080987,0.00729082526229,-0.602836723639
-0.00912850080987,0.00729082526229,-0.602836723639
-0.00912850080987,0.00729082526229,-0.602836723639
-0.00937440275927,0.00746008187324,-0.602487657788
-0.00937440275927,0.00746008187324,-0.602487657788
-0.00937440275927,0.00746008187324,-0.602487657788
-0.00937440275927,0.00746008187324,-0.601789526088
-0.00937440275927,0.00746008187324,-0.601789526088
-0.00937440275927,0.00746008187324,-0.601789526088
-0.00937440275927,0.00746008187324,-0.601789526088
-0.00937440275927,0.00746008187324,-0.601789526088
-0.00937440275927,0.00746008187324,-0.601789526088
-0.00937440275927,0.00746008187324,-0.601789526088
-0.00937440275927,0.00746008187324,-0.601789526088
-0.00937440275927,0.00746008187324,-0.601789526088
-0.00937440275927,0.00746008187324,-0.601789526088
-0.00937440275927,0.00746008187324,-0.601789526088
-0.00937440275927,0.00746008187324,-0.601789526088
-0.00937440275927,0.00746008187324,-0.601789526088
-0.00937440275927,0.00746008187324,-0.601789526088
-0.00937440275927,0.00746008187324,-0.601789526088
-0.00937440275927,0.00746008187324,-0.601789526088
-0.00937440275927,0.00746008187324,-0.601789526088
-0.00937440275927,0.00746008187324,-0.601789526088
-0.00937440275927,0.00746008187324,-0.601789526088
-0.00937440275927,0.00746008187324,-0.601789526088
-0.00937440275927,0.00746008187324,-0.601789526088
-0.00937440275927,0.00746008187324,-0.601789526088
-0.00937440275927,0.00746008187324,-0.601789526088
-0.00937440275927,0.00746008187324,-0.601789526088
-0.00937440275927,0.00746008187324,-0.601789526088
-0.00937440275927,0.00746008187324,-0.601789526088
-0.00937440275927,0.00746008187324,-0.601789526088
-0.00937440275927,0.00746008187324,-0.601789526088
-0.00937440275927,0.00746008187324,-0.601789526088
-0.00937440275927,0.00746008187324,-0.601789526088
-0.00937440275927,0.00746008187324,-0.601789526088
-0.00937440275927,0.00746008187324,-0.601789526088
-0.00937440275927,0.00746008187324,-0.601789526088
-0.00937440275927,0.00746008187324,-0.601789526088
-0.00937440275927,0.00746008187324,-0.601789526088
-0.00937440275927,0.00746008187324,-0.601789526088
-0.00937440275927,0.00746008187324,-0.601789526088
-0.00937440275927,0.00746008187324,-0.601789526088
-0.00937440275927,0.00746008187324,-0.601789526088
-0.00937440275927,0.00746008187324,-0.601789526088
-0.00937440275927,0.00746008187324,-0.601789526088
-0.00937440275927,0.00746008187324,-0.601789526088
-0.00937440275927,0.00746008187324,-0.601789526088
-0.00937440275927,0.00746008187324,-0.601789526088
-0.00937440275927,0.00746008187324,-0.601789526088
-0.00937440275927,0.00746008187324,-0.601789526088
-0.00937440275927,0.00746008187324,-0.601789526088
-0.00937440275927,0.00746008187324,-0.601789526088
-0.00937440275927,0.00746008187324,-0.601789526088
-0.00937440275927,0.00746008187324,-0.601789526088
-0.00937440275927,0.00746008187324,-0.601789526088
-0.00937440275927,0.00746008187324,-0.601789526088
-0.00937440275927,0.00746008187324,-0.601789526088
-0.00937440275927,0.00746008187324,-0.601789526088
-0.00937440275927,0.00746008187324,-0.601789526088
-0.00937440275927,0.00746008187324,-0.601789526088
-0.00937440275927,0.00746008187324,-0.601789526088
-0.00937440275927,0.00746008187324,-0.601789526088
-0.00937440275927,0.00746008187324,-0.601789526088
-0.00937440275927,0.00746008187324,-0.601789526088
-0.00937440275927,0.00746008187324,-0.601789526088
-0.00937440275927,0.00746008187324,-0.601789526088
-0.00937440275927,0.00746008187324,-0.601789526088
-0.00937440275927,0.00746008187324,-0.601789526088
-0.00937440275927,0.00746008187324,-0.601789526088
-0.00937440275927,0.00746008187324,-0.601789526088
-0.00937440275927,0.00746008187324,-0.601789526088
-0.00937440275927,0.00746008187324,-0.601789526088
-0.00937440275927,0.00746008187324,-0.601789526088
-0.00937440275927,0.00746008187324,-0.601789526088
-0.00937440275927,0.00746008187324,-0.601789526088
-0.00937440275927,0.00746008187324,-0.601789526088
-0.00937440275927,0.00746008187324,-0.601789526088
-0.00937440275927,0.00746008187324,-0.601789526088
-0.00937440275927,0.00746008187324,-0.601789526088
-0.00937440275927,0.00746008187324,-0.601789526088
-0.00937440275927,0.00746008187324,-0.601789526088
-0.00937440275927,0.00746008187324,-0.601789526088
-0.00937440275927,0.00746008187324,-0.601789526088
-0.00937440275927,0.00746008187324,-0.601789526088
-0.00937440275927,0.00746008187324,-0.601789526088
-0.00937440275927,0.00746008187324,-0.601789526088
-0.00937440275927,0.00746008187324,-0.601789526088
-0.00937440275927,0.00746008187324,-0.601789526088
-0.00937440275927,0.00746008187324,-0.601789526088
-0.00937440275927,0.00746008187324,-0.601789526088
-0.00937440275927,0.00746008187324,-0.601789526088
-0.00937440275927,0.00746008187324,-0.601789526088
-0.00937440275927,0.00746008187324,-0.601789526088
-0.00937440275927,0.00746008187324,-0.601789526088
-0.00937440275927,0.00746008187324,-0.601789526088
-0.00937440275927,0.00746008187324,-0.601789526088
-0.00937440275927,0.00746008187324,-0.601789526088
-0.00937440275927,0.00746008187324,-0.601789526088
-0.00937440275927,0.00746008187324,-0.601789526088
-0.00937440275927,0.00746008187324,-0.601789526088
-0.00937440275927,0.00746008187324,-0.601789526088
-0.00937440275927,0.00746008187324,-0.601789526088
-0.00937440275927,0.00746008187324,-0.601789526088
-0.00937440275927,0.00746008187324,-0.601789526088
-0.00937440275927,0.00746008187324,-0.601789526088
-0.00937440275927,0.00746008187324,-0.601789526088
-0.00937440275927,0.00746008187324,-0.601789526088
-0.00937440275927,0.00746008187324,-0.601789526088
-0.00937440275927,0.00746008187324,-0.601789526088
-0.00937440275927,0.00746008187324,-0.601789526088
-0.00937440275927,0.00746008187324,-0.601789526088
-0.00937440275927,0.00746008187324,-0.601789526088
-0.00937440275927,0.00746008187324,-0.601789526088
-0.00937440275927,0.00746008187324,-0.601789526088
-0.00937440275927,0.00746008187324,-0.601789526088
-0.00937440275927,0.00746008187324,-0.601789526088
-0.00937440275927,0.00746008187324,-0.601789526088
-0.00937440275927,0.00746008187324,-0.601789526088
-0.00937440275927,0.00746008187324,-0.601789526088
-0.00937440275927,0.00746008187324,-0.601789526088
-0.00937440275927,0.00746008187324,-0.601789526088
-0.00937440275927,0.00746008187324,-0.601789526088
-0.00937440275927,0.00746008187324,-0.601789526088
-0.00937440275927,0.00746008187324,-0.601789526088
-0.00937440275927,0.00746008187324,-0.601789526088
-0.00937440275927,0.00746008187324,-0.601789526088
-0.00937440275927,0.00746008187324,-0.601789526088
-0.00937440275927,0.00746008187324,-0.601789526088
-0.00937440275927,0.00746008187324,-0.601789526088
-0.00937440275927,0.00746008187324,-0.601789526088
-0.00937440275927,0.00746008187324,-0.601789526088
-0.00937440275927,0.00746008187324,-0.601789526088
-0.00937440275927,0.00746008187324,-0.601789526088
-0.00937440275927,0.00746008187324,-0.601789526088
-0.00937440275927,0.00746008187324,-0.601789526088
-0.00937440275927,0.00746008187324,-0.601789526088
-0.00937440275927,0.00746008187324,-0.601789526088
-0.00937440275927,0.00746008187324,-0.601789526088
-0.00937440275927,0.00746008187324,-0.601789526088
-0.00937440275927,0.00746008187324,-0.601789526088
-0.00937440275927,0.00746008187324,-0.601789526088
-0.00937440275927,0.00746008187324,-0.601789526088
-0.00937440275927,0.00746008187324,-0.601789526088
-0.00937440275927,0.00746008187324,-0.601789526088
-0.00937440275927,0.00746008187324,-0.601789526088
-0.00937440275927,0.00746008187324,-0.601789526088
-0.00937440275927,0.00746008187324,-0.601789526088
-0.00937440275927,0.00746008187324,-0.601789526088
-0.00937440275927,0.00746008187324,-0.601789526088
-0.00937440275927,0.00746008187324,-0.601789526088
-0.00937440275927,0.00746008187324,-0.601789526088
-0.00937440275927,0.00746008187324,-0.601789526088
-0.00937440275927,0.00746008187324,-0.601789526088
-0.00937440275927,0.00746008187324,-0.601789526088
-0.00937440275927,0.00746008187324,-0.601789526088
-0.00937440275927,0.00746008187324,-0.601789526088
-0.00937440275927,0.00746008187324,-0.601789526088
-0.00937440275927,0.00746008187324,-0.601789526088
-0.00937440275927,0.00746008187324,-0.601789526088
-0.00937440275927,0.00746008187324,-0.601789526088
-0.00937440275927,0.00746008187324,-0.601789526088
-0.00937440275927,0.00746008187324,-0.601789526088
-0.00937440275927,0.00746008187324,-0.601789526088
-0.00937440275927,0.00746008187324,-0.601789526088
-0.00937440275927,0.00746008187324,-0.601789526088
-0.00937440275927,0.00746008187324,-0.601789526088
-0.00937440275927,0.00746008187324,-0.601789526088
-0.00937440275927,0.00746008187324,-0.601789526088
-0.00937440275927,0.00746008187324,-0.601789526088
-0.00937440275927,0.00746008187324,-0.601789526088
-0.00937440275927,0.00746008187324,-0.601789526088
-0.00937440275927,0.00746008187324,-0.601789526088
-0.00937440275927,0.00746008187324,-0.601789526088
-0.00937440275927,0.00746008187324,-0.601789526088
-0.00937440275927,0.00746008187324,-0.601789526088
-0.00937440275927,0.00746008187324,-0.601789526088
-0.00937440275927,0.00746008187324,-0.601789526088
-0.00937440275927,0.00746008187324,-0.601789526088
-0.00937440275927,0.00746008187324,-0.601789526088
-0.00937440275927,0.00746008187324,-0.601789526088
-0.00937440275927,0.00746008187324,-0.601789526088
-0.00937440275927,0.00746008187324,-0.601789526088
-0.00937440275927,0.00746008187324,-0.601789526088
-0.00937440275927,0.00746008187324,-0.601789526088
-0.00937440275927,0.00746008187324,-0.601789526088
-0.00937440275927,0.00746008187324,-0.601789526088
-0.00937440275927,0.00746008187324,-0.601789526088
-0.00937440275927,0.00746008187324,-0.601789526088
-0.00937440275927,0.00746008187324,-0.601789526088
-0.00937440275927,0.00746008187324,-0.601789526088
-0.00937440275927,0.00746008187324,-0.601789526088
-0.00937440275927,0.00746008187324,-0.601789526088
-0.00937440275927,0.00746008187324,-0.601789526088
-0.00937440275927,0.00746008187324,-0.601789526088
-0.00937440275927,0.00746008187324,-0.601789526088
-0.00937440275927,0.00746008187324,-0.601789526088
-0.00937440275927,0.00746008187324,-0.601789526088
-0.00937440275927,0.00746008187324,-0.601789526088
-0.00937440275927,0.00746008187324,-0.601789526088
-0.00937440275927,0.00746008187324,-0.601789526088
-0.00937440275927,0.00746008187324,-0.601789526088
-0.00937440275927,0.00746008187324,-0.601789526088
-0.00937440275927,0.00746008187324,-0.601789526088
-0.00937440275927,0.00746008187324,-0.601789526088
-0.00937440275927,0.00746008187324,-0.601789526088
-0.00937440275927,0.00746008187324,-0.601789526088
-0.00937440275927,0.00746008187324,-0.601789526088
-0.00937440275927,0.00746008187324,-0.601789526088
-0.00937440275927,0.00746008187324,-0.601789526088
-0.00937440275927,0.00746008187324,-0.601789526088
-0.00937440275927,0.00746008187324,-0.601789526088
-0.00937440275927,0.00746008187324,-0.601789526088
-0.00937440275927,0.00746008187324,-0.601789526088
-0.00937440275927,0.00746008187324,-0.601789526088
-0.00937440275927,0.00746008187324,-0.601789526088
-0.00937440275927,0.00746008187324,-0.601789526088
-0.00937440275927,0.00746008187324,-0.601789526088
-0.00937440275927,0.00746008187324,-0.601789526088
-0.00937440275927,0.00746008187324,-0.601789526088
-0.00937440275927,0.00746008187324,-0.601789526088
-0.00937440275927,0.00746008187324,-0.601789526088
-0.00937440275927,0.00746008187324,-0.601789526088
-0.00937440275927,0.00746008187324,-0.601789526088
-0.00937440275927,0.00746008187324,-0.601789526088
-0.00937440275927,0.00746008187324,-0.601789526088
-0.00937440275927,0.00746008187324,-0.601789526088
-0.00937440275927,0.00746008187324,-0.601789526088
-0.00937440275927,0.00746008187324,-0.601789526088
-0.00937440275927,0.00746008187324,-0.601789526088
-0.00937440275927,0.00746008187324,-0.601789526088
-0.00937440275927,0.00746008187324,-0.601789526088
-0.00937440275927,0.00746008187324,-0.601789526088
-0.00937440275927,0.00746008187324,-0.601789526088
-0.00937440275927,0.00746008187324,-0.601789526088
-0.00937440275927,0.00746008187324,-0.601789526088
-0.00937440275927,0.00746008187324,-0.601789526088
-0.00937440275927,0.00746008187324,-0.601789526088
-0.00937440275927,0.00746008187324,-0.601789526088
-0.00937440275927,0.00746008187324,-0.601789526088
-0.00937440275927,0.00746008187324,-0.601789526088
-0.00937440275927,0.00746008187324,-0.601789526088
-0.00937440275927,0.00746008187324,-0.601789526088
-0.00937440275927,0.00746008187324,-0.601789526088
-0.00937440275927,0.00746008187324,-0.601789526088
-0.00937440275927,0.00746008187324,-0.601789526088
-0.00937440275927,0.00746008187324,-0.601789526088
-0.00937440275927,0.00746008187324,-0.601789526088
-0.00937440275927,0.00746008187324,-0.601789526088
-0.00937440275927,0.00746008187324,-0.601789526088
-0.00937440275927,0.00746008187324,-0.601789526088
-0.00937440275927,0.00746008187324,-0.601789526088
-0.00937440275927,0.00746008187324,-0.601789526088
-0.00937440275927,0.00746008187324,-0.601789526088
-0.00937440275927,0.00746008187324,-0.601789526088
-0.00937440275927,0.00746008187324,-0.601789526088
-0.00937440275927,0.00746008187324,-0.601789526088
-0.00937440275927,0.00746008187324,-0.601789526088
-0.00937440275927,0.00746008187324,-0.601789526088
-0.00937440275927,0.00746008187324,-0.601789526088
-0.00937440275927,0.00746008187324,-0.601789526088
-0.00937440275927,0.00746008187324,-0.601789526088
-0.00937440275927,0.00746008187324,-0.601789526088
-0.00937440275927,0.00746008187324,-0.601789526088
-0.00937440275927,0.00746008187324,-0.601789526088
-0.00937440275927,0.00746008187324,-0.601789526088
-0.00937440275927,0.00746008187324,-0.601789526088
-0.00937440275927,0.00746008187324,-0.601789526088
-0.00937440275927,0.00746008187324,-0.601789526088
-0.00937440275927,0.00746008187324,-0.601789526088
-0.00937440275927,0.00746008187324,-0.601789526088
-0.00937440275927,0.00746008187324,-0.601789526088
-0.00937440275927,0.00746008187324,-0.601789526088
-0.00937440275927,0.00746008187324,-0.601789526088
-0.00937440275927,0.00746008187324,-0.601789526088
-0.00937440275927,0.00746008187324,-0.601789526088
-0.00937440275927,0.00746008187324,-0.601789526088
-0.00937440275927,0.00746008187324,-0.601789526088
-0.00937440275927,0.00746008187324,-0.601789526088
-0.00937440275927,0.00746008187324,-0.601789526088
-0.00937440275927,0.00746008187324,-0.601789526088
-0.00937440275927,0.00746008187324,-0.601789526088
-0.00937440275927,0.00746008187324,-0.601789526088
-0.00937440275927,0.00746008187324,-0.601789526088
-0.00937440275927,0.00746008187324,-0.601789526088
-0.00937440275927,0.00746008187324,-0.601789526088
-0.00937440275927,0.00746008187324,-0.601789526088
-0.00937440275927,0.00746008187324,-0.601789526088
-0.00937440275927,0.00746008187324,-0.601789526088
-0.00937440275927,0.00746008187324,-0.601789526088
-0.00937440275927,0.00746008187324,-0.601789526088
-0.00937440275927,0.00746008187324,-0.601789526088
-0.00937440275927,0.00746008187324,-0.601789526088
-0.00937440275927,0.00746008187324,-0.601789526088
-0.00937440275927,0.00746008187324,-0.601789526088
-0.00937440275927,0.00746008187324,-0.601789526088
-0.00937440275927,0.00746008187324,-0.601789526088
-0.00937440275927,0.00746008187324,-0.601789526088
-0.00937440275927,0.00746008187324,-0.601789526088
-0.00937440275927,0.00746008187324,-0.601789526088
-0.00937440275927,0.00746008187324,-0.601789526088
-0.00937440275927,0.00746008187324,-0.601789526088
-0.00937440275927,0.00746008187324,-0.601789526088
-0.00937440275927,0.00746008187324,-0.601789526088
-0.00937440275927,0.00746008187324,-0.601789526088
-0.00937440275927,0.00746008187324,-0.601789526088
-0.00937440275927,0.00746008187324,-0.601789526088
-0.00937440275927,0.00746008187324,-0.601789526088
-0.00937440275927,0.00746008187324,-0.601789526088
-0.00937440275927,0.00746008187324,-0.601789526088
-0.00937440275927,0.00746008187324,-0.601789526088
-0.00937440275927,0.00746008187324,-0.601789526088
-0.00937440275927,0.00746008187324,-0.601789526088
-0.00937440275927,0.00746008187324,-0.601789526088
-0.00937440275927,0.00746008187324,-0.601789526088
-0.00937440275927,0.00746008187324,-0.601789526088
-0.00937440275927,0.00746008187324,-0.601789526088
-0.00937440275927,0.00746008187324,-0.601789526088
-0.00937440275927,0.00746008187324,-0.601789526088
-0.00937440275927,0.00746008187324,-0.601789526088
-0.00937440275927,0.00746008187324,-0.601789526088
-0.00937440275927,0.00746008187324,-0.601789526088
-0.00937440275927,0.00746008187324,-0.601789526088
-0.00937440275927,0.00746008187324,-0.601789526088
-0.00937440275927,0.00746008187324,-0.601789526088
-0.00937440275927,0.00746008187324,-0.601789526088
-0.00937440275927,0.00746008187324,-0.601789526088
-0.00937440275927,0.00746008187324,-0.601789526088
-0.00937440275927,0.00746008187324,-0.601789526088
-0.00937440275927,0.00746008187324,-0.601789526088
-0.00937440275927,0.00746008187324,-0.601789526088
-0.00937440275927,0.00746008187324,-0.601789526088
-0.00937440275927,0.00746008187324,-0.601789526088
-0.00937440275927,0.00746008187324,-0.601789526088
-0.00937440275927,0.00746008187324,-0.601789526088
-0.00937440275927,0.00746008187324,-0.601789526088
-0.00937440275927,0.00746008187324,-0.601789526088
-0.00937440275927,0.00746008187324,-0.601789526088
-0.00937440275927,0.00746008187324,-0.601789526088
-0.00937440275927,0.00746008187324,-0.601789526088
-0.00937440275927,0.00746008187324,-0.601789526088
-0.00937440275927,0.00746008187324,-0.601789526088
-0.00937440275927,0.00746008187324,-0.601789526088
-0.00937440275927,0.00746008187324,-0.601789526088
-0.00937440275927,0.00746008187324,-0.601789526088
