0.0,0.0,-0.00244346095279
0.0,0.0,-0.00244346095279
0.0,0.0,-0.00244346095279
0.0,0.0,-0.00994837673637
0.0,0.0,-0.00994837673637
0.0,0.0,-0.0123918376892
0.0,0.0,-0.0123918376892
0.0,0.0,-0.0123918376892
0.0,0.0,-0.0198967534727
0.0,0.0,-0.0198967534727
0.0,0.0,-0.0198967534727
0.0,0.0,-0.0198967534727
0.0,0.0,-0.0286233997327
0.0,0.0,-0.0310668606855
0.0,0.0,-0.0310668606855
0.0,0.0,-0.0310668606855
0.0,0.0,-0.0310668606855
0.0,0.0,-0.0385717764691
0.0,0.0,-0.0385717764691
0.0,0.0,-0.0385717764691
0.0,0.0,-0.0459021593275
0.0,0.0,-0.0459021593275
0.0,0.0,-0.0459021593275
0.0,0.0,-0.0459021593275
0.0,0.0,-0.0546288055874
0.0,0.0,-0.0570722665402
0.0,0.0,-0.0570722665402
0.0,0.0,-0.0570722665402
0.0,0.0,-0.0570722665402
0.0,0.0,-0.0645771823238
0.0,0.0,-0.0670206432766
0.0,0.0,-0.0670206432766
0.0,0.0,-0.0670206432766
0.0,0.0,-0.0670206432766
0.0,0.0,-0.074351026135
0.0,0.0,-0.074351026135
0.0,0.0,-0.074351026135
0.0,0.0,-0.0830776723949
0.0,0.0,-0.0830776723949
0.0,0.0,-0.0830776723949
0.0,0.0,-0.0830776723949
0.0,0.0,-0.0904080552533
0.0,0.0,-0.0904080552533
0.0,0.0,-0.0904080552533
0.0,0.0,-0.0979129710369
0.0,0.0,-0.0979129710369
0.0,0.0,-0.0979129710369
0.0,0.0,-0.0979129710369
0.0,0.0,-0.105243353895
0.0,0.0,-0.105243353895
0.0,0.0,-0.105243353895
0.0,0.0,-0.113970000155
0.0,0.0,-0.113970000155
0.0,0.0,-0.116413461108
0.0,0.0,-0.116413461108
0.0,0.0,-0.116413461108
0.0,0.0,-0.123743843966
0.0,0.0,-0.123743843966
0.0,0.0,-0.123743843966
0.0,0.0,-0.123743843966
0.0,0.0,-0.131074226825
0.0,0.0,-0.131074226825
0.0,0.0,-0.131074226825
0.0,0.0,-0.139800873085
0.0,0.0,-0.139800873085
0.0,0.0,-0.142244334038
0.0,0.0,-0.142244334038
0.0,0.0,-0.142244334038
0.0,0.0,-0.149749249821
0.0,0.0,-0.149749249821
0.0,0.0,-0.149749249821
0.0,0.0,-0.149749249821
0.0,0.0,-0.15742869853
0.0,0.0,-0.15742869853
0.0,0.0,-0.15742869853
0.0,0.0,-0.16615534479
0.0,0.0,-0.16615534479
0.0,0.0,-0.16615534479
0.0,0.0,-0.16615534479
0.0,0.0,-0.173485727648
0.0,0.0,-0.173485727648
0.0,0.0,-0.173485727648
0.0,0.0,-0.173485727648
0.0,0.0,-0.180990643432
0.0,0.0,-0.180990643432
0.0,0.0,-0.180990643432
0.0,0.0,-0.188495559215
0.0,0.0,-0.188495559215
0.0,0.0,-0.188495559215
0.0,0.0,-0.188495559215
0.0,0.0,-0.197222205475
0.0,0.0,-0.199665666428
0.0,0.0,-0.199665666428
0.0,0.0,-0.199665666428
0.0,0.0,-0.207345115137
0.0,0.0,-0.207345115137
0.0,0.0,-0.20978857609
0.0,0.0,-0.20978857609
0.0,0.0,-0.20978857609
0.0,0.0,-0.217293491873
0.0,0.0,-0.217293491873
0.0,0.0,-0.217293491873
0.0,0.0,-0.217293491873
0.0,0.0,-0.226020138133
0.0,0.0,-0.226020138133
0.0,0.0,-0.226020138133
0.0,0.0,-0.226020138133
0.0,0.0,-0.233525053917
0.0,0.0,-0.233525053917
0.0,0.0,-0.233525053917
0.0,0.0,-0.2410299697
0.0,0.0,-0.2410299697
0.0,0.0,-0.2410299697
0.0,0.0,-0.2410299697
0.0,0.0,-0.24975661596
0.0,0.0,-0.24975661596
0.0,0.0,-0.24975661596
0.0,0.0,-0.257086998819
0.0,0.0,-0.257086998819
0.0,0.0,-0.257086998819
0.0,0.0,-0.257086998819
0.0,0.0,-0.264417381677
0.0,0.0,-0.264417381677
0.0,0.0,-0.264417381677
0.0,0.0,-0.271922297461
0.0,0.0,-0.271922297461
0.0,0.0,-0.271922297461
0.0,0.0,-0.271922297461
0.0,0.0,-0.280474410795
0.0,0.0,-0.282917871748
0.0,0.0,-0.282917871748
0.0,0.0,-0.282917871748
0.0,0.0,-0.282917871748
0.0,0.0,-0.290422787532
0.0,0.0,-0.290422787532
0.0,0.0,-0.290422787532
0.0,0.0,-0.297927703315
0.0,0.0,-0.297927703315
0.0,0.0,-0.297927703315
0.0,0.0,-0.297927703315
0.0,0.0,-0.306654349575
0.0,0.0,-0.309097810528
0.0,0.0,-0.309097810528
0.0,0.0,-0.309097810528
0.0,0.0,-0.309097810528
0.0,0.0,-0.316428193387
0.0,0.0,-0.316428193387
0.0,0.0,-0.316428193387
0.0,0.0,-0.323758576245
0.0,0.0,-0.323758576245
0.0,0.0,-0.323758576245
0.0,0.0,-0.323758576245
0.0,0.0,-0.332485222505
0.0,0.0,-0.332485222505
0.0,0.0,-0.332485222505
0.0,0.0,-0.339815605363
0.0,0.0,-0.339815605363
0.0,0.0,-0.339815605363
0.0,0.0,-0.339815605363
0.0,0.0,-0.347145988222
0.0,0.0,-0.3497639821
0.0,0.0,-0.3497639821
0.0,0.0,-0.3497639821
0.0,0.0,-0.3497639821
0.0,0.0,-0.357094364958
0.0,0.0,-0.357094364958
0.0,0.0,-0.357094364958
0.0,0.0,-0.357094364958
0.0,0.0,-0.365821011218
0.0,0.0,-0.365821011218
0.0,0.0,-0.365821011218
0.0,0.0,-0.373325927002
0.0,0.0,-0.373325927002
0.0,0.0,-0.373325927002
0.0,0.0,-0.373325927002
0.0,0.0,-0.38100537571
0.0,0.0,-0.38100537571
0.0,0.0,-0.38100537571
0.0,0.0,-0.38938295612
0.0,0.0,-0.392000949998
0.0,0.0,-0.392000949998
0.0,0.0,-0.392000949998
0.0,0.0,-0.392000949998
0.0,0.0,-0.399331332856
0.0,0.0,-0.401949326734
0.0,0.0,-0.401949326734
0.0,0.0,-0.401949326734
0.0,0.0,-0.401949326734
0.0,0.0,-0.409279709593
0.0,0.0,-0.409279709593
0.0,0.0,-0.409279709593
0.0,0.0,-0.418180888778
0.0,0.0,-0.418180888778
0.0,0.0,-0.420798882656
0.0,0.0,-0.420798882656
0.0,0.0,-0.420798882656
0.0,0.0,-0.428129265514
0.0,0.0,-0.428129265514
0.0,0.0,-0.428129265514
0.0,0.0,-0.428129265514
0.0,0.0,-0.435634181298
0.0,0.0,-0.435634181298
0.0,0.0,-0.435634181298
0.0,0.0,-0.444360827558
0.0,0.0,-0.444360827558
0.0,0.0,-0.446804288511
0.0,0.0,-0.446804288511
0.0,0.0,-0.446804288511
0.0,0.0,-0.454134671369
0.0,0.0,-0.456578132322
0.0,0.0,-0.456578132322
0.0,0.0,-0.456578132322
0.0,0.0,-0.456578132322
0.0,0.0,-0.46425758103
0.0,0.0,-0.46425758103
0.0,0.0,-0.46425758103
0.0,0.0,-0.47298422729
0.0,0.0,-0.47298422729
0.0,0.0,-0.475427688243
0.0,0.0,-0.475427688243
0.0,0.0,-0.475427688243
0.0,0.0,-0.482758071102
0.0,0.0,-0.482758071102
0.0,0.0,-0.482758071102
0.0,0.0,-0.482758071102
0.0,0.0,-0.49008845396
0.0,0.0,-0.49008845396
0.0,0.0,-0.49008845396
0.0,0.0,-0.49881510022
0.0,0.0,-0.49881510022
0.0,0.0,-0.49881510022
0.0,0.0,-0.49881510022
0.0,0.0,-0.506145483078
0.0,0.0,-0.506145483078
0.0,0.0,-0.506145483078
0.0,0.0,-0.506145483078
0.0,0.0,-0.513650398862
0.0,0.0,-0.513650398862
0.0,0.0,-0.513650398862
0.0,0.0,-0.52098078172
0.0,0.0,-0.52098078172
0.0,0.0,-0.52098078172
0.0,0.0,-0.52098078172
0.0,0.0,-0.529532895055
0.0,0.0,-0.531976356008
0.0,0.0,-0.531976356008
0.0,0.0,-0.531976356008
0.0,0.0,-0.531976356008
0.0,0.0,-0.539481271791
0.0,0.0,-0.539481271791
0.0,0.0,-0.539481271791
0.0,0.0,-0.546986187575
0.0,0.0,-0.546986187575
0.0,0.0,-0.546986187575
0.0,0.0,-0.546986187575
0.0,0.0,-0.55553830091
0.0,0.0,-0.55553830091
0.0,0.0,-0.55553830091
0.0,0.0,-0.563043216693
0.0,0.0,-0.563043216693
0.0,0.0,-0.563043216693
0.0,0.0,-0.563043216693
0.0,0.0,-0.570373599552
0.0,0.0,-0.570373599552
0.0,0.0,-0.570373599552
0.0,0.0,-0.570373599552
0.0,0.0,-0.577878515335
0.0,0.0,-0.577878515335
0.0,0.0,-0.577878515335
0.0,0.0,-0.58643062867
0.0,0.0,-0.589048622548
0.0,0.0,-0.589048622548
0.0,0.0,-0.589048622548
0.0,0.0,-0.589048622548
0.0,0.0,-0.596553538332
0.0,0.0,-0.598996999284
0.0,0.0,-0.598996999284
0.0,0.0,-0.598996999284
0.0,0.0,-0.598996999284
0.0,0.0,-0.606501915068
0.0,0.0,-0.606501915068
0.0,0.0,-0.606501915068
0.0,0.0,-0.615228561328
0.0,0.0,-0.615228561328
0.0,0.0,-0.615228561328
0.0,0.0,-0.615228561328
0.0,0.0,-0.622558944186
0.0,0.0,-0.622558944186
0.0,0.0,-0.622558944186
0.0,0.0,-0.63006385997
0.0,0.0,-0.63006385997
0.0,0.0,-0.63006385997
0.0,0.0,-0.63006385997
0.0,0.0,-0.638615973305
0.0,0.0,-0.641233967183
0.0,0.0,-0.641233967183
0.0,0.0,-0.641233967183
0.0,0.0,-0.641233967183
0.0,0.0,-0.648738882966
0.0,0.0,-0.651182343919
0.0,0.0,-0.651182343919
0.0,0.0,-0.651182343919
0.0,0.0,-0.651182343919
0.0,0.0,-0.658512726777
0.0,0.0,-0.658512726777
0.0,0.0,-0.658512726777
0.0,0.0,-0.667064840112
0.0,0.0,-0.66968283399
0.0,0.0,-0.66968283399
0.0,0.0,-0.66968283399
0.0,0.0,-0.66968283399
0.0,0.0,-0.677013216849
0.0,0.0,-0.677013216849
0.0,0.0,-0.677013216849
0.0,0.0,-0.677013216849
0.0,0.0,-0.684343599707
0.0,0.0,-0.684343599707
0.0,0.0,-0.684343599707
0.0,0.0,-0.693070245967
0.0,0.0,-0.693070245967
0.0,0.0,-0.693070245967
0.0,0.0,-0.693070245967
0.0,0.0,-0.700400628825
0.0,0.0,-0.702844089778
0.0,0.0,-0.702844089778
0.0,0.0,-0.702844089778
0.0,0.0,-0.702844089778
0.0,0.0,-0.710349005562
0.0,0.0,-0.710349005562
0.0,0.0,-0.710349005562
0.0,0.0,-0.717853921345
0.0,0.0,-0.717853921345
0.0,0.0,-0.717853921345
0.0,0.0,-0.717853921345
0.0,0.0,-0.726231501755
0.0,0.0,-0.726231501755
0.0,0.0,-0.726231501755
0.0,0.0,-0.733561884613
0.0,0.0,-0.733561884613
0.0,0.0,-0.733561884613
0.0,0.0,-0.733561884613
0.0,0.0,-0.741066800397
0.0,0.0,-0.741066800397
0.0,0.0,-0.741066800397
0.0,0.0,-0.741066800397
0.0,0.0,-0.749793446657
0.0,0.0,-0.749793446657
0.0,0.0,-0.749793446657
0.0,0.0,-0.75729836244
0.0,0.0,-0.75729836244
0.0,0.0,-0.75729836244
0.0,0.0,-0.75729836244
0.0,0.0,-0.764628745299
0.0,0.0,-0.764628745299
0.0,0.0,-0.764628745299
0.0,0.0,-0.771959128157
0.0,0.0,-0.771959128157
0.0,0.0,-0.771959128157
0.0,0.0,-0.771959128157
0.0,0.0,-0.780511241492
0.0,0.0,-0.78312923537
0.0,0.0,-0.78312923537
0.0,0.0,-0.78312923537
0.0,0.0,-0.78312923537
0.0,0.0,-0.790459618228
0.0,0.0,-0.792903079181
0.0,0.0,-0.792903079181
0.0,0.0,-0.792903079181
0.0,0.0,-0.792903079181
0.0,0.0,-0.800233462039
0.0,0.0,-0.800233462039
0.0,0.0,-0.800233462039
0.0,0.0,-0.808960108299
0.0,0.0,-0.808960108299
0.0,0.0,-0.808960108299
0.0,0.0,-0.808960108299
0.0,0.0,-0.816465024083
0.0,0.0,-0.816465024083
0.0,0.0,-0.816465024083
0.0,0.0,-0.823795406941
0.0,0.0,-0.823795406941
0.0,0.0,-0.823795406941
0.0,0.0,-0.823795406941
0.0,0.0,-0.832347520276
0.0,0.0,-0.834965514154
0.0,0.0,-0.834965514154
0.0,0.0,-0.834965514154
0.0,0.0,-0.842295897012
0.0,0.0,-0.842295897012
0.0,0.0,-0.84491389089
0.0,0.0,-0.84491389089
0.0,0.0,-0.84491389089
0.0,0.0,-0.852244273749
0.0,0.0,-0.852244273749
0.0,0.0,-0.852244273749
0.0,0.0,-0.852244273749
0.0,0.0,-0.860970920009
0.0,0.0,-0.863414380962
0.0,0.0,-0.863414380962
0.0,0.0,-0.863414380962
0.0,0.0,-0.863414380962
0.0,0.0,-0.870919296745
0.0,0.0,-0.870919296745
0.0,0.0,-0.870919296745
0.0,0.0,-0.878424212529
0.0,0.0,-0.878424212529
0.0,0.0,-0.881042206407
0.0,0.0,-0.881042206407
0.0,0.0,-0.881042206407
0.0,0.0,-0.889594319742
0.0,0.0,-0.892037780694
0.0,0.0,-0.892037780694
0.0,0.0,-0.892037780694
0.0,0.0,-0.892037780694
0.0,0.0,-0.899717229403
0.0,0.0,-0.899717229403
0.0,0.0,-0.899717229403
0.0,0.0,-0.899717229403
0.0,0.0,-0.907047612261
0.0,0.0,-0.907047612261
0.0,0.0,-0.907047612261
0.0,0.0,-0.915425192671
0.0,0.0,-0.915425192671
0.0,0.0,-0.915425192671
0.0,0.0,-0.915425192671
0.0,0.0,-0.92310464138
0.0,0.0,-0.92310464138
0.0,0.0,-0.92310464138
0.0,0.0,-0.930609557163
0.0,0.0,-0.930609557163
0.0,0.0,-0.930609557163
0.0,0.0,-0.930609557163
0.0,0.0,-0.937939940022
0.0,0.0,-0.937939940022
0.0,0.0,-0.937939940022
0.0,0.0,-0.946666586282
0.0,0.0,-0.946666586282
0.0,0.0,-0.946666586282
0.0,0.0,-0.946666586282
0.0,0.0,-0.95399696914
0.0,0.0,-0.95399696914
0.0,0.0,-0.95399696914
0.0,0.0,-0.95399696914
0.0,0.0,-0.961327351998
0.0,0.0,-0.961327351998
0.0,0.0,-0.961327351998
0.0,0.0,-0.970228531184
0.0,0.0,-0.972671992136
0.0,0.0,-0.972671992136
0.0,0.0,-0.972671992136
0.0,0.0,-0.972671992136
0.0,0.0,-0.980002374995
0.0,0.0,-0.982445835948
0.0,0.0,-0.982445835948
0.0,0.0,-0.982445835948
0.0,0.0,-0.982445835948
0.0,0.0,-0.989776218806
0.0,0.0,-0.989776218806
0.0,0.0,-0.989776218806
0.0,0.0,-0.998502865066
0.0,0.0,-0.998502865066
0.0,0.0,-0.998502865066
0.0,0.0,-0.998502865066
0.0,0.0,-1.00583324792
0.0,0.0,-1.00583324792
0.0,0.0,-1.00583324792
0.0,0.0,-1.00583324792
0.0,0.0,-1.01333816371
0.0,0.0,-1.01333816371
0.0,0.0,-1.01333816371
0.0,0.0,-1.02066854657
0.0,0.0,-1.02328654044
0.0,0.0,-1.02328654044
0.0,0.0,-1.02328654044
0.0,0.0,-1.02328654044
0.0,0.0,-1.0320131867
0.0,0.0,-1.03445664766
0.0,0.0,-1.03445664766
0.0,0.0,-1.03445664766
0.0,0.0,-1.03445664766
0.0,0.0,-1.04196156344
0.0,0.0,-1.04196156344
0.0,0.0,-1.04196156344
0.0,0.0,-1.04911741337
0.0,0.0,-1.04911741337
0.0,0.0,-1.04911741337
0.0,0.0,-1.04911741337
0.0,0.0,-1.05784405963
0.0,0.0,-1.05784405963
0.0,0.0,-1.05784405963
0.0,0.0,-1.05784405963
0.0,0.0,-1.06517444249
0.0,0.0,-1.06517444249
0.0,0.0,-1.06517444249
0.0,0.0,-1.07267935828
0.0,0.0,-1.07267935828
0.0,0.0,-1.07267935828
0.0,0.0,-1.07267935828
0.0,0.0,-1.08123147161
0.0,0.0,-1.08123147161
0.0,0.0,-1.08123147161
0.0,0.0,-1.08891092032
0.0,0.0,-1.08891092032
0.0,0.0,-1.08891092032
0.0,0.0,-1.08891092032
0.0,0.0,-1.0964158361
0.0,0.0,-1.0964158361
0.0,0.0,-1.0964158361
0.0,0.0,-1.10374621896
0.0,0.0,-1.10374621896
0.0,0.0,-1.10374621896
0.0,0.0,-1.10374621896
0.0,0.0,-1.11247286522
0.0,0.0,-1.11247286522
0.0,0.0,-1.11247286522
0.0,0.0,-1.11247286522
0.0,0.0,-1.11980324808
0.0,0.0,-1.11980324808
0.0,0.0,-1.11980324808
0.0,0.0,-1.12730816386
0.0,0.0,-1.12730816386
0.0,0.0,-1.12730816386
0.0,0.0,-1.12730816386
0.0,0.0,-1.13603481012
0.0,0.0,-1.13603481012
0.0,0.0,-1.13603481012
0.0,0.0,-1.14353972591
0.0,0.0,-1.14353972591
0.0,0.0,-1.14353972591
0.0,0.0,-1.14353972591
0.0,0.0,-1.15104464169
0.0,0.0,-1.15104464169
0.0,0.0,-1.15104464169
0.0,0.0,-1.15104464169
0.0,0.0,-1.15837502455
0.0,0.0,-1.15837502455
0.0,0.0,-1.15837502455
0.0,0.0,-1.16710167081
0.0,0.0,-1.16954513176
0.0,0.0,-1.16954513176
0.0,0.0,-1.16954513176
0.0,0.0,-1.16954513176
0.0,0.0,-1.17705004754
0.0,0.0,-1.1794935085
0.0,0.0,-1.1794935085
0.0,0.0,-1.1794935085
0.0,0.0,-1.1794935085
0.0,0.0,-1.18682389136
0.0,0.0,-1.18682389136
0.0,0.0,-1.18682389136
0.0,0.0,-1.19555053762
0.0,0.0,-1.19555053762
0.0,0.0,-1.19799399857
0.0,0.0,-1.19799399857
0.0,0.0,-1.19799399857
0.0,0.0,-1.20532438143
0.0,0.0,-1.20532438143
0.0,0.0,-1.20532438143
0.0,0.0,-1.20532438143
0.0,0.0,-1.21282929721
0.0,0.0,-1.21282929721
0.0,0.0,-1.21282929721
0.0,0.0,-1.22155594347
0.0,0.0,-1.22155594347
0.0,0.0,-1.22155594347
0.0,0.0,-1.22155594347
0.0,0.0,-1.22888632633
0.0,0.0,-1.22888632633
0.0,0.0,-1.22888632633
0.0,0.0,-1.22888632633
0.0,0.0,-1.23621670919
0.0,0.0,-1.23621670919
0.0,0.0,-1.23621670919
0.0,0.0,-1.24372162497
0.0,0.0,-1.24372162497
0.0,0.0,-1.24372162497
0.0,0.0,-1.24372162497
0.0,0.0,-1.25262280416
0.0,0.0,-1.25262280416
0.0,0.0,-1.25262280416
0.0,0.0,-1.26012771994
0.0,0.0,-1.26012771994
0.0,0.0,-1.26012771994
0.0,0.0,-1.26012771994
0.0,0.0,-1.2674581028
0.0,0.0,-1.2674581028
0.0,0.0,-1.2674581028
0.0,0.0,-1.27618474906
0.0,0.0,-1.27618474906
0.0,0.0,-1.27618474906
0.0,0.0,-1.27618474906
0.0,0.0,-1.28368966484
0.0,0.0,-1.28368966484
0.0,0.0,-1.28368966484
0.0,0.0,-1.28368966484
0.0,0.0,-1.29084551478
0.0,0.0,-1.29084551478
0.0,0.0,-1.29084551478
0.0,0.0,-1.29817589763
0.0,0.0,-1.29817589763
0.0,0.0,-1.29817589763
0.0,0.0,-1.29817589763
0.0,0.0,-1.30690254389
0.0,0.0,-1.30934600485
0.0,0.0,-1.30934600485
0.0,0.0,-1.30934600485
0.0,0.0,-1.30934600485
0.0,0.0,-1.31685092063
0.0,0.0,-1.31685092063
0.0,0.0,-1.31685092063
0.0,0.0,-1.32435583641
0.0,0.0,-1.32435583641
0.0,0.0,-1.32435583641
0.0,0.0,-1.32435583641
0.0,0.0,-1.33290794975
0.0,0.0,-1.3353514107
0.0,0.0,-1.3353514107
0.0,0.0,-1.3353514107
0.0,0.0,-1.3353514107
0.0,0.0,-1.34268179356
0.0,0.0,-1.34268179356
0.0,0.0,-1.34268179356
0.0,0.0,-1.35036124227
0.0,0.0,-1.35036124227
0.0,0.0,-1.35036124227
0.0,0.0,-1.35036124227
0.0,0.0,-1.3589133556
0.0,0.0,-1.36135681656
0.0,0.0,-1.36135681656
0.0,0.0,-1.36135681656
0.0,0.0,-1.36886173234
0.0,0.0,-1.36886173234
0.0,0.0,-1.36886173234
0.0,0.0,-1.37130519329
0.0,0.0,-1.37130519329
0.0,0.0,-1.37130519329
0.0,0.0,-1.37863557615
0.0,0.0,-1.37863557615
0.0,0.0,-1.37863557615
0.0,0.0,-1.38753675534
0.0,0.0,-1.38753675534
0.0,0.0,-1.38753675534
0.0,0.0,-1.39504167112
0.0,0.0,-1.39504167112
0.0,0.0,-1.39504167112
0.0,0.0,-1.39504167112
0.0,0.0,-1.4025465869
0.0,0.0,-1.4025465869
0.0,0.0,-1.4025465869
0.0,0.0,-1.4025465869
0.0,0.0,-1.40987696976
0.0,0.0,-1.40987696976
0.0,0.0,-1.40987696976
0.0,0.0,-1.41860361602
0.0,0.0,-1.41860361602
0.0,0.0,-1.41860361602
0.0,0.0,-1.4212216099
0.0,0.0,-1.4212216099
0.0,0.0,-1.42855199276
0.0,0.0,-1.42855199276
0.0,0.0,-1.42855199276
0.0,0.0,-1.42855199276
0.0,0.0,-1.43588237562
0.0,0.0,-1.43588237562
0.0,0.0,-1.43588237562
0.0,0.0,-1.44460902188
0.0,0.0,-1.44460902188
0.0,0.0,-1.44460902188
0.0,0.0,-1.44460902188
0.0,0.0,-1.45211393766
0.0,0.0,-1.45211393766
0.0,0.0,-1.45211393766
0.0,0.0,-1.45944432052
0.0,0.0,-1.45944432052
0.0,0.0,-1.45944432052
0.0,0.0,-1.45944432052
0.0,0.0,-1.4669492363
0.0,0.0,-1.4669492363
0.0,0.0,-1.4669492363
0.0,0.0,-1.4669492363
0.0,0.0,-1.47550134964
0.0,0.0,-1.47550134964
0.0,0.0,-1.47550134964
0.0,0.0,-1.48283173249
0.0,0.0,-1.48283173249
0.0,0.0,-1.48283173249
0.0,0.0,-1.48283173249
0.0,0.0,-1.4905111812
0.0,0.0,-1.4905111812
0.0,0.0,-1.4905111812
0.0,0.0,-1.49906329454
0.0,0.0,-1.49906329454
0.0,0.0,-1.49906329454
0.0,0.0,-1.50150675549
0.0,0.0,-1.50150675549
0.0,0.0,-1.50150675549
0.0,0.0,-1.50901167127
0.0,0.0,-1.50901167127
0.0,0.0,-1.50901167127
0.0,0.0,-1.51145513223
0.0,0.0,-1.51145513223
0.0,0.0,-1.51896004801
0.0,0.0,-1.51896004801
0.0,0.0,-1.51896004801
0.0,0.0,-1.52768669427
0.0,0.0,-1.52768669427
0.0,0.0,-1.52768669427
0.0,0.0,-1.53030468815
0.0,0.0,-1.53030468815
0.0,0.0,-1.53030468815
0.0,0.0,-1.53780960393
0.0,0.0,-1.53780960393
0.0,0.0,-1.54513998679
0.0,0.0,-1.54513998679
0.0,0.0,-1.54513998679
0.0,0.0,-1.55386663305
0.0,0.0,-1.55386663305
0.0,0.0,-1.55386663305
0.0,0.0,-1.556310094
0.0,0.0,-1.556310094
0.0,0.0,-1.556310094
0.0,0.0,-1.56364047686
0.0,0.0,-1.56364047686
0.0,0.0,-1.56608393781
0.0,0.0,-1.56608393781
0.0,0.0,-1.56608393781
0.0,0.0,-1.57341432067
0.0,0.0,-1.57341432067
0.0,0.0,-1.57341432067
0.0,0.0,-1.58214096693
0.0,0.0,-1.58214096693
0.0,0.0,-1.58214096693
0.0,0.0,-1.58947134979
0.0,0.0,-1.58947134979
0.0,0.0,-1.58947134979
0.0,0.0,-1.58947134979
0.0,0.0,-1.59680173265
0.0,0.0,-1.59680173265
0.0,0.0,-1.59680173265
0.0,0.0,-1.60448118136
0.0,0.0,-1.60448118136
0.0,0.0,-1.60448118136
0.0,0.0,-1.60692464231
0.0,0.0,-1.60692464231
0.0,0.0,-1.61565128857
0.0,0.0,-1.61565128857
0.0,0.0,-1.61565128857
0.0,0.0,-1.61565128857
0.0,0.0,-1.62298167143
0.0,0.0,-1.62298167143
0.0,0.0,-1.62298167143
0.0,0.0,-1.63066112014
0.0,0.0,-1.63066112014
0.0,0.0,-1.63066112014
0.0,0.0,-1.63066112014
0.0,0.0,-1.6393877664
0.0,0.0,-1.6393877664
0.0,0.0,-1.64183122735
0.0,0.0,-1.64183122735
0.0,0.0,-1.64183122735
0.0,0.0,-1.64933614313
0.0,0.0,-1.64933614313
0.0,0.0,-1.64933614313
0.0,0.0,-1.65666652599
0.0,0.0,-1.65666652599
0.0,0.0,-1.65666652599
0.0,0.0,-1.65666652599
0.0,0.0,-1.66539317225
0.0,0.0,-1.66539317225
0.0,0.0,-1.66539317225
0.0,0.0,-1.67289808804
0.0,0.0,-1.67289808804
0.0,0.0,-1.67289808804
0.0,0.0,-1.67289808804
0.0,0.0,-1.68022847089
0.0,0.0,-1.68022847089
0.0,0.0,-1.68022847089
0.0,0.0,-1.68022847089
0.0,0.0,-1.68755885375
0.0,0.0,-1.68755885375
0.0,0.0,-1.68755885375
0.0,0.0,-1.69628550001
0.0,0.0,-1.69628550001
0.0,0.0,-1.69628550001
0.0,0.0,-1.69872896097
0.0,0.0,-1.69872896097
0.0,0.0,-1.70623387675
0.0,0.0,-1.70623387675
0.0,0.0,-1.70623387675
0.0,0.0,-1.70623387675
0.0,0.0,-1.71356425961
0.0,0.0,-1.71356425961
0.0,0.0,-1.71356425961
0.0,0.0,-1.72246543879
0.0,0.0,-1.72246543879
0.0,0.0,-1.72246543879
0.0,0.0,-1.72490889975
0.0,0.0,-1.72490889975
0.0,0.0,-1.7322392826
0.0,0.0,-1.7322392826
0.0,0.0,-1.7322392826
0.0,0.0,-1.7322392826
0.0,0.0,-1.73974419839
0.0,0.0,-1.73974419839
0.0,0.0,-1.73974419839
0.0,0.0,-1.74829631172
0.0,0.0,-1.74829631172
0.0,0.0,-1.74829631172
0.0,0.0,-1.7509143056
0.0,0.0,-1.7509143056
0.0,0.0,-1.7509143056
0.0,0.0,-1.75841922138
0.0,0.0,-1.75841922138
0.0,0.0,-1.76086268234
0.0,0.0,-1.76086268234
0.0,0.0,-1.76086268234
0.0,0.0,-1.76836759812
0.0,0.0,-1.76836759812
0.0,0.0,-1.77674517853
0.0,0.0,-1.77674517853
0.0,0.0,-1.77674517853
0.0,0.0,-1.77674517853
0.0,0.0,-1.78425009431
0.0,0.0,-1.78425009431
0.0,0.0,-1.78425009431
0.0,0.0,-1.79158047717
0.0,0.0,-1.79158047717
0.0,0.0,-1.79158047717
0.0,0.0,-1.79158047717
0.0,0.0,-1.79891086003
0.0,0.0,-1.79891086003
0.0,0.0,-1.80257605146
0.0,0.0,-1.80257605146
0.0,0.0,-1.80257605146
0.0,0.0,-1.80990643432
0.0,0.0,-1.80990643432
0.0,0.0,-1.80990643432
0.0,0.0,-1.81234989527
0.0,0.0,-1.81234989527
0.0,0.0,-1.81234989527
0.0,0.0,-1.81985481105
0.0,0.0,-1.81985481105
0.0,0.0,-1.81985481105
0.0,0.0,-1.82735972684
0.0,0.0,-1.82735972684
0.0,0.0,-1.82735972684
0.0,0.0,-1.8360863731
0.0,0.0,-1.8360863731
0.0,0.0,-1.8360863731
0.0,0.0,-1.84359128888
0.0,0.0,-1.84359128888
0.0,0.0,-1.84359128888
0.0,0.0,-1.84359128888
0.0,0.0,-1.85127073759
0.0,0.0,-1.85127073759
0.0,0.0,-1.85371419854
0.0,0.0,-1.85371419854
0.0,0.0,-1.85371419854
0.0,0.0,-1.8624408448
0.0,0.0,-1.8624408448
0.0,0.0,-1.8624408448
0.0,0.0,-1.86470977283
0.0,0.0,-1.86470977283
0.0,0.0,-1.87221468861
0.0,0.0,-1.87221468861
0.0,0.0,-1.87221468861
0.0,0.0,-1.8797196044
0.0,0.0,-1.8797196044
0.0,0.0,-1.8797196044
0.0,0.0,-1.8797196044
0.0,0.0,-1.88844625066
0.0,0.0,-1.88844625066
0.0,0.0,-1.88844625066
0.0,0.0,-1.89577663352
0.0,0.0,-1.89577663352
0.0,0.0,-1.89577663352
0.0,0.0,-1.89577663352
0.0,0.0,-1.90310701637
0.0,0.0,-1.90310701637
0.0,0.0,-1.90310701637
0.0,0.0,-1.90310701637
0.0,0.0,-1.91061193216
0.0,0.0,-1.91061193216
0.0,0.0,-1.91061193216
0.0,0.0,-1.91933857842
0.0,0.0,-1.91933857842
0.0,0.0,-1.91933857842
0.0,0.0,-1.91933857842
0.0,0.0,-1.9268434942
0.0,0.0,-1.9268434942
0.0,0.0,-1.9268434942
0.0,0.0,-1.93434840999
0.0,0.0,-1.93434840999
0.0,0.0,-1.93434840999
0.0,0.0,-1.93434840999
0.0,0.0,-1.94290052332
0.0,0.0,-1.94290052332
0.0,0.0,-1.94534398427
0.0,0.0,-1.94534398427
0.0,0.0,-1.94534398427
0.0,0.0,-1.95284890006
0.0,0.0,-1.95284890006
0.0,0.0,-1.95284890006
0.0,0.0,-1.95529236101
0.0,0.0,-1.95529236101
0.0,0.0,-1.95529236101
0.0,0.0,-1.96262274387
0.0,0.0,-1.96262274387
0.0,0.0,-1.97134939013
0.0,0.0,-1.97134939013
0.0,0.0,-1.97134939013
0.0,0.0,-1.97134939013
0.0,0.0,-1.97885430591
0.0,0.0,-1.97885430591
0.0,0.0,-1.97885430591
0.0,0.0,-1.98635922169
0.0,0.0,-1.98635922169
0.0,0.0,-1.98635922169
0.0,0.0,-1.98635922169
0.0,0.0,-1.99368960455
0.0,0.0,-1.99368960455
0.0,0.0,-1.99735479598
0.0,0.0,-1.99735479598
0.0,0.0,-1.99735479598
0.0,0.0,-2.00485971177
0.0,0.0,-2.00485971177
0.0,0.0,-2.00730317272
0.0,0.0,-2.00730317272
0.0,0.0,-2.00730317272
0.0,0.0,-2.01463355558
0.0,0.0,-2.01463355558
0.0,0.0,-2.01463355558
0.0,0.0,-2.02178940551
0.0,0.0,-2.02178940551
0.0,0.0,-2.02178940551
0.0,0.0,-2.02178940551
0.0,0.0,-2.03051605177
0.0,0.0,-2.03051605177
0.0,0.0,-2.03051605177
0.0,0.0,-2.03784643463
0.0,0.0,-2.03784643463
0.0,0.0,-2.03784643463
0.0,0.0,-2.03784643463
0.0,0.0,-2.04535135041
0.0,0.0,-2.04535135041
0.0,0.0,-2.04535135041
0.0,0.0,-2.05407799667
0.0,0.0,-2.05407799667
0.0,0.0,-2.05407799667
0.0,0.0,-2.05407799667
0.0,0.0,-2.06140837953
0.0,0.0,-2.06140837953
0.0,0.0,-2.06140837953
0.0,0.0,-2.06140837953
0.0,0.0,-2.06891329531
0.0,0.0,-2.06891329531
0.0,0.0,-2.06891329531
0.0,0.0,-2.07659274402
0.0,0.0,-2.07659274402
0.0,0.0,-2.07659274402
0.0,0.0,-2.07659274402
0.0,0.0,-2.08531939028
0.0,0.0,-2.08531939028
0.0,0.0,-2.08531939028
0.0,0.0,-2.09282430607
0.0,0.0,-2.09282430607
0.0,0.0,-2.09282430607
0.0,0.0,-2.09282430607
0.0,0.0,-2.10032922185
0.0,0.0,-2.10032922185
0.0,0.0,-2.10032922185
0.0,0.0,-2.10888133518
0.0,0.0,-2.10888133518
0.0,0.0,-2.10888133518
0.0,0.0,-2.10888133518
0.0,0.0,-2.11638625097
0.0,0.0,-2.11638625097
0.0,0.0,-2.11638625097
0.0,0.0,-2.11638625097
0.0,0.0,-2.12371663383
0.0,0.0,-2.12371663383
0.0,0.0,-2.12371663383
0.0,0.0,-2.13122154961
0.0,0.0,-2.13122154961
0.0,0.0,-2.13122154961
0.0,0.0,-2.13122154961
0.0,0.0,-2.13994819587
0.0,0.0,-2.13994819587
0.0,0.0,-2.14239165682
0.0,0.0,-2.14239165682
0.0,0.0,-2.14239165682
0.0,0.0,-2.14989657261
0.0,0.0,-2.14989657261
0.0,0.0,-2.15234003356
0.0,0.0,-2.15234003356
0.0,0.0,-2.15234003356
0.0,0.0,-2.15984494934
0.0,0.0,-2.15984494934
0.0,0.0,-2.15984494934
0.0,0.0,-2.1685715956
0.0,0.0,-2.1685715956
0.0,0.0,-2.17118958948
0.0,0.0,-2.17118958948
0.0,0.0,-2.17118958948
0.0,0.0,-2.17869450526
0.0,0.0,-2.17869450526
0.0,0.0,-2.17869450526
0.0,0.0,-2.18619942105
0.0,0.0,-2.18619942105
0.0,0.0,-2.18619942105
0.0,0.0,-2.18881741493
0.0,0.0,-2.18881741493
0.0,0.0,-2.19736952826
0.0,0.0,-2.19736952826
0.0,0.0,-2.19736952826
0.0,0.0,-2.19998752214
0.0,0.0,-2.19998752214
0.0,0.0,-2.19998752214
0.0,0.0,-2.207317905
0.0,0.0,-2.207317905
0.0,0.0,-2.207317905
0.0,0.0,-2.21482282078
0.0,0.0,-2.21482282078
0.0,0.0,-2.21482282078
0.0,0.0,-2.22354946704
0.0,0.0,-2.22354946704
0.0,0.0,-2.22599292799
0.0,0.0,-2.22599292799
0.0,0.0,-2.22599292799
0.0,0.0,-2.23349784378
0.0,0.0,-2.23349784378
0.0,0.0,-2.23349784378
0.0,0.0,-2.24100275956
0.0,0.0,-2.24100275956
0.0,0.0,-2.24100275956
0.0,0.0,-2.24344622051
0.0,0.0,-2.24344622051
0.0,0.0,-2.24344622051
0.0,0.0,-2.25217286677
0.0,0.0,-2.25217286677
0.0,0.0,-2.25461632773
0.0,0.0,-2.25461632773
0.0,0.0,-2.25461632773
0.0,0.0,-2.26212124351
0.0,0.0,-2.26212124351
0.0,0.0,-2.26212124351
0.0,0.0,-2.26962615929
0.0,0.0,-2.26962615929
0.0,0.0,-2.26962615929
0.0,0.0,-2.27817827263
0.0,0.0,-2.27817827263
0.0,0.0,-2.27817827263
0.0,0.0,-2.27817827263
0.0,0.0,-2.28550865549
0.0,0.0,-2.28550865549
0.0,0.0,-2.28550865549
0.0,0.0,-2.29301357127
0.0,0.0,-2.29301357127
0.0,0.0,-2.29301357127
0.0,0.0,-2.29301357127
0.0,0.0,-2.30034395413
0.0,0.0,-2.30034395413
0.0,0.0,-2.30034395413
0.0,0.0,-2.30034395413
0.0,0.0,-2.30889606746
0.0,0.0,-2.30889606746
0.0,0.0,-2.30889606746
0.0,0.0,-2.31640098325
0.0,0.0,-2.31640098325
0.0,0.0,-2.31640098325
0.0,0.0,-2.31640098325
0.0,0.0,-2.32373136611
0.0,0.0,-2.32373136611
0.0,0.0,-2.32373136611
0.0,0.0,-2.33228347944
0.0,0.0,-2.33228347944
0.0,0.0,-2.33228347944
0.0,0.0,-2.33490147332
0.0,0.0,-2.33490147332
0.0,0.0,-2.34223185618
0.0,0.0,-2.34223185618
0.0,0.0,-2.34223185618
0.0,0.0,-2.34223185618
0.0,0.0,-2.34956223903
0.0,0.0,-2.34956223903
0.0,0.0,-2.34956223903
0.0,0.0,-2.35706715482
0.0,0.0,-2.35706715482
0.0,0.0,-2.35706715482
0.0,0.0,-2.35706715482
0.0,0.0,-2.36579380108
0.0,0.0,-2.36579380108
0.0,0.0,-2.36579380108
0.0,0.0,-2.37329871686
0.0,0.0,-2.37329871686
0.0,0.0,-2.37329871686
0.0,0.0,-2.37329871686
0.0,0.0,-2.38080363265
0.0,0.0,-2.38080363265
0.0,0.0,-2.38080363265
0.0,0.0,-2.3832470936
0.0,0.0,-2.3832470936
0.0,0.0,-2.39197373986
0.0,0.0,-2.39197373986
0.0,0.0,-2.39197373986
0.0,0.0,-2.39459173374
0.0,0.0,-2.39459173374
0.0,0.0,-2.39459173374
0.0,0.0,-2.40192211659
0.0,0.0,-2.40192211659
0.0,0.0,-2.40942703238
0.0,0.0,-2.40942703238
0.0,0.0,-2.40942703238
0.0,0.0,-2.40942703238
0.0,0.0,-2.41815367864
0.0,0.0,-2.41815367864
0.0,0.0,-2.42059713959
0.0,0.0,-2.42059713959
0.0,0.0,-2.42059713959
0.0,0.0,-2.42810205537
0.0,0.0,-2.42810205537
0.0,0.0,-2.42810205537
0.0,0.0,-2.43578150408
0.0,0.0,-2.43578150408
0.0,0.0,-2.43578150408
0.0,0.0,-2.43578150408
0.0,0.0,-2.44433361742
0.0,0.0,-2.44433361742
0.0,0.0,-2.44433361742
0.0,0.0,-2.45166400028
0.0,0.0,-2.45166400028
0.0,0.0,-2.45166400028
0.0,0.0,-2.45166400028
0.0,0.0,-2.45916891606
0.0,0.0,-2.45916891606
0.0,0.0,-2.45916891606
0.0,0.0,-2.45916891606
0.0,0.0,-2.46649929892
0.0,0.0,-2.46649929892
0.0,0.0,-2.46649929892
0.0,0.0,-2.47522594518
0.0,0.0,-2.47522594518
0.0,0.0,-2.47522594518
0.0,0.0,-2.47766940613
0.0,0.0,-2.47766940613
0.0,0.0,-2.48517432191
0.0,0.0,-2.48517432191
0.0,0.0,-2.48517432191
0.0,0.0,-2.48761778287
0.0,0.0,-2.48761778287
0.0,0.0,-2.48761778287
0.0,0.0,-2.49494816573
0.0,0.0,-2.49494816573
0.0,0.0,-2.50367481199
0.0,0.0,-2.50367481199
0.0,0.0,-2.50367481199
0.0,0.0,-2.50367481199
0.0,0.0,-2.51100519484
0.0,0.0,-2.51100519484
0.0,0.0,-2.51100519484
0.0,0.0,-2.51851011063
0.0,0.0,-2.51851011063
0.0,0.0,-2.51851011063
0.0,0.0,-2.51851011063
0.0,0.0,-2.52706222396
0.0,0.0,-2.52706222396
0.0,0.0,-2.52706222396
0.0,0.0,-2.52968021784
0.0,0.0,-2.52968021784
0.0,0.0,-2.53718513362
0.0,0.0,-2.53718513362
0.0,0.0,-2.53718513362
0.0,0.0,-2.54451551648
0.0,0.0,-2.54451551648
0.0,0.0,-2.54451551648
0.0,0.0,-2.54451551648
0.0,0.0,-2.55202043227
0.0,0.0,-2.55202043227
0.0,0.0,-2.55202043227
0.0,0.0,-2.55202043227
0.0,0.0,-2.56074707853
0.0,0.0,-2.56074707853
0.0,0.0,-2.56074707853
0.0,0.0,-2.56807746138
0.0,0.0,-2.56807746138
0.0,0.0,-2.56807746138
0.0,0.0,-2.56807746138
0.0,0.0,-2.57558237717
0.0,0.0,-2.57558237717
0.0,0.0,-2.57558237717
0.0,0.0,-2.57558237717
0.0,0.0,-2.58430902343
0.0,0.0,-2.58430902343
0.0,0.0,-2.58430902343
0.0,0.0,-2.59181393921
0.0,0.0,-2.59181393921
0.0,0.0,-2.59181393921
0.0,0.0,-2.59914432207
0.0,0.0,-2.59914432207
0.0,0.0,-2.59914432207
0.0,0.0,-2.59914432207
0.0,0.0,-2.60682377078
0.0,0.0,-2.60682377078
0.0,0.0,-2.60682377078
0.0,0.0,-2.60682377078
0.0,0.0,-2.61537588411
0.0,0.0,-2.61537588411
0.0,0.0,-2.61764481214
0.0,0.0,-2.61764481214
0.0,0.0,-2.61764481214
0.0,0.0,-2.62514972792
0.0,0.0,-2.62514972792
0.0,0.0,-2.62759318888
0.0,0.0,-2.62759318888
0.0,0.0,-2.62759318888
0.0,0.0,-2.63509810466
0.0,0.0,-2.63509810466
0.0,0.0,-2.63509810466
0.0,0.0,-2.643650218
0.0,0.0,-2.643650218
0.0,0.0,-2.643650218
0.0,0.0,-2.643650218
0.0,0.0,-2.65098060085
0.0,0.0,-2.65098060085
0.0,0.0,-2.65098060085
0.0,0.0,-2.65848551664
0.0,0.0,-2.65848551664
0.0,0.0,-2.65848551664
0.0,0.0,-2.65848551664
0.0,0.0,-2.6672121629
0.0,0.0,-2.6672121629
0.0,0.0,-2.66965562385
0.0,0.0,-2.66965562385
0.0,0.0,-2.66965562385
0.0,0.0,-2.67716053963
0.0,0.0,-2.67716053963
0.0,0.0,-2.67716053963
0.0,0.0,-2.68449092249
0.0,0.0,-2.68449092249
0.0,0.0,-2.68449092249
0.0,0.0,-2.68449092249
0.0,0.0,-2.69304303583
0.0,0.0,-2.69304303583
0.0,0.0,-2.69304303583
0.0,0.0,-2.70054795161
0.0,0.0,-2.70054795161
0.0,0.0,-2.70054795161
0.0,0.0,-2.70054795161
0.0,0.0,-2.70805286739
0.0,0.0,-2.70805286739
0.0,0.0,-2.70805286739
0.0,0.0,-2.71555778318
0.0,0.0,-2.71555778318
0.0,0.0,-2.71555778318
0.0,0.0,-2.71555778318
0.0,0.0,-2.72445896236
0.0,0.0,-2.72445896236
0.0,0.0,-2.72690242332
0.0,0.0,-2.72690242332
0.0,0.0,-2.72690242332
0.0,0.0,-2.73423280617
0.0,0.0,-2.73423280617
0.0,0.0,-2.73423280617
0.0,0.0,-2.74173772196
0.0,0.0,-2.74173772196
0.0,0.0,-2.74173772196
0.0,0.0,-2.74173772196
0.0,0.0,-2.75046436822
0.0,0.0,-2.75046436822
0.0,0.0,-2.75046436822
0.0,0.0,-2.75046436822
0.0,0.0,-2.75779475108
0.0,0.0,-2.75779475108
0.0,0.0,-2.75779475108
0.0,0.0,-2.76512513393
0.0,0.0,-2.76512513393
0.0,0.0,-2.76512513393
0.0,0.0,-2.76512513393
0.0,0.0,-2.77263004972
0.0,0.0,-2.77263004972
0.0,0.0,-2.77263004972
0.0,0.0,-2.78118216305
0.0,0.0,-2.78118216305
0.0,0.0,-2.78118216305
0.0,0.0,-2.78380015693
0.0,0.0,-2.78380015693
0.0,0.0,-2.79113053979
0.0,0.0,-2.79113053979
0.0,0.0,-2.79113053979
0.0,0.0,-2.79113053979
0.0,0.0,-2.79846092265
0.0,0.0,-2.79846092265
0.0,0.0,-2.79846092265
0.0,0.0,-2.80701303598
0.0,0.0,-2.80701303598
0.0,0.0,-2.80701303598
0.0,0.0,-2.80963102986
0.0,0.0,-2.80963102986
0.0,0.0,-2.81696141272
0.0,0.0,-2.81696141272
0.0,0.0,-2.81696141272
0.0,0.0,-2.81940487367
0.0,0.0,-2.81940487367
0.0,0.0,-2.81940487367
0.0,0.0,-2.82673525653
0.0,0.0,-2.82673525653
0.0,0.0,-2.83546190279
0.0,0.0,-2.83546190279
0.0,0.0,-2.83546190279
0.0,0.0,-2.83790536374
0.0,0.0,-2.83790536374
0.0,0.0,-2.83790536374
0.0,0.0,-2.84541027953
0.0,0.0,-2.84541027953
0.0,0.0,-2.84541027953
0.0,0.0,-2.85274066238
0.0,0.0,-2.85274066238
0.0,0.0,-2.85274066238
0.0,0.0,-2.86146730864
0.0,0.0,-2.86146730864
0.0,0.0,-2.86146730864
0.0,0.0,-2.86146730864
0.0,0.0,-2.8687976915
0.0,0.0,-2.8687976915
0.0,0.0,-2.87124115246
0.0,0.0,-2.87124115246
0.0,0.0,-2.87124115246
0.0,0.0,-2.87874606824
0.0,0.0,-2.87874606824
0.0,0.0,-2.87874606824
0.0,0.0,-2.88764724742
0.0,0.0,-2.88764724742
0.0,0.0,-2.88764724742
0.0,0.0,-2.88764724742
0.0,0.0,-2.89515216321
0.0,0.0,-2.89515216321
0.0,0.0,-2.89515216321
0.0,0.0,-2.89515216321
0.0,0.0,-2.90248254607
0.0,0.0,-2.90248254607
0.0,0.0,-2.90248254607
0.0,0.0,-2.90998746185
0.0,0.0,-2.90998746185
0.0,0.0,-2.90998746185
0.0,0.0,-2.90998746185
0.0,0.0,-2.91853957518
0.0,0.0,-2.91853957518
0.0,0.0,-2.92098303614
0.0,0.0,-2.92098303614
0.0,0.0,-2.92098303614
0.0,0.0,-2.92848795192
0.0,0.0,-2.92848795192
0.0,0.0,-2.92848795192
0.0,0.0,-2.93581833478
0.0,0.0,-2.93581833478
0.0,0.0,-2.93581833478
0.0,0.0,-2.93581833478
0.0,0.0,-2.94454498104
0.0,0.0,-2.94454498104
0.0,0.0,-2.94698844199
0.0,0.0,-2.94698844199
0.0,0.0,-2.94698844199
0.0,0.0,-2.95431882485
0.0,0.0,-2.95431882485
0.0,0.0,-2.9567622858
0.0,0.0,-2.9567622858
0.0,0.0,-2.9567622858
0.0,0.0,-2.96426720159
0.0,0.0,-2.96426720159
0.0,0.0,-2.96426720159
0.0,0.0,-2.97299384785
0.0,0.0,-2.97299384785
0.0,0.0,-2.97299384785
0.0,0.0,-2.98032423071
0.0,0.0,-2.98032423071
0.0,0.0,-2.98032423071
0.0,0.0,-2.98032423071
0.0,0.0,-2.98782914649
0.0,0.0,-2.98782914649
0.0,0.0,-2.98782914649
0.0,0.0,-2.99515952935
0.0,0.0,-2.99515952935
0.0,0.0,-2.99515952935
0.0,0.0,-2.99882472078
0.0,0.0,-2.99882472078
0.0,0.0,-2.99882472078
0.0,0.0,-3.00650416949
0.0,0.0,-3.00650416949
0.0,0.0,-3.00912216336
0.0,0.0,-3.00912216336
0.0,0.0,-3.00912216336
0.0,0.0,-3.01662707915
0.0,0.0,-3.01662707915
0.0,0.0,-3.01662707915
0.0,0.0,-3.02413199493
0.0,0.0,-3.02413199493
0.0,0.0,-3.02413199493
0.0,0.0,-3.03285864119
0.0,0.0,-3.03285864119
0.0,0.0,-3.03285864119
0.0,0.0,-3.03285864119
0.0,0.0,-3.04018902405
0.0,0.0,-3.04018902405
0.0,0.0,-3.04018902405
0.0,0.0,-3.04769393983
0.0,0.0,-3.04769393983
0.0,0.0,-3.04769393983
0.0,0.0,-3.05031193371
0.0,0.0,-3.05031193371
0.0,0.0,-3.05031193371
0.0,0.0,-3.05868951412
0.0,0.0,-3.05868951412
0.0,0.0,-3.05868951412
0.0,0.0,-3.06113297507
0.0,0.0,-3.06113297507
0.0,0.0,-3.06863789086
0.0,0.0,-3.06863789086
0.0,0.0,-3.06863789086
0.0,0.0,-3.07596827371
0.0,0.0,-3.07596827371
0.0,0.0,-3.07596827371
0.0,0.0,-3.08469491997
0.0,0.0,-3.08469491997
0.0,0.0,-3.08469491997
0.0,0.0,-3.08713838093
0.0,0.0,-3.08713838093
0.0,0.0,-3.08713838093
0.0,0.0,-3.09481782964
0.0,0.0,-3.09481782964
0.0,0.0,-3.09481782964
0.0,0.0,-3.10232274542
0.0,0.0,-3.10232274542
0.0,0.0,-3.10476620637
0.0,0.0,-3.10476620637
0.0,0.0,-3.10476620637
0.0,0.0,-3.11104939168
0.0,0.0,-3.11104939168
0.0,0.0,-3.11855430746
0.0,0.0,-3.11855430746
0.0,0.0,-3.11855430746
0.0,0.0,-3.12605922325
0.0,0.0,-3.12605922325
0.0,0.0,-3.12605922325
0.0,0.0,-3.12605922325
0.0,0.0,-3.13338960611
0.0,0.0,-3.13338960611
0.0,0.0,-3.13338960611
0.0,0.0,-3.13338960611
0.0,0.0,3.14106905481
0.0,0.0,3.14106905481
0.0,0.0,3.13880012679
0.0,0.0,3.13880012679
0.0,0.0,3.13880012679
0.0,0.0,3.13146974393
0.0,0.0,3.13146974393
0.0,0.0,3.12885175005
0.0,0.0,3.12885175005
0.0,0.0,3.12885175005
0.0,0.0,3.12134683427
0.0,0.0,3.12134683427
0.0,0.0,3.12134683427
0.0,0.0,3.11296925386
0.0,0.0,3.11296925386
0.0,0.0,3.1105257929
0.0,0.0,3.1105257929
0.0,0.0,3.1105257929
0.0,0.0,3.10302087712
0.0,0.0,3.10302087712
0.0,0.0,3.10302087712
0.0,0.0,3.09534142841
0.0,0.0,3.09534142841
0.0,0.0,3.09307250038
0.0,0.0,3.09307250038
0.0,0.0,3.09307250038
0.0,0.0,3.08434585412
0.0,0.0,3.08434585412
0.0,0.0,3.08434585412
0.0,0.0,3.08190239317
0.0,0.0,3.08190239317
0.0,0.0,3.07457201031
0.0,0.0,3.07457201031
0.0,0.0,3.07457201031
0.0,0.0,3.06706709453
0.0,0.0,3.06706709453
0.0,0.0,3.06706709453
0.0,0.0,3.06706709453
0.0,0.0,3.05834044827
0.0,0.0,3.05834044827
0.0,0.0,3.05589698732
0.0,0.0,3.05589698732
0.0,0.0,3.05589698732
0.0,0.0,3.04839207153
0.0,0.0,3.04839207153
0.0,0.0,3.04839207153
0.0,0.0,3.04106168867
0.0,0.0,3.04106168867
0.0,0.0,3.04106168867
0.0,0.0,3.0384436948
0.0,0.0,3.0384436948
0.0,0.0,3.02971704854
0.0,0.0,3.02971704854
0.0,0.0,3.02971704854
0.0,0.0,3.02727358758
0.0,0.0,3.02727358758
0.0,0.0,3.02727358758
0.0,0.0,3.0197686718
0.0,0.0,3.0197686718
0.0,0.0,3.01226375602
0.0,0.0,3.01226375602
0.0,0.0,3.01226375602
0.0,0.0,3.01226375602
0.0,0.0,3.00353710976
0.0,0.0,3.00353710976
0.0,0.0,3.00353710976
0.0,0.0,3.00353710976
0.0,0.0,2.99603219397
0.0,0.0,2.99603219397
0.0,0.0,2.99603219397
0.0,0.0,2.98852727819
0.0,0.0,2.98852727819
0.0,0.0,2.98852727819
0.0,0.0,2.98852727819
0.0,0.0,2.98119689533
0.0,0.0,2.98119689533
0.0,0.0,2.98119689533
0.0,0.0,2.97247024907
0.0,0.0,2.97247024907
0.0,0.0,2.97247024907
0.0,0.0,2.97247024907
0.0,0.0,2.96496533329
0.0,0.0,2.96496533329
0.0,0.0,2.96496533329
0.0,0.0,2.9574604175
0.0,0.0,2.9574604175
0.0,0.0,2.9574604175
0.0,0.0,2.9574604175
0.0,0.0,2.94890830417
0.0,0.0,2.94890830417
0.0,0.0,2.94890830417
0.0,0.0,2.94646484322
0.0,0.0,2.94646484322
0.0,0.0,2.93895992743
0.0,0.0,2.93895992743
0.0,0.0,2.93895992743
0.0,0.0,2.93651646648
0.0,0.0,2.93651646648
0.0,0.0,2.93651646648
0.0,0.0,2.9290115507
0.0,0.0,2.9290115507
0.0,0.0,2.92063397029
0.0,0.0,2.92063397029
0.0,0.0,2.92063397029
0.0,0.0,2.92063397029
0.0,0.0,2.9131290545
0.0,0.0,2.9131290545
0.0,0.0,2.9131290545
0.0,0.0,2.9131290545
0.0,0.0,2.90579867165
0.0,0.0,2.90579867165
0.0,0.0,2.90579867165
0.0,0.0,2.90579867165
0.0,0.0,2.90579867165
0.0,0.0,2.90579867165
0.0,0.0,2.90579867165
0.0,0.0,2.90579867165
0.0,0.0,2.90579867165
0.0,0.0,2.90579867165
0.0,0.0,2.90579867165
0.0,0.0,2.90579867165
0.0,0.0,2.90579867165
0.0,0.0,2.90579867165
0.0,0.0,2.90579867165
0.0,0.0,2.90579867165
0.0,0.0,2.90579867165
0.0,0.0,2.90579867165
0.0,0.0,2.90579867165
0.0,0.0,2.90579867165
0.0,0.0,2.90579867165
0.0,0.0,2.90579867165
0.0,0.0,2.90579867165
0.0,0.0,2.90579867165
0.0,0.0,2.90579867165
0.0,0.0,2.90579867165
0.0,0.0,2.90579867165
0.0,0.0,2.90579867165
0.0,0.0,2.90579867165
0.0,0.0,2.90579867165
0.0,0.0,2.90579867165
0.0,0.0,2.90579867165
0.0,0.0,2.90579867165
0.0,0.0,2.90579867165
0.0,0.0,2.90579867165
0.0,0.0,2.90579867165
0.0,0.0,2.90579867165
0.0,0.0,2.90579867165
0.0,0.0,2.90579867165
0.0,0.0,2.90579867165
0.0,0.0,2.90579867165
0.0,0.0,2.90579867165
0.0,0.0,2.90579867165
0.0,0.0,2.90579867165
0.0,0.0,2.90579867165
0.0,0.0,2.90579867165
0.0,0.0,2.90579867165
0.0,0.0,2.90579867165
0.0,0.0,2.90579867165
0.0,0.0,2.90579867165
0.0,0.0,2.90579867165
0.0,0.0,2.90579867165
0.0,0.0,2.90579867165
0.0,0.0,2.90579867165
0.0,0.0,2.90579867165
0.0,0.0,2.90579867165
0.0,0.0,2.90579867165
0.0,0.0,2.90579867165
0.0,0.0,2.90579867165
0.0,0.0,2.90579867165
0.0,0.0,2.90579867165
0.0,0.0,2.90579867165
0.0,0.0,2.90579867165
0.0,0.0,2.90579867165
0.0,0.0,2.90579867165
0.0,0.0,2.90579867165
0.0,0.0,2.90579867165
0.0,0.0,2.90579867165
0.0,0.0,2.90579867165
0.0,0.0,2.90579867165
0.0,0.0,2.90579867165
0.0,0.0,2.90579867165
0.0,0.0,2.90579867165
0.0,0.0,2.90579867165
0.0,0.0,2.90579867165
0.0,0.0,2.90579867165
0.0,0.0,2.90579867165
0.0,0.0,2.90579867165
0.0,0.0,2.90579867165
0.0,0.0,2.90579867165
0.0,0.0,2.90579867165
0.0,0.0,2.90579867165
0.0,0.0,2.90579867165
0.0,0.0,2.90579867165
0.0,0.0,2.90579867165
0.0,0.0,2.90579867165
0.0,0.0,2.90579867165
0.0,0.0,2.90579867165
0.0,0.0,2.90579867165
0.0,0.0,2.90579867165
0.0,0.0,2.90579867165
0.0,0.0,2.90579867165
0.0,0.0,2.90579867165
0.0,0.0,2.90579867165
0.0,0.0,2.90579867165
0.0,0.0,2.90579867165
0.0,0.0,2.90579867165
0.0,0.0,2.90579867165
0.0,0.0,2.90579867165
0.0,0.0,2.90579867165
0.0,0.0,2.90579867165
0.0,0.0,2.90579867165
0.0,0.0,2.90579867165
0.0,0.0,2.90579867165
0.0,0.0,2.90579867165
0.0,0.0,2.90579867165
0.0,0.0,2.90579867165
0.0,0.0,2.90579867165
0.0,0.0,2.90579867165
0.0,0.0,2.90579867165
0.0,0.0,2.90579867165
0.0,0.0,2.90579867165
0.0,0.0,2.90579867165
0.0,0.0,2.90579867165
0.0,0.0,2.90579867165
0.0,0.0,2.90579867165
0.0,0.0,2.90579867165
0.0,0.0,2.90579867165
0.0,0.0,2.90579867165
0.0,0.0,2.90579867165
0.0,0.0,2.90579867165
0.0,0.0,2.90579867165
0.0,0.0,2.90579867165
0.0,0.0,2.90579867165
0.0,0.0,2.90579867165
0.0,0.0,2.90579867165
0.0,0.0,2.90579867165
0.0,0.0,2.90579867165
0.0,0.0,2.90579867165
0.0,0.0,2.90579867165
0.0,0.0,2.90579867165
0.0,0.0,2.90579867165
0.0,0.0,2.90579867165
0.0,0.0,2.90579867165
0.0,0.0,2.90579867165
0.0,0.0,2.90579867165
0.0,0.0,2.90579867165
0.0,0.0,2.90579867165
0.0,0.0,2.90579867165
0.0,0.0,2.90579867165
0.0,0.0,2.90579867165
0.0,0.0,2.90579867165
0.0,0.0,2.90579867165
0.0,0.0,2.90579867165
0.0,0.0,2.90579867165
0.0,0.0,2.90579867165
0.0,0.0,2.90579867165
0.0,0.0,2.90579867165
0.0,0.0,2.90579867165
0.0,0.0,2.90579867165
0.0,0.0,2.90579867165
0.0,0.0,2.90579867165
0.0,0.0,2.90579867165
0.0,0.0,2.90579867165
0.0,0.0,2.90579867165
0.0,0.0,2.90579867165
0.0,0.0,2.90579867165
0.0,0.0,2.90579867165
0.0,0.0,2.90579867165
0.0,0.0,2.90579867165
0.0,0.0,2.90579867165
0.0,0.0,2.90579867165
0.0,0.0,2.90579867165
0.0,0.0,2.90579867165
0.0,0.0,2.90579867165
0.0,0.0,2.90579867165
0.0,0.0,2.90579867165
0.0,0.0,2.90579867165
0.0,0.0,2.90579867165
0.0,0.0,2.90579867165
0.0,0.0,2.90579867165
0.0,0.0,2.90579867165
0.0,0.0,2.90579867165
0.0,0.0,2.90579867165
0.0,0.0,2.90579867165
0.0,0.0,2.90579867165
0.0,0.0,2.90579867165
0.0,0.0,2.90579867165
0.0,0.0,2.90579867165
0.0,0.0,2.90579867165
0.0,0.0,2.90579867165
0.0,0.0,2.90579867165
0.0,0.0,2.90579867165
0.0,0.0,2.90579867165
0.0,0.0,2.90579867165
0.0,0.0,2.90579867165
0.0,0.0,2.90579867165
0.0,0.0,2.90579867165
0.0,0.0,2.90579867165
0.0,0.0,2.90579867165
0.0,0.0,2.90579867165
0.0,0.0,2.90579867165
0.0,0.0,2.90579867165
0.0,0.0,2.90579867165
0.0,0.0,2.90579867165
0.0,0.0,2.90579867165
0.0,0.0,2.90579867165
0.0,0.0,2.90579867165
0.0,0.0,2.90579867165
0.0,0.0,2.90579867165
0.0,0.0,2.90579867165
0.0,0.0,2.90579867165
0.0,0.0,2.90579867165
0.0,0.0,2.90579867165
0.0,0.0,2.90579867165
0.0,0.0,2.90579867165
0.0,0.0,2.90579867165
0.0,0.0,2.90579867165
0.0,0.0,2.90579867165
0.0,0.0,2.90579867165
0.0,0.0,2.90579867165
0.0,0.0,2.90579867165
0.0,0.0,2.90579867165
0.0,0.0,2.90579867165
0.0,0.0,2.90579867165
0.0,0.0,2.90579867165
0.0,0.0,2.90579867165
0.0,0.0,2.90579867165
0.0,0.0,2.90579867165
0.0,0.0,2.90579867165
0.0,0.0,2.90579867165
0.0,0.0,2.90579867165
0.0,0.0,2.90579867165
0.0,0.0,2.90579867165
0.0,0.0,2.90579867165
0.0,0.0,2.90579867165
0.0,0.0,2.90579867165
0.0,0.0,2.90579867165
0.0,0.0,2.90579867165
0.0,0.0,2.90579867165
0.0,0.0,2.90579867165
0.0,0.0,2.90579867165
0.0,0.0,2.90579867165
0.0,0.0,2.90579867165
0.0,0.0,2.90579867165
0.0,0.0,2.90579867165
0.0,0.0,2.90579867165
0.0,0.0,2.90579867165
0.0,0.0,2.90579867165
0.0,0.0,2.90579867165
0.0,0.0,2.90579867165
0.0,0.0,2.90579867165
0.0,0.0,2.90579867165
0.0,0.0,2.90579867165
0.0,0.0,2.90579867165
0.0,0.0,2.90579867165
0.0,0.0,2.90579867165
0.0,0.0,2.90579867165
0.0,0.0,2.90579867165
0.0,0.0,2.90579867165
0.0,0.0,2.90579867165
0.0,0.0,2.90579867165
0.0,0.0,2.90579867165
0.0,0.0,2.90579867165
0.0,0.0,2.90579867165
0.0,0.0,2.90579867165
0.0,0.0,2.90579867165
0.0,0.0,2.90579867165
0.0,0.0,2.90579867165
0.0,0.0,2.90579867165
0.0,0.0,2.90579867165
0.0,0.0,2.90579867165
0.0,0.0,2.90579867165
0.0,0.0,2.90579867165
0.0,0.0,2.90579867165
0.0,0.0,2.90579867165
0.0,0.0,2.90579867165
0.0,0.0,2.90579867165
0.0,0.0,2.90579867165
0.0,0.0,2.90579867165
0.0,0.0,2.90579867165
0.0,0.0,2.90579867165
0.0,0.0,2.90579867165
0.0,0.0,2.90579867165
0.0,0.0,2.90579867165
0.0,0.0,2.90579867165
0.0,0.0,2.90579867165
0.0,0.0,2.90579867165
0.0,0.0,2.90579867165
0.0,0.0,2.90579867165
0.0,0.0,2.90579867165
0.0,0.0,2.90579867165
0.0,0.0,2.90579867165
0.0,0.0,2.90579867165
0.0,0.0,2.90579867165
0.0,0.0,2.90579867165
0.0,0.0,2.90579867165
0.0,0.0,2.90579867165
0.0,0.0,2.90579867165
0.0,0.0,2.90579867165
0.0,0.0,2.90579867165
0.0,0.0,2.90579867165
0.0,0.0,2.90579867165
0.0,0.0,2.90579867165
0.0,0.0,2.90579867165
0.0,0.0,2.90579867165
0.0,0.0,2.90579867165
0.0,0.0,2.90579867165
0.0,0.0,2.90579867165
0.0,0.0,2.90579867165
0.0,0.0,2.90579867165
0.0,0.0,2.90579867165
0.0,0.0,2.90579867165
0.0,0.0,2.90579867165
0.0,0.0,2.90579867165
0.0,0.0,2.90579867165
0.0,0.0,2.90579867165
0.0,0.0,2.90579867165
0.0,0.0,2.90579867165
0.0,0.0,2.90579867165
0.0,0.0,2.90579867165
0.0,0.0,2.90579867165
0.0,0.0,2.90579867165
0.0,0.0,2.90579867165
0.0,0.0,2.90579867165
0.0,0.0,2.90579867165
0.0,0.0,2.90579867165
0.0,0.0,2.90579867165
0.0,0.0,2.90579867165
0.0,0.0,2.90579867165
0.0,0.0,2.90579867165
0.0,0.0,2.90579867165
0.0,0.0,2.90579867165
0.0,0.0,2.90579867165
0.0,0.0,2.90579867165
0.0,0.0,2.90579867165
0.0,0.0,2.90579867165
0.0,0.0,2.90579867165
0.0,0.0,2.90579867165
0.0,0.0,2.90579867165
0.0,0.0,2.90579867165
0.0,0.0,2.90579867165
0.0,0.0,2.90579867165
0.0,0.0,2.90579867165
0.0,0.0,2.90579867165
0.0,0.0,2.90579867165
0.0,0.0,2.90579867165
0.0,0.0,2.90579867165
0.0,0.0,2.90579867165
0.0,0.0,2.90579867165
0.0,0.0,2.90579867165
0.0,0.0,2.90579867165
0.0,0.0,2.90579867165
0.0,0.0,2.90579867165
0.0,0.0,2.90579867165
0.0,0.0,2.90579867165
0.0,0.0,2.90579867165
0.0,0.0,2.90579867165
0.0,0.0,2.90579867165
0.0,0.0,2.90579867165
0.0,0.0,2.90579867165
0.0,0.0,2.90579867165
0.0,0.0,2.90579867165
0.0,0.0,2.90579867165
0.0,0.0,2.90579867165
0.0,0.0,2.90579867165
0.0,0.0,2.90579867165
0.0,0.0,2.90579867165
0.0,0.0,2.90579867165
0.0,0.0,2.90579867165
0.0,0.0,2.90579867165
0.0,0.0,2.90579867165
0.0,0.0,2.90579867165
0.0,0.0,2.90579867165
0.0,0.0,2.90579867165
0.0,0.0,2.90579867165
0.0,0.0,2.90579867165
0.0,0.0,2.90579867165
0.0,0.0,2.90579867165
0.0,0.0,2.90579867165
0.0,0.0,2.90579867165
0.0,0.0,2.90579867165
0.0,0.0,2.90579867165
0.0,0.0,2.90579867165
0.0,0.0,2.90579867165
0.0,0.0,2.90579867165
0.0,0.0,2.90579867165
0.0,0.0,2.90579867165
0.0,0.0,2.90579867165
0.0,0.0,2.90579867165
0.0,0.0,2.90579867165
0.0,0.0,2.90579867165
0.0,0.0,2.90579867165
0.0,0.0,2.90579867165
0.0,0.0,2.90579867165
0.0,0.0,2.90579867165
0.0,0.0,2.90579867165
0.0,0.0,2.90579867165
0.0,0.0,2.90579867165
0.0,0.0,2.90579867165
0.0,0.0,2.90579867165
0.0,0.0,2.90579867165
0.0,0.0,2.90579867165
0.0,0.0,2.90579867165
0.0,0.0,2.90579867165
0.0,0.0,2.90579867165
0.0,0.0,2.90579867165
0.0,0.0,2.90579867165
