0.0,0.0,0.0,0.0369980335236
0.0,0.0,0.0,0.0536358356476
0.0,0.0,0.0,0.0706949234009
0.0,0.0,0.0,0.0870549678802
0.0,0.0,0.0,0.103766918182
0.0,0.0,0.0,0.120599985123
0.0,0.0,0.0,0.13730096817
0.0,0.0,0.0,0.15384888649
0.0,0.0,0.0,0.170368909836
0.0,0.0,0.0,0.187086820602
0.0,0.0,0.0,0.203687906265
0.0,0.0,0.0,0.220587015152
0.0,0.0,0.0,0.23707985878
0.0,0.0,0.0,0.253792047501
0.0,0.0,0.0,0.270524024963
0.0,0.0,0.0,0.287155866623
0.0,0.0,0.0,0.303782939911
0.0,0.0,0.0,0.320485830307
0.0,0.0,0.0,0.337067842484
0.0,0.0,0.0,0.353984832764
0.0,0.0,0.0,0.370606899261
0.0,0.0,0.0,0.387017011642
0.0,0.0,0.0,0.403671979904
0.0,0.0,0.0,0.420397996902
0.0,0.0,0.0,0.43713092804
0.0,0.0,0.0,0.453769922256
0.0,0.0,0.0,0.470533847809
0.0,0.0,0.0,0.487231969833
0.0,0.0,0.0,0.503657817841
0.0,0.0,0.0,0.520421028137
0.0,0.0,0.0,0.537152051926
0.0,0.0,0.0,0.553714990616
0.0,0.0,0.0,0.570480823517
0.0,0.0,0.0,0.587095022202
0.0,0.0,0.0,0.603689908981
0.0,0.0,0.0,0.620434045792
0.0,0.0,0.0,0.637109994888
0.0,0.0,0.0,0.654002904892
0.0,0.0,0.0,0.67062997818
0.0,0.0,0.0,0.68705701828
0.0,0.0,0.0,0.703763961792
0.0,0.0,0.0,0.720438957214
0.0,0.0,0.0,0.737205982208
0.0,0.0,0.0,0.753890037537
0.0,0.0,0.0,0.770546913147
0.0,0.0,0.0,0.788517951965
0.0,0.0,0.0,0.803755998611
0.0,0.0,0.0,0.820466995239
0.0,0.0,0.0,0.837182998657
0.0,0.0,0.0,0.853765964508
0.0,0.0,0.0,0.870542049408
0.0,0.0,0.0,0.887092828751
0.0,0.0,0.0,0.903741836548
0.0,0.0,0.0,0.920699834824
0.0,0.0,0.0,0.937186956406
0.0,0.0,0.0,0.953833818436
0.0,0.0,0.0,0.970908880234
0.0,0.0,0.0,0.987617969513
0.0,0.0,0.0,1.00374984741
0.0,0.0,0.0,1.02041292191
0.0,0.0,0.0,1.03710794449
0.0,0.0,0.0,1.05374884605
0.0,0.0,0.0,1.07054495811
0.0,0.0,0.0,1.08712697029
0.0,0.0,0.0,1.10372591019
0.0,0.0,0.0,1.1204419136
0.0,0.0,0.0,1.13708400726
0.0,0.0,0.0,1.15377402306
0.0,0.0,0.0,1.17056202888
0.0,0.0,0.0,1.18671584129
0.0,0.0,0.0,1.20471692085
0.0,0.0,0.0,1.22030997276
0.0,0.0,0.0,1.23692893982
0.0,0.0,0.0,1.25367903709
0.0,0.0,0.0,1.27050995827
0.0,0.0,0.0,1.2871119976
0.0,0.0,0.0,1.30374097824
0.0,0.0,0.0,1.32048892975
0.0,0.0,0.0,1.33705592155
0.0,0.0,0.0,1.35477399826
0.0,0.0,0.0,1.3703289032
0.0,0.0,0.0,1.3870818615
0.0,0.0,0.0,1.40362286568
0.0,0.0,0.0,1.42037701607
0.0,0.0,0.0,1.43728494644
0.0,0.0,0.0,1.45376682281
0.0,0.0,0.0,1.47039604187
0.0,0.0,0.0,1.48710799217
0.0,0.0,0.0,1.50374293327
0.0,0.0,0.0,1.52035498619
0.0,0.0,0.0,1.53719997406
0.0,0.0,0.0,1.55376696587
0.0,0.0,0.0,1.57047486305
0.0,0.0,0.0,1.5869269371
0.0,0.0,0.0,1.60368585587
0.0,0.0,0.0,1.62046289444
0.0,0.0,0.0,1.63722991943
0.0,0.0,0.0,1.65377092361
0.0,0.0,0.0,1.67051887512
0.0,0.0,0.0,1.68702292442
0.0,0.0,0.0,1.70394587517
0.0,0.0,0.0,1.72054386139
0.0,0.0,0.0,1.7371070385
0.0,0.0,0.0,1.75415301323
0.0,0.0,0.0,1.77049183846
0.0,0.0,0.0,1.78707695007
0.0,0.0,0.0,1.8042318821
0.0,0.0,0.0,1.82037901878
0.0,0.0,0.0,1.83714389801
0.0,0.0,0.0,1.85354304314
0.0,0.0,0.0,1.8700799942
0.0,0.0,0.0,1.88677096367
0.0,0.0,0.0,1.90368390083
0.0,0.0,0.0,1.92052388191
0.0,0.0,0.0,1.93707799911
0.0,0.0,0.0,1.95383787155
0.0,0.0,0.0,1.97089791298
0.0,0.0,0.0,1.98703694344
0.0,0.0,0.0,2.00372600555
0.0,0.0,0.0,2.02045488358
0.0,0.0,0.0,2.03705692291
0.0,0.0,0.0,2.05374288559
0.0,0.0,0.0,2.07054901123
0.0,0.0,0.0,2.08704304695
0.0,0.0,0.0,2.10364198685
0.0,0.0,0.0,2.12033581734
0.0,0.0,0.0,2.13709783554
0.0,0.0,0.0,2.15362095833
0.0,0.0,0.0,2.17030191422
0.0,0.0,0.0,2.18700194359
0.0,0.0,0.0,2.20384097099
0.0,0.0,0.0,2.22037601471
0.0,0.0,0.0,2.2371070385
0.0,0.0,0.0,2.25389885902
0.0,0.0,0.0,2.27049088478
0.0,0.0,0.0,2.28700089455
0.0,0.0,0.0,2.30378103256
0.0,0.0,0.0,2.32042384148
0.0,0.0,0.0,2.33706402779
0.0,0.0,0.0,2.3536670208
0.0,0.0,0.0,2.37033390999
0.0,0.0,0.0,2.38706088066
0.0,0.0,0.0,2.40359687805
0.0,0.0,0.0,2.42012381554
0.0,0.0,0.0,2.43676900864
0.0,0.0,0.0,2.45370388031
0.0,0.0,0.0,2.47063183784
0.0,0.0,0.0,2.48704385757
0.0,0.0,0.0,2.50371193886
0.0,0.0,0.0,2.52049088478
0.0,0.0,0.0,2.53696393967
0.0,0.0,0.0,2.55370402336
0.0,0.0,0.0,2.57051491737
0.0,0.0,0.0,2.58708500862
0.0,0.0,0.0,2.60377597809
0.0,0.0,0.0,2.62062191963
0.0,0.0,0.0,2.63714694977
0.0,0.0,0.0,2.65367794037
0.0,0.0,0.0,2.67050981522
0.0,0.0,0.0,2.68697190285
0.0,0.0,0.0,2.7047150135
0.0,0.0,0.0,2.72042584419
0.0,0.0,0.0,2.73720002174
0.0,0.0,0.0,2.7536919117
0.0,0.0,0.0,2.77037191391
0.0,0.0,0.0,2.78707885742
0.0,0.0,0.0,2.80373883247
0.0,0.0,0.0,2.82045483589
0.0,0.0,0.0,2.83701300621
0.0,0.0,0.0,2.8537979126
0.0,0.0,0.0,2.87070989609
0.0,0.0,0.0,2.88715004921
0.0,0.0,0.0,2.90372395515
0.0,0.0,0.0,2.92061090469
0.0,0.0,0.0,2.937073946
0.0,0.0,0.0,2.95371389389
0.0,0.0,0.0,2.97068285942
0.0,0.0,0.0,2.98704981804
0.0,0.0,0.0,3.00380802155
0.0,0.0,0.0,3.02039599419
0.0,0.0,0.0,3.03721284866
0.0,0.0,0.0,3.05350899696
0.0,0.0,0.0,3.07029795647
0.0,0.0,0.0,3.08725881577
0.0,0.0,0.0,3.10380196571
0.0,0.0,0.0,3.12047696114
0.0,0.0,0.0,3.13730287552
0.0,0.0,0.0,3.1539080143
0.0,0.0,0.0,3.17081594467
0.0,0.0,0.0,3.18784499168
0.0,0.0,0.0,3.20367383957
0.0,0.0,0.0,3.22033786774
0.0,0.0,0.0,3.23702597618
0.0,0.0,0.0,3.25366282463
0.0,0.0,0.0,3.27037096024
0.0,0.0,0.0,3.28724884987
0.0,0.0,0.0,3.30393099785
0.0,0.0,0.0,3.32064795494
0.0,0.0,0.0,3.33750200272
0.0,0.0,0.0,3.35464382172
0.0,0.0,0.0,3.37078905106
0.0,0.0,0.0,3.38720393181
0.0,0.0,0.0,3.40385389328
0.0,0.0,0.0,3.42051792145
0.0,0.0,0.0,3.43723988533
0.0,0.0,0.0,3.45380687714
0.0,0.0,0.0,3.47063088417
0.0,0.0,0.0,3.48750400543
0.0,0.0,0.0,3.50385785103
0.0,0.0,0.0,3.52050590515
0.0,0.0,0.0,3.53735899925
0.0,0.0,0.0,3.55383586884
0.0,0.0,0.0,3.57067084312
0.0,0.0,0.0,3.58733797073
0.0,0.0,0.0,3.60385084152
0.0,0.0,0.0,3.62059688568
0.0,0.0,0.0,3.63726902008
0.0,0.0,0.0,3.6538310051
0.0,0.0,0.0,3.67036700249
0.0,0.0,0.0,3.6873729229
0.0,0.0,0.0,3.70385193825
0.0,0.0,0.0,3.72034883499
0.0,0.0,0.0,3.73705291748
0.0,0.0,0.0,3.75369882584
0.0,0.0,0.0,3.77035689354
0.0,0.0,0.0,3.78736495972
0.0,0.0,0.0,3.80362701416
0.0,0.0,0.0,3.82031702995
0.0,0.0,0.0,3.83698892593
0.0,0.0,0.0,3.85365486145
0.0,0.0,0.0,3.87024688721
0.0,0.0,0.0,3.88701581955
0.0,0.0,0.0,3.90527391434
0.0,0.0,0.0,3.92096590996
0.0,0.0,0.0,3.93719983101
0.0,0.0,0.0,3.95387983322
0.0,0.0,0.0,3.97120785713
0.0,0.0,0.0,3.98837590218
0.0,0.0,0.0,4.00400090218
0.0,0.0,0.0,4.0206079483
0.0,0.0,0.0,4.0373878479
0.0,0.0,0.0,4.05372095108
0.0,0.0,0.0,4.07032084465
0.0,0.0,0.0,4.08698892593
0.0,0.0,0.0,4.10503101349
0.0,0.0,0.0,4.12052893639
0.0,0.0,0.0,4.13729190826
0.0,0.0,0.0,4.15395092964
0.0,0.0,0.0,4.17045998573
0.0,0.0,0.0,4.18690490723
0.0,0.0,0.0,4.20358991623
0.0,0.0,0.0,4.22009587288
0.0,0.0,0.0,4.23770403862
0.0,0.0,0.0,4.25454282761
0.0,0.0,0.0,4.27096486092
0.0,0.0,0.0,4.28754782677
0.0,0.0,0.0,4.30416297913
0.0,0.0,0.0,4.32104492188
0.0,0.0,0.0,4.33757996559
0.0,0.0,0.0,4.3542778492
0.0,0.0,0.0,4.37097001076
0.0,0.0,0.0,4.38761281967
0.0,0.0,0.0,4.40432596207
0.0,0.0,0.0,4.42108488083
0.0,0.0,0.0,4.43796992302
0.0,0.0,0.0,4.45433402061
0.0,0.0,0.0,4.47101998329
0.0,0.0,0.0,4.48801398277
0.0,0.0,0.0,4.50463294983
0.0,0.0,0.0,4.5210018158
0.0,0.0,0.0,4.5376739502
0.0,0.0,0.0,4.55360198021
0.0,0.0,0.0,4.57023596764
0.0,0.0,0.0,4.58720993996
0.0,0.0,0.0,4.60347294807
0.0,0.0,0.0,4.62015795708
0.0,0.0,0.0,4.63682484627
0.0,0.0,0.0,4.65354704857
0.0,0.0,0.0,4.67017102242
0.0,0.0,0.0,4.68719696999
0.0,0.0,0.0,4.70343804359
0.0,0.0,0.0,4.72015786171
0.0,0.0,0.0,4.73682188988
0.0,0.0,0.0,4.75352096558
0.0,0.0,0.0,4.77032089233
0.0,0.0,0.0,4.7868309021
0.0,0.0,0.0,4.8035390377
0.0,0.0,0.0,4.82074785233
0.0,0.0,0.0,4.83733582497
0.0,0.0,0.0,4.85418486595
0.0,0.0,0.0,4.87031602859
0.0,0.0,0.0,4.88686585426
0.0,0.0,0.0,4.90376591682
0.0,0.0,0.0,4.9202029705
0.0,0.0,0.0,4.93710303307
0.0,0.0,0.0,4.95379185677
0.0,0.0,0.0,4.97039890289
0.0,0.0,0.0,4.9872379303
0.0,0.0,0.0,5.00408983231
0.0,0.0,0.0,5.02033185959
0.0,0.0,0.0,5.03709483147
0.0,0.0,0.0,5.05366587639
0.0,0.0,0.0,5.0706589222
0.0,0.0,0.0,5.08784389496
0.0,0.0,0.0,5.10417199135
0.0,0.0,0.0,5.12071895599
0.0,0.0,0.0,5.13698101044
0.0,0.0,0.0,5.15355086327
0.0,0.0,0.0,5.17047691345
0.0,0.0,0.0,5.18728685379
0.0,0.0,0.0,5.20381188393
0.0,0.0,0.0,5.22031903267
0.0,0.0,0.0,5.23704195023
0.0,0.0,0.0,5.25370192528
0.0,0.0,0.0,5.27039885521
0.0,0.0,0.0,5.28723692894
0.0,0.0,0.0,5.3045630455
0.0,0.0,0.0,5.32064604759
0.0,0.0,0.0,5.33724784851
0.0,0.0,0.0,5.35420584679
0.0,0.0,0.0,5.3706548214
0.0,0.0,0.0,5.38725090027
0.0,0.0,0.0,5.40417289734
0.0,0.0,0.0,5.42050099373
0.0,0.0,0.0,5.43724298477
Actuacion(lineal,angular) = 0.0400022029877,0.0
0.0,0.0,0.0,5.45415091515
0.0,0.0,0.0,5.47084593773
0.0,0.0,0.0,5.48718190193
0.0,0.0,0.0,5.5038819313
0.0,0.0,0.0,5.52097201347
0.0,0.0,0.0,5.5373108387
0.0,0.0,0.0,5.55392503738
0.0,0.0,0.0,5.57067584991
0.0,0.0,0.0,5.58726501465
0.0,0.0,0.0,5.60416698456
0.0,0.0,0.0,5.62079691887
8.52920883335e-05,1.71693578408e-18,-0.000174532925203,5.63729000092
Actuacion(lineal,angular) = 0.0179045046183,0.0599985122681
8.52920883335e-05,1.71693578408e-18,-0.000174532925203,5.654047966
8.52920883335e-05,1.71693578408e-18,-0.000174532925203,5.67069888115
0.000852920871643,-1.33976498381e-07,-0.000174532925203,5.68721199036
0.000852920871643,-1.33976498381e-07,-0.000174532925203,5.70411396027
0.000852920871643,-1.33976498381e-07,-0.000174532925203,5.72065901756
0.000852920871643,-1.33976498381e-07,-0.000174532925203,5.73722481728
0.00127938130682,-2.08407886372e-07,-0.000174532925203,5.75386285782
0.00127938130682,-2.08407886372e-07,-0.000174532925203,5.77074193954
0.00127938130682,-2.08407886372e-07,-0.000174532925203,5.7874250412
0.00132202735033,-2.15851025176e-07,0.0,5.80400490761
0.00132202735033,-2.15851025176e-07,0.0,5.82088088989
0.00132202735033,-2.15851025176e-07,0.0,5.83758997917
Actuacion(lineal,angular) = 0.0267190786736,0.120002102852
0.00132202735033,-2.15851025176e-07,0.0,5.85400700569
0.0013646733945,-2.15851025172e-07,-0.000174532925203,5.87066102028
0.0013646733945,-2.15851025172e-07,-0.000174532925203,5.88720393181
0.0013646733945,-2.15851025172e-07,-0.000174532925203,5.90388393402
0.00149261152505,-2.3818044157e-07,-0.000174532925203,5.922716856
0.00149261152505,-2.3818044157e-07,-0.000174532925203,5.93725705147
0.00149261152505,-2.3818044157e-07,-0.000174532925203,5.95399594307
0.00149261152505,-2.3818044157e-07,-0.000174532925203,5.97068190575
0.00166319569912,-2.67952996766e-07,0.0,5.98727083206
0.00179113383162,-2.67952996768e-07,0.0,6.0039498806
0.00179113383162,-2.67952996768e-07,0.0,6.02063584328
0.00179113383162,-2.67952996768e-07,0.0,6.03735494614
Actuacion(lineal,angular) = 0.0562101331409,0.179984664917
0.00179113383162,-2.67952996768e-07,0.0,6.05423498154
0.00191907196412,-2.6795299677e-07,0.000174532925199,6.0709798336
0.00191907196412,-2.6795299677e-07,0.000174532925199,6.08724403381
0.00191907196412,-2.6795299677e-07,0.000174532925199,6.10389685631
0.00264405470391,-1.41419637191e-07,0.000174532925199,6.1209499836
0.00264405470391,-1.41419637191e-07,0.000174532925199,6.13749504089
0.00264405470391,-1.41419637191e-07,0.000174532925199,6.1538028717
0.00264405470391,-1.41419637191e-07,0.000174532925199,6.17072582245
0.00375285183536,5.21019715741e-08,0.000698131700799,6.18729496002
0.0041793121731,3.49827500854e-07,0.00104719755119,6.20401883125
0.0041793121731,3.49827500854e-07,0.00104719755119,6.22098183632
0.0041793121731,3.49827500854e-07,0.00104719755119,6.23720884323
Actuacion(lineal,angular) = 0.034201510136,0.239973020554
0.0041793121731,3.49827500854e-07,0.00104719755119,6.25414586067
0.00579986096287,2.04686284543e-06,0.00157079632679,6.27098083496
0.00618367488686,2.64975684326e-06,0.00157079632679,6.28725981712
0.00618367488686,2.64975684326e-06,0.00157079632679,6.30420303345
0.00618367488686,2.64975684326e-06,0.00157079632679,6.32092404366
0.00618367488686,2.64975684326e-06,0.00157079632679,6.33716797829
0.0069939487264,3.92253306091e-06,0.00191986217719,6.35391592979
0.0069939487264,3.92253306091e-06,0.00191986217719,6.370885849
0.0069939487264,3.92253306091e-06,0.00191986217719,6.38724184036
0.00742040838212,4.74127782997e-06,0.00191986217719,6.40385198593
0.00742040838212,4.74127782997e-06,0.00191986217719,6.42086601257
0.00742040838212,4.74127782997e-06,0.00191986217719,6.43764591217
Actuacion(lineal,angular) = 0.0135035415516,0.300120306015
0.00742040838212,4.74127782997e-06,0.00191986217719,6.45381689072
0.00759099224442,5.06877573759e-06,0.00261799387799,6.47103881836
0.00759099224442,5.06877573759e-06,0.00261799387799,6.48729085922
0.00759099224442,5.06877573759e-06,0.00261799387799,6.5041680336
0.00763363814244,5.1804226926e-06,0.00279252680319,6.52154183388
0.00763363814244,5.1804226926e-06,0.00279252680319,6.5374789238
0.00763363814244,5.1804226926e-06,0.00279252680319,6.5539560318
0.00763363814244,5.1804226926e-06,0.00279252680319,6.57202482224
0.00763363814244,5.1804226926e-06,0.00279252680319,6.58724498749
0.00763363814244,5.1804226926e-06,0.00279252680319,6.60393595695
0.00763363814244,5.1804226926e-06,0.00279252680319,6.62205004692
0.00763363814244,5.1804226926e-06,0.00279252680319,6.63887691498
Actuacion(lineal,angular) = 0.00562444368761,0.359949660301
0.00763363814244,5.1804226926e-06,0.00279252680319,6.65373086929
0.00763363814244,5.1804226926e-06,0.00279252680319,6.67037701607
0.00763363814244,5.1804226926e-06,0.00279252680319,6.68726181984
0.00763363814244,5.1804226926e-06,0.00279252680319,6.70394802094
0.00763363814244,5.1804226926e-06,0.00279252680319,6.72035694122
0.00763363814244,5.1804226926e-06,0.00279252680319,6.73699092865
0.00763363814244,5.1804226926e-06,0.00279252680319,6.75378584862
0.00763363814244,5.1804226926e-06,0.00279252680319,6.77037191391
0.00763363814244,5.1804226926e-06,0.00261799387799,6.78700995445
0.00763363814244,5.1804226926e-06,0.00261799387799,6.80367302895
0.00763363814244,5.1804226926e-06,0.00261799387799,6.82028102875
0.00763363814244,5.1804226926e-06,0.00279252680319,6.8368999958
Actuacion(lineal,angular) = 0.00302475864658,0.419868993759
0.00763363814244,5.1804226926e-06,0.00279252680319,6.85359382629
0.00763363814244,5.1804226926e-06,0.00279252680319,6.87021994591
0.00763363814244,5.1804226926e-06,0.00279252680319,6.88706183434
0.00763363814244,5.1804226926e-06,0.00279252680319,6.90430498123
0.00754834638667,4.9422425594e-06,0.00261799387799,6.92057085037
0.00754834638667,4.9422425594e-06,0.00261799387799,6.93788194656
0.00754834638667,4.9422425594e-06,0.00261799387799,6.95369100571
0.00754834638667,4.9422425594e-06,0.00261799387799,6.97068405151
0.00754834638667,4.9422425594e-06,0.00261799387799,6.98708486557
0.00754834638667,4.9422425594e-06,0.00296705972839,7.00361704826
0.00754834638667,4.9422425594e-06,0.00296705972839,7.02055191994
0.00754834638667,4.9422425594e-06,0.00296705972839,7.03690600395
Actuacion(lineal,angular) = 0.00191285215115,0.479865074158
0.00754834638667,4.9422425594e-06,0.00296705972839,7.05359697342
0.00754834638667,4.9422425594e-06,0.00314159265358,7.07038903236
0.00754834638667,4.9422425594e-06,0.00314159265358,7.08700084686
0.00754834638667,4.9422425594e-06,0.00314159265358,7.10365390778
0.00754834638667,4.9422425594e-06,0.00314159265358,7.12039685249
0.00754834638667,4.9422425594e-06,0.00314159265358,7.13706588745
0.00746305471923,4.67429000204e-06,0.00314159265358,7.15379881859
0.00746305471923,4.67429000204e-06,0.00314159265358,7.17033982277
0.00746305471923,4.67429000204e-06,0.00314159265358,7.18694186211
0.00729247138436,4.13838488734e-06,0.00383972435438,7.20358085632
0.00729247138436,4.13838488734e-06,0.00383972435438,7.22054696083
0.00729247138436,4.13838488734e-06,0.00383972435438,7.23729586601
Actuacion(lineal,angular) = 0.00130868986651,0.539864730835
0.00729247138436,4.13838488734e-06,0.00383972435438,7.25369000435
0.00729247138436,4.13838488734e-06,0.00488692190558,7.27052593231
0.00729247138436,4.13838488734e-06,0.00506145483078,7.28745985031
0.00729247138436,4.13838488734e-06,0.00506145483078,7.30406999588
0.00729247138436,4.13838488734e-06,0.00506145483078,7.32050991058
0.00720718038855,3.70668467806e-06,0.00523598775598,7.33775496483
0.00720718038855,3.70668467806e-06,0.00523598775598,7.35415101051
0.00720718038855,3.70668467806e-06,0.00523598775598,7.37203192711
0.00720718038855,3.70668467806e-06,0.00523598775598,7.38742899895
0.00703659855021,2.81351209881e-06,0.00593411945678,7.40386295319
0.00703659855021,2.81351209881e-06,0.00593411945678,7.42169594765
0.00703659855021,2.81351209881e-06,0.00593411945678,7.43754696846
Actuacion(lineal,angular) = 0.000940201639957,0.599863243103
0.00703659855021,2.81351209881e-06,0.00593411945678,7.4538500309
0.0069513079636,2.3073816284e-06,0.00680678408277,7.47071290016
0.0069513079636,2.3073816284e-06,0.00680678408277,7.48714089394
0.0069513079636,2.3073816284e-06,0.00680678408277,7.50382304192
0.0069513079636,2.3073816284e-06,0.00820304748437,7.52060699463
0.0069513079636,2.3073816284e-06,0.00820304748437,7.5375058651
0.0069513079636,2.3073816284e-06,0.00820304748437,7.55433702469
0.0069513079636,2.3073816284e-06,0.00820304748437,7.57053089142
0.0069513079636,2.3073816284e-06,0.00872664625997,7.58721899986
0.0069513079636,2.3073816284e-06,0.00872664625997,7.60421299934
0.0069513079636,2.3073816284e-06,0.00872664625997,7.6205239296
0.00678073028225,8.18772755252e-07,0.0118682389136,7.63707184792
Actuacion(lineal,angular) = 0.000700012560401,0.659857535362
0.00678073028225,8.18772755252e-07,0.0118682389136,7.65410685539
0.00678073028225,8.18772755252e-07,0.0118682389136,7.67077183723
0.00678073028225,8.18772755252e-07,0.0118682389136,7.68729186058
0.00669544420076,-1.93470362867e-07,0.0143116998663,7.70421791077
0.00673808587752,4.16846186585e-07,0.0151843644924,7.72128891945
0.00673808587752,4.16846186585e-07,0.0151843644924,7.73726892471
0.00673808587752,4.16846186585e-07,0.0151843644924,7.75392198563
0.00673808587752,4.16846186585e-07,0.0151843644924,7.77074599266
0.00665280362168,-8.78210203884e-07,0.0176278254451,7.78724884987
0.00665280362168,-8.78210203884e-07,0.0176278254451,7.80392789841
0.00665280362168,-8.78210203884e-07,0.0176278254451,7.82076787949
0.00665280362168,-8.78210203884e-07,0.0211184839491,7.83722496033
Actuacion(lineal,angular) = 0.000582702350278,0.7
0.00665280362168,-8.78210203884e-07,0.0211184839491,7.85398387909
0.00665280362168,-8.78210203884e-07,0.0211184839491,7.87134790421
0.00665280362168,-8.78210203884e-07,0.0211184839491,7.88722395897
0.00665280362168,-8.78210203884e-07,0.0277507351067,7.90384483337
0.00661017399739,-2.06151738713e-06,0.0298451302091,7.92073893547
0.00661017399739,-2.06151738713e-06,0.0298451302091,7.93721985817
0.00661017399739,-2.06151738713e-06,0.0298451302091,7.95390701294
0.00661017399739,-2.06151738713e-06,0.0298451302091,7.97088003159
0.00673805515484,1.75624600994e-06,0.0366519142919,7.98729586601
0.0066528203492,-1.36917242992e-06,0.0390953752446,8.00418281555
0.0066528203492,-1.36917242992e-06,0.0390953752446,8.02060890198
0.0066528203492,-1.36917242992e-06,0.0390953752446,8.03729581833
Actuacion(lineal,angular) = 0.000581331444422,0.7
0.0066528203492,-1.36917242992e-06,0.0390953752446,8.05377483368
0.00669543380638,2.97665981012e-07,0.047298422729,8.07154393196
0.00669543380638,2.97665981012e-07,0.047298422729,8.08726596832
0.00669543380638,2.97665981012e-07,0.047298422729,8.10408401489
0.00652504040455,-7.76768851054e-06,0.0563741348394,8.12051391602
0.00652504040455,-7.76768851054e-06,0.0563741348394,8.1374540329
0.00652504040455,-7.76768851054e-06,0.0563741348394,8.15402293205
0.00652504040455,-7.76768851054e-06,0.0563741348394,8.17105388641
0.00626957062478,-2.2184852349e-05,0.064751715249,8.18728494644
0.00626957062478,-2.2184852349e-05,0.064751715249,8.2036960125
0.00626957062478,-2.2184852349e-05,0.064751715249,8.22043991089
0.00639724064246,-1.39064265975e-05,0.0719075651822,8.23703789711
Actuacion(lineal,angular) = 0.000580950499404,0.7
0.00639724064246,-1.39064265975e-05,0.0719075651822,8.25367188454
0.00639724064246,-1.39064265975e-05,0.0719075651822,8.27065181732
0.00639724064246,-1.39064265975e-05,0.0719075651822,8.28736782074
0.00631216896894,-2.0034288924e-05,0.0780162175641,8.30395388603
0.0063546852957,-1.67105799023e-05,0.0802851455917,8.32064795494
0.0063546852957,-1.67105799023e-05,0.0802851455917,8.33752298355
0.0063546852957,-1.67105799023e-05,0.0802851455917,8.353703022
0.0063546852957,-1.67105799023e-05,0.0802851455917,8.37074589729
0.00631217661963,-2.01307467713e-05,0.0877900613753,8.3871588707
0.00631217661963,-2.01307467713e-05,0.0877900613753,8.40388298035
0.00631217661963,-2.01307467713e-05,0.0877900613753,8.4205019474
0.00622721299736,-2.76089299522e-05,0.0959931088597,8.43703198433
Actuacion(lineal,angular) = 0.000581091205577,0.7
0.00622721299736,-2.76089299522e-05,0.0959931088597,8.454007864
0.00622721299736,-2.76089299522e-05,0.0959931088597,8.47121286392
0.00622721299736,-2.76089299522e-05,0.0959931088597,8.48705101013
0.0062696627076,-2.3521487757e-05,0.10541788682,8.5037920475
0.0062696627076,-2.3521487757e-05,0.10541788682,8.52051782608
0.0062696627076,-2.3521487757e-05,0.10541788682,8.53720998764
0.0062696627076,-2.3521487757e-05,0.10541788682,8.55459785461
0.00643929991664,-5.57215243445e-06,0.116413461108,8.57073402405
0.00643929991664,-5.57215243445e-06,0.116413461108,8.58742403984
0.00643929991664,-5.57215243445e-06,0.116413461108,8.60406589508
0.0063545851191,-1.54788880448e-05,0.127059969545,8.62053203583
0.0063545851191,-1.54788880448e-05,0.127059969545,8.63704395294
Actuacion(lineal,angular) = 0.000580947058315,0.7
0.0063545851191,-1.54788880448e-05,0.127059969545,8.65399694443
0.0063545851191,-1.54788880448e-05,0.127059969545,8.67066383362
0.0063545851191,-1.54788880448e-05,0.137706477982,8.68723297119
0.0063545851191,-1.54788880448e-05,0.137706477982,8.70402097702
0.0063545851191,-1.54788880448e-05,0.137706477982,8.72060203552
0.00622785812102,-3.30411688211e-05,0.147131255943,8.73728489876
0.00622785812102,-3.30411688211e-05,0.147131255943,8.75351595879
0.00622785812102,-3.30411688211e-05,0.147131255943,8.77039599419
0.00622785812102,-3.30411688211e-05,0.147131255943,8.78747296333
0.00618567283715,-3.92931211281e-05,0.157952297305,8.80417299271
0.00618567283715,-3.92931211281e-05,0.157952297305,8.82054495811
0.00618567283715,-3.92931211281e-05,0.157952297305,8.8371629715
Actuacion(lineal,angular) = 0.000581813090666,0.7
0.00610144251167,-5.27092532634e-05,0.168947871593,8.85366082191
0.00610144251167,-5.27092532634e-05,0.168947871593,8.87101984024
0.00610144251167,-5.27092532634e-05,0.168947871593,8.88735985756
0.00610144251167,-5.27092532634e-05,0.168947871593,8.90394687653
0.00610144251167,-5.27092532634e-05,0.180990643432,8.92090892792
0.00610144251167,-5.27092532634e-05,0.180990643432,8.9375679493
0.00610144251167,-5.27092532634e-05,0.180990643432,8.95450282097
0.0059755941391,-7.57386446933e-05,0.195651409149,8.97076892853
0.0059755941391,-7.57386446933e-05,0.195651409149,8.98727202415
0.00593376172857,-8.40292726734e-05,0.199840199353,9.00407385826
0.00593376172857,-8.40292726734e-05,0.199840199353,9.02060294151
0.00593376172857,-8.40292726734e-05,0.199840199353,9.03786301613
Actuacion(lineal,angular) = 0.000580969009373,0.7
0.0058501670967,-0.000100960836525,0.211184839491,9.05424404144
0.0058501670967,-0.000100960836525,0.211184839491,9.07063102722
0.0058501670967,-0.000100960836525,0.211184839491,9.08731389046
0.0058501670967,-0.000100960836525,0.211184839491,9.10394787788
0.0058501670967,-0.000100960836525,0.220958683302,9.12056684494
0.0058501670967,-0.000100960836525,0.220958683302,9.13708686829
0.0058501670967,-0.000100960836525,0.220958683302,9.15378594398
0.0058501670967,-0.000100960836525,0.220958683302,9.1708009243
0.0058501670967,-0.000100960836525,0.232477856366,9.18741488457
0.0058501670967,-0.000100960836525,0.232477856366,9.20388197899
0.0058501670967,-0.000100960836525,0.232477856366,9.22057199478
0.00568417188839,-0.000140261627187,0.250280214736,9.23745203018
Actuacion(lineal,angular) = 0.000581277930579,0.7
0.00568417188839,-0.000140261627187,0.250280214736,9.2539498806
0.00568417188839,-0.000140261627187,0.250280214736,9.27079200745
0.00568417188839,-0.000140261627187,0.250280214736,9.28724789619
0.00556021991693,-0.00017194876212,0.265639112154,9.30406498909
0.00556021991693,-0.00017194876212,0.265639112154,9.32118201256
0.00556021991693,-0.00017194876212,0.265639112154,9.33732199669
0.00556021991693,-0.00017194876212,0.278030949843,9.35398483276
0.00556021991693,-0.00017194876212,0.278030949843,9.37155103683
0.00556021991693,-0.00017194876212,0.278030949843,9.38742303848
0.00556021991693,-0.00017194876212,0.278030949843,9.40385699272
0.00560122825633,-0.00016024401166,0.290073721681,9.42058181763
0.00560122825633,-0.00016024401166,0.290073721681,9.43726587296
Actuacion(lineal,angular) = 0.000581657324202,0.7
0.00560122825633,-0.00016024401166,0.290073721681,9.45403504372
0.00568295707935,-0.000135848523965,0.301418361819,9.47239899635
0.00568295707935,-0.000135848523965,0.301418361819,9.48728489876
0.00568295707935,-0.000135848523965,0.301418361819,9.50370001793
0.00568295707935,-0.000135848523965,0.301418361819,9.52024388313
0.00568295707935,-0.000135848523965,0.314333798284,9.53702092171
0.00568295707935,-0.000135848523965,0.314333798284,9.5538828373
0.00568295707935,-0.000135848523965,0.314333798284,9.57206296921
0.00568295707935,-0.000135848523965,0.314333798284,9.58757901192
0.0057640700744,-0.000109477661894,0.329518162777,9.60392403603
0.00580442169186,-9.56779499016e-05,0.337721210261,9.62089204788
0.00580442169186,-9.56779499016e-05,0.337721210261,9.6375169754
Actuacion(lineal,angular) = 0.0005803821275,0.7
0.00580442169186,-9.56779499016e-05,0.337721210261,9.65419387817
0.00564347344619,-0.000152198950804,0.352032910127,9.67113685608
0.00564347344619,-0.000152198950804,0.352032910127,9.68728303909
0.00564347344619,-0.000152198950804,0.355698101556,9.70396184921
0.00564347344619,-0.000152198950804,0.355698101556,9.72083902359
0.00564347344619,-0.000152198950804,0.355698101556,9.73752093315
0.00572342655744,-0.000122496420043,0.365471945368,9.75405287743
0.00572342655744,-0.000122496420043,0.365471945368,9.77067494392
0.00572342655744,-0.000122496420043,0.365471945368,9.78721904755
0.00572342655744,-0.000122496420043,0.365471945368,9.80390501022
0.005763256052,-0.000107255145624,0.379260046458,9.82051992416
0.005763256052,-0.000107255145624,0.379260046458,9.83857703209
Actuacion(lineal,angular) = 0.000719027662427,0.652181619657
0.005763256052,-0.000107255145624,0.379260046458,9.8537800312
0.00584248718604,-7.56771828899e-05,0.400902129183,9.87067890167
0.00584248718604,-7.56771828899e-05,0.400902129183,9.88722205162
0.00584248718604,-7.56771828899e-05,0.400902129183,9.90404701233
0.00584248718604,-7.56771828899e-05,0.400902129183,9.92116999626
0.0059602810162,-2.57494418597e-05,0.418355421703,9.93728804588
0.0059602810162,-2.57494418597e-05,0.418355421703,9.953966856
0.0059602810162,-2.57494418597e-05,0.418355421703,9.97082304955
0.0059602810162,-2.57494418597e-05,0.418355421703,9.98724985123
0.00615512190013,6.08770957956e-05,0.431794456943,10.0039830208
0.00615512190013,6.08770957956e-05,0.431794456943,10.0220668316
0.00615512190013,6.08770957956e-05,0.431794456943,10.0373740196
Actuacion(lineal,angular) = 0.00108796202317,0.568457032993
0.00619385372958,7.87245177458e-05,0.445931623885,10.0539000034
0.00619385372958,7.87245177458e-05,0.445931623885,10.0707108974
0.00619385372958,7.87245177458e-05,0.445931623885,10.0875909328
0.00619385372958,7.87245177458e-05,0.445931623885,10.1055150032
0.00634775635149,0.000152297232112,0.458323461574,10.1206538677
0.00634775635149,0.000152297232112,0.458323461574,10.137378931
0.00634775635149,0.000152297232112,0.458323461574,10.1541440487
0.00650073547929,0.000227771385226,0.471587963889,10.1703679562
0.00650073547929,0.000227771385226,0.471587963889,10.1870288849
0.00650073547929,0.000227771385226,0.471587963889,10.2038040161
0.00650073547929,0.000227771385226,0.471587963889,10.2202830315
0.00642475319321,0.000189023062239,0.482932604027,10.2369499207
Actuacion(lineal,angular) = 0.00154940961763,0.506844603354
0.00642475319321,0.000189023062239,0.482932604027,10.2539038658
0.00642475319321,0.000189023062239,0.482932604027,10.270378828
0.00627367755263,0.000109807456747,0.495498974641,10.2869138718
0.00627367755263,0.000109807456747,0.495498974641,10.3037648201
0.006386228767,0.000170638286861,0.49881510022,10.320253849
0.006386228767,0.000170638286861,0.49881510022,10.3368778229
0.006386228767,0.000170638286861,0.49881510022,10.3535590172
0.00646112801581,0.000211440772809,0.50789081233,10.3702280521
0.00653565387344,0.000252921333036,0.510857872059,10.3876290321
0.00653565387344,0.000252921333036,0.510857872059,10.4036509991
0.00653565387344,0.000252921333036,0.510857872059,10.4203739166
0.00653565387344,0.000252921333036,0.510857872059,10.4376900196
Actuacion(lineal,angular) = 0.00220622268128,0.452283755379
0.00675886123685,0.000378025832999,0.518362787842,10.4540469646
0.00675886123685,0.000378025832999,0.518362787842,10.4707188606
0.00675886123685,0.000378025832999,0.518362787842,10.4873650074
0.00675886123685,0.000378025832999,0.518362787842,10.5035920143
0.00683294863271,0.000420284537512,0.528660230429,10.5205039978
0.00683294863271,0.000420284537512,0.528660230429,10.5369818211
0.00683294863271,0.000420284537512,0.528660230429,10.5535728931
0.00668565199473,0.000334245815,0.537910475465,10.5702579021
0.00668565199473,0.000334245815,0.537910475465,10.587266922
0.00668565199473,0.000334245815,0.537910475465,10.6052789688
0.00668565199473,0.000334245815,0.537910475465,10.6214230061
0.00661240476062,0.000290547038969,0.545764457099,10.6372799873
Actuacion(lineal,angular) = 0.00303558592511,0.408834836953
0.00661240476062,0.000290547038969,0.545764457099,10.6541860104
0.00661240476062,0.000290547038969,0.545764457099,10.6706609726
0.0065030521069,0.000224137981807,0.550651379004,10.6873970032
0.0065030521069,0.000224137981807,0.550651379004,10.7039108276
0.0065030521069,0.000224137981807,0.550651379004,10.7204978466
0.00653939437802,0.000246452201782,0.552396708256,10.7372429371
0.00653939437802,0.000246452201782,0.552396708256,10.7539298534
0.00657569764815,0.000268829816967,0.556760031386,10.7712349892
0.00657569764815,0.000268829816967,0.556760031386,10.7873859406
0.00657569764815,0.000268829816967,0.556760031386,10.8041779995
0.00657569764815,0.000268829816967,0.556760031386,10.8205008507
0.00664810821632,0.000313901426091,0.561472420367,10.8385999203
Actuacion(lineal,angular) = 0.00380424013194,0.381494878356
0.00664810821632,0.000313901426091,0.561472420367,10.8536510468
0.00664810821632,0.000313901426091,0.561472420367,10.8703520298
0.00679250295634,0.000404726094455,0.566708408123,10.8872909546
0.00679250295634,0.000404726094455,0.566708408123,10.9038820267
0.00679250295634,0.000404726094455,0.566708408123,10.920634985
0.00679250295634,0.000404726094455,0.566708408123,10.9369568825
0.00697239946386,0.000519200430701,0.572642527579,10.953608036
0.00697239946386,0.000519200430701,0.572642527579,10.9702899456
0.00697239946386,0.000519200430701,0.572642527579,10.9869909286
0.00697239946386,0.000519200430701,0.572642527579,11.0035479069
0.0072591419274,0.000704064177607,0.576656784859,11.0219960213
0.0072591419274,0.000704064177607,0.576656784859,11.0369598866
Actuacion(lineal,angular) = 0.00481712766934,0.354801325775
0.0072591419274,0.000704064177607,0.576656784859,11.0537388325
0.00736639120161,0.000773819169745,0.579449311662,11.0703229904
0.00736639120161,0.000773819169745,0.579449311662,11.0872378349
0.00736639120161,0.000773819169745,0.579449311662,11.1037609577
0.00736639120161,0.000773819169745,0.579449311662,11.1202938557
0.00740207588948,0.000797170575158,0.584161700642,11.1371450424
0.00740207588948,0.000797170575158,0.584161700642,11.1536738873
0.00740207588948,0.000797170575158,0.584161700642,11.1703848839
0.00743765014064,0.000820689880802,0.589048622548,11.1870999336
0.00743765014064,0.000820689880802,0.589048622548,11.2039079666
0.00743765014064,0.000820689880802,0.589048622548,11.2206058502
0.00743765014064,0.000820689880802,0.589048622548,11.2372150421
Actuacion(lineal,angular) = 0.00583618530775,0.335329542218
0.00754402681006,0.000891768498887,0.592713813977,11.2537388802
0.00754402681006,0.000891768498887,0.592713813977,11.2705259323
0.00754402681006,0.000891768498887,0.592713813977,11.287019968
0.00757939862298,0.000915591175769,0.596204472481,11.3038449287
0.00757939862298,0.000915591175769,0.596204472481,11.3204820156
0.00757939862298,0.000915591175769,0.596204472481,11.3372659683
0.00768526394527,0.000987429183016,0.598473400509,11.3539178371
0.00768526394527,0.000987429183016,0.598473400509,11.3707418442
0.00772049796349,0.00101145519066,0.602836723639,11.3880679607
0.00772049796349,0.00101145519066,0.602836723639,11.4044408798
0.00772049796349,0.00101145519066,0.602836723639,11.4204778671
0.0077556268134,0.00103563470651,0.604058454115,11.4373219013
Actuacion(lineal,angular) = 0.00725996248413,0.314240778625
0.0077556268134,0.00103563470651,0.604058454115,11.4536979198
0.0077556268134,0.00103563470651,0.604058454115,11.4709179401
0.00779072609626,0.00105985712229,0.608072711395,11.4873518944
0.00779072609626,0.00105985712229,0.608072711395,11.5039949417
0.00779072609626,0.00105985712229,0.608072711395,11.5205128193
0.00807074021871,0.00125476206462,0.612086968674,11.5377938747
0.00807074021871,0.00125476206462,0.612086968674,11.5548100471
0.00807074021871,0.00125476206462,0.612086968674,11.5706999302
0.00831506600484,0.00142628605508,0.617148423505,11.5887160301
0.00831506600484,0.00142628605508,0.617148423505,11.603500843
0.00831506600484,0.00142628605508,0.617148423505,11.6202290058
0.00831506600484,0.00142628605508,0.617148423505,11.6368808746
Actuacion(lineal,angular) = 0.00918747910656,0.293388963627
0.00862807893251,0.00164840403912,0.620464549084,11.6535048485
0.00862807893251,0.00164840403912,0.620464549084,11.6702048779
0.00862807893251,0.00164840403912,0.620464549084,11.6868829727
0.00894035356936,0.00187155879016,0.623606141738,11.7036659718
0.00894035356936,0.00187155879016,0.623606141738,11.7204778194
0.00894035356936,0.00187155879016,0.623606141738,11.7373979092
0.00904421091458,0.0019462703528,0.624478806364,11.7537748814
0.00904421091458,0.0019462703528,0.624478806364,11.77034688
0.00904421091458,0.0019462703528,0.624478806364,11.787006855
0.00932098986803,0.00214574279762,0.628143997793,11.8037979603
0.00932098986803,0.00214574279762,0.628143997793,11.8203389645
0.00949351861261,0.00227104626673,0.629365728269,11.836977005
Actuacion(lineal,angular) = 0.0492010785023,0.276114903819
0.00949351861261,0.00227104626673,0.629365728269,11.8537960052
0.00949351861261,0.00227104626673,0.629365728269,11.8705060482
0.00983826967019,0.00252207458506,0.632158255072,11.8870179653
0.00983826967019,0.00252207458506,0.632158255072,11.9051799774
0.00983826967019,0.00252207458506,0.632158255072,11.9204330444
0.0109736304164,0.00335364179914,0.635997979427,11.9370758533
0.0109736304164,0.00335364179914,0.635997979427,11.9537508488
0.0109736304164,0.00335364179914,0.635997979427,11.9706540108
0.0127233313004,0.00464551900594,0.641408500108,11.987005949
0.0127233313004,0.00464551900594,0.641408500108,12.003816843
0.0127233313004,0.00464551900594,0.641408500108,12.0203659534
0.0127233313004,0.00464551900594,0.641408500108,12.0370669365
Actuacion(lineal,angular) = 0.0892008496205,0.257915055613
0.0151152526843,0.00643165141988,0.643677428136,12.0538518429
0.0151152526843,0.00643165141988,0.643677428136,12.0706558228
0.0151152526843,0.00643165141988,0.643677428136,12.0869069099
0.0170255427841,0.00786489534725,0.645946356163,12.1036410332
0.0170255427841,0.00786489534725,0.645946356163,12.1203289032
0.0170255427841,0.00786489534725,0.645946356163,12.138573885
0.0170255427841,0.00786489534725,0.645946356163,12.1541559696
0.0195114968527,0.00973887645083,0.649087948817,12.170552969
0.0195114968527,0.00973887645083,0.649087948817,12.1875319481
0.0195114968527,0.00973887645083,0.649087948817,12.2056128979
0.0227729384202,0.0122135482729,0.652055008545,12.2209589481
0.0227729384202,0.0122135482729,0.652055008545,12.2372419834
Actuacion(lineal,angular) = 0.129197473613,0.244629394335
0.0227729384202,0.0122135482729,0.652055008545,12.2537858486
0.0239932201914,0.0131451749506,0.653102206096,12.2704739571
0.0239932201914,0.0131451749506,0.653102206096,12.2871639729
0.0239932201914,0.0131451749506,0.653102206096,12.304090023
0.027854354291,0.0160993710856,0.655720199974,12.3208429813
0.027854354291,0.0160993710856,0.655720199974,12.3374218941
0.027854354291,0.0160993710856,0.655720199974,12.3538980484
0.0319781542096,0.0192716861722,0.658861792628,12.3706789017
0.0319781542096,0.0192716861722,0.658861792628,12.3872818947
0.0337315828988,0.0206293357207,0.659559924329,12.4040939808
0.0337315828988,0.0206293357207,0.659559924329,12.4205629826
0.0337315828988,0.0206293357207,0.659559924329,12.4372489452
Actuacion(lineal,angular) = 0.169212265102,0.234850401217
0.0384497994781,0.0242878408715,0.663225115758,12.454048872
0.0384497994781,0.0242878408715,0.663225115758,12.4706089497
0.0384497994781,0.0242878408715,0.663225115758,12.4871079922
0.0402981042552,0.0257318948273,0.664795912085,12.5039439201
0.0402981042552,0.0257318948273,0.664795912085,12.5214388371
0.0462054136413,0.0303621523742,0.668112037663,12.5373198986
0.0462054136413,0.0303621523742,0.668112037663,12.5538229942
0.0462054136413,0.0303621523742,0.668112037663,12.5707569122
0.05280034953,0.0355667820452,0.670206432766,12.5872499943
0.05280034953,0.0355667820452,0.670206432766,12.6041660309
0.05280034953,0.0355667820452,0.670206432766,12.620898962
0.05280034953,0.0355667820452,0.670206432766,12.6374139786
Actuacion(lineal,angular) = 0.209211034862,0.222255941252
0.0596183203921,0.0409706391623,0.67404615712,12.653813839
0.0596183203921,0.0409706391623,0.67404615712,12.6710059643
0.0618507247018,0.042754020315,0.675093354671,12.6874299049
0.0618507247018,0.042754020315,0.675093354671,12.703840971
0.0618507247018,0.042754020315,0.675093354671,12.721159935
0.06917487123,0.048617571769,0.677711348549,12.7371969223
0.06917487123,0.048617571769,0.677711348549,12.7556018829
0.06917487123,0.048617571769,0.677711348549,12.7705869675
0.0771480756349,0.0550350691241,0.680852941203,12.7874388695
0.0771480756349,0.0550350691241,0.680852941203,12.8039548397
0.0771480756349,0.0550350691241,0.680852941203,12.8205959797
0.0771480756349,0.0550350691241,0.680852941203,12.8372218609
Actuacion(lineal,angular) = 0.24922325143,0.210496523605
0.0856312798263,0.0619070842762,0.684867198483,12.8538429737
0.0856312798263,0.0619070842762,0.684867198483,12.8703858852
0.088306668655,0.0640921900964,0.685914396034,12.8870029449
0.088306668655,0.0640921900964,0.685914396034,12.9036459923
0.088306668655,0.0640921900964,0.685914396034,12.9204490185
0.093850874247,0.0686300697927,0.688008791136,12.9378368855
0.093850874247,0.0686300697927,0.688008791136,12.9537029266
0.093850874247,0.0686300697927,0.688008791136,12.9703719616
0.103503635988,0.076564582157,0.691673982565,12.9871518612
0.103503635988,0.076564582157,0.691673982565,13.0037200451
0.106525385554,0.0790670569534,0.693070245967,13.0204658508
0.106525385554,0.0790670569534,0.693070245967,13.0370759964
Actuacion(lineal,angular) = 0.289154453365,0.197295422616
0.106525385554,0.0790670569534,0.693070245967,13.0537068844
0.113185225325,0.0845981262722,0.696386371546,13.0703148842
0.113185225325,0.0845981262722,0.696386371546,13.0870039463
0.126424798652,0.0956896859272,0.701273293451,13.1036658287
0.126424798652,0.0956896859272,0.701273293451,13.1203598976
0.126424798652,0.0956896859272,0.701273293451,13.1370899677
0.126424798652,0.0956896859272,0.701273293451,13.153883934
0.13707927146,0.104687040341,0.70458941903,13.1703519821
0.140685779562,0.10775316464,0.705636616581,13.1872549057
0.140685779562,0.10775316464,0.705636616581,13.2036728859
0.140685779562,0.10775316464,0.705636616581,13.2207839489
0.140685779562,0.10775316464,0.705636616581,13.2372238636
Actuacion(lineal,angular) = 0.3,0.183891848599
0.151787824502,0.117211773428,0.709476340936,13.2536699772
0.151787824502,0.117211773428,0.709476340936,13.2705059052
0.151787824502,0.117211773428,0.709476340936,13.2873458862
0.163241737476,0.127046315484,0.71331606529,13.3039338589
0.163241737476,0.127046315484,0.71331606529,13.320278883
0.163241737476,0.127046315484,0.71331606529,13.3375179768
0.163241737476,0.127046315484,0.71331606529,13.3540048599
0.174399813968,0.136701523011,0.717155789644,13.3711149693
0.174399813968,0.136701523011,0.717155789644,13.3875260353
0.174399813968,0.136701523011,0.717155789644,13.4040000439
0.185906431644,0.146735849329,0.720820981074,13.4206719398
0.185906431644,0.146735849329,0.720820981074,13.4372808933
Actuacion(lineal,angular) = 0.3,0.168638346002
0.185906431644,0.146735849329,0.720820981074,13.4543130398
0.185906431644,0.146735849329,0.720820981074,13.4706540108
0.197600463492,0.157009307332,0.725009771278,13.4872608185
0.197600463492,0.157009307332,0.725009771278,13.5046129227
0.197600463492,0.157009307332,0.725009771278,13.5206668377
0.197600463492,0.157009307332,0.725009771278,13.5377709866
0.208932156883,0.167048854756,0.728500429782,13.553869009
0.208932156883,0.167048854756,0.728500429782,13.5709338188
0.208932156883,0.167048854756,0.728500429782,13.5870509148
0.220451486138,0.177326637666,0.732514687062,13.6036949158
0.220451486138,0.177326637666,0.732514687062,13.6202960014
0.220451486138,0.177326637666,0.732514687062,13.637018919
Actuacion(lineal,angular) = 0.3,0.155176140714
0.220451486138,0.177326637666,0.732514687062,13.6536810398
0.23211970777,0.187821694247,0.736179878491,13.6702408791
0.23211970777,0.187821694247,0.736179878491,13.6869549751
0.23211970777,0.187821694247,0.736179878491,13.7037308216
0.243559770426,0.198187635326,0.740194135771,13.7203838825
0.243559770426,0.198187635326,0.740194135771,13.7370238304
0.243559770426,0.198187635326,0.740194135771,13.7541618347
0.243559770426,0.198187635326,0.740194135771,13.7703509331
0.254958129465,0.208599416117,0.743684794275,13.7870650291
0.254958129465,0.208599416117,0.743684794275,13.8036928177
0.254958129465,0.208599416117,0.743684794275,13.8203279972
0.254958129465,0.208599416117,0.743684794275,13.8378229141
Actuacion(lineal,angular) = 0.3,0.14373629652
0.266382848344,0.219108664296,0.747175452779,13.8536770344
0.266382848344,0.219108664296,0.747175452779,13.8703279495
0.266382848344,0.219108664296,0.747175452779,13.887554884
0.277770813499,0.229657728161,0.750491578358,13.9037029743
0.277770813499,0.229657728161,0.750491578358,13.9207079411
0.277770813499,0.229657728161,0.750491578358,13.9373190403
0.277770813499,0.229657728161,0.750491578358,13.9536738396
0.28896778737,0.240099075215,0.754156769787,13.9703519344
0.28896778737,0.240099075215,0.754156769787,13.9869909286
0.28896778737,0.240099075215,0.754156769787,14.0037288666
0.300375076845,0.25081498031,0.757123829515,14.0205798149
0.300375076845,0.25081498031,0.757123829515,14.0372838974
Actuacion(lineal,angular) = 0.3,0.130149244688
0.300375076845,0.25081498031,0.757123829515,14.0540850163
0.300375076845,0.25081498031,0.757123829515,14.0709149837
0.311564546853,0.261388939816,0.760265422169,14.0873129368
0.311564546853,0.261388939816,0.760265422169,14.1038708687
0.31533478476,0.264974273121,0.76131261972,14.1206510067
0.31533478476,0.264974273121,0.76131261972,14.1374149323
0.31533478476,0.264974273121,0.76131261972,14.1546568871
0.326788592609,0.275889213307,0.765152344074,14.1704769135
0.326788592609,0.275889213307,0.765152344074,14.1870520115
0.326788592609,0.275889213307,0.765152344074,14.2036888599
0.330510504717,0.279463389934,0.766199541626,14.2207798958
0.330510504717,0.279463389934,0.766199541626,14.2373869419
Actuacion(lineal,angular) = 0.3,0.12008532507
0.341634277658,0.290168035822,0.768293936728,14.253880024
0.341634277658,0.290168035822,0.768293936728,14.2705059052
0.341634277658,0.290168035822,0.768293936728,14.2871329784
0.352796939768,0.300955226067,0.77038833183,14.3037028313
0.352796939768,0.300955226067,0.77038833183,14.3203778267
0.352796939768,0.300955226067,0.77038833183,14.3382639885
0.352796939768,0.300955226067,0.77038833183,14.3535678387
0.363936984775,0.31176577166,0.773355391559,14.3702180386
0.363936984775,0.31176577166,0.773355391559,14.3869378567
0.367721001643,0.315459728641,0.774926187885,14.4035589695
0.367721001643,0.315459728641,0.774926187885,14.4203858376
0.367721001643,0.315459728641,0.774926187885,14.4370770454
Actuacion(lineal,angular) = 0.3,0.111041245063
0.378750936552,0.326261038929,0.778940445165,14.4535999298
0.378750936552,0.326261038929,0.778940445165,14.4705200195
0.378750936552,0.326261038929,0.778940445165,14.4869048595
0.390040917584,0.337406138517,0.781209373193,14.5039198399
0.390040917584,0.337406138517,0.781209373193,14.5204360485
0.390040917584,0.337406138517,0.781209373193,14.5369889736
0.390040917584,0.337406138517,0.781209373193,14.5538768768
0.401245019435,0.348516768093,0.785398163397,14.5702879429
0.401245019435,0.348516768093,0.785398163397,14.5869309902
0.401245019435,0.348516768093,0.785398163397,14.6037049294
0.41243263834,0.359704386998,0.788714288976,14.6203029156
0.41243263834,0.359704386998,0.788714288976,14.6371219158
Actuacion(lineal,angular) = 0.3,0.0959713456175
0.41243263834,0.359704386998,0.788714288976,14.6536939144
0.41243263834,0.359704386998,0.788714288976,14.670249939
0.423492930822,0.370838278451,0.792030414555,14.6869258881
0.423492930822,0.370838278451,0.792030414555,14.7038788795
0.423492930822,0.370838278451,0.792030414555,14.7208049297
0.434785833006,0.382281977697,0.795695605984,14.737735033
0.434785833006,0.382281977697,0.795695605984,14.7541229725
0.434785833006,0.382281977697,0.795695605984,14.7719519138
0.434785833006,0.382281977697,0.795695605984,14.7875669003
0.445977029701,0.393706062184,0.798313599862,14.8039720058
0.445977029701,0.393706062184,0.798313599862,14.8204579353
0.449578393097,0.397401674446,0.799360797413,14.8371219635
Actuacion(lineal,angular) = 0.3,0.0834122297779
0.449578393097,0.397401674446,0.799360797413,14.8537259102
0.449578393097,0.397401674446,0.799360797413,14.8710849285
0.460668180592,0.408805553182,0.801978791291,14.8871090412
0.460668180592,0.408805553182,0.801978791291,14.9037108421
0.460668180592,0.408805553182,0.801978791291,14.9210219383
0.46446353304,0.412728898209,0.802851455917,14.9370288849
0.46446353304,0.412728898209,0.802851455917,14.9536728859
0.471840016495,0.420367470436,0.804596785169,14.9702818394
0.471840016495,0.420367470436,0.804596785169,14.9870588779
0.471840016495,0.420367470436,0.804596785169,15.0036959648
0.482869941678,0.431829258577,0.807389311973,15.0204539299
0.482869941678,0.431829258577,0.807389311973,15.0372550488
Actuacion(lineal,angular) = 0.3,0.0739495146895
0.482869941678,0.431829258577,0.807389311973,15.0537648201
0.486585041499,0.435711458688,0.808261976599,15.0703809261
0.486585041499,0.435711458688,0.808261976599,15.086935997
0.497572883042,0.447213596539,0.811054503402,15.1036579609
0.497572883042,0.447213596539,0.811054503402,15.1202309132
0.497572883042,0.447213596539,0.811054503402,15.1373028755
0.508587305342,0.458808211289,0.814370628981,15.1539628506
0.508587305342,0.458808211289,0.814370628981,15.1702649593
0.508587305342,0.458808211289,0.814370628981,15.1872060299
0.519504679752,0.470377255023,0.817337688709,15.2035720348
0.519504679752,0.470377255023,0.817337688709,15.2205159664
0.519504679752,0.470377255023,0.817337688709,15.2369828224
Actuacion(lineal,angular) = 0.3,0.0605410273492
0.530358503168,0.481947537378,0.819083017961,15.253759861
0.530358503168,0.481947537378,0.819083017961,15.270321846
0.530358503168,0.481947537378,0.819083017961,15.2877209187
0.530358503168,0.481947537378,0.819083017961,15.3041620255
0.541541587497,0.493910591023,0.820828347213,15.3205599785
0.541541587497,0.493910591023,0.820828347213,15.3372869492
0.541541587497,0.493910591023,0.820828347213,15.3542089462
0.541541587497,0.493910591023,0.820828347213,15.370347023
0.552471229756,0.505643508068,0.822224610615,15.3874700069
0.552471229756,0.505643508068,0.822224610615,15.4039180279
0.552471229756,0.505643508068,0.822224610615,15.4206829071
0.563442528323,0.517454164577,0.824144472792,15.437281847
Actuacion(lineal,angular) = 0.3,0.0545363619586
0.563442528323,0.517454164577,0.824144472792,15.4537789822
0.567034133713,0.52133546237,0.824668071567,15.4714958668
0.567034133713,0.52133546237,0.824668071567,15.487651825
0.567034133713,0.52133546237,0.824668071567,15.5037488937
0.578034437011,0.533235523435,0.827460598371,15.520442009
0.578034437011,0.533235523435,0.827460598371,15.5369880199
0.578034437011,0.533235523435,0.827460598371,15.5545158386
0.578034437011,0.533235523435,0.827460598371,15.5703089237
0.588770581396,0.54491508337,0.830253125174,15.5874090195
0.588770581396,0.54491508337,0.830253125174,15.6039898396
0.588770581396,0.54491508337,0.830253125174,15.6202418804
0.599876887885,0.557065258629,0.833045651977,15.6369268894
Actuacion(lineal,angular) = 0.3,0.0433471468881
0.599876887885,0.557065258629,0.833045651977,15.6536118984
0.599876887885,0.557065258629,0.833045651977,15.6702508926
0.599876887885,0.557065258629,0.833045651977,15.6868548393
0.610805797413,0.569088614311,0.83583817878,15.703578949
0.610805797413,0.569088614311,0.83583817878,15.7202239037
0.610805797413,0.569088614311,0.83583817878,15.7370188236
0.621672492264,0.581110805002,0.838281639733,15.7538199425
0.621672492264,0.581110805002,0.838281639733,15.7702620029
0.621672492264,0.581110805002,0.838281639733,15.7869129181
0.621672492264,0.581110805002,0.838281639733,15.8036129475
0.632538298126,0.593191219247,0.841248699461,15.8203320503
0.632538298126,0.593191219247,0.841248699461,15.8369729519
Actuacion(lineal,angular) = 0.287118447038,0.0289158040941
0.636233544637,0.59732412756,0.842819495788,15.853579998
0.636233544637,0.59732412756,0.842819495788,15.8703598976
0.636233544637,0.59732412756,0.842819495788,15.8870098591
0.646902544632,0.609294543652,0.845612022591,15.9035630226
0.646902544632,0.609294543652,0.845612022591,15.9204878807
0.646902544632,0.609294543652,0.845612022591,15.9369058609
0.650636294782,0.61350736678,0.846310154292,15.9535579681
0.650636294782,0.61350736678,0.846310154292,15.9705958366
0.660980808247,0.625195601041,0.849451746946,15.9868528843
0.660980808247,0.625195601041,0.849451746946,16.0035500526
0.660980808247,0.625195601041,0.849451746946,16.0203199387
0.671626509834,0.637300560236,0.852069740824,16.0369989872
Actuacion(lineal,angular) = 0.262183544219,0.013304719152
0.671626509834,0.637300560236,0.852069740824,16.0536708832
0.671626509834,0.637300560236,0.852069740824,16.0703368187
0.671626509834,0.637300560236,0.852069740824,16.0870029926
0.681791215508,0.648919791132,0.855211333477,16.1036679745
0.681791215508,0.648919791132,0.855211333477,16.1203348637
0.681791215508,0.648919791132,0.855211333477,16.1371228695
0.691891389868,0.660538712623,0.85765479443,16.1539390087
0.691891389868,0.660538712623,0.85765479443,16.1706490517
0.691891389868,0.660538712623,0.85765479443,16.1870088577
0.691891389868,0.660538712623,0.85765479443,16.2037830353
0.70146095101,0.67160171316,0.859749189532,16.2205338478
0.70146095101,0.67160171316,0.859749189532,16.2370679379
Actuacion(lineal,angular) = 0.234826098289,-0.00441286757426
0.70146095101,0.67160171316,0.859749189532,16.2536020279
0.710840328994,0.682490859813,0.862541716336,16.2705218792
0.710840328994,0.682490859813,0.862541716336,16.2869050503
0.710840328994,0.682490859813,0.862541716336,16.3035809994
0.710840328994,0.682490859813,0.862541716336,16.3205478191
0.719995070721,0.693179428915,0.864636111438,16.3374810219
0.719995070721,0.693179428915,0.864636111438,16.3539509773
0.719995070721,0.693179428915,0.864636111438,16.370718956
0.719995070721,0.693179428915,0.864636111438,16.3874590397
0.728518583928,0.703173300254,0.866206907765,16.4038779736
0.728518583928,0.703173300254,0.866206907765,16.4206500053
0.728518583928,0.703173300254,0.866206907765,16.4380550385
Actuacion(lineal,angular) = 0.212304471657,-0.0204670409282
0.736915897323,0.713050583705,0.867777704092,16.4538998604
0.736915897323,0.713050583705,0.867777704092,16.4707949162
0.736915897323,0.713050583705,0.867777704092,16.4873628616
0.736915897323,0.713050583705,0.867777704092,16.5038888454
0.745214970153,0.722843442194,0.869523033344,16.5206158161
0.745214970153,0.722843442194,0.869523033344,16.5376839638
0.747856395302,0.725971360816,0.870046632119,16.5536429882
0.747856395302,0.725971360816,0.870046632119,16.5703949928
0.747856395302,0.725971360816,0.870046632119,16.5869870186
0.75558327187,0.735131086322,0.871442895521,16.6039309502
0.75558327187,0.735131086322,0.871442895521,16.6205289364
0.758218686982,0.738264070349,0.871791961371,16.6378769875
Actuacion(lineal,angular) = 0.190882563257,-0.0363751364532
0.758218686982,0.738264070349,0.871791961371,16.6538419724
0.758218686982,0.738264070349,0.871791961371,16.6703858376
0.765737479122,0.747208754024,0.873188224773,16.6870689392
0.765737479122,0.747208754024,0.873188224773,16.7036240101
0.765737479122,0.747208754024,0.873188224773,16.720304966
0.773243774803,0.756163927191,0.874933554025,16.737735033
0.773243774803,0.756163927191,0.874933554025,16.7543189526
0.775676870618,0.759076975303,0.8754571528,16.7706928253
0.775676870618,0.759076975303,0.8754571528,16.7880270481
0.775676870618,0.759076975303,0.8754571528,16.8039388657
0.782725692133,0.767525233651,0.876853416202,16.8216779232
0.782725692133,0.767525233651,0.876853416202,16.8371729851
Actuacion(lineal,angular) = 0.171786448816,-0.0537668857803
0.782725692133,0.767525233651,0.876853416202,16.8539509773
0.78959905919,0.775786625955,0.877726080828,16.8707070351
0.78959905919,0.775786625955,0.877726080828,16.887472868
0.78959905919,0.775786625955,0.877726080828,16.9038689137
0.791942270823,0.778608035908,0.877900613753,16.9211318493
0.791942270823,0.778608035908,0.877900613753,16.9371879101
0.798425609916,0.78641725559,0.878947811304,16.9539129734
0.798425609916,0.78641725559,0.878947811304,16.9720108509
0.798425609916,0.78641725559,0.878947811304,16.9872019291
0.798425609916,0.78641725559,0.878947811304,17.0038888454
0.804873561114,0.794200419971,0.87982047593,17.0207479
0.804873561114,0.794200419971,0.87982047593,17.03708601
Actuacion(lineal,angular) = 0.154426894745,-0.0705024315549
0.804873561114,0.794200419971,0.87982047593,17.0539338589
0.811015761129,0.801627703343,0.880693140556,17.0708169937
0.811015761129,0.801627703343,0.880693140556,17.0871870518
0.811015761129,0.801627703343,0.880693140556,17.1042330265
0.811015761129,0.801627703343,0.880693140556,17.120347023
0.817151477277,0.809060343967,0.881740338108,17.1370258331
0.817151477277,0.809060343967,0.881740338108,17.1536529064
0.817151477277,0.809060343967,0.881740338108,17.1706089973
0.817151477277,0.809060343967,0.881740338108,17.1871829033
0.823008259304,0.816170243792,0.882613002734,17.2037098408
0.823008259304,0.816170243792,0.882613002734,17.2207100391
0.823008259304,0.816170243792,0.882613002734,17.2375249863
Actuacion(lineal,angular) = 0.139017509728,-0.0892370256369
0.828669232568,0.823054672949,0.883311134434,17.2538018227
0.828669232568,0.823054672949,0.883311134434,17.2710659504
0.830536579121,0.825328826975,0.883660200285,17.2884850502
0.830536579121,0.825328826975,0.883660200285,17.3040859699
0.830536579121,0.825328826975,0.883660200285,17.3205029964
0.836109185464,0.832120275917,0.884707397836,17.3371658325
0.836109185464,0.832120275917,0.884707397836,17.3540968895
0.836109185464,0.832120275917,0.884707397836,17.3707649708
0.841512575075,0.8387195777,0.885580062462,17.3880109787
0.841512575075,0.8387195777,0.885580062462,17.404073
0.841512575075,0.8387195777,0.885580062462,17.4206650257
0.841512575075,0.8387195777,0.885580062462,17.4375050068
Actuacion(lineal,angular) = 0.12495605758,-0.110559425951
0.846613334081,0.844960371513,0.886103661238,17.4538388252
0.846613334081,0.844960371513,0.886103661238,17.4708628654
0.846613334081,0.844960371513,0.886103661238,17.4877419472
0.846613334081,0.844960371513,0.886103661238,17.5037779808
0.851818708115,0.85133597202,0.886452727088,17.5206689835
0.851818708115,0.85133597202,0.886452727088,17.5373599529
0.851818708115,0.85133597202,0.886452727088,17.5539388657
0.85691401906,0.857581214708,0.887150858789,17.5703539848
0.85691401906,0.857581214708,0.887150858789,17.5872468948
0.85691401906,0.857581214708,0.887150858789,17.6036570072
0.858584066051,0.859631085071,0.887325391714,17.6202468872
0.858584066051,0.859631085071,0.887325391714,17.6371860504
Actuacion(lineal,angular) = 0.111867051617,-0.133682379547
0.863458481287,0.865616234871,0.887674457564,17.6536848545
0.863458481287,0.865616234871,0.887674457564,17.670334816
0.863458481287,0.865616234871,0.887674457564,17.6869909763
0.863458481287,0.865616234871,0.887674457564,17.7039878368
0.868061617747,0.871272320553,0.888023523415,17.7203178406
0.868061617747,0.871272320553,0.888023523415,17.7370228767
0.868061617747,0.871272320553,0.888023523415,17.7537739277
0.87266277958,0.876930012688,0.888721655116,17.7703688145
0.87266277958,0.876930012688,0.888721655116,17.7869758606
0.87266277958,0.876930012688,0.888721655116,17.8039238453
0.87266277958,0.876930012688,0.888721655116,17.8203940392
0.877152453381,0.882458496878,0.889070720966,17.8371949196
Actuacion(lineal,angular) = 0.0995831443755,-0.161158313702
0.877152453381,0.882458496878,0.889070720966,17.8539278507
0.877152453381,0.882458496878,0.889070720966,17.8712668419
0.881532706236,0.887856091611,0.889768852667,17.8869669437
0.881532706236,0.887856091611,0.889768852667,17.9038720131
0.881532706236,0.887856091611,0.889768852667,17.9217948914
0.881532706236,0.887856091611,0.889768852667,17.9369518757
0.885640693868,0.892925414714,0.889768852667,17.9536788464
0.885640693868,0.892925414714,0.889768852667,17.9703240395
0.885640693868,0.892925414714,0.889768852667,17.9871120453
0.8897486815,0.897994737817,0.889943385592,18.0037510395
0.8897486815,0.897994737817,0.889943385592,18.0202379227
0.8897486815,0.897994737817,0.889943385592,18.0369179249
Actuacion(lineal,angular) = 0.0867205510905,-0.197814214968
0.89106402815,0.89961847612,0.890117918517,18.0538589954
0.89106402815,0.89961847612,0.890117918517,18.0702669621
0.89106402815,0.89961847612,0.890117918517,18.0869719982
0.895009217854,0.904490379666,0.890117918517,18.1039290428
0.895009217854,0.904490379666,0.890117918517,18.1203799248
0.895009217854,0.904490379666,0.890117918517,18.1369109154
0.898739703355,0.909097145605,0.890466984368,18.1536610126
0.898739703355,0.909097145605,0.890466984368,18.1702609062
0.898739703355,0.909097145605,0.890466984368,18.1869359016
0.902388101201,0.913605758746,0.890641517293,18.2035999298
0.902388101201,0.913605758746,0.890641517293,18.2202210426
0.902388101201,0.913605758746,0.890641517293,18.2369480133
Actuacion(lineal,angular) = 0.076841780075,-0.235869950647
0.903514569269,0.914998321196,0.890466984368,18.2538189888
0.903514569269,0.914998321196,0.890466984368,18.2706038952
0.907082487751,0.919407479635,0.890641517293,18.2874629498
0.907082487751,0.919407479635,0.890641517293,18.3043739796
0.907082487751,0.919407479635,0.890641517293,18.3205728531
0.908289417824,0.920899510832,0.890816050218,18.3382818699
0.908289417824,0.920899510832,0.890816050218,18.3538968563
0.908289417824,0.920899510832,0.890816050218,18.370267868
0.911614463072,0.925011466077,0.890641517293,18.3874180317
0.911614463072,0.925011466077,0.890641517293,18.4039559364
0.911614463072,0.925011466077,0.890641517293,18.4205238819
0.914886584604,0.929056528432,0.890816050218,18.4376339912
Actuacion(lineal,angular) = 0.0181593518633,-0.274509266112
0.914886584604,0.929056528432,0.890816050218,18.453690052
0.914886584604,0.929056528432,0.890816050218,18.470238924
0.918050740566,0.9329695181,0.890466984368,18.4869148731
0.918050740566,0.9329695181,0.890466984368,18.5042419434
0.918050740566,0.9329695181,0.890466984368,18.5203030109
0.918050740566,0.9329695181,0.890466984368,18.5371909142
0.919901765944,0.935256976238,0.890466984368,18.5535569191
0.919901765944,0.935256976238,0.890466984368,18.5701749325
0.919901765944,0.935256976238,0.890466984368,18.5869598389
0.921108956407,0.936748796763,0.889768852667,18.6035540104
0.921108956407,0.936748796763,0.889768852667,18.6202199459
0.921108956407,0.936748796763,0.889768852667,18.636911869
Actuacion(lineal,angular) = 0.00903444651046,-0.316187662683
0.921296903554,0.936980726578,0.888372589265,18.6538488865
0.921296903554,0.936980726578,0.888372589265,18.670334816
0.921377591039,0.937080012506,0.88784899049,18.6872758865
0.921377591039,0.937080012506,0.88784899049,18.7036039829
0.921377591039,0.937080012506,0.88784899049,18.7202279568
0.921377591039,0.937080012506,0.88784899049,18.7370920181
0.921619809419,0.937377743506,0.887674457564,18.7537019253
0.921619809419,0.937377743506,0.887674457564,18.7702298164
0.921619809419,0.937377743506,0.887674457564,18.7872588634
0.921754404052,0.937543126128,0.886976325864,18.8038618565
0.921754404052,0.937543126128,0.886976325864,18.8207080364
0.921754404052,0.937543126128,0.886976325864,18.8372340202
Actuacion(lineal,angular) = 0.00736888486587,-0.319746972932
0.921754404052,0.937543126128,0.886976325864,18.8537368774
0.921808288076,0.937609241575,0.886452727088,18.8705458641
0.921808288076,0.937609241575,0.886452727088,18.8869669437
0.921808288076,0.937609241575,0.886452727088,18.9039719105
0.921835247393,0.937642285187,0.885929128312,18.9206018448
0.921835247393,0.937642285187,0.885929128312,18.9371938705
0.921970130468,0.937807432645,0.885580062462,18.9540970325
0.921970130468,0.937807432645,0.885580062462,18.9702718258
0.921970130468,0.937807432645,0.885580062462,18.9873249531
0.921997118611,0.937840452719,0.885230996612,19.0040259361
0.921997118611,0.937840452719,0.885230996612,19.0213918686
0.921997118611,0.937840452719,0.885230996612,19.0372009277
Actuacion(lineal,angular) = 0.00687345780098,-0.323462955622
0.922051117946,0.937906474019,0.88418379906,19.0539369583
0.922051117946,0.937906474019,0.88418379906,19.070663929
0.922051117946,0.937906474019,0.883660200285,19.0872490406
0.922051117946,0.937906474019,0.883660200285,19.1042039394
0.922051117946,0.937906474019,0.883660200285,19.1204819679
0.922078169433,0.937939442218,0.883660200285,19.1372709274
0.922078169433,0.937939442218,0.883660200285,19.1539309025
0.922078169433,0.937939442218,0.883660200285,19.1707048416
0.922078169433,0.937939442218,0.88348566736,19.1872830391
0.922078169433,0.937939442218,0.88348566736,19.2039010525
0.922078169433,0.937939442218,0.88348566736,19.221339941
0.922078169433,0.937939442218,0.88348566736,19.237746954
Actuacion(lineal,angular) = 0.00662341573482,-0.326347237609
0.922078169433,0.937939442218,0.88348566736,19.2538540363
0.922078169433,0.937939442218,0.88348566736,19.2707118988
0.922078169433,0.937939442218,0.88348566736,19.2869198322
0.922078169433,0.937939442218,0.88348566736,19.3035860062
0.922078169433,0.937939442218,0.88348566736,19.3210778236
0.922078169433,0.937939442218,0.88348566736,19.3374109268
0.922078169433,0.937939442218,0.88348566736,19.353883028
0.922078169433,0.937939442218,0.883660200285,19.3706898689
0.922078169433,0.937939442218,0.883660200285,19.3873529434
0.922078169433,0.937939442218,0.883660200285,19.403785944
0.922078169433,0.937939442218,0.883660200285,19.4204180241
0.922078169433,0.937939442218,0.883660200285,19.4374499321
Actuacion(lineal,angular) = 0.00627505768269,-0.331687096131
0.92210522092,0.937972410417,0.883660200285,19.4537658691
0.92210522092,0.937972410417,0.883660200285,19.4706678391
0.92210522092,0.937972410417,0.883660200285,19.4870040417
0.922159323894,0.938038346814,0.883660200285,19.5035450459
0.922159323894,0.938038346814,0.883660200285,19.521078825
0.922159323894,0.938038346814,0.883660200285,19.5369679928
0.922159323894,0.938038346814,0.883660200285,19.5535800457
0.922267529843,0.938170219609,0.882962068584,19.5702409744
0.922267529843,0.938170219609,0.882962068584,19.5868809223
0.922267529843,0.938170219609,0.882962068584,19.6036708355
0.922321678836,0.93823611822,0.882089403958,19.6203408241
0.922321678836,0.93823611822,0.882089403958,19.6370029449
Actuacion(lineal,angular) = 0.00600850826021,-0.335752166818
0.922321678836,0.93823611822,0.882089403958,19.6536979675
0.922375885316,0.938301969551,0.881740338108,19.6703269482
0.922375885316,0.938301969551,0.881740338108,19.687005043
0.922375885316,0.938301969551,0.881740338108,19.7036759853
0.922430114779,0.938367801957,0.880518607631,19.7202379704
0.922430114779,0.938367801957,0.880518607631,19.7370569706
0.922430114779,0.938367801957,0.880518607631,19.7537109852
0.922538734484,0.938499334163,0.87982047593,19.7704730034
0.922538734484,0.938499334163,0.87982047593,19.7869138718
0.922538734484,0.938499334163,0.87982047593,19.8042199612
0.922674623864,0.938663654591,0.878598745454,19.820761919
0.922674623864,0.938663654591,0.878598745454,19.8372089863
Actuacion(lineal,angular) = 0.00589144666913,-0.337317822677
0.922674623864,0.938663654591,0.878598745454,19.8540029526
0.922674623864,0.938663654591,0.878598745454,19.8706870079
0.922810713899,0.938827808877,0.877377014978,19.8872618675
0.922810713899,0.938827808877,0.877377014978,19.9039609432
0.922810713899,0.938827808877,0.877377014978,19.9207239151
0.922919746287,0.938958999196,0.875631685726,19.9376020432
0.922919746287,0.938958999196,0.875631685726,19.9538619518
0.922919746287,0.938958999196,0.875631685726,19.9708359241
0.922947061585,0.938991749151,0.87510808695,19.9876630306
0.922947061585,0.938991749151,0.87510808695,20.0036489964
0.922947061585,0.938991749151,0.87510808695,20.0218188763
0.923083723796,0.939155427394,0.873362757698,20.0369319916
Actuacion(lineal,angular) = 0.00585395845941,-0.337631240899
0.923083723796,0.939155427394,0.873362757698,20.0539419651
0.923138502866,0.939220803183,0.872664625997,20.0708420277
0.923138502866,0.939220803183,0.872664625997,20.0872478485
0.923138502866,0.939220803183,0.872664625997,20.1039609909
0.923330389308,0.939449484539,0.87109382967,20.1206479073
0.923330389308,0.939449484539,0.87109382967,20.1372768879
0.923330389308,0.939449484539,0.87109382967,20.1539218426
0.923495171094,0.939645238533,0.868301302867,20.1708400249
0.923495171094,0.939645238533,0.868301302867,20.1872489452
0.923495171094,0.939645238533,0.867777704092,20.2040069103
0.923495171094,0.939645238533,0.867777704092,20.2205469608
0.923495171094,0.939645238533,0.867777704092,20.2374579906
Actuacion(lineal,angular) = 0.00600983061738,-0.334673780513
0.923605457776,0.939775376187,0.866206907765,20.2541780472
0.923605457776,0.939775376187,0.866206907765,20.2707550526
0.923605457776,0.939775376187,0.866206907765,20.2869889736
0.923715948741,0.939905340443,0.865334243139,20.3036539555
0.923715948741,0.939905340443,0.865334243139,20.3208429813
0.923715948741,0.939905340443,0.865334243139,20.3371720314
0.923771250911,0.939970274336,0.864985177288,20.3552439213
0.923771250911,0.939970274336,0.864985177288,20.3709459305
0.923881900575,0.940100103505,0.863414380962,20.3875570297
0.923881900575,0.940100103505,0.863414380962,20.4039180279
0.923881900575,0.940100103505,0.863414380962,20.4208078384
0.923937327307,0.940164931105,0.862890782186,20.4381859303
Actuacion(lineal,angular) = 0.0062400276073,-0.330846244959
0.923937327307,0.940164931105,0.862890782186,20.4538769722
0.924048248642,0.940294528245,0.861843584635,20.4715669155
0.924048248642,0.940294528245,0.861843584635,20.4871850014
0.924048248642,0.940294528245,0.861843584635,20.5042068958
0.924187069877,0.940456379386,0.860447321233,20.520524025
0.924187069877,0.940456379386,0.860447321233,20.5373179913
0.924187069877,0.940456379386,0.860447321233,20.5541050434
0.924187069877,0.940456379386,0.860447321233,20.5706570148
0.924353926381,0.940650367968,0.859051057832,20.5874569416
0.924353926381,0.940650367968,0.859051057832,20.6038458347
0.924353926381,0.940650367968,0.859051057832,20.6205408573
0.924409635448,0.940714953107,0.857480261505,20.6372408867
Actuacion(lineal,angular) = 0.00655386649407,-0.32604135833
0.924409635448,0.940714953107,0.857480261505,20.6539478302
0.924409635448,0.940714953107,0.857480261505,20.6715288162
0.924409635448,0.940714953107,0.857480261505,20.6885588169
0.924577066793,0.940908445763,0.856782129804,20.7041828632
0.924577066793,0.940908445763,0.856782129804,20.7204239368
0.924577066793,0.940908445763,0.856782129804,20.7369298935
0.924577066793,0.940908445763,0.856782129804,20.7535560131
0.924800488642,0.941166280056,0.855211333477,20.7702689171
0.924800488642,0.941166280056,0.855211333477,20.7876830101
0.924800488642,0.941166280056,0.855211333477,20.803663969
0.924940380253,0.941327206946,0.853466004225,20.8203699589
0.924940380253,0.941327206946,0.853466004225,20.8369259834
Actuacion(lineal,angular) = 0.00689615301555,-0.321259743358
0.924940380253,0.941327206946,0.853466004225,20.8536589146
0.924940380253,0.941327206946,0.853466004225,20.8703069687
0.924996449161,0.941391479942,0.852069740824,20.8869669437
0.924996449161,0.941391479942,0.852069740824,20.9038779736
0.924996449161,0.941391479942,0.852069740824,20.9211168289
0.925164924946,0.941584063879,0.851371609123,20.9370369911
0.925164924946,0.941584063879,0.851371609123,20.9537389278
0.925164924946,0.941584063879,0.851371609123,20.9711649418
0.925164924946,0.941584063879,0.851371609123,20.987046957
0.925277331741,0.941712374728,0.849451746946,21.0040478706
0.925277331741,0.941712374728,0.849451746946,21.0204808712
0.925333658204,0.941776422131,0.84892814817,21.037225008
Actuacion(lineal,angular) = 0.00729803795856,-0.316043565398
0.925333658204,0.941776422131,0.84892814817,21.0540828705
0.925333658204,0.941776422131,0.84892814817,21.0708320141
0.925502738177,0.941968475836,0.847531884768,21.0872988701
0.925502738177,0.941968475836,0.847531884768,21.1044609547
0.925502738177,0.941968475836,0.847531884768,21.1205668449
0.925672086142,0.942160293275,0.845786555516,21.1373050213
