0.0,0.0,0.0,0.0265009403229
0.0,0.0,0.0,0.0424230098724
0.0,0.0,0.0,0.0590238571167
0.0,0.0,0.0,0.0758378505707
0.0,0.0,0.0,0.0923759937286
0.0,0.0,0.0,0.109436988831
0.0,0.0,0.0,0.126002788544
0.0,0.0,0.0,0.143180847168
0.0,0.0,0.0,0.159490823746
0.0,0.0,0.0,0.176107883453
0.0,0.0,0.0,0.193854808807
0.0,0.0,0.0,0.209376811981
0.0,0.0,0.0,0.226166963577
0.0,0.0,0.0,0.242608785629
0.0,0.0,0.0,0.259477853775
0.0,0.0,0.0,0.275979995728
0.0,0.0,0.0,0.292726993561
0.0,0.0,0.0,0.309351921082
0.0,0.0,0.0,0.326854944229
0.0,0.0,0.0,0.342917919159
0.0,0.0,0.0,0.359598875046
0.0,0.0,0.0,0.376238822937
0.0,0.0,0.0,0.392795801163
0.0,0.0,0.0,0.409356832504
0.0,0.0,0.0,0.426060914993
0.0,0.0,0.0,0.442682981491
0.0,0.0,0.0,0.459462881088
0.0,0.0,0.0,0.476135969162
0.0,0.0,0.0,0.492652893066
0.0,0.0,0.0,0.509351968765
0.0,0.0,0.0,0.526060819626
0.0,0.0,0.0,0.542853832245
0.0,0.0,0.0,0.559401988983
0.0,0.0,0.0,0.575994968414
0.0,0.0,0.0,0.598702907562
0.0,0.0,0.0,0.609252929688
0.0,0.0,0.0,0.625867843628
0.0,0.0,0.0,0.642766952515
0.0,0.0,0.0,0.659376859665
0.0,0.0,0.0,0.675799846649
0.0,0.0,0.0,0.69263792038
0.0,0.0,0.0,0.709303855896
0.0,0.0,0.0,0.72739481926
0.0,0.0,0.0,0.742608785629
0.0,0.0,0.0,0.759261846542
0.0,0.0,0.0,0.776011943817
0.0,0.0,0.0,0.792673826218
0.0,0.0,0.0,0.809355974197
0.0,0.0,0.0,0.826075792313
0.0,0.0,0.0,0.843714952469
0.0,0.0,0.0,0.859491825104
0.0,0.0,0.0,0.87642788887
0.0,0.0,0.0,0.892737865448
0.0,0.0,0.0,0.909465789795
0.0,0.0,0.0,0.925976991653
0.0,0.0,0.0,0.943115949631
0.0,0.0,0.0,0.959841012955
0.0,0.0,0.0,0.97632598877
0.0,0.0,0.0,0.992640972137
0.0,0.0,0.0,1.00948882103
0.0,0.0,0.0,1.02618980408
0.0,0.0,0.0,1.04292488098
0.0,0.0,0.0,1.05947494507
0.0,0.0,0.0,1.07614278793
0.0,0.0,0.0,1.0927529335
0.0,0.0,0.0,1.10949993134
0.0,0.0,0.0,1.12602996826
0.0,0.0,0.0,1.14251685143
0.0,0.0,0.0,1.15940380096
0.0,0.0,0.0,1.17589783669
0.0,0.0,0.0,1.19259500504
0.0,0.0,0.0,1.2094810009
0.0,0.0,0.0,1.22609782219
0.0,0.0,0.0,1.2436978817
0.0,0.0,0.0,1.25946784019
0.0,0.0,0.0,1.27729797363
0.0,0.0,0.0,1.29295086861
0.0,0.0,0.0,1.30957484245
0.0,0.0,0.0,1.32640886307
0.0,0.0,0.0,1.34330201149
0.0,0.0,0.0,1.35911297798
0.0,0.0,0.0,1.37613487244
0.0,0.0,0.0,1.39276695251
0.0,0.0,0.0,1.41552495956
0.0,0.0,0.0,1.42590594292
0.0,0.0,0.0,1.44306898117
0.0,0.0,0.0,1.4595618248
0.0,0.0,0.0,1.47618889809
0.0,0.0,0.0,1.49394178391
0.0,0.0,0.0,1.50969290733
0.0,0.0,0.0,1.52597880363
0.0,0.0,0.0,1.54273796082
0.0,0.0,0.0,1.55937886238
0.0,0.0,0.0,1.57624983788
0.0,0.0,0.0,1.59307479858
0.0,0.0,0.0,1.61046695709
0.0,0.0,0.0,1.626557827
0.0,0.0,0.0,1.64385390282
0.0,0.0,0.0,1.65940690041
0.0,0.0,0.0,1.67602682114
0.0,0.0,0.0,1.69274187088
0.0,0.0,0.0,1.70928192139
0.0,0.0,0.0,1.72596287727
0.0,0.0,0.0,1.74319696426
-4.26460441667e-05,-4.51299154297e-18,0.0,1.75932598114
-4.26460441667e-05,-4.51299154297e-18,0.0,1.77696299553
-4.26460441667e-05,-4.51299154297e-18,0.0,1.7926568985
-4.26460441667e-05,-4.51299154297e-18,0.0,1.80943083763
0.0,0.0,0.0,1.82610177994
0.0,0.0,0.0,1.84258198738
0.0,0.0,0.0,1.85932397842
0.0,0.0,0.0,1.87598586082
0.0,0.0,0.0,1.89271688461
0.0,0.0,0.0,1.90948081017
0.0,0.0,0.0,1.92595791817
-4.26460441667e-05,-4.51299154297e-18,0.0,1.94332385063
-4.26460441667e-05,-4.51299154297e-18,0.0,1.95931196213
-4.26460441667e-05,-4.51299154297e-18,0.0,1.97591400146
-4.26460441667e-05,-4.51299154297e-18,0.0,1.99269080162
-4.26460441667e-05,-4.51299154297e-18,0.0,2.00935578346
-4.26460441667e-05,-4.51299154297e-18,0.0,2.02601885796
-4.26460441667e-05,-4.51299154297e-18,0.0,2.04319381714
0.0,0.0,0.0,2.05926799774
0.0,0.0,0.0,2.07616281509
0.0,0.0,0.0,2.09264397621
0.0,0.0,0.0,2.1094148159
0.0,0.0,0.0,2.12585783005
0.0,0.0,0.0,2.14260292053
0.0,0.0,0.0,2.15938878059
0.0,0.0,0.0,2.17627692223
0.0,0.0,0.0,2.1928358078
0.0,0.0,0.0,2.20950984955
0.0,0.0,0.0,2.22604799271
0.0,0.0,0.0,2.24283885956
0.0,0.0,0.0,2.25923490524
0.0,0.0,0.0,2.27616000175
0.0,0.0,0.0,2.29271197319
0.0,0.0,0.0,2.30954384804
0.0,0.0,0.0,2.32598090172
0.0,0.0,0.0,2.34309697151
0.0,0.0,0.0,2.35982680321
0.0,0.0,0.0,2.37588095665
0.0,0.0,0.0,2.3925049305
0.0,0.0,0.0,2.409501791
0.0,0.0,0.0,2.42583298683
0.0,0.0,0.0,2.44272685051
0.0,0.0,0.0,2.45922398567
0.0,0.0,0.0,2.47610378265
0.0,0.0,0.0,2.49282479286
0.0,0.0,0.0,2.50933980942
0.0,0.0,0.0,2.52597689629
0.0,0.0,0.0,2.54299998283
0.0,0.0,0.0,2.55952095985
0.0,0.0,0.0,2.57593798637
0.0,0.0,0.0,2.5926117897
0.0,0.0,0.0,2.60923480988
0.0,0.0,0.0,2.6264770031
0.0,0.0,0.0,2.64281392097
0.0,0.0,0.0,2.65947580338
0.0,0.0,0.0,2.67593693733
0.0,0.0,0.0,2.6925778389
0.0,0.0,0.0,2.70959997177
0.0,0.0,0.0,2.7260890007
0.0,0.0,0.0,2.74296879768
-4.26460441667e-05,-4.51299154297e-18,0.0,2.75942182541
0.0,0.0,0.0,2.7763569355
0.0,0.0,0.0,2.79273700714
0.0,0.0,0.0,2.80965185165
0.0,0.0,0.0,2.82611298561
0.0,0.0,0.0,2.84304499626
0.0,0.0,0.0,2.86005401611
0.0,0.0,0.0,2.87607192993
0.0,0.0,0.0,2.89297485352
0.0,0.0,0.0,2.90959978104
0.0,0.0,0.0,2.92628479004
0.0,0.0,0.0,2.94293689728
0.0,0.0,0.0,2.9593269825
0.0,0.0,0.0,2.9817237854
0.0,0.0,0.0,2.99259185791
0.0,0.0,0.0,3.00986194611
0.0,0.0,0.0,3.02757287025
0.0,0.0,0.0,3.04289293289
0.0,0.0,0.0,3.05956292152
0.0,0.0,0.0,3.07639193535
0.0,0.0,0.0,3.09341883659
0.0,0.0,0.0,3.10955095291
0.0,0.0,0.0,3.12629795074
-4.26460441667e-05,-4.51299154297e-18,-0.0001745329252,3.14278078079
-4.26460441667e-05,-4.51299154297e-18,-0.0001745329252,3.16078090668
-4.26460441667e-05,-4.51299154297e-18,-0.0001745329252,3.17681479454
-6.49561353125e-13,-7.44313881425e-09,-0.0001745329252,3.19355893135
-6.49561353125e-13,-7.44313881425e-09,-0.0001745329252,3.21099901199
-6.49561353125e-13,-7.44313881425e-09,-0.0001745329252,3.2267768383
-6.49561353125e-13,-7.44313881425e-09,-0.0001745329252,3.24410581589
-6.49561353125e-13,-7.44313881425e-09,-0.0001745329252,3.25996184349
-6.49561353125e-13,-7.44313881425e-09,-0.0001745329252,3.27618193626
-6.49561353125e-13,-7.44313881425e-09,-0.0001745329252,3.29262185097
-6.49561353125e-13,-7.44313881425e-09,-0.0001745329252,3.3111770153
-6.49561353125e-13,-7.44313881425e-09,-0.0001745329252,3.32721781731
-6.49561353125e-13,-7.44313881425e-09,-0.0001745329252,3.34670686722
-6.49561353125e-13,-7.44313881425e-09,-0.0001745329252,3.35954499245
-6.49561353125e-13,-7.44313881425e-09,-0.0001745329252,3.37647795677
-6.49561353125e-13,-7.44313881425e-09,-0.0001745329252,3.39281892776
-6.49561353125e-13,-7.44313881425e-09,-0.0001745329252,3.40931582451
-6.49561353125e-13,-7.44313881425e-09,-0.0001745329252,3.4260327816
-6.49561353125e-13,-7.44313881425e-09,-0.0001745329252,3.44274091721
-6.49561353125e-13,-7.44313881425e-09,-0.0001745329252,3.45928478241
-6.49561353125e-13,-7.44313881425e-09,-0.0001745329252,3.4759619236
-6.49561353125e-13,-7.44313881425e-09,-0.0001745329252,3.49260187149
-6.49561353125e-13,-7.44313881425e-09,-0.0001745329252,3.50931501389
-6.49561353125e-13,-7.44313881425e-09,-0.0001745329252,3.52594685555
-6.49561353125e-13,-7.44313881425e-09,-0.0001745329252,3.54273986816
-6.49561353125e-13,-7.44313881425e-09,-0.0001745329252,3.55931282043
-6.49561353125e-13,-7.44313881425e-09,-0.0001745329252,3.57593297958
-6.49561353125e-13,-7.44313881425e-09,-0.0001745329252,3.59267282486
-6.49561353125e-13,-7.44313881425e-09,-0.0001745329252,3.60947394371
-6.49561353125e-13,-7.44313881425e-09,-0.0001745329252,3.62605285645
-6.49561353125e-13,-7.44313881425e-09,-0.0001745329252,3.64280796051
-4.26460441667e-05,-4.51299154297e-18,-0.0001745329252,3.65929889679
-4.26460441667e-05,-4.51299154297e-18,-0.0001745329252,3.67592287064
-4.26460441667e-05,-4.51299154297e-18,-0.0001745329252,3.69274401665
-6.49561353125e-13,-7.44313881425e-09,-0.0001745329252,3.71013092995
-6.49561353125e-13,-7.44313881425e-09,-0.0001745329252,3.725938797
-6.49561353125e-13,-7.44313881425e-09,-0.0001745329252,3.74275898933
-6.49561353125e-13,-7.44313881425e-09,-0.0001745329252,3.75950884819
-6.49561353125e-13,-7.44313881425e-09,-0.0001745329252,3.77596092224
-4.26460441667e-05,-4.51299154297e-18,-0.0001745329252,3.79264688492
-4.26460441667e-05,-4.51299154297e-18,-0.0001745329252,3.80926179886
-4.26460441667e-05,-4.51299154297e-18,-0.0001745329252,3.82586288452
-4.26460441667e-05,-4.51299154297e-18,-0.0001745329252,3.84260892868
-4.26460441667e-05,-4.51299154297e-18,0.0,3.85925984383
-4.26460441667e-05,-4.51299154297e-18,0.0,3.87605500221
-4.26460441667e-05,-4.51299154297e-18,0.0,3.8925948143
-4.26460441667e-05,-4.51299154297e-18,0.0,3.90932178497
-4.26460441667e-05,-4.51299154297e-18,0.0,3.92592000961
-4.26460441667e-05,-4.51299154297e-18,0.0,3.94274187088
-4.26460441667e-05,-4.51299154297e-18,0.0,3.95924592018
-4.26460441667e-05,-4.51299154297e-18,0.0,3.97592186928
-4.26460441667e-05,-4.51299154297e-18,0.0,3.99256086349
0.0,0.0,0.0,4.00955486298
0.0,0.0,0.0,4.02635097504
0.0,0.0,0.0,4.04271793365
0.0,0.0,0.0,4.05927181244
-4.26460441667e-05,-4.51299154297e-18,0.0,4.07600688934
-4.26460441667e-05,-4.51299154297e-18,0.0,4.09294199944
-4.26460441667e-05,-4.51299154297e-18,0.0,4.11151099205
-4.26460441667e-05,-4.51299154297e-18,0.0,4.12704491615
0.0,0.0,0.0,4.14415788651
0.0,0.0,0.0,4.15941500664
0.0,0.0,0.0,4.17581796646
-4.26460441667e-05,-4.51299154297e-18,0.0,4.19248390198
-4.26460441667e-05,-4.51299154297e-18,0.0,4.21010684967
-4.26460441667e-05,-4.51299154297e-18,0.0,4.22665500641
-4.26460441667e-05,-4.51299154297e-18,0.0,4.24269390106
-4.26460441667e-05,-4.51299154297e-18,0.0,4.25968289375
-4.26460441667e-05,-4.51299154297e-18,0.0,4.27654194832
-4.26460441667e-05,-4.51299154297e-18,0.0,4.29277801514
-4.26460441667e-05,-4.51299154297e-18,0.0,4.30962991714
-4.26460441667e-05,-4.51299154297e-18,0.0,4.32602000237
-4.26460441667e-05,-4.51299154297e-18,0.0,4.34284281731
-4.26460441667e-05,-4.51299154297e-18,0.0,4.35956096649
-4.26460441667e-05,-4.51299154297e-18,0.0,4.37802290916
-4.26460441667e-05,-4.51299154297e-18,0.0,4.39399194717
-4.26460441667e-05,-4.51299154297e-18,0.0,4.40948200226
-4.26460441667e-05,-4.51299154297e-18,0.0,4.4267179966
-4.26460441667e-05,-4.51299154297e-18,0.0,4.44270300865
-4.26460441667e-05,-4.51299154297e-18,0.0,4.46056485176
-4.26460441667e-05,-4.51299154297e-18,0.0,4.47632193565
-4.26460441667e-05,-4.51299154297e-18,0.0,4.49282479286
-4.26460441667e-05,-4.51299154297e-18,0.0,4.50980901718
-4.26460441667e-05,-4.51299154297e-18,0.0,4.52609992027
-4.26460441667e-05,-4.51299154297e-18,0.0,4.54301786423
-4.26460441667e-05,-4.51299154297e-18,0.0,4.55950498581
-4.26460441667e-05,-4.51299154297e-18,0.0,4.57689094543
-4.26460441667e-05,-4.51299154297e-18,0.0,4.59284901619
-4.26460441667e-05,-4.51299154297e-18,0.0,4.60973381996
-4.26460441667e-05,-4.51299154297e-18,0.0,4.63197493553
-4.26460441667e-05,-4.51299154297e-18,0.0,4.6448199749
-4.26460441667e-05,-4.51299154297e-18,0.0,4.65950393677
-4.26460441667e-05,-4.51299154297e-18,0.0,4.67635583878
-4.26460441667e-05,-4.51299154297e-18,0.0,4.69316387177
-4.26460441667e-05,-4.51299154297e-18,0.0,4.7127058506
-4.26460441667e-05,-4.51299154297e-18,0.0,4.7260248661
-4.26460441667e-05,-4.51299154297e-18,0.0,4.74311184883
-4.26460441667e-05,-4.51299154297e-18,0.0,4.75959587097
-4.26460441667e-05,-4.51299154297e-18,0.0,4.77608299255
Actuacion(lineal,angular) = 0.0399792194366,-9.95337973896e-18
-4.26460441667e-05,-4.51299154297e-18,0.0,4.79415678978
-4.26460441667e-05,-4.51299154297e-18,0.0,4.80959582329
-4.26460441667e-05,-4.51299154297e-18,0.0,4.82598996162
-4.26460441667e-05,-4.51299154297e-18,0.0,4.84342885017
-4.26460441667e-05,-4.51299154297e-18,0.0,4.85972189903
-4.26460441667e-05,-4.51299154297e-18,-0.0001745329252,4.87633895874
-4.26460441667e-05,-4.51299154297e-18,-0.0001745329252,4.89268684387
-4.26460441667e-05,-4.51299154297e-18,-0.0001745329252,4.90960693359
-6.49561353125e-13,-7.44313881425e-09,0.0,4.92603492737
-6.49561353125e-13,-7.44313881425e-09,0.0,4.94392681122
8.52920876839e-05,-7.44313881901e-09,0.0,4.96029496193
8.52920876839e-05,-7.44313881901e-09,0.0,4.97637581825
Actuacion(lineal,angular) = 0.0800127983093,-4.50173907111e-06
8.52920876839e-05,-7.44313881901e-09,0.0,4.9940738678
0.000341168352684,-7.44313882039e-09,0.0,5.00958681107
0.000341168352684,-7.44313882039e-09,0.0,5.02626991272
0.000341168352684,-7.44313882039e-09,0.0,5.04380297661
0.000341168352684,-7.44313882039e-09,0.0,5.0593688488
0.00115144319185,-7.44313881999e-09,0.0,5.07630491257
0.00115144319185,-7.44313881999e-09,0.0,5.09277796745
0.00115144319185,-7.44313881999e-09,0.0,5.11014080048
0.00234553242852,-7.44313880836e-09,0.000174532925196,5.12653183937
0.00234553242852,-7.44313880836e-09,0.000174532925196,5.14392495155
0.00234553242852,-7.44313880836e-09,0.000174532925196,5.15944480896
0.00234553242852,-7.44313880836e-09,0.000174532925196,5.17633986473
Actuacion(lineal,angular) = 0.120043373108,-0.000267237597292
0.00490429503956,4.39145189124e-07,0.000698131700795,5.19256401062
0.00490429503956,4.39145189124e-07,0.000698131700795,5.21078586578
0.00490429503956,4.39145189124e-07,0.000698131700795,5.2270359993
0.00490429503956,4.39145189124e-07,0.000698131700795,5.24285984039
0.00626896812033,1.39186688281e-06,0.000872664625998,5.25969982147
0.00626896812033,1.39186688281e-06,0.000872664625998,5.27614283562
0.00626896812033,1.39186688281e-06,0.000872664625998,5.29289793968
0.0101071106339,4.74127893416e-06,0.00174532925199,5.31008195877
0.0101071106339,4.74127893416e-06,0.00174532925199,5.32588982582
0.0101071106339,4.74127893416e-06,0.00174532925199,5.34308695793
0.0101071106339,4.74127893416e-06,0.00174532925199,5.35951399803
0.0140731867007,1.16633945379e-05,0.00314159265359,5.37641882896
Actuacion(lineal,angular) = 0.159956932068,-0.00321454429322
0.0140731867007,1.16633945379e-05,0.00314159265359,5.39336299896
0.0140731867007,1.16633945379e-05,0.00314159265359,5.40945100784
0.0193186242479,2.81424768151e-05,0.00261799387799,5.42602491379
0.0193186242479,2.81424768151e-05,0.00261799387799,5.44349884987
0.0209391683727,3.23850611056e-05,0.00314159265359,5.45940589905
0.0209391683727,3.23850611056e-05,0.00314159265359,5.47623991966
0.0209391683727,3.23850611056e-05,0.00314159265359,5.492800951
0.0269522309268,5.1275716399e-05,0.00296705972839,5.5096309185
0.0289139403236,5.70962424291e-05,0.00296705972839,5.52617788315
0.0289139403236,5.70962424291e-05,0.00296705972839,5.54357886314
0.0289139403236,5.70962424291e-05,0.00296705972839,5.55941581726
0.0289139403236,5.70962424291e-05,0.00296705972839,5.57602286339
Actuacion(lineal,angular) = 0.19993596077,-0.0045443422885
0.0353961105041,7.63292849633e-05,0.00383972435439,5.59284901619
0.0353961105041,7.63292849633e-05,0.00383972435439,5.60932087898
0.0353961105041,7.63292849633e-05,0.00383972435439,5.62605381012
0.0353961105041,7.63292849633e-05,0.00383972435439,5.64329791069
0.0423473644601,0.000103020315245,0.00349065850399,5.65953278542
0.0423473644601,0.000103020315245,0.00349065850399,5.67614483833
0.0423473644601,0.000103020315245,0.00349065850399,5.69288778305
0.0499809598592,0.000129666698167,0.00366519142919,5.70937800407
0.0499809598592,0.000129666698167,0.00366519142919,5.72607898712
0.0499809598592,0.000129666698167,0.00366519142919,5.74342679977
0.0499809598592,0.000129666698167,0.00366519142919,5.75949692726
0.0582115910995,0.000159833672329,0.00383972435439,5.77730798721
Actuacion(lineal,angular) = 0.239952945709,-0.00578717369513
0.0582115910995,0.000159833672329,0.00383972435439,5.79294896126
0.0582115910995,0.000159833672329,0.00383972435439,5.81312084198
0.0671671943557,0.000194220889257,0.00366519142919,5.82626700401
0.0671671943557,0.000194220889257,0.00366519142919,5.84317493439
0.0671671943557,0.000194220889257,0.00366519142919,5.8597779274
0.0671671943557,0.000194220889257,0.00366519142919,5.87627196312
0.0768904271162,0.000229858558216,0.00401425727959,5.89263081551
0.0768904271162,0.000229858558216,0.00401425727959,5.91105079651
0.0768904271162,0.000229858558216,0.00401425727959,5.92625689507
0.0870827495506,0.000270773382515,0.00401425727959,5.94447493553
0.0870827495506,0.000270773382515,0.00401425727959,5.96038389206
0.0870827495506,0.000270773382515,0.00401425727959,5.97631788254
Actuacion(lineal,angular) = 0.279901361465,-0.0064728810561
0.0870827495506,0.000270773382515,0.00401425727959,5.99319291115
0.0980426945952,0.000314769658017,0.00383972435439,6.00932788849
0.101710227357,0.000328852042091,0.00401425727959,6.02640581131
0.101710227357,0.000328852042091,0.00401425727959,6.04415082932
0.101710227357,0.000328852042091,0.00401425727959,6.06062793732
0.101710227357,0.000328852042091,0.00401425727959,6.0778799057
0.114418646125,0.000379867178665,0.00401425727959,6.09270691872
0.114418646125,0.000379867178665,0.00401425727959,6.10936689377
0.114418646125,0.000379867178665,0.00401425727959,6.12587499619
0.126657962186,0.000428999206171,0.00471238898038,6.1425909996
0.126657962186,0.000428999206171,0.00471238898038,6.15929079056
0.126657962186,0.000428999206171,0.00471238898038,6.17635393143
Actuacion(lineal,angular) = 0.3,-0.00794345410765
0.126657962186,0.000428999206171,0.00471238898038,6.19485378265
0.140006025802,0.000491900939673,0.00436332312998,6.210490942
0.140006025802,0.000491900939673,0.00436332312998,6.22597098351
0.140006025802,0.000491900939673,0.00436332312998,6.24297189713
0.140006025802,0.000491900939673,0.00436332312998,6.25929880142
0.153652630028,0.000551445861424,0.00453785605519,6.27626299858
0.153652630028,0.000551445861424,0.00453785605519,6.29267692566
0.153652630028,0.000551445861424,0.00453785605519,6.30942797661
0.167427160469,0.000613953126847,0.00453785605519,6.32593488693
0.167427160469,0.000613953126847,0.00453785605519,6.3426887989
0.167427160469,0.000613953126847,0.00453785605519,6.35952401161
0.167427160469,0.000613953126847,0.00453785605519,6.37621879578
Actuacion(lineal,angular) = 0.3,-0.007916913701
0.181926666196,0.000679750248344,0.00418879020479,6.39305281639
0.181926666196,0.000679750248344,0.00418879020479,6.41096687317
0.181926666196,0.000679750248344,0.00418879020479,6.42606282234
0.195530634937,0.000736734752636,0.00436332312998,6.44296383858
0.195530634937,0.000736734752636,0.00436332312998,6.45949196815
0.195530634937,0.000736734752636,0.00436332312998,6.47608089447
0.195530634937,0.000736734752636,0.00436332312998,6.49288892746
0.210243380119,0.000800931621398,0.00453785605519,6.50968194008
0.214806459863,0.000821638362575,0.00471238898038,6.52611780167
0.214806459863,0.000821638362575,0.00471238898038,6.54273486137
0.214806459863,0.000821638362575,0.00471238898038,6.55949091911
0.214806459863,0.000821638362575,0.00471238898038,6.57649683952
Actuacion(lineal,angular) = 0.3,-0.00863588933908
0.229263308315,0.000889765160202,0.00506145483078,6.59295797348
0.233826376591,0.000912861121398,0.00488692190558,6.61163878441
0.233826376591,0.000912861121398,0.00488692190558,6.62638783455
0.233826376591,0.000912861121398,0.00488692190558,6.64726185799
0.233826376591,0.000912861121398,0.00488692190558,6.65922379494
0.248240567398,0.000983302706966,0.00541052068118,6.67663598061
0.248240567398,0.000983302706966,0.00541052068118,6.69303488731
0.248240567398,0.000983302706966,0.00541052068118,6.70978999138
0.262441492246,0.0010601378543,0.00541052068118,6.72616195679
0.262441492246,0.0010601378543,0.00541052068118,6.74313688278
0.262441492246,0.0010601378543,0.00541052068118,6.75950980186
0.262441492246,0.0010601378543,0.00541052068118,6.77749681473
Actuacion(lineal,angular) = 0.3,-0.0102792841067
0.277111516713,0.00113951109959,0.00558505360638,6.79290890694
0.277111516713,0.00113951109959,0.00558505360638,6.81189990044
0.277111516713,0.00113951109959,0.00558505360638,6.82693195343
0.291653590967,0.00122073020833,0.00541052068118,6.84803199768
0.291653590967,0.00122073020833,0.00541052068118,6.85941696167
0.291653590967,0.00122073020833,0.00541052068118,6.87611794472
0.291653590967,0.00122073020833,0.00541052068118,6.89269399643
0.306025097495,0.00129848830038,0.00575958653158,6.90976381302
0.306025097495,0.00129848830038,0.00575958653158,6.92613101006
0.306025097495,0.00129848830038,0.00575958653158,6.9429268837
0.306025097495,0.00129848830038,0.00575958653158,6.95958185196
0.320567157352,0.00138224547863,0.00610865238198,6.97625589371
Actuacion(lineal,angular) = 0.3,-0.0116556449034
0.320567157352,0.00138224547863,0.00610865238198,6.99268579483
0.320567157352,0.00138224547863,0.00610865238198,7.00953197479
0.33498125134,0.00147029726345,0.00610865238198,7.025867939
0.33498125134,0.00147029726345,0.00610865238198,7.04317593575
0.33498125134,0.00147029726345,0.00610865238198,7.05928087234
0.33498125134,0.00147029726345,0.00610865238198,7.07602286339
0.349565926323,0.00155939108122,0.00628318530718,7.09282898903
0.349565926323,0.00155939108122,0.00628318530718,7.11107587814
0.349565926323,0.00155939108122,0.00628318530718,7.12616491318
0.36444910195,0.00165290606226,0.00610865238198,7.14310193062
0.36444910195,0.00165290606226,0.00610865238198,7.15984797478
0.36444910195,0.00165290606226,0.00610865238198,7.17638087273
0.36444910195,0.00165290606226,0.00610865238198,7.19287991524
0.379289648424,0.00174356292946,0.00628318530718,7.2110350132
0.384151201494,0.00177410937026,0.00645771823238,7.22611188889
0.384151201494,0.00177410937026,0.00645771823238,7.24347186089
0.384151201494,0.00177410937026,0.00645771823238,7.259567976
0.384151201494,0.00177410937026,0.00645771823238,7.27629995346
0.399077005728,0.00187049734826,0.00645771823238,7.29278898239
0.399077005728,0.00187049734826,0.00645771823238,7.31190991402
0.399077005728,0.00187049734826,0.00645771823238,7.32669496536
0.413533713257,0.00196385598981,0.00663225115758,7.34385085106
0.413533713257,0.00196385598981,0.00663225115758,7.36014389992
0.413533713257,0.00196385598981,0.00663225115758,7.37699794769
Actuacion(lineal,angular) = 0.3,-0.015044798554
0.413533713257,0.00196385598981,0.00663225115758,7.39296889305
0.428416855335,0.0020625661734,0.00698131700798,7.41218686104
0.43340632091,0.0020973997802,0.00698131700798,7.42610192299
0.43340632091,0.0020973997802,0.00698131700798,7.4450378418
0.43340632091,0.0020973997802,0.00698131700798,7.46017289162
0.448417362639,0.00220219832372,0.00767944870878,7.48071694374
0.448417362639,0.00220219832372,0.00767944870878,7.49322080612
0.448417362639,0.00220219832372,0.00767944870878,7.51241898537
0.448417362639,0.00220219832372,0.00767944870878,7.52714180946
0.463300393187,0.00231649404027,0.00750491578358,7.54661393166
0.463300393187,0.00231649404027,0.00750491578358,7.56144189835
0.463300393187,0.00231649404027,0.00750491578358,7.57618093491
Actuacion(lineal,angular) = 0.3,-0.0177535436314
0.463300393187,0.00231649404027,0.00750491578358,7.59342694283
0.478183443457,0.00242819217625,0.00785398163397,7.61030697823
0.483172876734,0.00246737989934,0.00785398163397,7.62675380707
0.483172876734,0.00246737989934,0.00785398163397,7.64473581314
0.483172876734,0.00246737989934,0.00785398163397,7.65992689133
0.498226466022,0.00258561294421,0.00767944870878,7.67685389519
0.498226466022,0.00258561294421,0.00767944870878,7.69281578064
0.503130616489,0.00262327485654,0.00750491578358,7.70971894264
0.503130616489,0.00262327485654,0.00750491578358,7.72596001625
0.503130616489,0.00262327485654,0.00750491578358,7.74297094345
0.518141601288,0.00273593314841,0.00785398163397,7.75941085815
0.518141601288,0.00273593314841,0.00785398163397,7.77640485764
Actuacion(lineal,angular) = 0.3,-0.0201644427045
0.518141601288,0.00273593314841,0.00785398163397,7.79259300232
0.518141601288,0.00273593314841,0.00785398163397,7.80944681168
0.533109901119,0.00285349631768,0.00820304748437,7.82587695122
0.533109901119,0.00285349631768,0.00820304748437,7.8434419632
0.533109901119,0.00285349631768,0.00820304748437,7.85928297043
0.533109901119,0.00285349631768,0.00820304748437,7.87636899948
0.548078159001,0.00297628440199,0.00802851455917,7.89266395569
0.548078159001,0.00297628440199,0.00802851455917,7.91089892387
0.548078159001,0.00297628440199,0.00802851455917,7.92681097984
0.562705280727,0.00309372098494,0.00802851455917,7.94447994232
0.562705280727,0.00309372098494,0.00802851455917,7.9592089653
0.562705280727,0.00309372098494,0.00802851455917,7.97704291344
Actuacion(lineal,angular) = 0.3,-0.0227418764038
0.562705280727,0.00309372098494,0.00802851455917,7.99484491348
0.577929427829,0.00321595089781,0.00837758040957,8.01154780388
0.577929427829,0.00321595089781,0.00837758040957,8.02692389488
0.577929427829,0.00321595089781,0.00837758040957,8.04280281067
0.592812374957,0.0033406369011,0.00855211333477,8.05950188637
0.597972357598,0.00338476673332,0.00872664625997,8.07984495163
0.597972357598,0.00338476673332,0.00872664625997,8.09310078621
0.597972357598,0.00338476673332,0.00872664625997,8.10962200165
0.597972357598,0.00338476673332,0.00872664625997,8.12594890594
0.612428816092,0.00351092633532,0.00872664625997,8.14294791222
0.612428816092,0.00351092633532,0.00872664625997,8.15926599503
0.612428816092,0.00351092633532,0.00872664625997,8.17761588097
Actuacion(lineal,angular) = 0.3,-0.026792961986
0.612428816092,0.00351092633532,0.00872664625997,8.19297289848
0.627780807413,0.0036449011339,0.00872664625997,8.20991683006
0.632684915752,0.00368769863901,0.00872664625997,8.22595882416
0.632684915752,0.00368769863901,0.00872664625997,8.24270987511
0.632684915752,0.00368769863901,0.00872664625997,8.25924396515
0.647823684971,0.0038198126765,0.00890117918517,8.27810692787
0.647823684971,0.0038198126765,0.00890117918517,8.29259300232
0.652983651894,0.00386574367973,0.00872664625997,8.31055283546
0.652983651894,0.00386574367973,0.00872664625997,8.32620501518
0.652983651894,0.00386574367973,0.00872664625997,8.34308886528
0.668165065533,0.00399822986944,0.00890117918517,8.35938096046
0.668165065533,0.00399822986944,0.00890117918517,8.37827086449
0.668165065533,0.00399822986944,0.00890117918517,8.39265298843
0.668165065533,0.00399822986944,0.00890117918517,8.40959000587
0.683602321947,0.00413564328405,0.00890117918517,8.42606401443
0.683602321947,0.00413564328405,0.00890117918517,8.44288682938
0.683602321947,0.00413564328405,0.00890117918517,8.45953178406
0.698613134813,0.00426926074799,0.00890117918517,8.47622799873
0.698613134813,0.00426926074799,0.00890117918517,8.49275588989
0.703773101736,0.00431519175122,0.00890117918517,8.50957679749
0.703773101736,0.00431519175122,0.00890117918517,8.52622890472
0.703773101736,0.00431519175122,0.00890117918517,8.54316997528
0.718954492021,0.00445032759543,0.00872664625997,8.55945181847
0.718954492021,0.00445032759543,0.00872664625997,8.57841682434
0.718954492021,0.00445032759543,0.00872664625997,8.59280180931
0.718954492021,0.00445032759543,0.00872664625997,8.60949587822
0.734135905661,0.00458281378514,0.00837758040957,8.62614488602
0.734135905661,0.00458281378514,0.00837758040957,8.64284181595
0.734135905661,0.00458281378514,0.00837758040957,8.65944385529
0.749487942813,0.00471142971976,0.00837758040957,8.67632579803
0.749487942813,0.00471142971976,0.00837758040957,8.69285392761
0.754647933078,0.00475465896446,0.00837758040957,8.70958900452
0.754647933078,0.00475465896446,0.00837758040957,8.72606492043
0.754647933078,0.00475465896446,0.00837758040957,8.74261784554
0.769914681134,0.00488256036611,0.00855211333477,8.75925397873
0.769914681134,0.00488256036611,0.00855211333477,8.77613592148
Actuacion(lineal,angular) = 0.18563358174,-0.0442781409878
0.769914681134,0.00488256036611,0.00855211333477,8.79263901711
0.769914681134,0.00488256036611,0.00855211333477,8.81160378456
0.78513876215,0.00501276160664,0.00837758040957,8.82601690292
0.790256107868,0.00505563358485,0.00837758040957,8.84272789955
0.790256107868,0.00505563358485,0.00837758040957,8.85929894447
0.790256107868,0.00505563358485,0.00837758040957,8.87608289719
0.790256107868,0.00505563358485,0.00837758040957,8.89258480072
0.801215756612,0.00514745107151,0.00872664625997,8.90940189362
0.801215756612,0.00514745107151,0.00872664625997,8.92604589462
0.801215756612,0.00514745107151,0.00872664625997,8.94254684448
0.81243123916,0.00524532710492,0.00907571211037,8.95923995972
0.81243123916,0.00524532710492,0.00907571211037,8.97624278069
Actuacion(lineal,angular) = 0.151387451973,-0.0550422322944
0.81243123916,0.00524532710492,0.00907571211037,8.9925839901
0.81243123916,0.00524532710492,0.00907571211037,9.009526968
0.821343895317,0.00532621802731,0.00890117918517,9.02591180801
0.821343895317,0.00532621802731,0.00890117918517,9.0437078476
0.821343895317,0.00532621802731,0.00890117918517,9.05951881409
0.8297448332,0.00540099825571,0.00855211333477,9.07616591454
0.8297448332,0.00540099825571,0.00855211333477,9.09261679649
0.8297448332,0.00540099825571,0.00855211333477,9.11081194878
0.8297448332,0.00540099825571,0.00855211333477,9.12626886368
0.837719351827,0.00546919890551,0.00872664625997,9.1429669857
0.837719351827,0.00546919890551,0.00872664625997,9.15960597992
0.837719351827,0.00546919890551,0.00872664625997,9.17623496056
Actuacion(lineal,angular) = 0.1291013378,-0.0640237806298
0.845224769807,0.00553469769593,0.00820304748437,9.19315481186
0.845224769807,0.00553469769593,0.00820304748437,9.20964097977
0.845224769807,0.00553469769593,0.00820304748437,9.22617983818
0.845224769807,0.00553469769593,0.00820304748437,9.24272680283
0.852644931833,0.00559556700268,0.00855211333477,9.25920391083
0.852644931833,0.00559556700268,0.00855211333477,9.27604579926
0.852644931833,0.00559556700268,0.00855211333477,9.29269599915
0.852644931833,0.00559556700268,0.00855211333477,9.309486866
0.859681271799,0.00565574404662,0.00872664625997,9.32620596886
0.861941426077,0.00567546811419,0.00890117918517,9.34273791313
0.861941426077,0.00567546811419,0.00890117918517,9.35955882072
0.861941426077,0.00567546811419,0.00890117918517,9.37615299225
Actuacion(lineal,angular) = 0.110199626429,-0.0752392238754
0.868508656706,0.00573392575466,0.00837758040957,9.39277482033
0.868508656706,0.00573392575466,0.00837758040957,9.41016578674
0.870683528635,0.0057521463454,0.00820304748437,9.42620992661
0.870683528635,0.0057521463454,0.00820304748437,9.44272780418
0.870683528635,0.0057521463454,0.00820304748437,9.45950984955
0.876440550898,0.00579937253167,0.00750491578358,9.47608780861
0.876440550898,0.00579937253167,0.00750491578358,9.49263978004
0.876440550898,0.00579937253167,0.00750491578358,9.50943994522
0.876440550898,0.00579937253167,0.00750491578358,9.52605390549
0.882666698002,0.00584610011864,0.00785398163397,9.54265594482
0.882666698002,0.00584610011864,0.00785398163397,9.5592148304
0.882666698002,0.00584610011864,0.00785398163397,9.57605481148
Actuacion(lineal,angular) = 0.0933631111398,-0.0870539029613
0.888551670585,0.00589232153562,0.00802851455917,9.5927028656
0.888551670585,0.00589232153562,0.00802851455917,9.60947299004
0.888551670585,0.00589232153562,0.00802851455917,9.6260228157
0.888551670585,0.00589232153562,0.00802851455917,9.64289784431
0.894223411662,0.00593785816982,0.00767944870878,9.65943384171
0.894223411662,0.00593785816982,0.00767944870878,9.67622280121
0.894223411662,0.00593785816982,0.00767944870878,9.69272685051
0.894223411662,0.00593785816982,0.00767944870878,9.7094438076
0.899383430849,0.0059774850515,0.00750491578358,9.72630190849
0.899383430849,0.0059774850515,0.00750491578358,9.74387693405
0.899383430849,0.0059774850515,0.00750491578358,9.75937986374
0.904330232658,0.0060146110795,0.00733038285837,9.77618384361
Actuacion(lineal,angular) = 0.0793900644273,-0.101802581671
0.905993383695,0.00602680283173,0.00715584993318,9.79267883301
0.905993383695,0.00602680283173,0.00715584993318,9.80954289436
0.905993383695,0.00602680283173,0.00715584993318,9.82641386986
0.905993383695,0.00602680283173,0.00715584993318,9.842689991
0.91089755321,0.00606189693183,0.00680678408278,9.85948395729
0.912304840065,0.00607147617754,0.00663225115758,9.87607192993
0.912304840065,0.00607147617754,0.00663225115758,9.892993927
0.912304840065,0.00607147617754,0.00663225115758,9.90940999985
0.912304840065,0.00607147617754,0.00663225115758,9.9261059761
0.916953156645,0.00610230543259,0.00645771823238,9.94388484955
0.916953156645,0.00610230543259,0.00645771823238,9.95946598053
0.916953156645,0.00610230543259,0.00645771823238,9.97601699829
Actuacion(lineal,angular) = 0.0661602513688,-0.120455336883
0.921132381831,0.00612929406643,0.00610865238198,9.99259781837
0.921132381831,0.00612929406643,0.00610865238198,10.0096838474
0.921132381831,0.00612929406643,0.00610865238198,10.0258538723
0.921132381831,0.00612929406643,0.00610865238198,10.0438439846
0.925268970934,0.00615456336562,0.00541052068118,10.0603199005
0.925268970934,0.00615456336562,0.00541052068118,10.0768318176
0.925268970934,0.00615456336562,0.00541052068118,10.0935029984
0.929192349571,0.00617579109402,0.00506145483078,10.1114850044
0.929192349571,0.00617579109402,0.00506145483078,10.1268928051
0.929192349571,0.00617579109402,0.00506145483078,10.1440808773
0.929192349571,0.00617579109402,0.00506145483078,10.1592497826
0.932859862391,0.00619435420301,0.00453785605519,10.1777558327
0.932859862391,0.00619435420301,0.00453785605519,10.192688942
0.932859862391,0.00619435420301,0.00453785605519,10.210670948
0.932859862391,0.00619435420301,0.00453785605519,10.2262949944
0.936697966848,0.00621177108812,0.00418879020479,10.2426300049
0.936697966848,0.00621177108812,0.00418879020479,10.259608984
0.936697966848,0.00621177108812,0.00418879020479,10.2759759426
0.940493431481,0.00622766958618,0.00349065850399,10.2932569981
0.940493431481,0.00622766958618,0.00349065850399,10.3105649948
0.940493431481,0.00622766958618,0.00349065850399,10.3277139664
0.940493431481,0.00622766958618,0.00349065850399,10.3426668644
0.944246260504,0.00624076948393,0.00296705972839,10.3592858315
0.945525636198,0.00624456547917,0.00279252680319,10.3761057854
0.945525636198,0.00624456547917,0.00279252680319,10.3928639889
0.945525636198,0.00624456547917,0.00279252680319,10.4095180035
0.949491702841,0.00625564085536,0.00244346095279,10.427464962
0.949491702841,0.00625564085536,0.00244346095279,10.4430379868
0.950813726264,0.0062588711744,0.00226892802759,10.4598679543
0.950813726264,0.0062588711744,0.00226892802759,10.47701478
0.950813726264,0.0062588711744,0.00226892802759,10.4926328659
0.954566568491,0.00626738611792,0.00191986217719,10.5092699528
0.954566568491,0.00626738611792,0.00191986217719,10.5258898735
0.954566568491,0.00626738611792,0.00191986217719,10.5429329872
0.954566568491,0.00626738611792,0.00191986217719,10.5595469475
0.958404705392,0.00627475482085,0.00157079632679,10.5759468079
0.958404705392,0.00627475482085,0.00157079632679,10.592772007
0.958404705392,0.00627475482085,0.00157079632679,10.6095478535
0.962328136615,0.00628091773727,0.00122173047639,10.6263859272
0.962328136615,0.00628091773727,0.00122173047639,10.6428239346
0.962328136615,0.00628091773727,0.00122173047639,10.6592788696
0.963607516985,0.00628248079603,0.00122173047639,10.6785778999
0.963607516985,0.00628248079603,0.00122173047639,10.6925179958
0.963607516985,0.00628248079603,0.00122173047639,10.7094287872
0.964204561158,0.00628321022346,0.0010471975512,10.7263579369
0.964204561158,0.00628321022346,0.0010471975512,10.7428109646
0.964204561158,0.00628321022346,0.0010471975512,10.7597568035
0.964247207179,0.00628325488228,0.000174532925196,10.7761518955
0.964247207179,0.00628325488228,0.000174532925196,10.7928249836
0.964247207179,0.00628325488228,0.000174532925196,10.8095998764
0.964033976961,0.00628321766659,0.0010471975512,10.8260409832
0.964033976961,0.00628321766659,0.0010471975512,10.8426728249
0.964033976961,0.00628321766659,0.0010471975512,10.8594608307
0.963906038899,0.00628308369012,0.000698131700795,10.8762769699
0.963906038899,0.00628308369012,0.000698131700795,10.8927328587
0.963906038899,0.00628308369012,0.000698131700795,10.9096198082
0.963863392865,0.00628305391756,0.000872664625998,10.9260318279
0.963863392865,0.00628305391756,0.000872664625998,10.946739912
0.963863392865,0.00628305391756,0.000872664625998,10.959184885
0.963863392865,0.00628305391756,0.000872664625998,10.9760639668
0.963863392865,0.00628305391756,0.000872664625998,10.992787838
0.963863392865,0.00628305391756,0.000872664625998,11.0095608234
0.963863392865,0.00628305391756,0.000872664625998,11.026116848
0.963863392865,0.00628305391756,0.000872664625998,11.0427308083
0.963863392865,0.00628305391756,0.000872664625998,11.0593698025
0.963863392865,0.00628305391756,0.000872664625998,11.0761649609
0.963863392865,0.00628305391756,0.000872664625998,11.092705965
0.963863392865,0.00628305391756,0.000872664625998,11.1094257832
0.963863392865,0.00628305391756,0.000872664625998,11.1260039806
0.963863392865,0.00628305391756,0.000872664625998,11.1427059174
0.963863392865,0.00628305391756,0.0010471975512,11.1594338417
0.963863392865,0.00628305391756,0.0010471975512,11.1761929989
0.963863392865,0.00628305391756,0.0010471975512,11.1927189827
0.963863392865,0.00628305391756,0.0010471975512,11.2093617916
0.963863392865,0.00628305391756,0.0010471975512,11.2261378765
0.963863392865,0.00628305391756,0.0010471975512,11.2428607941
0.963863392865,0.00628305391756,0.0010471975512,11.2594308853
0.963863392865,0.00628305391756,0.0010471975512,11.2760419846
0.963863392865,0.00628305391756,0.0010471975512,11.2927107811
0.963863392865,0.00628305391756,0.0010471975512,11.3094189167
0.963863392865,0.00628305391756,0.0010471975512,11.326597929
0.963863392865,0.00628305391756,0.0010471975512,11.3427457809
0.963863392865,0.00628305391756,0.0010471975512,11.3595409393
0.963863392865,0.00628305391756,0.0010471975512,11.3761689663
0.963863392865,0.00628305391756,0.0010471975512,11.3928208351
0.963863392865,0.00628305391756,0.0010471975512,11.4096570015
0.963863392865,0.00628305391756,0.0010471975512,11.4268159866
0.963863392865,0.00628305391756,0.0010471975512,11.4434177876
0.963863392865,0.00628305391756,0.0010471975512,11.4592528343
0.963863392865,0.00628305391756,0.0010471975512,11.4768409729
0.963863392865,0.00628305391756,0.0010471975512,11.492582798
0.963863392865,0.00628305391756,0.0010471975512,11.5098679066
0.963863392865,0.00628305391756,0.0010471975512,11.526747942
0.963863392865,0.00628305391756,0.0010471975512,11.5429179668
0.963863392865,0.00628305391756,0.0010471975512,11.5594778061
0.963863392865,0.00628305391756,0.0010471975512,11.5765659809
0.963863392865,0.00628305391756,0.0010471975512,11.592799902
0.963863392865,0.00628305391756,0.0010471975512,11.6094608307
0.963863392865,0.00628305391756,0.0010471975512,11.6259269714
0.963863392865,0.00628305391756,0.0010471975512,11.6465859413
0.963863392865,0.00628305391756,0.0010471975512,11.6593809128
0.963863392865,0.00628305391756,0.0010471975512,11.6760919094
0.963863392865,0.00628305391756,0.0010471975512,11.6926908493
0.963863392865,0.00628305391756,0.0010471975512,11.7094078064
0.963863392865,0.00628305391756,0.0010471975512,11.7260668278
0.963863392865,0.00628305391756,0.0010471975512,11.7431328297
0.963863392865,0.00628305391756,0.0010471975512,11.7593998909
0.963863392865,0.00628305391756,0.0010471975512,11.7758669853
0.963863392865,0.00628305391756,0.0010471975512,11.7926428318
0.963863392865,0.00628305391756,0.0010471975512,11.8093829155
0.963863392865,0.00628305391756,0.0010471975512,11.8265559673
0.963863392865,0.00628305391756,0.0010471975512,11.8440468311
0.963863392865,0.00628305391756,0.0010471975512,11.8594419956
0.963863392865,0.00628305391756,0.0010471975512,11.8762648106
0.963863392865,0.00628305391756,0.0010471975512,11.8927299976
0.963863392865,0.00628305391756,0.0010471975512,11.9095058441
0.963863392865,0.00628305391756,0.0010471975512,11.9260509014
0.963863392865,0.00628305391756,0.0010471975512,11.9426848888
0.963863392865,0.00628305391756,0.0010471975512,11.9595389366
0.963863392865,0.00628305391756,0.0010471975512,11.9759588242
0.963863392865,0.00628305391756,0.0010471975512,11.9928178787
0.963863392865,0.00628305391756,0.0010471975512,12.0094189644
0.963863392865,0.00628305391756,0.0010471975512,12.0260357857
0.963863392865,0.00628305391756,0.0010471975512,12.0427107811
0.963863392865,0.00628305391756,0.0010471975512,12.0595269203
0.963863392865,0.00628305391756,0.0010471975512,12.0760149956
0.963863392865,0.00628305391756,0.0010471975512,12.0926759243
0.963863392865,0.00628305391756,0.0010471975512,12.1093838215
0.963863392865,0.00628305391756,0.0010471975512,12.126075983
0.963863392865,0.00628305391756,0.0010471975512,12.1426758766
0.963863392865,0.00628305391756,0.0010471975512,12.1597528458
0.963863392865,0.00628305391756,0.0010471975512,12.1766569614
0.963863392865,0.00628305391756,0.0010471975512,12.192896843
0.963863392865,0.00628305391756,0.0010471975512,12.2098309994
0.963863392865,0.00628305391756,0.0010471975512,12.2265779972
0.963863392865,0.00628305391756,0.0010471975512,12.2426719666
0.963863392865,0.00628305391756,0.0010471975512,12.2594988346
0.963863392865,0.00628305391756,0.0010471975512,12.2764987946
0.963863392865,0.00628305391756,0.0010471975512,12.2939429283
0.963863392865,0.00628305391756,0.0010471975512,12.3093388081
0.963863392865,0.00628305391756,0.0010471975512,12.3267009258
0.963863392865,0.00628305391756,0.0010471975512,12.3437788486
0.963863392865,0.00628305391756,0.0010471975512,12.360033989
0.963863392865,0.00628305391756,0.0010471975512,12.3760848045
0.963863392865,0.00628305391756,0.0010471975512,12.3929388523
0.963863392865,0.00628305391756,0.0010471975512,12.4094588757
0.963863392865,0.00628305391756,0.0010471975512,12.426060915
0.963863392865,0.00628305391756,0.0010471975512,12.4427418709
0.963863392865,0.00628305391756,0.0010471975512,12.4592239857
0.963863392865,0.00628305391756,0.0010471975512,12.4759998322
0.963863392865,0.00628305391756,0.0010471975512,12.4926199913
0.963863392865,0.00628305391756,0.0010471975512,12.5095808506
0.963863392865,0.00628305391756,0.0010471975512,12.5259509087
0.963863392865,0.00628305391756,0.0010471975512,12.5431118011
0.963863392865,0.00628305391756,0.0010471975512,12.5601220131
0.963863392865,0.00628305391756,0.0010471975512,12.5760970116
0.963863392865,0.00628305391756,0.0010471975512,12.5934948921
0.963863392865,0.00628305391756,0.0010471975512,12.6104459763
0.963863392865,0.00628305391756,0.0010471975512,12.6270639896
0.963863392865,0.00628305391756,0.0010471975512,12.6427638531
0.963863392865,0.00628305391756,0.0010471975512,12.6606218815
0.963863392865,0.00628305391756,0.0010471975512,12.6771578789
0.963863392865,0.00628305391756,0.0010471975512,12.6933939457
0.963863392865,0.00628305391756,0.0010471975512,12.7106688023
0.963863392865,0.00628305391756,0.0010471975512,12.7259697914
0.963863392865,0.00628305391756,0.0010471975512,12.7427668571
0.963863392865,0.00628305391756,0.0010471975512,12.7609038353
0.963863392865,0.00628305391756,0.0010471975512,12.7760570049
0.963863392865,0.00628305391756,0.0010471975512,12.7939929962
0.963863392865,0.00628305391756,0.0010471975512,12.8105869293
0.963863392865,0.00628305391756,0.0010471975512,12.8263449669
0.963863392865,0.00628305391756,0.0010471975512,12.8437678814
0.963863392865,0.00628305391756,0.0010471975512,12.8602199554
0.963863392865,0.00628305391756,0.0010471975512,12.8771309853
0.963863392865,0.00628305391756,0.0010471975512,12.8933088779
0.963863392865,0.00628305391756,0.0010471975512,12.9092469215
0.963863392865,0.00628305391756,0.0010471975512,12.9263129234
0.963863392865,0.00628305391756,0.0010471975512,12.9426169395
0.963863392865,0.00628305391756,0.0010471975512,12.9591758251
0.963863392865,0.00628305391756,0.0010471975512,12.9761898518
0.963863392865,0.00628305391756,0.0010471975512,12.992582798
0.963863392865,0.00628305391756,0.0010471975512,13.0093019009
0.963863392865,0.00628305391756,0.0010471975512,13.0258998871
0.963863392865,0.00628305391756,0.0010471975512,13.042662859
0.963863392865,0.00628305391756,0.0010471975512,13.0603089333
0.963863392865,0.00628305391756,0.0010471975512,13.0761389732
0.963863392865,0.00628305391756,0.0010471975512,13.0925729275
0.963863392865,0.00628305391756,0.0010471975512,13.1095128059
0.963863392865,0.00628305391756,0.0010471975512,13.1263329983
0.963863392865,0.00628305391756,0.0010471975512,13.1427938938
0.963863392865,0.00628305391756,0.0010471975512,13.1601920128
0.963863392865,0.00628305391756,0.0010471975512,13.1768918037
0.963863392865,0.00628305391756,0.0010471975512,13.1933689117
0.963863392865,0.00628305391756,0.0010471975512,13.2094459534
0.963863392865,0.00628305391756,0.0010471975512,13.2260909081
0.963863392865,0.00628305391756,0.0010471975512,13.2440209389
0.963863392865,0.00628305391756,0.0010471975512,13.2601709366
0.963863392865,0.00628305391756,0.0010471975512,13.2768788338
0.963863392865,0.00628305391756,0.0010471975512,13.2933218479
0.963863392865,0.00628305391756,0.0010471975512,13.3105828762
0.963863392865,0.00628305391756,0.0010471975512,13.3270859718
0.963863392865,0.00628305391756,0.0010471975512,13.3437049389
0.963863392865,0.00628305391756,0.0010471975512,13.3612599373
0.963863392865,0.00628305391756,0.0010471975512,13.3775918484
0.963863392865,0.00628305391756,0.0010471975512,13.3936288357
0.963863392865,0.00628305391756,0.0010471975512,13.4095938206
0.963863392865,0.00628305391756,0.0010471975512,13.4274148941
0.963863392865,0.00628305391756,0.0010471975512,13.4431068897
0.963863392865,0.00628305391756,0.0010471975512,13.4596347809
0.963863392865,0.00628305391756,0.0010471975512,13.4777009487
0.963863392865,0.00628305391756,0.0010471975512,13.4930438995
0.963863392865,0.00628305391756,0.0010471975512,13.50948596
0.963863392865,0.00628305391756,0.0010471975512,13.5263090134
0.963863392865,0.00628305391756,0.0010471975512,13.5440368652
0.963863392865,0.00628305391756,0.0010471975512,13.5598239899
0.963863392865,0.00628305391756,0.0010471975512,13.5768258572
0.963863392865,0.00628305391756,0.0010471975512,13.594285965
0.963863392865,0.00628305391756,0.0010471975512,13.6095399857
0.963863392865,0.00628305391756,0.0010471975512,13.626447916
0.963863392865,0.00628305391756,0.0010471975512,13.6428978443
0.963863392865,0.00628305391756,0.0010471975512,13.659501791
0.963863392865,0.00628305391756,0.0010471975512,13.6760649681
0.963863392865,0.00628305391756,0.0010471975512,13.6926929951
0.963863392865,0.00628305391756,0.0010471975512,13.7093019485
0.963863392865,0.00628305391756,0.0010471975512,13.725924015
0.963863392865,0.00628305391756,0.0010471975512,13.7427048683
0.963863392865,0.00628305391756,0.0010471975512,13.759210825
0.963863392865,0.00628305391756,0.0010471975512,13.7757878304
0.963863392865,0.00628305391756,0.0010471975512,13.7926189899
0.963863392865,0.00628305391756,0.0010471975512,13.8094220161
0.963863392865,0.00628305391756,0.0010471975512,13.826004982
0.963863392865,0.00628305391756,0.0010471975512,13.8426778316
0.963863392865,0.00628305391756,0.0010471975512,13.8592648506
0.963863392865,0.00628305391756,0.0010471975512,13.8760027885
0.963863392865,0.00628305391756,0.0010471975512,13.892551899
0.963863392865,0.00628305391756,0.0010471975512,13.9096570015
0.963863392865,0.00628305391756,0.0010471975512,13.9259448051
0.963863392865,0.00628305391756,0.0010471975512,13.942928791
0.963863392865,0.00628305391756,0.0010471975512,13.9593257904
0.963863392865,0.00628305391756,0.0010471975512,13.976225853
0.963863392865,0.00628305391756,0.0010471975512,13.9928147793
0.963863392865,0.00628305391756,0.0010471975512,14.0093739033
0.963863392865,0.00628305391756,0.0010471975512,14.0268778801
0.963863392865,0.00628305391756,0.0010471975512,14.0437848568
0.963863392865,0.00628305391756,0.0010471975512,14.0592827797
0.963863392865,0.00628305391756,0.0010471975512,14.0761239529
0.963863392865,0.00628305391756,0.0010471975512,14.0926878452
0.963863392865,0.00628305391756,0.0010471975512,14.1095769405
0.963863392865,0.00628305391756,0.0010471975512,14.1261198521
0.963863392865,0.00628305391756,0.0010471975512,14.1434929371
0.963863392865,0.00628305391756,0.0010471975512,14.1594619751
0.963863392865,0.00628305391756,0.0010471975512,14.1769340038
0.963863392865,0.00628305391756,0.0010471975512,14.1928319931
0.963863392865,0.00628305391756,0.0010471975512,14.2095558643
0.963863392865,0.00628305391756,0.0010471975512,14.2260138988
0.963863392865,0.00628305391756,0.0010471975512,14.2426638603
0.963863392865,0.00628305391756,0.0010471975512,14.2597408295
0.963863392865,0.00628305391756,0.0010471975512,14.2762739658
0.963863392865,0.00628305391756,0.0010471975512,14.2926959991
0.963863392865,0.00628305391756,0.0010471975512,14.3093819618
0.963863392865,0.00628305391756,0.0010471975512,14.3260560036
0.963863392865,0.00628305391756,0.0010471975512,14.3426568508
0.963863392865,0.00628305391756,0.0010471975512,14.3604638577
0.963863392865,0.00628305391756,0.0010471975512,14.376199007
0.963863392865,0.00628305391756,0.0010471975512,14.3931839466
0.963863392865,0.00628305391756,0.0010471975512,14.4093937874
0.963863392865,0.00628305391756,0.0010471975512,14.4268238544
0.963863392865,0.00628305391756,0.0010471975512,14.4428269863
0.963863392865,0.00628305391756,0.0010471975512,14.4592328072
0.963863392865,0.00628305391756,0.0010471975512,14.476036787
0.963863392865,0.00628305391756,0.0010471975512,14.492787838
0.963863392865,0.00628305391756,0.0010471975512,14.5094919205
0.963863392865,0.00628305391756,0.0010471975512,14.5259799957
0.963863392865,0.00628305391756,0.0010471975512,14.5427818298
0.963863392865,0.00628305391756,0.0010471975512,14.5594329834
0.963863392865,0.00628305391756,0.0010471975512,14.5761449337
0.963863392865,0.00628305391756,0.0010471975512,14.5929009914
0.963863392865,0.00628305391756,0.0010471975512,14.6092429161
0.963863392865,0.00628305391756,0.0010471975512,14.6261279583
0.963863392865,0.00628305391756,0.0010471975512,14.6428358555
0.963863392865,0.00628305391756,0.0010471975512,14.6595509052
0.963863392865,0.00628305391756,0.0010471975512,14.6760249138
0.963863392865,0.00628305391756,0.0010471975512,14.693874836
0.963863392865,0.00628305391756,0.0010471975512,14.70951581
0.963863392865,0.00628305391756,0.0010471975512,14.7262818813
0.963863392865,0.00628305391756,0.0010471975512,14.7429969311
0.963863392865,0.00628305391756,0.0010471975512,14.7603349686
0.963863392865,0.00628305391756,0.0010471975512,14.776870966
0.963863392865,0.00628305391756,0.0010471975512,14.7929120064
0.963863392865,0.00628305391756,0.0010471975512,14.8094139099
0.963863392865,0.00628305391756,0.0010471975512,14.826102972
0.963863392865,0.00628305391756,0.0010471975512,14.8429639339
0.963863392865,0.00628305391756,0.0010471975512,14.8595819473
0.963863392865,0.00628305391756,0.0010471975512,14.876983881
0.963863392865,0.00628305391756,0.0010471975512,14.8927288055
0.963863392865,0.00628305391756,0.0010471975512,14.9093708992
0.963863392865,0.00628305391756,0.0010471975512,14.9259538651
0.963863392865,0.00628305391756,0.0010471975512,14.9426538944
0.963863392865,0.00628305391756,0.0010471975512,14.9593968391
0.963863392865,0.00628305391756,0.0010471975512,14.9759089947
0.963863392865,0.00628305391756,0.0010471975512,14.9926438332
0.963863392865,0.00628305391756,0.0010471975512,15.0093789101
0.963863392865,0.00628305391756,0.0010471975512,15.0260369778
0.963863392865,0.00628305391756,0.0010471975512,15.0427298546
0.963863392865,0.00628305391756,0.0010471975512,15.0595958233
0.963863392865,0.00628305391756,0.0010471975512,15.0761389732
0.963863392865,0.00628305391756,0.0010471975512,15.0929069519
0.963863392865,0.00628305391756,0.0010471975512,15.1094617844
0.963863392865,0.00628305391756,0.0010471975512,15.1262128353
0.963863392865,0.00628305391756,0.0010471975512,15.1429178715
0.963863392865,0.00628305391756,0.0010471975512,15.1598849297
0.963863392865,0.00628305391756,0.0010471975512,15.1761579514
0.963863392865,0.00628305391756,0.0010471975512,15.1932389736
0.963863392865,0.00628305391756,0.0010471975512,15.2096948624
0.963863392865,0.00628305391756,0.0010471975512,15.2262189388
0.963863392865,0.00628305391756,0.0010471975512,15.2428758144
0.963863392865,0.00628305391756,0.0010471975512,15.2596628666
0.963863392865,0.00628305391756,0.0010471975512,15.2761509418
0.963863392865,0.00628305391756,0.0010471975512,15.2926559448
0.963863392865,0.00628305391756,0.0010471975512,15.3095638752
0.963863392865,0.00628305391756,0.0010471975512,15.3264129162
0.963863392865,0.00628305391756,0.0010471975512,15.3434360027
0.963863392865,0.00628305391756,0.0010471975512,15.3600289822
0.963863392865,0.00628305391756,0.0010471975512,15.376185894
0.963863392865,0.00628305391756,0.0010471975512,15.3930568695
0.963863392865,0.00628305391756,0.0010471975512,15.4108538628
0.963863392865,0.00628305391756,0.0010471975512,15.4260179996
0.963863392865,0.00628305391756,0.0010471975512,15.4428749084
0.963863392865,0.00628305391756,0.0010471975512,15.4594819546
0.963863392865,0.00628305391756,0.0010471975512,15.4759728909
0.963863392865,0.00628305391756,0.0010471975512,15.4926259518
0.963863392865,0.00628305391756,0.0010471975512,15.5094368458
0.963863392865,0.00628305391756,0.0010471975512,15.5261209011
0.963863392865,0.00628305391756,0.0010471975512,15.5427010059
0.963863392865,0.00628305391756,0.0010471975512,15.5594749451
0.963863392865,0.00628305391756,0.0010471975512,15.57593894
0.963863392865,0.00628305391756,0.0010471975512,15.5932397842
0.963863392865,0.00628305391756,0.0010471975512,15.6092939377
0.963863392865,0.00628305391756,0.0010471975512,15.6259129047
0.963863392865,0.00628305391756,0.0010471975512,15.6427469254
0.963863392865,0.00628305391756,0.0010471975512,15.6592969894
0.963863392865,0.00628305391756,0.0010471975512,15.6761968136
0.963863392865,0.00628305391756,0.0010471975512,15.6933069229
0.963863392865,0.00628305391756,0.0010471975512,15.7099728584
0.963863392865,0.00628305391756,0.0010471975512,15.7263269424
0.963863392865,0.00628305391756,0.0010471975512,15.7429578304
0.963863392865,0.00628305391756,0.0010471975512,15.759611845
0.963863392865,0.00628305391756,0.0010471975512,15.7775118351
0.963863392865,0.00628305391756,0.0010471975512,15.7929689884
0.963863392865,0.00628305391756,0.0010471975512,15.8093597889
0.963863392865,0.00628305391756,0.0010471975512,15.8262999058
0.963863392865,0.00628305391756,0.0010471975512,15.8427050114
0.963863392865,0.00628305391756,0.0010471975512,15.8597807884
0.963863392865,0.00628305391756,0.0010471975512,15.8760128021
0.963863392865,0.00628305391756,0.0010471975512,15.8928689957
0.963863392865,0.00628305391756,0.0010471975512,15.9095959663
0.963863392865,0.00628305391756,0.0010471975512,15.9278359413
0.963863392865,0.00628305391756,0.0010471975512,15.9429678917
0.963863392865,0.00628305391756,0.0010471975512,15.9612209797
0.963863392865,0.00628305391756,0.0010471975512,15.9771859646
0.963863392865,0.00628305391756,0.0010471975512,15.9953038692
0.963863392865,0.00628305391756,0.0010471975512,16.0097658634
0.963863392865,0.00628305391756,0.0010471975512,16.0263459682
0.963863392865,0.00628305391756,0.0010471975512,16.0427598953
0.963863392865,0.00628305391756,0.0010471975512,16.0595629215
0.963863392865,0.00628305391756,0.0010471975512,16.0762348175
0.963863392865,0.00628305391756,0.0010471975512,16.0927288532
0.963863392865,0.00628305391756,0.0010471975512,16.1117680073
0.963863392865,0.00628305391756,0.0010471975512,16.1267797947
0.963863392865,0.00628305391756,0.0010471975512,16.1426968575
0.963863392865,0.00628305391756,0.0010471975512,16.1598188877
0.963863392865,0.00628305391756,0.0010471975512,16.1761639118
0.963863392865,0.00628305391756,0.0010471975512,16.1928169727
0.963863392865,0.00628305391756,0.0010471975512,16.2094128132
0.963863392865,0.00628305391756,0.0010471975512,16.2259669304
0.963863392865,0.00628305391756,0.0010471975512,16.2427330017
0.963863392865,0.00628305391756,0.0010471975512,16.2594168186
0.963863392865,0.00628305391756,0.0010471975512,16.2766239643
0.963863392865,0.00628305391756,0.0010471975512,16.2928318977
0.963863392865,0.00628305391756,0.0010471975512,16.3115639687
0.963863392865,0.00628305391756,0.0010471975512,16.3260598183
0.963863392865,0.00628305391756,0.0010471975512,16.3435969353
0.963863392865,0.00628305391756,0.0010471975512,16.3599748611
0.963863392865,0.00628305391756,0.0010471975512,16.3771259785
0.963863392865,0.00628305391756,0.0010471975512,16.3933668137
0.963863392865,0.00628305391756,0.0010471975512,16.4093859196
0.963863392865,0.00628305391756,0.0010471975512,16.4271578789
0.963863392865,0.00628305391756,0.0010471975512,16.4438188076
0.963863392865,0.00628305391756,0.0010471975512,16.4611108303
0.963863392865,0.00628305391756,0.0010471975512,16.4780898094
0.963863392865,0.00628305391756,0.0010471975512,16.4948308468
0.963863392865,0.00628305391756,0.0010471975512,16.5094079971
0.963863392865,0.00628305391756,0.0010471975512,16.5280268192
0.963863392865,0.00628305391756,0.0010471975512,16.5427429676
0.963863392865,0.00628305391756,0.0010471975512,16.5611410141
0.963863392865,0.00628305391756,0.0010471975512,16.5767259598
0.963863392865,0.00628305391756,0.0010471975512,16.5929179192
0.963863392865,0.00628305391756,0.0010471975512,16.6105458736
0.963863392865,0.00628305391756,0.0010471975512,16.6282849312
0.963863392865,0.00628305391756,0.0010471975512,16.6430449486
0.963863392865,0.00628305391756,0.0010471975512,16.6601028442
0.963863392865,0.00628305391756,0.0010471975512,16.6767799854
0.963863392865,0.00628305391756,0.0010471975512,16.6930289268
0.963863392865,0.00628305391756,0.0010471975512,16.7104330063
0.963863392865,0.00628305391756,0.0010471975512,16.7292709351
0.963863392865,0.00628305391756,0.0010471975512,16.7427098751
0.963863392865,0.00628305391756,0.0010471975512,16.7604339123
0.963863392865,0.00628305391756,0.0010471975512,16.777577877
0.963863392865,0.00628305391756,0.0010471975512,16.7933428288
0.963863392865,0.00628305391756,0.0010471975512,16.809445858
0.963863392865,0.00628305391756,0.0010471975512,16.8260529041
0.963863392865,0.00628305391756,0.0010471975512,16.8427448273
0.963863392865,0.00628305391756,0.0010471975512,16.8594388962
0.963863392865,0.00628305391756,0.0010471975512,16.8761138916
0.963863392865,0.00628305391756,0.0010471975512,16.8933718204
0.963863392865,0.00628305391756,0.0010471975512,16.9106459618
0.963863392865,0.00628305391756,0.0010471975512,16.9261438847
0.963863392865,0.00628305391756,0.0010471975512,16.9428639412
0.963863392865,0.00628305391756,0.0010471975512,16.9598748684
0.963863392865,0.00628305391756,0.0010471975512,16.9763319492
0.963863392865,0.00628305391756,0.0010471975512,16.9931898117
0.963863392865,0.00628305391756,0.0010471975512,17.010434866
0.963863392865,0.00628305391756,0.0010471975512,17.0276868343
0.963863392865,0.00628305391756,0.0010471975512,17.0426928997
0.963863392865,0.00628305391756,0.0010471975512,17.0596559048
0.963863392865,0.00628305391756,0.0010471975512,17.0761218071
0.963863392865,0.00628305391756,0.0010471975512,17.0926179886
0.963863392865,0.00628305391756,0.0010471975512,17.1093859673
0.963863392865,0.00628305391756,0.0010471975512,17.1267309189
0.963863392865,0.00628305391756,0.0010471975512,17.142677784
0.963863392865,0.00628305391756,0.0010471975512,17.1595478058
0.963863392865,0.00628305391756,0.0010471975512,17.1761639118
0.963863392865,0.00628305391756,0.0010471975512,17.1929068565
0.963863392865,0.00628305391756,0.0010471975512,17.2094988823
0.963863392865,0.00628305391756,0.0010471975512,17.2261009216
0.963863392865,0.00628305391756,0.0010471975512,17.2426438332
0.963863392865,0.00628305391756,0.0010471975512,17.2595667839
0.963863392865,0.00628305391756,0.0010471975512,17.2760329247
0.963863392865,0.00628305391756,0.0010471975512,17.2930438519
0.963863392865,0.00628305391756,0.0010471975512,17.3094108105
0.963863392865,0.00628305391756,0.0010471975512,17.3266940117
0.963863392865,0.00628305391756,0.0010471975512,17.342815876
0.963863392865,0.00628305391756,0.0010471975512,17.3594219685
0.963863392865,0.00628305391756,0.0010471975512,17.3760428429
0.963863392865,0.00628305391756,0.0010471975512,17.3926758766
0.963863392865,0.00628305391756,0.0010471975512,17.4095590115
0.963863392865,0.00628305391756,0.0010471975512,17.4265089035
0.963863392865,0.00628305391756,0.0010471975512,17.4426808357
0.963863392865,0.00628305391756,0.0010471975512,17.4592399597
0.963863392865,0.00628305391756,0.0010471975512,17.4761698246
0.963863392865,0.00628305391756,0.0010471975512,17.4929339886
0.963863392865,0.00628305391756,0.0010471975512,17.50938797
0.963863392865,0.00628305391756,0.0010471975512,17.5266590118
0.963863392865,0.00628305391756,0.0010471975512,17.5427718163
0.963863392865,0.00628305391756,0.0010471975512,17.5595579147
0.963863392865,0.00628305391756,0.0010471975512,17.5766909122
0.963863392865,0.00628305391756,0.0010471975512,17.5926218033
0.963863392865,0.00628305391756,0.0010471975512,17.6102218628
0.963863392865,0.00628305391756,0.0010471975512,17.6304869652
0.963863392865,0.00628305391756,0.0010471975512,17.6427328587
0.963863392865,0.00628305391756,0.0010471975512,17.6595058441
0.963863392865,0.00628305391756,0.0010471975512,17.6761817932
0.963863392865,0.00628305391756,0.0010471975512,17.6930987835
0.963863392865,0.00628305391756,0.0010471975512,17.7096059322
0.963863392865,0.00628305391756,0.0010471975512,17.7271659374
0.963863392865,0.00628305391756,0.0010471975512,17.7443079948
0.963863392865,0.00628305391756,0.0010471975512,17.7616069317
0.963863392865,0.00628305391756,0.0010471975512,17.7760469913
0.963863392865,0.00628305391756,0.0010471975512,17.7965188026
0.963863392865,0.00628305391756,0.0010471975512,17.8093318939
0.963863392865,0.00628305391756,0.0010471975512,17.8264288902
0.963863392865,0.00628305391756,0.0010471975512,17.8441278934
0.963863392865,0.00628305391756,0.0010471975512,17.8606259823
0.963863392865,0.00628305391756,0.0010471975512,17.876240015
0.963863392865,0.00628305391756,0.0010471975512,17.892802
0.963863392865,0.00628305391756,0.0010471975512,17.9093959332
0.963863392865,0.00628305391756,0.0010471975512,17.9291679859
0.963863392865,0.00628305391756,0.0010471975512,17.9428639412
0.963863392865,0.00628305391756,0.0010471975512,17.9593038559
0.963863392865,0.00628305391756,0.0010471975512,17.9759559631
0.963863392865,0.00628305391756,0.0010471975512,17.9940857887
0.963863392865,0.00628305391756,0.0010471975512,18.009365797
0.963863392865,0.00628305391756,0.0010471975512,18.026031971
0.963863392865,0.00628305391756,0.0010471975512,18.0427138805
0.963863392865,0.00628305391756,0.0010471975512,18.0595569611
0.963863392865,0.00628305391756,0.0010471975512,18.0761299133
0.963863392865,0.00628305391756,0.0010471975512,18.0927119255
0.963863392865,0.00628305391756,0.0010471975512,18.1093440056
0.963863392865,0.00628305391756,0.0010471975512,18.130314827
0.963863392865,0.00628305391756,0.0010471975512,18.1433768272
0.963863392865,0.00628305391756,0.0010471975512,18.1606128216
0.963863392865,0.00628305391756,0.0010471975512,18.176117897
0.963863392865,0.00628305391756,0.0010471975512,18.1931838989
0.963863392865,0.00628305391756,0.0010471975512,18.2093539238
0.963863392865,0.00628305391756,0.0010471975512,18.2261350155
0.963863392865,0.00628305391756,0.0010471975512,18.242869854
0.963863392865,0.00628305391756,0.0010471975512,18.2598547935
0.963863392865,0.00628305391756,0.0010471975512,18.2762308121
0.963863392865,0.00628305391756,0.0010471975512,18.2936298847
0.963863392865,0.00628305391756,0.0010471975512,18.3093798161
0.963863392865,0.00628305391756,0.0010471975512,18.3281669617
0.963863392865,0.00628305391756,0.0010471975512,18.3437519073
0.963863392865,0.00628305391756,0.0010471975512,18.3595249653
0.963863392865,0.00628305391756,0.0010471975512,18.3760008812
0.963863392865,0.00628305391756,0.0010471975512,18.3929929733
0.963863392865,0.00628305391756,0.0010471975512,18.4094419479
0.963863392865,0.00628305391756,0.0010471975512,18.4260969162
0.963863392865,0.00628305391756,0.0010471975512,18.4425778389
0.963863392865,0.00628305391756,0.0010471975512,18.4595279694
0.963863392865,0.00628305391756,0.0010471975512,18.476462841
0.963863392865,0.00628305391756,0.0010471975512,18.4933738708
0.963863392865,0.00628305391756,0.0010471975512,18.5096399784
0.963863392865,0.00628305391756,0.0010471975512,18.5268678665
0.963863392865,0.00628305391756,0.0010471975512,18.5430338383
0.963863392865,0.00628305391756,0.0010471975512,18.5599448681
0.963863392865,0.00628305391756,0.0010471975512,18.5759518147
