0.0,0.0,0.0
0.0,0.0,0.0
0.0,0.0,0.0
0.0,0.0,0.0
0.000213230215638,-4.46588325662e-08,-0.000349065849793
0.00029852229098,-8.93176628651e-08,-0.0008726646261
0.000426460380611,-1.93521594712e-07,-0.0008726646261
0.000426460380611,-1.93521594712e-07,-0.0008726646261
0.000554398476088,-2.90282390027e-07,-0.000698131700973
0.000724982593647,-4.31702011334e-07,-0.00122173047636
0.00106615075991,-7.88972610193e-07,-0.0008726646261
0.00153525699568,-1.27277654823e-06,-0.00104719755111
0.00170584099957,-1.51095690454e-06,-0.00139626340158
0.00174848700216,-1.57050199588e-06,-0.00157079632676
0.00179113296774,-1.65237647279e-06,-0.00191986217731
0.00187642489888,-1.8161254266e-06,-0.00174532925201
0.00213230076052,-2.27015665639e-06,-0.00209439510232
0.00230288453058,-2.64231330159e-06,-0.00209439510232
0.00268669815708,-3.40895608069e-06,-0.00261799387804
0.00289992758548,-3.9895201869e-06,-0.00331612557877
0.00311315632667,-4.77849102927e-06,-0.00471238898035
0.00396606262082,-9.71326268607e-06,-0.00802851455917
0.00439250753866,-1.33454700366e-05,-0.00959931088597
0.00528802044934,-2.31181095378e-05,-0.0134390352404
0.00626876317844,-3.81675329894e-05,-0.0183259571459
0.00750524736099,-6.30556960408e-05,-0.0225147473507
0.012663606453,-0.000198965983333,-0.0331612557879
0.0174335111641,-0.000427428351366,-0.133343154852
0.0182697654297,-0.000592150492152,-0.27523842304
0.0197204813349,-0.00109212820809,-0.422369678983
0.0199897462482,-0.00122099341806,-0.544891792473
0.0205835850818,-0.00163607637231,-0.670730031541
0.0212682206032,-0.00227604055632,-0.850673477422
0.022023695709,-0.00325429795439,-1.01351269663
0.022343697408,-0.0038075913095,-1.17233765856
0.02255624737,-0.0044554536694,-1.32365770471
