0.0,0.0,0.0
0.0,0.0,0.0
0.0,0.0,0.0
0.0,0.0,0.0
0.0121967520789,-1.56752384194e-05,-0.0012217304764
0.050022959383,0.000193422564067,0.00942477796077
0.0843513495757,0.000532496675642,0.0102974425868
0.120683942702,0.000897762556724,0.0102974425868
0.152240277798,0.00122890172441,0.0106465084372
0.186824080606,0.00161331701445,0.0120427718388
0.21876364898,0.00199816263667,0.012217304764
0.248101808235,0.00236699021353,0.0132645023152
0.281319989262,0.00281983163005,0.0136135681656
0.309975273052,0.00322447185468,0.0144862327916
0.340677139445,0.00367361948871,0.0144862327916
0.369076253189,0.00409663462357,0.0151843644924
0.39440489403,0.00449345676537,0.0160570291183
0.421225655533,0.00493290978941,0.0167551608191
0.448301871949,0.00539954171006,0.0179768912955
0.474183585082,0.00587855472243,0.0193731546971
0.499424997148,0.00638324776923,0.0202458193231
0.520956735339,0.00682415594454,0.0207694180987
0.543511435869,0.00730172412799,0.0216420827247
0.566364176705,0.00780480987309,0.0226892802759
0.585890981736,0.00825038449184,0.0223402144255
0.606696909087,0.00872188186878,0.0232128790515
0.625242733961,0.00916121668781,0.0240855436775
0.643575189119,0.00960387669066,0.0246091424531
0.662717252674,0.010083566552,0.0254818070791
0.678789391555,0.010500953183,0.0265290046303
0.694647907974,0.0109303102937,0.0275762021815
0.710975045316,0.0113838294339,0.0280998009571
0.725682007237,0.0118012665001,0.0287979326579
0.7397919418,0.0122095475823,0.0293215314335
0.754455604878,0.012648723882,0.0308923277603
0.768394160999,0.0130809595875,0.0312413936107
0.780755372236,0.0134706624715,0.0319395253115
0.793073689517,0.0138674620438,0.0324631240871
0.805263867631,0.0142683591485,0.0331612557879
0.816516118074,0.0146450977036,0.0336848545635
0.827000933739,0.0150031175691,0.0343829862643
0.836888765063,0.0153490785384,0.0356047167407
0.845923812404,0.0156760289705,0.0363028484415
0.854106387447,0.015975146807,0.0368264472171
0.861606960692,0.0162526158844,0.0371755130675
0.870513725409,0.0165865634345,0.0378736447683
0.878312412504,0.0168805425068,0.0380481776935
0.881764231812,0.0170122095015,0.0385717764691
0.881764231812,0.0170122095015,0.0383972435439
0.881764231812,0.0170122095015,0.0389208423195
0.881764231812,0.0170122095015,0.0389208423195
0.88180684556,0.0170138689024,0.0396189740203
0.88180684556,0.0170138689024,0.0403171057211
0.88180684556,0.0170138689024,0.0410152374219
0.88180684556,0.0170138689024,0.0411897703471
0.88180684556,0.0170138689024,0.0415388361975
0.88180684556,0.0170138689024,0.0411897703471
0.88180684556,0.0170138689024,0.0417133691227
0.88180684556,0.0170138689024,0.0422369678983
0.88180684556,0.0170138689024,0.0427605666739
0.88180684556,0.0170138689024,0.0431096325243
0.88180684556,0.0170138689024,0.0431096325243
0.881849451338,0.0170157216607,0.0438077642251
0.881892056141,0.017017596727,0.0441568300755
0.881892056141,0.017017596727,0.0443313630007
0.881892056141,0.017017596727,0.0446804288511
0.881892056141,0.017017596727,0.0448549617763
0.881892056141,0.017017596727,0.0452040276267
0.881892056141,0.017017596727,0.0455530934771
0.881892056141,0.017017596727,0.0457276264023
0.881892056141,0.017017596727,0.0457276264023
0.881892056141,0.017017596727,0.0460766922526
0.881892056141,0.017017596727,0.0462512251779
0.881892056141,0.017017596727,0.0462512251779
0.881892056141,0.017017596727,0.0467748239535
0.881934655193,0.0170195981959,0.0471238898039
0.881934655193,0.0170195981959,0.0471238898039
0.881934655193,0.0170195981959,0.047298422729
0.881934655193,0.0170195981959,0.0474729556542
0.881934655193,0.0170195981959,0.0476474885794
0.881934655193,0.0170195981959,0.0479965544298
0.881934655193,0.0170195981959,0.0483456202802
