-0.0,0.0,0.0,0.0487179756165
-0.0,0.0,0.0,0.0653369426727
-0.0,0.0,0.0,0.0822288990021
-0.0,0.0,0.0,0.0990328788757
-0.0,0.0,0.0,0.115556955338
-0.0,0.0,0.0,0.132472038269
-0.0,0.0,0.0,0.149074077606
-0.0,0.0,0.0,0.165709972382
-0.0,0.0,0.0,0.182087898254
-0.0,0.0,0.0,0.198759078979
-0.0,0.0,0.0,0.215535879135
-0.0,0.0,0.0,0.232789039612
-0.0,0.0,0.0,0.248817920685
-0.0,0.0,0.0,0.265919923782
-0.0,0.0,0.0,0.282598018646
-0.0,0.0,0.0,0.299215078354
-0.0,0.0,0.0,0.319875955582
-0.0,0.0,0.0,0.332588911057
-0.0,0.0,0.0,0.34917807579
-0.0,0.0,0.0,0.366169929504
-0.0,0.0,0.0,0.382752895355
-0.0,0.0,0.0,0.398957014084
-0.0,0.0,0.0,0.415813922882
-0.0,0.0,0.0,0.432683944702
-0.0,0.0,0.0,0.449169874191
-0.0,0.0,0.0,0.466000080109
-0.0,0.0,0.0,0.482923984528
-0.0,0.0,0.0,0.49954199791
-0.0,0.0,0.0,0.515902042389
-0.0,0.0,0.0,0.53263092041
-0.0,0.0,0.0,0.549866914749
-0.0,0.0,0.0,0.565937995911
-0.0,0.0,0.0,0.582529067993
-0.0,0.0,0.0,0.599056005478
-0.0,0.0,0.0,0.615764856339
-0.0,0.0,0.0,0.632662057877
-0.0,0.0,0.0,0.649772882462
-0.0,0.0,0.0,0.665899991989
-0.0,0.0,0.0,0.682541847229
-0.0,0.0,0.0,0.699127912521
-0.0,0.0,0.0,0.715813875198
-0.0,0.0,0.0,0.732734918594
-0.0,0.0,0.0,0.748903989792
-0.0,0.0,0.0,0.765544891357
-0.0,0.0,0.0,0.782441854477
-0.0,0.0,0.0,0.799100875854
-0.0,0.0,0.0,0.815973997116
-0.0,0.0,0.0,0.832637071609
-0.0,0.0,0.0,0.848958969116
-0.0,0.0,0.0,0.865748882294
-0.0,0.0,0.0,0.882520914078
-0.0,0.0,0.0,0.898967027664
-0.0,0.0,0.0,0.915807962418
-0.0,0.0,0.0,0.933371067047
-0.0,0.0,0.0,0.949121952057
-0.0,0.0,0.0,0.965661048889
-0.0,0.0,0.0,0.982393026352
-0.0,0.0,0.0,1.00091004372
-0.0,0.0,0.0,1.01610898972
-0.0,0.0,0.0,1.03252792358
-0.0,0.0,0.0,1.0489449501
-0.0,0.0,0.0,1.06558203697
-0.0,0.0,0.0,1.08249902725
-0.0,0.0,0.0,1.09950304031
-0.0,0.0,0.0,1.11624598503
-0.0,0.0,0.0,1.13266801834
-0.0,0.0,0.0,1.14911293983
-0.0,0.0,0.0,1.16611099243
-0.0,0.0,0.0,1.18248105049
-0.0,0.0,0.0,1.19938206673
-0.0,0.0,0.0,1.2163939476
-0.0,0.0,0.0,1.23304605484
-0.0,0.0,0.0,1.24950289726
-0.0,0.0,0.0,1.26553106308
-0.0,0.0,0.0,1.28210997581
-0.0,0.0,0.0,1.29909205437
-0.0,0.0,0.0,1.31546497345
-0.0,0.0,0.0,1.33235192299
-0.0,0.0,0.0,1.34916687012
-0.0,0.0,0.0,1.366355896
-0.0,0.0,0.0,1.38244485855
-0.0,0.0,0.0,1.39904499054
-0.0,0.0,0.0,1.41571998596
-0.0,0.0,0.0,1.43439602852
-0.0,0.0,0.0,1.44915390015
-0.0,0.0,0.0,1.46604704857
-0.0,0.0,0.0,1.4825398922
-0.0,0.0,0.0,1.49938797951
-0.0,0.0,0.0,1.51557707787
-0.0,0.0,0.0,1.53271198273
-0.0,0.0,0.0,1.54916405678
-0.0,0.0,0.0,1.56605291367
-0.0,0.0,0.0,1.58244395256
-0.0,0.0,0.0,1.60055303574
-0.0,0.0,0.0,1.61571788788
-0.0,0.0,0.0,1.63263702393
-0.0,0.0,0.0,1.64915394783
-0.0,0.0,0.0,1.66600489616
-0.0,0.0,0.0,1.68260502815
-0.0,0.0,0.0,1.70156002045
-0.0,0.0,0.0,1.71577787399
-0.0,0.0,0.0,1.73233389854
-0.0,0.0,0.0,1.74899792671
-0.0,0.0,0.0,1.76585507393
-0.0,0.0,0.0,1.78265094757
-0.0,0.0,0.0,1.79935288429
-0.0,0.0,0.0,1.81570696831
-0.0,0.0,0.0,1.83239984512
-0.0,0.0,0.0,1.84948301315
-0.0,0.0,0.0,1.86597490311
-0.0,0.0,0.0,1.88238596916
-0.0,0.0,0.0,1.89887905121
-0.0,0.0,0.0,1.91582989693
-0.0,0.0,0.0,1.93364286423
-0.0,0.0,0.0,1.94915485382
-0.0,0.0,0.0,1.96585392952
-0.0,0.0,0.0,1.98266196251
-0.0,0.0,0.0,2.00136399269
-0.0,0.0,0.0,2.01574087143
-0.0,0.0,0.0,2.03262090683
-0.0,0.0,0.0,2.04917097092
-0.0,0.0,0.0,2.06587600708
-0.0,0.0,0.0,2.08270788193
-0.0,0.0,0.0,2.09955787659
-0.0,0.0,0.0,2.11599302292
-0.0,0.0,0.0,2.13598799706
-0.0,0.0,0.0,2.14897203445
-0.0,0.0,0.0,2.16618299484
-0.0,0.0,0.0,2.18253993988
-0.0,0.0,0.0,2.19905805588
-0.0,0.0,0.0,2.21610188484
-0.0,0.0,0.0,2.23251485825
-0.0,0.0,0.0,2.24933099747
-0.0,0.0,0.0,2.26576900482
-0.0,0.0,0.0,2.28232192993
-0.0,0.0,0.0,2.2991900444
-0.0,0.0,0.0,2.31578993797
-0.0,0.0,0.0,2.33255887032
-0.0,0.0,0.0,2.34904503822
-0.0,0.0,0.0,2.36611390114
-0.0,0.0,0.0,2.38262200356
-0.0,0.0,0.0,2.39923286438
-0.0,0.0,0.0,2.41668105125
-0.0,0.0,0.0,2.43313097954
-0.0,0.0,0.0,2.44888186455
-0.0,0.0,0.0,2.46585607529
-0.0,0.0,0.0,2.48220801353
-0.0,0.0,0.0,2.4988360405
-0.0,0.0,0.0,2.51547193527
-0.0,0.0,0.0,2.53258490562
-0.0,0.0,0.0,2.54931592941
-0.0,0.0,0.0,2.56651592255
-0.0,0.0,0.0,2.58250403404
-0.0,0.0,0.0,2.59905791283
-0.0,0.0,0.0,2.61575603485
-0.0,0.0,0.0,2.63675999641
-0.0,0.0,0.0,2.64896297455
-0.0,0.0,0.0,2.66579985619
-0.0,0.0,0.0,2.68245697021
-0.0,0.0,0.0,2.6993689537
-0.0,0.0,0.0,2.71572899818
-0.0,0.0,0.0,2.73235106468
-0.0,0.0,0.0,2.74898695946
-0.0,0.0,0.0,2.76570606232
-0.0,0.0,0.0,2.78229784966
-0.0,0.0,0.0,2.79921507835
-0.0,0.0,0.0,2.81609988213
-0.0,0.0,0.0,2.83271193504
-0.0,0.0,0.0,2.84915399551
-0.0,0.0,0.0,2.86567997932
-0.0,0.0,0.0,2.88228392601
-0.0,0.0,0.0,2.90369606018
-0.0,0.0,0.0,2.91589403152
-0.0,0.0,0.0,2.93279194832
-0.0,0.0,0.0,2.94920802116
-0.0,0.0,0.0,2.96577095985
-0.0,0.0,0.0,2.98250603676
-0.0,0.0,0.0,2.99930000305
-0.0,0.0,0.0,3.01578402519
-0.0,0.0,0.0,3.03257393837
-0.0,0.0,0.0,3.04921793938
-0.0,0.0,0.0,3.06597304344
-0.0,0.0,0.0,3.08252000809
-0.0,0.0,0.0,3.09933900833
-0.0,0.0,0.0,3.11585307121
-0.0,0.0,0.0,3.13231992722
-0.0,0.0,0.0,3.14895105362
-0.0,0.0,0.0,3.16700387001
-0.0,0.0,0.0,3.18244385719
-0.0,0.0,0.0,3.1991288662
-0.0,0.0,0.0,3.21562695503
-0.0,0.0,0.0,3.23259997368
-0.0,0.0,0.0,3.24895095825
-0.0,0.0,0.0,3.26625204086
-0.0,0.0,0.0,3.28256106377
-0.0,0.0,0.0,3.29917287827
-0.0,0.0,0.0,3.3157479763
-0.0,0.0,0.0,3.33256101608
-0.0,0.0,0.0,3.34917092323
-0.0,0.0,0.0,3.36728692055
-0.0,0.0,0.0,3.38257002831
-0.0,0.0,0.0,3.40062594414
-0.0,0.0,0.0,3.41663098335
-0.0,0.0,0.0,3.43248486519
-0.0,0.0,0.0,3.44908189774
-0.0,0.0,0.0,3.46658706665
-0.0,0.0,0.0,3.48257088661
-0.0,0.0,0.0,3.50102686882
-0.0,0.0,0.0,3.51788401604
-0.0,0.0,0.0,3.53377485275
-0.0,0.0,0.0,3.54952692986
-0.0,0.0,0.0,3.56836390495
-0.0,0.0,0.0,3.58320307732
-0.0,0.0,0.0,3.59929990768
-0.0,0.0,0.0,3.617841959
-0.0,0.0,0.0,3.63332390785
-0.0,0.0,0.0,3.65010285378
-0.0,0.0,0.0,3.66743087769
-0.0,0.0,0.0,3.68232989311
-0.0,0.0,0.0,3.70417690277
-0.0,0.0,0.0,3.71623301506
-0.0,0.0,0.0,3.73394584656
-0.0,0.0,0.0,3.75012588501
-0.0,0.0,0.0,3.76669788361
-0.0,0.0,0.0,3.78231191635
-0.0,0.0,0.0,3.80040097237
-0.0,0.0,0.0,3.81707906723
-0.0,0.0,0.0,3.83384084702
-0.0,0.0,0.0,3.8502779007
-0.0,0.0,0.0,3.86959195137
-0.0,0.0,0.0,3.88223099709
-0.0,0.0,0.0,3.89925694466
-0.0,0.0,0.0,3.91586494446
-0.0,0.0,0.0,3.93283390999
-0.0,0.0,0.0,3.94918584824
-0.0,0.0,0.0,3.96688389778
-0.0,0.0,0.0,3.98232793808
-0.0,0.0,0.0,3.99918699265
-0.0,0.0,0.0,4.0165989399
-0.0,0.0,0.0,4.03233098984
-0.0,0.0,0.0,4.0493118763
-0.0,0.0,0.0,4.06738495827
-0.0,0.0,0.0,4.08256292343
-0.0,0.0,0.0,4.09918785095
-0.0,0.0,0.0,4.1157310009
-0.0,0.0,0.0,4.1333220005
-0.0,0.0,0.0,4.14923191071
-0.0,0.0,0.0,4.16583490372
-0.0,0.0,0.0,4.1823580265
-0.0,0.0,0.0,4.19935107231
-0.0,0.0,0.0,4.21560788155
-0.0,0.0,0.0,4.23264694214
-0.0,0.0,0.0,4.24921488762
-0.0,0.0,0.0,4.26581597328
-0.0,0.0,0.0,4.28238892555
-0.0,0.0,0.0,4.29928994179
-0.0,0.0,0.0,4.31581687927
-0.0,0.0,0.0,4.3350789547
-0.0,0.0,0.0,4.34924602509
-0.0,0.0,0.0,4.36579394341
-0.0,0.0,0.0,4.38229107857
-0.0,0.0,0.0,4.39933085442
-0.0,0.0,0.0,4.41721987724
-0.0,0.0,0.0,4.43427085876
-0.0,0.0,0.0,4.44964003563
-0.0,0.0,0.0,4.46618795395
-0.0,0.0,0.0,4.48298788071
-0.0,0.0,0.0,4.50042295456
-0.0,0.0,0.0,4.51780390739
-0.0,0.0,0.0,4.53398799896
-0.0,0.0,0.0,4.54914689064
-0.0,0.0,0.0,4.56696486473
-0.0,0.0,0.0,4.58233189583
-0.0,0.0,0.0,4.60071706772
-0.0,0.0,0.0,4.61563897133
-0.0,0.0,0.0,4.63324403763
-0.0,0.0,0.0,4.64978504181
-0.0,0.0,0.0,4.66660904884
-0.0,0.0,0.0,4.68241786957
-0.0,0.0,0.0,4.69902586937
-0.0,0.0,0.0,4.71573805809
-0.0,0.0,0.0,4.73253488541
-0.0,0.0,0.0,4.74916505814
-0.0,0.0,0.0,4.76644802094
-0.0,0.0,0.0,4.78231596947
-0.0,0.0,0.0,4.79904103279
-0.0,0.0,0.0,4.81626200676
-0.0,0.0,0.0,4.83256387711
-0.0,0.0,0.0,4.84901285172
-0.0,0.0,0.0,4.86562991142
-0.0,0.0,0.0,4.88312506676
-0.0,0.0,0.0,4.89921307564
-0.0,0.0,0.0,4.91580200195
-0.0,0.0,0.0,4.93269085884
-0.0,0.0,0.0,4.94917798042
-0.0,0.0,0.0,4.96591806412
-0.0,0.0,0.0,4.98324203491
-0.0,0.0,0.0,4.99947786331
-0.0,0.0,0.0,5.01673293114
-0.0,0.0,0.0,5.03275203705
-0.0,0.0,0.0,5.04911184311
-0.0,0.0,0.0,5.06564497948
-0.0,0.0,0.0,5.08320784569
-0.0,0.0,0.0,5.09893488884
-0.0,0.0,0.0,5.11568188667
-0.0,0.0,0.0,5.13245105743
-0.0,0.0,0.0,5.14914894104
-0.0,0.0,0.0,5.16597700119
-0.0,0.0,0.0,5.18249106407
-0.0,0.0,0.0,5.19901895523
-0.0,0.0,0.0,5.21559596062
-0.0,0.0,0.0,5.23240685463
-0.0,0.0,0.0,5.24886584282
-0.0,0.0,0.0,5.26565885544
-0.0,0.0,0.0,5.28215098381
-0.0,0.0,0.0,5.29898190498
-0.0,0.0,0.0,5.31566905975
-0.0,0.0,0.0,5.3323700428
-0.0,0.0,0.0,5.34900188446
-0.0,0.0,0.0,5.36567497253
-0.0,0.0,0.0,5.38224101067
-0.0,0.0,0.0,5.39911794662
-0.0,0.0,0.0,5.41581606865
-0.0,0.0,0.0,5.43257594109
-0.0,0.0,0.0,5.44908905029
-0.0,0.0,0.0,5.46579504013
-0.0,0.0,0.0,5.48242807388
-0.0,0.0,0.0,5.49921298027
-0.0,0.0,0.0,5.51568198204
-0.0,0.0,0.0,5.53230595589
-0.0,0.0,0.0,5.54911088943
-0.0,0.0,0.0,5.56594896317
-0.0,0.0,0.0,5.58241796494
-0.0,0.0,0.0,5.59906697273
-0.0,0.0,0.0,5.61565589905
-0.0,0.0,0.0,5.63236284256
-0.0,0.0,0.0,5.64900588989
-0.0,0.0,0.0,5.66562795639
-0.0,0.0,0.0,5.68227696419
-0.0,0.0,0.0,5.69926691055
-0.0,0.0,0.0,5.71570205688
-0.0,0.0,0.0,5.73257994652
-0.0,0.0,0.0,5.74903488159
-0.0,0.0,0.0,5.76581597328
-0.0,0.0,0.0,5.78251695633
-0.0,0.0,0.0,5.79905295372
-0.0,0.0,0.0,5.8159070015
-0.0,0.0,0.0,5.83232784271
-0.0,0.0,0.0,5.84945607185
-0.0,0.0,0.0,5.86580204964
-0.0,0.0,0.0,5.88247895241
-0.0,0.0,0.0,5.89903306961
-0.0,0.0,0.0,5.91570806503
-0.0,0.0,0.0,5.9329969883
-0.0,0.0,0.0,5.94908690453
-0.0,0.0,0.0,5.9657599926
-0.0,0.0,0.0,5.98255801201
-0.0,0.0,0.0,5.99915194511
-0.0,0.0,0.0,6.01570796967
-0.0,0.0,0.0,6.03282284737
-0.0,0.0,0.0,6.04926300049
-0.0,0.0,0.0,6.06577706337
-0.0,0.0,0.0,6.08264684677
-0.0,0.0,0.0,6.09938788414
-0.0,0.0,0.0,6.11611390114
-0.0,0.0,0.0,6.13294386864
-0.0,0.0,0.0,6.14906001091
-0.0,0.0,0.0,6.16576194763
-0.0,0.0,0.0,6.18302202225
-0.0,0.0,0.0,6.19935107231
-0.0,0.0,0.0,6.2163670063
-0.0,0.0,0.0,6.2322640419
-0.0,0.0,0.0,6.24938702583
-0.0,0.0,0.0,6.267152071
-0.0,0.0,0.0,6.28249692917
-0.0,0.0,0.0,6.29944086075
-0.0,0.0,0.0,6.31629300117
-0.0,0.0,0.0,6.33247089386
-0.0,0.0,0.0,6.3490729332
-0.0,0.0,0.0,6.36582493782
-0.0,0.0,0.0,6.38258385658
-0.0,0.0,0.0,6.39923000336
-0.0,0.0,0.0,6.41601085663
-0.0,0.0,0.0,6.43260192871
-0.0,0.0,0.0,6.44931697845
-0.0,0.0,0.0,6.46581792831
-0.0,0.0,0.0,6.48246192932
-0.0,0.0,0.0,6.49945402145
-0.0,0.0,0.0,6.51588106155
-0.0,0.0,0.0,6.53239989281
-0.0,0.0,0.0,6.54914903641
-0.0,0.0,0.0,6.56577706337
-0.0,0.0,0.0,6.58248400688
-0.0,0.0,0.0,6.59920191765
-0.0,0.0,0.0,6.61564707756
-0.0,0.0,0.0,6.63234305382
-0.0,0.0,0.0,6.64897584915
-0.0,0.0,0.0,6.66565489769
-0.0,0.0,0.0,6.68229198456
-0.0,0.0,0.0,6.69900202751
-0.0,0.0,0.0,6.71558785439
-0.0,0.0,0.0,6.73237800598
-0.0,0.0,0.0,6.74890685081
-0.0,0.0,0.0,6.76558899879
-0.0,0.0,0.0,6.78221702576
-0.0,0.0,0.0,6.79895591736
-0.0,0.0,0.0,6.81568408012
-0.0,0.0,0.0,6.83237504959
-0.0,0.0,0.0,6.84897303581
-0.0,0.0,0.0,6.86565184593
-0.0,0.0,0.0,6.88240003586
-0.0,0.0,0.0,6.89919805527
-0.0,0.0,0.0,6.9156639576
-0.0,0.0,0.0,6.93240904808
-0.0,0.0,0.0,6.94901299477
-0.0,0.0,0.0,6.96559405327
-0.0,0.0,0.0,6.9829390049
-0.0,0.0,0.0,6.99894595146
-0.0,0.0,0.0,7.01562786102
-0.0,0.0,0.0,7.03232192993
-0.0,0.0,0.0,7.04885196686
-0.0,0.0,0.0,7.06548404694
-0.0,0.0,0.0,7.08214497566
-0.0,0.0,0.0,7.09874987602
-0.0,0.0,0.0,7.11557388306
-0.0,0.0,0.0,7.13228607178
-0.0,0.0,0.0,7.14891505241
-0.0,0.0,0.0,7.16559505463
-0.0,0.0,0.0,7.18230295181
-0.0,0.0,0.0,7.19896888733
-0.0,0.0,0.0,7.21555399895
-0.0,0.0,0.0,7.23231887817
-0.0,0.0,0.0,7.24891400337
-0.0,0.0,0.0,7.26567697525
-0.0,0.0,0.0,7.28229188919
-0.0,0.0,0.0,7.29904484749
-0.0,0.0,0.0,7.31589102745
-0.0,0.0,0.0,7.33235692978
-0.0,0.0,0.0,7.34904384613
-0.0,0.0,0.0,7.36585998535
-0.0,0.0,0.0,7.38276290894
-0.0,0.0,0.0,7.3992638588
-0.0,0.0,0.0,7.41569304466
-0.0,0.0,0.0,7.43220186234
-0.0,0.0,0.0,7.4489159584
-0.0,0.0,0.0,7.46551799774
-0.0,0.0,0.0,7.4824180603
-0.0,0.0,0.0,7.49886107445
-0.0,0.0,0.0,7.5163538456
-0.0,0.0,0.0,7.53243088722
-0.0,0.0,0.0,7.5489320755
-0.0,0.0,0.0,7.56565904617
-0.0,0.0,0.0,7.58228993416
-0.0,0.0,0.0,7.59958291054
-0.0,0.0,0.0,7.61625599861
-0.0,0.0,0.0,7.63236093521
-0.0,0.0,0.0,7.64886188507
-0.0,0.0,0.0,7.66577792168
-0.0,0.0,0.0,7.68280696869
-0.0,0.0,0.0,7.69901704788
-0.0,0.0,0.0,7.71584105492
-0.0,0.0,0.0,7.7325398922
-0.0,0.0,0.0,7.74894785881
-0.0,0.0,0.0,7.76560091972
-0.0,0.0,0.0,7.78311085701
-0.0,0.0,0.0,7.79890298843
-0.0,0.0,0.0,7.81571602821
-0.0,0.0,0.0,7.83250904083
-0.0,0.0,0.0,7.84895396233
-0.0,0.0,0.0,7.86566185951
-0.0,0.0,0.0,7.88240003586
-0.0,0.0,0.0,7.89912986755
Actuacion(lineal,angular) = 0.0400088310242,0.0
-0.0,0.0,0.0,7.91757297516
-0.0,0.0,0.0,7.93258500099
-0.0,0.0,0.0,7.94899106026
-0.0,0.0,0.0,7.96583390236
-0.0,0.0,0.0,7.9834048748
-0.0,0.0,0.0,7.99897503853
-0.0,0.0,0.0,8.01646184921
-0.0,0.0,0.0,8.0322458744
-0.0,0.0,0.0,8.04895496368
4.26460441668e-05,6.72401011552e-16,0.0,8.06575393677
4.26460441668e-05,6.72401011552e-16,0.0,8.08285999298
4.26460441668e-05,6.72401011552e-16,0.0,8.10026502609
Actuacion(lineal,angular) = 0.0800070285797,-1.13106273125e-15
0.000980859015835,1.20488742681e-15,-0.000174532925199,8.11597299576
0.000980859015835,1.20488742681e-15,-0.000174532925199,8.13232803345
0.00110879714639,-2.23294153957e-08,-0.000174532925199,8.14890003204
0.00110879714639,-2.23294153957e-08,-0.000174532925199,8.16620492935
0.00110879714639,-2.23294153957e-08,-0.000174532925199,8.18272089958
0.00260140866949,-2.8283927336e-07,-0.000174532925199,8.19892692566
0.00260140866949,-2.8283927336e-07,-0.000174532925199,8.21556997299
0.00260140866949,-2.8283927336e-07,-0.000174532925199,8.23243188858
0.00260140866949,-2.8283927336e-07,-0.000174532925199,8.24889993668
0.00469106480183,-6.47553074864e-07,-0.000349065850399,8.26566505432
0.00579986188262,-1.03459628687e-06,-0.000174532925199,8.28265690804
0.00579986188262,-1.03459628687e-06,-0.000174532925199,8.29952788353
Actuacion(lineal,angular) = 0.120010232925,0.000326883873974
0.00579986188262,-1.03459628687e-06,-0.000174532925199,8.316218853
0.00579986188262,-1.03459628687e-06,-0.000174532925199,8.33279395103
0.00869979284179,-1.54072972566e-06,-0.000349065850399,8.34893298149
0.00968065179787,-1.88311410476e-06,-0.000174532925199,8.36576390266
0.00968065179787,-1.88311410476e-06,-0.000174532925199,8.38240003586
0.00968065179787,-1.88311410476e-06,-0.000174532925199,8.39920186996
0.013817318019,-2.60509856831e-06,0.0,8.41578984261
0.013817318019,-2.60509856831e-06,0.0,8.43311500549
0.013817318019,-2.60509856831e-06,0.0,8.4490840435
0.013817318019,-2.60509856831e-06,0.0,8.46555089951
0.018678967054,-2.60509856829e-06,0.0,8.48274803162
0.018678967054,-2.60509856829e-06,0.0,8.4994790554
0.018678967054,-2.60509856829e-06,0.0,8.5157790184
0.018678967054,-2.60509856829e-06,0.0,8.53255796432
0.0234979700449,-2.60509856894e-06,0.000349065850399,8.55035400391
0.0252038117076,-2.00964747415e-06,0.000174532925199,8.56594586372
0.0252038117076,-2.00964747415e-06,0.000174532925199,8.58255791664
0.0252038117076,-2.00964747415e-06,0.000174532925199,8.5990190506
0.0302786908862,-1.1239139563e-06,0.000174532925199,8.61570191383
0.0302786908862,-1.1239139563e-06,0.000174532925199,8.6331949234
0.0302786908862,-1.1239139563e-06,0.000174532925199,8.64908385277
0.0302786908862,-1.1239139563e-06,0.000174532925199,8.66565203667
0.0352256319342,-2.60509856041e-07,0.000349065850399,8.68229389191
0.0352256319342,-2.60509856041e-07,0.000349065850399,8.69929599762
0.0352256319342,-2.60509856041e-07,0.000349065850399,8.71629190445
0.0352256319342,-2.60509856041e-07,0.000349065850399,8.73239588737
0.0401299267146,1.45141204236e-06,0.000174532925199,8.74901890755
0.0401299267146,1.45141204236e-06,0.000174532925199,8.76577496529
0.0401299267146,1.45141204236e-06,0.000174532925199,8.78226900101
0.0450768677626,2.31481614262e-06,0.0,8.79885292053
0.0450768677626,2.31481614262e-06,0.0,8.81663584709
0.0450768677626,2.31481614262e-06,0.0,8.83228206635
0.0450768677626,2.31481614262e-06,0.0,8.84974503517
0.0501091009742,2.31481614177e-06,0.000349065850399,8.86601805687
0.0501091009742,2.31481614177e-06,0.000349065850399,8.88270807266
0.0501091009742,2.31481614177e-06,0.000349065850399,8.89903497696
0.0551413338793,4.0713968721e-06,0.000174532925199,8.91558098793
0.0551413338793,4.0713968721e-06,0.000174532925199,8.9330830574
0.0551413338793,4.0713968721e-06,0.000174532925199,8.94914197922
0.0551413338793,4.0713968721e-06,0.000174532925199,8.96575188637
0.0601309209709,4.94224411215e-06,0.000523598775598,8.98247694969
0.0618367625037,5.83542073192e-06,0.000523598775598,8.99947190285
0.0618367625037,5.83542073192e-06,0.000523598775598,9.01611590385
0.0618367625037,5.83542073192e-06,0.000523598775598,9.03274297714
0.0618367625037,5.83542073192e-06,0.000523598775598,9.04888892174
0.0668263489872,8.44796234444e-06,-0.000174532925199,9.06563687325
0.0684895446844,8.15767993042e-06,0.000174532925199,9.08237504959
0.0684895446844,8.15767993042e-06,0.000174532925199,9.09888005257
0.0684895446844,8.15767993042e-06,0.000174532925199,9.11583995819
0.0695983418159,8.35120153833e-06,0.0,9.13247990608
0.0695983418159,8.35120153833e-06,0.0,9.1490418911
0.0695983418159,8.35120153833e-06,0.0,9.16560196877
0.0695983418159,8.35120153833e-06,0.0,9.18224406242
0.0702380324784,8.35120153772e-06,0.000872664625997,9.19898605347
0.0702380324784,8.35120153772e-06,0.000872664625997,9.2156419754
0.0702380324784,8.35120153772e-06,0.000872664625997,9.23245787621
0.0702380324784,8.35120153772e-06,0.000872664625997,9.24936389923
0.0701100943946,8.23955446851e-06,0.000698131700797,9.2662320137
0.0701100943946,8.23955446851e-06,0.000698131700797,9.28250193596
0.0701100943946,8.23955446851e-06,0.000698131700797,9.2993118763
0.0700674483608,8.20978191563e-06,0.000698131700797,9.31566500664
0.0700674483608,8.20978191563e-06,0.000698131700797,9.33225989342
0.0700674483608,8.20978191563e-06,0.000698131700797,9.34901189804
0.0700674483608,8.20978191563e-06,0.000698131700797,9.36561799049
0.0700674483608,8.20978191563e-06,0.000698131700797,9.38238501549
0.0700674483608,8.20978191563e-06,0.000698131700797,9.39913606644
0.0700674483608,8.20978191563e-06,0.000698131700797,9.41575288773
0.0700674483608,8.20978191563e-06,0.000698131700797,9.43233585358
0.0700674483608,8.20978191563e-06,0.000698131700797,9.45005202293
0.0700674483608,8.20978191563e-06,0.000698131700797,9.46571302414
0.0700674483608,8.20978191563e-06,0.000698131700797,9.48249793053
0.0700674483608,8.20978191563e-06,0.000698131700797,9.49892091751
0.0700674483608,8.20978191563e-06,0.000698131700797,9.51565384865
0.0700674483608,8.20978191563e-06,0.000698131700797,9.5331799984
0.0700674483608,8.20978191563e-06,0.000698131700797,9.54893088341
0.0700674483608,8.20978191563e-06,0.000698131700797,9.56553387642
0.0700674483608,8.20978191563e-06,0.000698131700797,9.58243894577
0.0700674483608,8.20978191563e-06,0.000698131700797,9.59890604019
0.0700674483608,8.20978191563e-06,0.000698131700797,9.61574888229
0.0700674483608,8.20978191563e-06,0.000698131700797,9.63229990005
0.0700674483608,8.20978191563e-06,0.000698131700797,9.64904594421
0.0700674483608,8.20978191563e-06,0.000698131700797,9.66570806503
0.0700674483608,8.20978191563e-06,0.000698131700797,9.68258595467
0.0700674483608,8.20978191563e-06,0.000698131700797,9.69931387901
0.0700674483608,8.20978191563e-06,0.000698131700797,9.71576404572
0.0700674483608,8.20978191563e-06,0.000698131700797,9.73227190971
0.0700674483608,8.20978191563e-06,0.000698131700797,9.74888706207
0.0700674483608,8.20978191563e-06,0.000698131700797,9.76567196846
0.0700674483608,8.20978191563e-06,0.000698131700797,9.78234887123
0.0700674483608,8.20978191563e-06,0.000698131700797,9.79911088943
0.0700674483608,8.20978191563e-06,0.000698131700797,9.81571602821
0.0700674483608,8.20978191563e-06,0.000698131700797,9.83239984512
0.0700674483608,8.20978191563e-06,0.000698131700797,9.84899306297
0.0700674483608,8.20978191563e-06,0.000698131700797,9.8656039238
0.0700674483608,8.20978191563e-06,0.000698131700797,9.88249087334
0.0700674483608,8.20978191563e-06,0.000698131700797,9.89883804321
0.0700674483608,8.20978191563e-06,0.000698131700797,9.91557407379
0.0700674483608,8.20978191563e-06,0.000698131700797,9.9323990345
0.0700674483608,8.20978191563e-06,0.000698131700797,9.94905090332
0.0700674483608,8.20978191563e-06,0.000698131700797,9.96564102173
0.0700674483608,8.20978191563e-06,0.000698131700797,9.98240590096
0.0700674483608,8.20978191563e-06,0.000698131700797,9.9990530014
0.0700674483608,8.20978191563e-06,0.000698131700797,10.0164279938
0.0700674483608,8.20978191563e-06,0.000698131700797,10.0323860645
0.0700674483608,8.20978191563e-06,0.000698131700797,10.0491130352
0.0700674483608,8.20978191563e-06,0.000698131700797,10.0656349659
0.0700674483608,8.20978191563e-06,0.000698131700797,10.0825228691
0.0700674483608,8.20978191563e-06,0.000698131700797,10.0991110802
0.0700674483608,8.20978191563e-06,0.000698131700797,10.1156198978
0.0700674483608,8.20978191563e-06,0.000698131700797,10.1324820518
0.0700674483608,8.20978191563e-06,0.000698131700797,10.1492519379
0.0700674483608,8.20978191563e-06,0.000698131700797,10.1665248871
0.0700674483608,8.20978191563e-06,0.000698131700797,10.1825258732
0.0700674483608,8.20978191563e-06,0.000698131700797,10.1991000175
0.0700674483608,8.20978191563e-06,0.000698131700797,10.2158908844
0.0700674483608,8.20978191563e-06,0.000698131700797,10.2322719097
0.0700674483608,8.20978191563e-06,0.000698131700797,10.2490019798
0.0700674483608,8.20978191563e-06,0.000698131700797,10.265447855
0.0700674483608,8.20978191563e-06,0.000698131700797,10.282325983
0.0700674483608,8.20978191563e-06,0.000698131700797,10.2988638878
0.0700674483608,8.20978191563e-06,0.000698131700797,10.3156840801
0.0700674483608,8.20978191563e-06,0.000698131700797,10.332326889
0.0700674483608,8.20978191563e-06,0.000698131700797,10.3488900661
0.0700674483608,8.20978191563e-06,0.000698131700797,10.3656129837
0.0700674483608,8.20978191563e-06,0.000698131700797,10.3823049068
0.0700674483608,8.20978191563e-06,0.000698131700797,10.3991029263
0.0700674483608,8.20978191563e-06,0.000698131700797,10.4156348705
0.0700674483608,8.20978191563e-06,0.000698131700797,10.4323308468
0.0700674483608,8.20978191563e-06,0.000698131700797,10.4493510723
0.0700674483608,8.20978191563e-06,0.000698131700797,10.4656920433
0.0700674483608,8.20978191563e-06,0.000698131700797,10.4828159809
0.0700674483608,8.20978191563e-06,0.000698131700797,10.4990670681
0.0700674483608,8.20978191563e-06,0.000698131700797,10.5157558918
0.0700674483608,8.20978191563e-06,0.000698131700797,10.532793045
0.0700674483608,8.20978191563e-06,0.000698131700797,10.5490849018
0.0700674483608,8.20978191563e-06,0.000698131700797,10.5655939579
0.0700674483608,8.20978191563e-06,0.000698131700797,10.5822579861
0.0700674483608,8.20978191563e-06,0.000698131700797,10.599462986
0.0700674483608,8.20978191563e-06,0.000698131700797,10.6157739162
0.0700674483608,8.20978191563e-06,0.000698131700797,10.6330699921
0.0700674483608,8.20978191563e-06,0.000698131700797,10.649242878
0.0700674483608,8.20978191563e-06,0.000698131700797,10.6656410694
0.0700674483608,8.20978191563e-06,0.000698131700797,10.682487011
0.0700674483608,8.20978191563e-06,0.000698131700797,10.6990809441
0.0700674483608,8.20978191563e-06,0.000698131700797,10.7158379555
0.0700674483608,8.20978191563e-06,0.000698131700797,10.7326319218
0.0700674483608,8.20978191563e-06,0.000698131700797,10.7491300106
0.0700674483608,8.20978191563e-06,0.000698131700797,10.7657220364
0.0700674483608,8.20978191563e-06,0.000698131700797,10.7825939655
0.0700674483608,8.20978191563e-06,0.000698131700797,10.7990949154
0.0700674483608,8.20978191563e-06,0.000698131700797,10.8156869411
0.0700674483608,8.20978191563e-06,0.000698131700797,10.8325049877
0.0700674483608,8.20978191563e-06,0.000698131700797,10.8491539955
0.0700674483608,8.20978191563e-06,0.000698131700797,10.8655848503
0.0700674483608,8.20978191563e-06,0.000698131700797,10.8825559616
0.0700674483608,8.20978191563e-06,0.000698131700797,10.8988549709
0.0700674483608,8.20978191563e-06,0.000698131700797,10.9159560204
0.0700674483608,8.20978191563e-06,0.000698131700797,10.9325070381
0.0700674483608,8.20978191563e-06,0.000698131700797,10.9491138458
0.0700674483608,8.20978191563e-06,0.000698131700797,10.9655609131
0.0700674483608,8.20978191563e-06,0.000698131700797,10.9831819534
0.0700674483608,8.20978191563e-06,0.000698131700797,10.9990448952
0.0700674483608,8.20978191563e-06,0.000698131700797,11.0158219337
0.0700674483608,8.20978191563e-06,0.000698131700797,11.0322978497
0.0700674483608,8.20978191563e-06,0.000698131700797,11.0489509106
0.0700674483608,8.20978191563e-06,0.000698131700797,11.0657758713
0.0700674483608,8.20978191563e-06,0.000698131700797,11.0837550163
0.0700674483608,8.20978191563e-06,0.000698131700797,11.099200964
0.0700674483608,8.20978191563e-06,0.000698131700797,11.118005991
0.0700674483608,8.20978191563e-06,0.000698131700797,11.1322739124
0.0700674483608,8.20978191563e-06,0.000698131700797,11.1493909359
0.0700674483608,8.20978191563e-06,0.000698131700797,11.1657500267
0.0700674483608,8.20978191563e-06,0.000698131700797,11.1833760738
0.0700674483608,8.20978191563e-06,0.000698131700797,11.1989178658
0.0700674483608,8.20978191563e-06,0.000698131700797,11.2157700062
0.0700674483608,8.20978191563e-06,0.000698131700797,11.2334189415
0.0700674483608,8.20978191563e-06,0.000698131700797,11.2490139008
0.0700674483608,8.20978191563e-06,0.000698131700797,11.2655329704
0.0700674483608,8.20978191563e-06,0.000698131700797,11.282490015
0.0700674483608,8.20978191563e-06,0.000698131700797,11.2990319729
0.0700674483608,8.20978191563e-06,0.000698131700797,11.3157339096
0.0700674483608,8.20978191563e-06,0.000698131700797,11.3323450089
0.0700674483608,8.20978191563e-06,0.000698131700797,11.3490178585
0.0700674483608,8.20978191563e-06,0.000698131700797,11.3656990528
0.0700674483608,8.20978191563e-06,0.000698131700797,11.3823559284
0.0700674483608,8.20978191563e-06,0.000698131700797,11.3989620209
0.0700674483608,8.20978191563e-06,0.000698131700797,11.4158229828
0.0700674483608,8.20978191563e-06,0.000698131700797,11.4323120117
0.0700674483608,8.20978191563e-06,0.000698131700797,11.4489889145
0.0700674483608,8.20978191563e-06,0.000698131700797,11.4656319618
0.0700674483608,8.20978191563e-06,0.000698131700797,11.4825470448
0.0700674483608,8.20978191563e-06,0.000698131700797,11.4990670681
0.0700674483608,8.20978191563e-06,0.000698131700797,11.5157968998
0.0700674483608,8.20978191563e-06,0.000698131700797,11.5323688984
0.0700674483608,8.20978191563e-06,0.000698131700797,11.5489630699
0.0700674483608,8.20978191563e-06,0.000698131700797,11.5656089783
0.0700674483608,8.20978191563e-06,0.000698131700797,11.5825128555
0.0700674483608,8.20978191563e-06,0.000698131700797,11.5989499092
0.0700674483608,8.20978191563e-06,0.000698131700797,11.6158969402
0.0700674483608,8.20978191563e-06,0.000698131700797,11.6329810619
0.0700674483608,8.20978191563e-06,0.000698131700797,11.6530060768
0.0700674483608,8.20978191563e-06,0.000698131700797,11.6658270359
0.0700674483608,8.20978191563e-06,0.000698131700797,11.6823399067
0.0700674483608,8.20978191563e-06,0.000698131700797,11.6991519928
0.0700674483608,8.20978191563e-06,0.000698131700797,11.7158689499
0.0700674483608,8.20978191563e-06,0.000698131700797,11.7325239182
0.0700674483608,8.20978191563e-06,0.000698131700797,11.7490949631
0.0700674483608,8.20978191563e-06,0.000698131700797,11.7694070339
0.0700674483608,8.20978191563e-06,0.000698131700797,11.7825539112
0.0700674483608,8.20978191563e-06,0.000698131700797,11.8006110191
0.0700674483608,8.20978191563e-06,0.000698131700797,11.8165559769
0.0700674483608,8.20978191563e-06,0.000698131700797,11.8329689503
0.0700674483608,8.20978191563e-06,0.000698131700797,11.8488900661
0.0700674483608,8.20978191563e-06,0.000698131700797,11.8655750751
0.0700674483608,8.20978191563e-06,0.000698131700797,11.8826608658
0.0700674483608,8.20978191563e-06,0.000698131700797,11.8994028568
0.0700674483608,8.20978191563e-06,0.000698131700797,11.9157600403
0.0700674483608,8.20978191563e-06,0.000698131700797,11.932240963
0.0700674483608,8.20978191563e-06,0.000698131700797,11.9489929676
0.0700674483608,8.20978191563e-06,0.000698131700797,11.9656069279
0.0700674483608,8.20978191563e-06,0.000698131700797,11.9826009274
0.0700674483608,8.20978191563e-06,0.000698131700797,11.9991140366
0.0700674483608,8.20978191563e-06,0.000698131700797,12.0158178806
0.0700674483608,8.20978191563e-06,0.000698131700797,12.0327320099
0.0700674483608,8.20978191563e-06,0.000698131700797,12.0500519276
0.0700674483608,8.20978191563e-06,0.000698131700797,12.0664429665
0.0700674483608,8.20978191563e-06,0.000698131700797,12.0831358433
0.0700674483608,8.20978191563e-06,0.000698131700797,12.1003119946
0.0700674483608,8.20978191563e-06,0.000698131700797,12.115680933
0.0700674483608,8.20978191563e-06,0.000698131700797,12.1324379444
0.0700674483608,8.20978191563e-06,0.000698131700797,12.1492290497
0.0700674483608,8.20978191563e-06,0.000698131700797,12.1657068729
0.0700674483608,8.20978191563e-06,0.000698131700797,12.1822998524
0.0700674483608,8.20978191563e-06,0.000698131700797,12.1990659237
0.0700674483608,8.20978191563e-06,0.000698131700797,12.2164058685
0.0700674483608,8.20978191563e-06,0.000698131700797,12.2323870659
0.0700674483608,8.20978191563e-06,0.000698131700797,12.2489130497
0.0700674483608,8.20978191563e-06,0.000698131700797,12.265763998
0.0700674483608,8.20978191563e-06,0.000698131700797,12.2828118801
0.0700674483608,8.20978191563e-06,0.000698131700797,12.2998950481
0.0700674483608,8.20978191563e-06,0.000698131700797,12.3159389496
0.0700674483608,8.20978191563e-06,0.000698131700797,12.3325099945
0.0700674483608,8.20978191563e-06,0.000698131700797,12.3510439396
0.0700674483608,8.20978191563e-06,0.000698131700797,12.3655350208
0.0700674483608,8.20978191563e-06,0.000698131700797,12.3837909698
0.0700674483608,8.20978191563e-06,0.000698131700797,12.3998689651
0.0700674483608,8.20978191563e-06,0.000698131700797,12.415982008
0.0700674483608,8.20978191563e-06,0.000698131700797,12.4327869415
0.0700674483608,8.20978191563e-06,0.000698131700797,12.4494378567
0.0700674483608,8.20978191563e-06,0.000698131700797,12.4656999111
0.0700674483608,8.20978191563e-06,0.000698131700797,12.4823708534
0.0700674483608,8.20978191563e-06,0.000698131700797,12.4989190102
0.0700674483608,8.20978191563e-06,0.000698131700797,12.515599966
0.0700674483608,8.20978191563e-06,0.000698131700797,12.5322649479
0.0700674483608,8.20978191563e-06,0.000698131700797,12.5491230488
0.0700674483608,8.20978191563e-06,0.000698131700797,12.5654799938
0.0700674483608,8.20978191563e-06,0.000698131700797,12.582572937
0.0700674483608,8.20978191563e-06,0.000698131700797,12.5988280773
0.0700674483608,8.20978191563e-06,0.000698131700797,12.6157538891
0.0700674483608,8.20978191563e-06,0.000698131700797,12.6325540543
0.0700674483608,8.20978191563e-06,0.000698131700797,12.6492328644
0.0700674483608,8.20978191563e-06,0.000698131700797,12.6657090187
0.0700674483608,8.20978191563e-06,0.000698131700797,12.682461977
0.0700674483608,8.20978191563e-06,0.000698131700797,12.6996190548
0.0700674483608,8.20978191563e-06,0.000698131700797,12.7156710625
0.0700674483608,8.20978191563e-06,0.000698131700797,12.7324008942
0.0700674483608,8.20978191563e-06,0.000698131700797,12.7497770786
0.0700674483608,8.20978191563e-06,0.000698131700797,12.7662498951
0.0700674483608,8.20978191563e-06,0.000698131700797,12.7842609882
0.0700674483608,8.20978191563e-06,0.000698131700797,12.7997238636
0.0700674483608,8.20978191563e-06,0.000698131700797,12.816010952
0.0700674483608,8.20978191563e-06,0.000698131700797,12.8323209286
0.0700674483608,8.20978191563e-06,0.000698131700797,12.8508250713
0.0700674483608,8.20978191563e-06,0.000698131700797,12.8655860424
0.0700674483608,8.20978191563e-06,0.000698131700797,12.8825440407
0.0700674483608,8.20978191563e-06,0.000698131700797,12.8992040157
0.0700674483608,8.20978191563e-06,0.000698131700797,12.9159049988
0.0700674483608,8.20978191563e-06,0.000698131700797,12.9322400093
0.0700674483608,8.20978191563e-06,0.000698131700797,12.9491620064
0.0700674483608,8.20978191563e-06,0.000698131700797,12.9655909538
0.0700674483608,8.20978191563e-06,0.000698131700797,12.9828429222
0.0700674483608,8.20978191563e-06,0.000698131700797,12.9989888668
0.0700674483608,8.20978191563e-06,0.000698131700797,13.0158228874
0.0700674483608,8.20978191563e-06,0.000698131700797,13.0323629379
0.0700674483608,8.20978191563e-06,0.000698131700797,13.0491280556
0.0700674483608,8.20978191563e-06,0.000698131700797,13.0656049252
0.0700674483608,8.20978191563e-06,0.000698131700797,13.0834589005
0.0700674483608,8.20978191563e-06,0.000698131700797,13.0989189148
0.0700674483608,8.20978191563e-06,0.000698131700797,13.1157028675
0.0700674483608,8.20978191563e-06,0.000698131700797,13.1325919628
0.0700674483608,8.20978191563e-06,0.000698131700797,13.1490800381
0.0700674483608,8.20978191563e-06,0.000698131700797,13.1656990051
0.0700674483608,8.20978191563e-06,0.000698131700797,13.1860668659
0.0700674483608,8.20978191563e-06,0.000698131700797,13.1990418434
0.0700674483608,8.20978191563e-06,0.000698131700797,13.2178599834
0.0700674483608,8.20978191563e-06,0.000698131700797,13.2324090004
0.0700674483608,8.20978191563e-06,0.000698131700797,13.2491679192
0.0700674483608,8.20978191563e-06,0.000698131700797,13.2658550739
0.0700674483608,8.20978191563e-06,0.000698131700797,13.2822430134
0.0700674483608,8.20978191563e-06,0.000698131700797,13.2989349365
0.0700674483608,8.20978191563e-06,0.000698131700797,13.315844059
0.0700674483608,8.20978191563e-06,0.000698131700797,13.3329379559
0.0700674483608,8.20978191563e-06,0.000698131700797,13.34928298
0.0700674483608,8.20978191563e-06,0.000698131700797,13.3660130501
0.0700674483608,8.20978191563e-06,0.000698131700797,13.3824970722
0.0700674483608,8.20978191563e-06,0.000698131700797,13.3990740776
0.0700674483608,8.20978191563e-06,0.000698131700797,13.415694952
0.0700674483608,8.20978191563e-06,0.000698131700797,13.4324698448
0.0700674483608,8.20978191563e-06,0.000698131700797,13.4526789188
0.0700674483608,8.20978191563e-06,0.000698131700797,13.466917038
0.0700674483608,8.20978191563e-06,0.000698131700797,13.4823470116
0.0700674483608,8.20978191563e-06,0.000698131700797,13.4990539551
0.0700674483608,8.20978191563e-06,0.000698131700797,13.5156910419
0.0700674483608,8.20978191563e-06,0.000698131700797,13.5323529243
0.0700674483608,8.20978191563e-06,0.000698131700797,13.551142931
0.0700674483608,8.20978191563e-06,0.000698131700797,13.5669388771
0.0700674483608,8.20978191563e-06,0.000698131700797,13.5868198872
0.0700674483608,8.20978191563e-06,0.000698131700797,13.5989279747
0.0700674483608,8.20978191563e-06,0.000698131700797,13.6164669991
0.0700674483608,8.20978191563e-06,0.000698131700797,13.6323230267
0.0700674483608,8.20978191563e-06,0.000698131700797,13.6489570141
0.0700674483608,8.20978191563e-06,0.000698131700797,13.6658978462
0.0700674483608,8.20978191563e-06,0.000698131700797,13.6823730469
0.0700674483608,8.20978191563e-06,0.000698131700797,13.6991288662
0.0700674483608,8.20978191563e-06,0.000698131700797,13.7158470154
0.0700674483608,8.20978191563e-06,0.000698131700797,13.7322440147
0.0700674483608,8.20978191563e-06,0.000698131700797,13.7491340637
0.0700674483608,8.20978191563e-06,0.000698131700797,13.7655909061
0.0700674483608,8.20978191563e-06,0.000698131700797,13.7823278904
0.0700674483608,8.20978191563e-06,0.000698131700797,13.7989099026
0.0700674483608,8.20978191563e-06,0.000698131700797,13.8158550262
0.0700674483608,8.20978191563e-06,0.000698131700797,13.8323440552
0.0700674483608,8.20978191563e-06,0.000698131700797,13.8495059013
0.0700674483608,8.20978191563e-06,0.000698131700797,13.8655688763
0.0700674483608,8.20978191563e-06,0.000698131700797,13.8823440075
0.0700674483608,8.20978191563e-06,0.000698131700797,13.8991479874
0.0700674483608,8.20978191563e-06,0.000698131700797,13.9179990292
0.0700674483608,8.20978191563e-06,0.000698131700797,13.9328129292
0.0700674483608,8.20978191563e-06,0.000698131700797,13.9506509304
0.0700674483608,8.20978191563e-06,0.000698131700797,13.9657280445
0.0700674483608,8.20978191563e-06,0.000698131700797,13.9833400249
0.0700674483608,8.20978191563e-06,0.000698131700797,13.998914957
0.0700674483608,8.20978191563e-06,0.000698131700797,14.0159049034
0.0700674483608,8.20978191563e-06,0.000698131700797,14.0323688984
0.0700674483608,8.20978191563e-06,0.000698131700797,14.0501148701
0.0700674483608,8.20978191563e-06,0.000698131700797,14.0656380653
0.0700674483608,8.20978191563e-06,0.000698131700797,14.0825068951
0.0700674483608,8.20978191563e-06,0.000698131700797,14.0988678932
0.0700674483608,8.20978191563e-06,0.000698131700797,14.1156280041
0.0700674483608,8.20978191563e-06,0.000698131700797,14.1325819492
0.0700674483608,8.20978191563e-06,0.000698131700797,14.1498990059
0.0700674483608,8.20978191563e-06,0.000698131700797,14.1654980183
0.0700674483608,8.20978191563e-06,0.000698131700797,14.182446003
0.0700674483608,8.20978191563e-06,0.000698131700797,14.1990828514
0.0700674483608,8.20978191563e-06,0.000698131700797,14.2173149586
0.0700674483608,8.20978191563e-06,0.000698131700797,14.2325220108
0.0700674483608,8.20978191563e-06,0.000698131700797,14.2519650459
0.0700674483608,8.20978191563e-06,0.000698131700797,14.2659978867
0.0700674483608,8.20978191563e-06,0.000698131700797,14.2825160027
0.0700674483608,8.20978191563e-06,0.000698131700797,14.2993469238
0.0700674483608,8.20978191563e-06,0.000698131700797,14.3157639503
0.0700674483608,8.20978191563e-06,0.000698131700797,14.332597971
0.0700674483608,8.20978191563e-06,0.000698131700797,14.349200964
0.0700674483608,8.20978191563e-06,0.000698131700797,14.3658430576
0.0700674483608,8.20978191563e-06,0.000698131700797,14.3825190067
0.0700674483608,8.20978191563e-06,0.000698131700797,14.3999190331
0.0700674483608,8.20978191563e-06,0.000698131700797,14.4157588482
0.0700674483608,8.20978191563e-06,0.000698131700797,14.4325768948
0.0700674483608,8.20978191563e-06,0.000698131700797,14.4491539001
0.0700674483608,8.20978191563e-06,0.000698131700797,14.4656698704
0.0700674483608,8.20978191563e-06,0.000698131700797,14.4826340675
0.0700674483608,8.20978191563e-06,0.000698131700797,14.4988620281
0.0700674483608,8.20978191563e-06,0.000698131700797,14.5160119534
0.0700674483608,8.20978191563e-06,0.000698131700797,14.5328249931
0.0700674483608,8.20978191563e-06,0.000698131700797,14.5504329205
0.0700674483608,8.20978191563e-06,0.000698131700797,14.5662879944
0.0700674483608,8.20978191563e-06,0.000698131700797,14.5825378895
0.0700674483608,8.20978191563e-06,0.000698131700797,14.5988640785
0.0700674483608,8.20978191563e-06,0.000698131700797,14.6163470745
0.0700674483608,8.20978191563e-06,0.000698131700797,14.6324179173
0.0700674483608,8.20978191563e-06,0.000698131700797,14.6489260197
0.0700674483608,8.20978191563e-06,0.000698131700797,14.6657788754
0.0700674483608,8.20978191563e-06,0.000698131700797,14.6822478771
0.0700674483608,8.20978191563e-06,0.000698131700797,14.6990349293
0.0700674483608,8.20978191563e-06,0.000698131700797,14.7160918713
0.0700674483608,8.20978191563e-06,0.000698131700797,14.7323889732
0.0700674483608,8.20978191563e-06,0.000698131700797,14.750647068
0.0700674483608,8.20978191563e-06,0.000698131700797,14.7657399178
0.0700674483608,8.20978191563e-06,0.000698131700797,14.7824869156
0.0700674483608,8.20978191563e-06,0.000698131700797,14.799120903
0.0700674483608,8.20978191563e-06,0.000698131700797,14.8158679008
0.0700674483608,8.20978191563e-06,0.000698131700797,14.8324120045
0.0700674483608,8.20978191563e-06,0.000698131700797,14.8493089676
0.0700674483608,8.20978191563e-06,0.000698131700797,14.8656110764
0.0700674483608,8.20978191563e-06,0.000698131700797,14.8825259209
0.0700674483608,8.20978191563e-06,0.000698131700797,14.8989830017
0.0700674483608,8.20978191563e-06,0.000698131700797,14.9179840088
0.0700674483608,8.20978191563e-06,0.000698131700797,14.9323530197
0.0700674483608,8.20978191563e-06,0.000698131700797,14.9490659237
0.0700674483608,8.20978191563e-06,0.000698131700797,14.9654829502
0.0700674483608,8.20978191563e-06,0.000698131700797,14.9825179577
0.0700674483608,8.20978191563e-06,0.000698131700797,14.9989118576
0.0700674483608,8.20978191563e-06,0.000698131700797,15.0157659054
0.0700674483608,8.20978191563e-06,0.000698131700797,15.0325100422
0.0700674483608,8.20978191563e-06,0.000698131700797,15.0489120483
0.0700674483608,8.20978191563e-06,0.000698131700797,15.0655229092
0.0700674483608,8.20978191563e-06,0.000698131700797,15.0824670792
0.0700674483608,8.20978191563e-06,0.000698131700797,15.1005079746
0.0700674483608,8.20978191563e-06,0.000698131700797,15.1163659096
0.0700674483608,8.20978191563e-06,0.000698131700797,15.1328539848
0.0700674483608,8.20978191563e-06,0.000698131700797,15.1489460468
0.0700674483608,8.20978191563e-06,0.000698131700797,15.1656880379
0.0700674483608,8.20978191563e-06,0.000698131700797,15.1844818592
0.0700674483608,8.20978191563e-06,0.000698131700797,15.1990859509
0.0700674483608,8.20978191563e-06,0.000698131700797,15.2191050053
0.0700674483608,8.20978191563e-06,0.000698131700797,15.2322318554
0.0700674483608,8.20978191563e-06,0.000698131700797,15.2504210472
0.0700674483608,8.20978191563e-06,0.000698131700797,15.2657940388
0.0700674483608,8.20978191563e-06,0.000698131700797,15.2830028534
0.0700674483608,8.20978191563e-06,0.000698131700797,15.2989149094
0.0700674483608,8.20978191563e-06,0.000698131700797,15.3193180561
0.0700674483608,8.20978191563e-06,0.000698131700797,15.3324010372
0.0700674483608,8.20978191563e-06,0.000698131700797,15.3493309021
0.0700674483608,8.20978191563e-06,0.000698131700797,15.3655488491
0.0700674483608,8.20978191563e-06,0.000698131700797,15.3824560642
0.0700674483608,8.20978191563e-06,0.000698131700797,15.3990719318
0.0700674483608,8.20978191563e-06,0.000698131700797,15.4158189297
0.0700674483608,8.20978191563e-06,0.000698131700797,15.4323978424
0.0700674483608,8.20978191563e-06,0.000698131700797,15.4491970539
0.0700674483608,8.20978191563e-06,0.000698131700797,15.4656579494
0.0700674483608,8.20978191563e-06,0.000698131700797,15.4824829102
0.0700674483608,8.20978191563e-06,0.000698131700797,15.4988570213
0.0700674483608,8.20978191563e-06,0.000698131700797,15.5177710056
0.0700674483608,8.20978191563e-06,0.000698131700797,15.5323078632
0.0700674483608,8.20978191563e-06,0.000698131700797,15.5489859581
0.0700674483608,8.20978191563e-06,0.000698131700797,15.5660059452
0.0700674483608,8.20978191563e-06,0.000698131700797,15.5824730396
0.0700674483608,8.20978191563e-06,0.000698131700797,15.5990760326
0.0700674483608,8.20978191563e-06,0.000698131700797,15.6156699657
0.0700674483608,8.20978191563e-06,0.000698131700797,15.6323359013
0.0700674483608,8.20978191563e-06,0.000698131700797,15.6494278908
0.0700674483608,8.20978191563e-06,0.000698131700797,15.6659009457
0.0700674483608,8.20978191563e-06,0.000698131700797,15.6833338737
0.0700674483608,8.20978191563e-06,0.000698131700797,15.698900938
0.0700674483608,8.20978191563e-06,0.000698131700797,15.7164289951
0.0700674483608,8.20978191563e-06,0.000698131700797,15.7327470779
0.0700674483608,8.20978191563e-06,0.000698131700797,15.750180006
0.0700674483608,8.20978191563e-06,0.000698131700797,15.765611887
0.0700674483608,8.20978191563e-06,0.000698131700797,15.7825489044
0.0700674483608,8.20978191563e-06,0.000698131700797,15.7993979454
0.0700674483608,8.20978191563e-06,0.000698131700797,15.8159968853
0.0700674483608,8.20978191563e-06,0.000698131700797,15.8323278427
0.0700674483608,8.20978191563e-06,0.000698131700797,15.8494119644
0.0700674483608,8.20978191563e-06,0.000698131700797,15.8655529022
0.0700674483608,8.20978191563e-06,0.000698131700797,15.8824648857
0.0700674483608,8.20978191563e-06,0.000698131700797,15.8991088867
0.0700674483608,8.20978191563e-06,0.000698131700797,15.9156248569
0.0700674483608,8.20978191563e-06,0.000698131700797,15.9323840141
0.0700674483608,8.20978191563e-06,0.000698131700797,15.9528739452
0.0700674483608,8.20978191563e-06,0.000698131700797,15.9654650688
0.0700674483608,8.20978191563e-06,0.000698131700797,15.9824008942
0.0700674483608,8.20978191563e-06,0.000698131700797,15.9991328716
0.0700674483608,8.20978191563e-06,0.000698131700797,16.0161759853
0.0700674483608,8.20978191563e-06,0.000698131700797,16.0328710079
0.0700674483608,8.20978191563e-06,0.000698131700797,16.0490088463
0.0700674483608,8.20978191563e-06,0.000698131700797,16.0659849644
0.0700674483608,8.20978191563e-06,0.000698131700797,16.0826780796
0.0700674483608,8.20978191563e-06,0.000698131700797,16.0995140076
0.0700674483608,8.20978191563e-06,0.000698131700797,16.1184279919
0.0700674483608,8.20978191563e-06,0.000698131700797,16.1327459812
0.0700674483608,8.20978191563e-06,0.000698131700797,16.1499888897
0.0700674483608,8.20978191563e-06,0.000698131700797,16.1669719219
0.0700674483608,8.20978191563e-06,0.000698131700797,16.1858239174
0.0700674483608,8.20978191563e-06,0.000698131700797,16.1997978687
0.0700674483608,8.20978191563e-06,0.000698131700797,16.2189848423
0.0700674483608,8.20978191563e-06,0.000698131700797,16.2330930233
0.0700674483608,8.20978191563e-06,0.000698131700797,16.2513480186
0.0700674483608,8.20978191563e-06,0.000698131700797,16.2675118446
0.0700674483608,8.20978191563e-06,0.000698131700797,16.2832438946
0.0700674483608,8.20978191563e-06,0.000698131700797,16.2999968529
0.0700674483608,8.20978191563e-06,0.000698131700797,16.3175759315
0.0700674483608,8.20978191563e-06,0.000698131700797,16.3330640793
0.0700674483608,8.20978191563e-06,0.000698131700797,16.3506839275
0.0700674483608,8.20978191563e-06,0.000698131700797,16.3668279648
0.0700674483608,8.20978191563e-06,0.000698131700797,16.3824050426
0.0700674483608,8.20978191563e-06,0.000698131700797,16.3989570141
0.0700674483608,8.20978191563e-06,0.000698131700797,16.4171080589
0.0700674483608,8.20978191563e-06,0.000698131700797,16.4324328899
0.0700674483608,8.20978191563e-06,0.000698131700797,16.4489979744
0.0700674483608,8.20978191563e-06,0.000698131700797,16.4658410549
0.0700674483608,8.20978191563e-06,0.000698131700797,16.4823870659
0.0700674483608,8.20978191563e-06,0.000698131700797,16.4989960194
0.0700674483608,8.20978191563e-06,0.000698131700797,16.5191719532
0.0700674483608,8.20978191563e-06,0.000698131700797,16.5344119072
0.0700674483608,8.20978191563e-06,0.000698131700797,16.5507180691
0.0700674483608,8.20978191563e-06,0.000698131700797,16.5667588711
0.0700674483608,8.20978191563e-06,0.000698131700797,16.5826439857
0.0700674483608,8.20978191563e-06,0.000698131700797,16.598913908
0.0700674483608,8.20978191563e-06,0.000698131700797,16.6161949635
0.0700674483608,8.20978191563e-06,0.000698131700797,16.6323409081
0.0700674483608,8.20978191563e-06,0.000698131700797,16.6491420269
0.0700674483608,8.20978191563e-06,0.000698131700797,16.6658768654
0.0700674483608,8.20978191563e-06,0.000698131700797,16.6826159954
0.0700674483608,8.20978191563e-06,0.000698131700797,16.6991829872
0.0700674483608,8.20978191563e-06,0.000698131700797,16.7173628807
0.0700674483608,8.20978191563e-06,0.000698131700797,16.7323949337
0.0700674483608,8.20978191563e-06,0.000698131700797,16.7492718697
0.0700674483608,8.20978191563e-06,0.000698131700797,16.7668919563
0.0700674483608,8.20978191563e-06,0.000698131700797,16.7853159904
0.0700674483608,8.20978191563e-06,0.000698131700797,16.7990598679
0.0700674483608,8.20978191563e-06,0.000698131700797,16.8176779747
0.0700674483608,8.20978191563e-06,0.000698131700797,16.8329379559
0.0700674483608,8.20978191563e-06,0.000698131700797,16.8493289948
0.0700674483608,8.20978191563e-06,0.000698131700797,16.866615057
0.0700674483608,8.20978191563e-06,0.000698131700797,16.8837580681
0.0700674483608,8.20978191563e-06,0.000698131700797,16.8998248577
0.0700674483608,8.20978191563e-06,0.000698131700797,16.9171359539
0.0700674483608,8.20978191563e-06,0.000698131700797,16.9334218502
0.0700674483608,8.20978191563e-06,0.000698131700797,16.9492678642
0.0700674483608,8.20978191563e-06,0.000698131700797,16.9657800198
0.0700674483608,8.20978191563e-06,0.000698131700797,16.9826729298
0.0700674483608,8.20978191563e-06,0.000698131700797,16.9993720055
0.0700674483608,8.20978191563e-06,0.000698131700797,17.0167858601
0.0700674483608,8.20978191563e-06,0.000698131700797,17.0326149464
0.0700674483608,8.20978191563e-06,0.000698131700797,17.0494849682
0.0700674483608,8.20978191563e-06,0.000698131700797,17.0658829212
0.0700674483608,8.20978191563e-06,0.000698131700797,17.0826430321
0.0700674483608,8.20978191563e-06,0.000698131700797,17.0991668701
0.0700674483608,8.20978191563e-06,0.000698131700797,17.1161699295
0.0700674483608,8.20978191563e-06,0.000698131700797,17.1323950291
0.0700674483608,8.20978191563e-06,0.000698131700797,17.1490409374
0.0700674483608,8.20978191563e-06,0.000698131700797,17.165678978
0.0700674483608,8.20978191563e-06,0.000698131700797,17.1824839115
0.0700674483608,8.20978191563e-06,0.000698131700797,17.1991388798
0.0700674483608,8.20978191563e-06,0.000698131700797,17.2156069279
0.0700674483608,8.20978191563e-06,0.000698131700797,17.2323548794
0.0700674483608,8.20978191563e-06,0.000698131700797,17.2492718697
0.0700674483608,8.20978191563e-06,0.000698131700797,17.2657308578
0.0700674483608,8.20978191563e-06,0.000698131700797,17.2825610638
0.0700674483608,8.20978191563e-06,0.000698131700797,17.2991888523
0.0700674483608,8.20978191563e-06,0.000698131700797,17.3167870045
0.0700674483608,8.20978191563e-06,0.000698131700797,17.3330008984
0.0700674483608,8.20978191563e-06,0.000698131700797,17.3507580757
0.0700674483608,8.20978191563e-06,0.000698131700797,17.3662719727
0.0700674483608,8.20978191563e-06,0.000698131700797,17.3841300011
0.0700674483608,8.20978191563e-06,0.000698131700797,17.3989698887
0.0700674483608,8.20978191563e-06,0.000698131700797,17.4171140194
0.0700674483608,8.20978191563e-06,0.000698131700797,17.4332170486
0.0700674483608,8.20978191563e-06,0.000698131700797,17.4499359131
0.0700674483608,8.20978191563e-06,0.000698131700797,17.4663920403
0.0700674483608,8.20978191563e-06,0.000698131700797,17.4829368591
0.0700674483608,8.20978191563e-06,0.000698131700797,17.499078989
0.0700674483608,8.20978191563e-06,0.000698131700797,17.5162580013
0.0700674483608,8.20978191563e-06,0.000698131700797,17.5324480534
0.0700674483608,8.20978191563e-06,0.000698131700797,17.5490880013
0.0700674483608,8.20978191563e-06,0.000698131700797,17.5662419796
0.0700674483608,8.20978191563e-06,0.000698131700797,17.5824639797
0.0700674483608,8.20978191563e-06,0.000698131700797,17.5990169048
0.0700674483608,8.20978191563e-06,0.000698131700797,17.6157779694
0.0700674483608,8.20978191563e-06,0.000698131700797,17.6324858665
0.0700674483608,8.20978191563e-06,0.000698131700797,17.64920187
0.0700674483608,8.20978191563e-06,0.000698131700797,17.6664309502
0.0700674483608,8.20978191563e-06,0.000698131700797,17.6824409962
0.0700674483608,8.20978191563e-06,0.000698131700797,17.6990380287
0.0700674483608,8.20978191563e-06,0.000698131700797,17.7159879208
0.0700674483608,8.20978191563e-06,0.000698131700797,17.7333729267
0.0700674483608,8.20978191563e-06,0.000698131700797,17.7491889
0.0700674483608,8.20978191563e-06,0.000698131700797,17.7675659657
0.0700674483608,8.20978191563e-06,0.000698131700797,17.7837078571
0.0700674483608,8.20978191563e-06,0.000698131700797,17.799227953
0.0700674483608,8.20978191563e-06,0.000698131700797,17.8166918755
0.0700674483608,8.20978191563e-06,0.000698131700797,17.8329460621
0.0700674483608,8.20978191563e-06,0.000698131700797,17.8510739803
0.0700674483608,8.20978191563e-06,0.000698131700797,17.8676569462
0.0700674483608,8.20978191563e-06,0.000698131700797,17.88250494
0.0700674483608,8.20978191563e-06,0.000698131700797,17.8990900517
0.0700674483608,8.20978191563e-06,0.000698131700797,17.9161770344
0.0700674483608,8.20978191563e-06,0.000698131700797,17.9339659214
0.0700674483608,8.20978191563e-06,0.000698131700797,17.9492239952
0.0700674483608,8.20978191563e-06,0.000698131700797,17.9655649662
0.0700674483608,8.20978191563e-06,0.000698131700797,17.9824519157
0.0700674483608,8.20978191563e-06,0.000698131700797,17.9989190102
0.0700674483608,8.20978191563e-06,0.000698131700797,18.0157010555
0.0700674483608,8.20978191563e-06,0.000698131700797,18.032337904
0.0700674483608,8.20978191563e-06,0.000698131700797,18.0505039692
0.0700674483608,8.20978191563e-06,0.000698131700797,18.0656919479
0.0700674483608,8.20978191563e-06,0.000698131700797,18.0824639797
0.0700674483608,8.20978191563e-06,0.000698131700797,18.0991170406
0.0700674483608,8.20978191563e-06,0.000698131700797,18.1157410145
0.0700674483608,8.20978191563e-06,0.000698131700797,18.1321530342
0.0700674483608,8.20978191563e-06,0.000698131700797,18.1489319801
0.0700674483608,8.20978191563e-06,0.000698131700797,18.165569067
0.0700674483608,8.20978191563e-06,0.000698131700797,18.1826798916
0.0700674483608,8.20978191563e-06,0.000698131700797,18.1994059086
0.0700674483608,8.20978191563e-06,0.000698131700797,18.2160949707
0.0700674483608,8.20978191563e-06,0.000698131700797,18.2323610783
0.0700674483608,8.20978191563e-06,0.000698131700797,18.2492899895
0.0700674483608,8.20978191563e-06,0.000698131700797,18.2657389641
0.0700674483608,8.20978191563e-06,0.000698131700797,18.282407999
0.0700674483608,8.20978191563e-06,0.000698131700797,18.2990560532
0.0700674483608,8.20978191563e-06,0.000698131700797,18.3158419132
0.0700674483608,8.20978191563e-06,0.000698131700797,18.3324160576
0.0700674483608,8.20978191563e-06,0.000698131700797,18.3501560688
0.0700674483608,8.20978191563e-06,0.000698131700797,18.3658628464
0.0700674483608,8.20978191563e-06,0.000698131700797,18.3825919628
0.0700674483608,8.20978191563e-06,0.000698131700797,18.3996639252
0.0700674483608,8.20978191563e-06,0.000698131700797,18.4161660671
0.0700674483608,8.20978191563e-06,0.000698131700797,18.4326519966
0.0700674483608,8.20978191563e-06,0.000698131700797,18.4489910603
0.0700674483608,8.20978191563e-06,0.000698131700797,18.4657170773
0.0700674483608,8.20978191563e-06,0.000698131700797,18.4829750061
0.0700674483608,8.20978191563e-06,0.000698131700797,18.4994719028
0.0700674483608,8.20978191563e-06,0.000698131700797,18.5177149773
0.0700674483608,8.20978191563e-06,0.000698131700797,18.5322589874
0.0700674483608,8.20978191563e-06,0.000698131700797,18.5493609905
0.0700674483608,8.20978191563e-06,0.000698131700797,18.5660328865
0.0700674483608,8.20978191563e-06,0.000698131700797,18.5832228661
0.0700674483608,8.20978191563e-06,0.000698131700797,18.5993449688
0.0700674483608,8.20978191563e-06,0.000698131700797,18.6182980537
0.0700674483608,8.20978191563e-06,0.000698131700797,18.6324958801
0.0700674483608,8.20978191563e-06,0.000698131700797,18.6494309902
0.0700674483608,8.20978191563e-06,0.000698131700797,18.6656808853
0.0700674483608,8.20978191563e-06,0.000698131700797,18.6832458973
0.0700674483608,8.20978191563e-06,0.000698131700797,18.6991939545
0.0700674483608,8.20978191563e-06,0.000698131700797,18.7159130573
0.0700674483608,8.20978191563e-06,0.000698131700797,18.7324168682
0.0700674483608,8.20978191563e-06,0.000698131700797,18.7492859364
0.0700674483608,8.20978191563e-06,0.000698131700797,18.7655608654
0.0700674483608,8.20978191563e-06,0.000698131700797,18.7826368809
0.0700674483608,8.20978191563e-06,0.000698131700797,18.7993218899
0.0700674483608,8.20978191563e-06,0.000698131700797,18.8160979748
0.0700674483608,8.20978191563e-06,0.000698131700797,18.8324959278
0.0700674483608,8.20978191563e-06,0.000698131700797,18.8507969379
0.0700674483608,8.20978191563e-06,0.000698131700797,18.8667829037
0.0700674483608,8.20978191563e-06,0.000698131700797,18.8837308884
0.0700674483608,8.20978191563e-06,0.000698131700797,18.8990929127
0.0700674483608,8.20978191563e-06,0.000698131700797,18.915886879
0.0700674483608,8.20978191563e-06,0.000698131700797,18.9331219196
0.0700674483608,8.20978191563e-06,0.000698131700797,18.9492540359
0.0700674483608,8.20978191563e-06,0.000698131700797,18.9656319618
0.0700674483608,8.20978191563e-06,0.000698131700797,18.9824409485
0.0700674483608,8.20978191563e-06,0.000698131700797,18.9995210171
0.0700674483608,8.20978191563e-06,0.000698131700797,19.0158469677
0.0700674483608,8.20978191563e-06,0.000698131700797,19.0325539112
0.0700674483608,8.20978191563e-06,0.000698131700797,19.0491878986
0.0700674483608,8.20978191563e-06,0.000698131700797,19.0663459301
0.0700674483608,8.20978191563e-06,0.000698131700797,19.0827548504
0.0700674483608,8.20978191563e-06,0.000698131700797,19.100219965
0.0700674483608,8.20978191563e-06,0.000698131700797,19.1162390709
0.0700674483608,8.20978191563e-06,0.000698131700797,19.1324429512
0.0700674483608,8.20978191563e-06,0.000698131700797,19.1492609978
0.0700674483608,8.20978191563e-06,0.000698131700797,19.1658780575
0.0700674483608,8.20978191563e-06,0.000698131700797,19.1829299927
0.0700674483608,8.20978191563e-06,0.000698131700797,19.1992440224
0.0700674483608,8.20978191563e-06,0.000698131700797,19.2192890644
0.0700674483608,8.20978191563e-06,0.000698131700797,19.2328598499
0.0700674483608,8.20978191563e-06,0.000698131700797,19.2493360043
0.0700674483608,8.20978191563e-06,0.000698131700797,19.2659409046
0.0700674483608,8.20978191563e-06,0.000698131700797,19.282542944
0.0700674483608,8.20978191563e-06,0.000698131700797,19.2990438938
0.0700674483608,8.20978191563e-06,0.000698131700797,19.3157680035
0.0700674483608,8.20978191563e-06,0.000698131700797,19.3324420452
0.0700674483608,8.20978191563e-06,0.000698131700797,19.3491020203
0.0700674483608,8.20978191563e-06,0.000698131700797,19.3657150269
0.0700674483608,8.20978191563e-06,0.000698131700797,19.38281703
0.0700674483608,8.20978191563e-06,0.000698131700797,19.3989720345
0.0700674483608,8.20978191563e-06,0.000698131700797,19.4158449173
0.0700674483608,8.20978191563e-06,0.000698131700797,19.4328150749
0.0700674483608,8.20978191563e-06,0.000698131700797,19.4499309063
0.0700674483608,8.20978191563e-06,0.000698131700797,19.4678089619
0.0700674483608,8.20978191563e-06,0.000698131700797,19.484746933
0.0700674483608,8.20978191563e-06,0.000698131700797,19.501967907
0.0700674483608,8.20978191563e-06,0.000698131700797,19.5197780132
0.0700674483608,8.20978191563e-06,0.000698131700797,19.5331430435
0.0700674483608,8.20978191563e-06,0.000698131700797,19.5501520634
0.0700674483608,8.20978191563e-06,0.000698131700797,19.5659139156
0.0700674483608,8.20978191563e-06,0.000698131700797,19.5836250782
0.0700674483608,8.20978191563e-06,0.000698131700797,19.6014490128
0.0700674483608,8.20978191563e-06,0.000698131700797,19.6157939434
0.0700674483608,8.20978191563e-06,0.000698131700797,19.6324288845
0.0700674483608,8.20978191563e-06,0.000698131700797,19.6503710747
0.0700674483608,8.20978191563e-06,0.000698131700797,19.6663169861
0.0700674483608,8.20978191563e-06,0.000698131700797,19.6832380295
0.0700674483608,8.20978191563e-06,0.000698131700797,19.6990969181
0.0700674483608,8.20978191563e-06,0.000698131700797,19.7158939838
0.0700674483608,8.20978191563e-06,0.000698131700797,19.7323279381
0.0700674483608,8.20978191563e-06,0.000698131700797,19.750305891
0.0700674483608,8.20978191563e-06,0.000698131700797,19.7658519745
0.0700674483608,8.20978191563e-06,0.000698131700797,19.7841689587
0.0700674483608,8.20978191563e-06,0.000698131700797,19.799175024
0.0700674483608,8.20978191563e-06,0.000698131700797,19.816824913
0.0700674483608,8.20978191563e-06,0.000698131700797,19.8350050449
0.0700674483608,8.20978191563e-06,0.000698131700797,19.8500609398
0.0700674483608,8.20978191563e-06,0.000698131700797,19.8671648502
0.0700674483608,8.20978191563e-06,0.000698131700797,19.8825728893
0.0700674483608,8.20978191563e-06,0.000698131700797,19.9002728462
0.0700674483608,8.20978191563e-06,0.000698131700797,19.9158079624
0.0700674483608,8.20978191563e-06,0.000698131700797,19.9324729443
0.0700674483608,8.20978191563e-06,0.000698131700797,19.9492650032
0.0700674483608,8.20978191563e-06,0.000698131700797,19.9663059711
0.0700674483608,8.20978191563e-06,0.000698131700797,19.9842269421
0.0700674483608,8.20978191563e-06,0.000698131700797,19.9998700619
0.0700674483608,8.20978191563e-06,0.000698131700797,20.0167119503
0.0700674483608,8.20978191563e-06,0.000698131700797,20.0327858925
0.0700674483608,8.20978191563e-06,0.000698131700797,20.0494260788
0.0700674483608,8.20978191563e-06,0.000698131700797,20.0665650368
0.0700674483608,8.20978191563e-06,0.000698131700797,20.0832059383
0.0700674483608,8.20978191563e-06,0.000698131700797,20.0990428925
0.0700674483608,8.20978191563e-06,0.000698131700797,20.118819952
0.0700674483608,8.20978191563e-06,0.000698131700797,20.1323719025
0.0700674483608,8.20978191563e-06,0.000698131700797,20.1493999958
0.0700674483608,8.20978191563e-06,0.000698131700797,20.16573596
0.0700674483608,8.20978191563e-06,0.000698131700797,20.1825890541
0.0700674483608,8.20978191563e-06,0.000698131700797,20.2000088692
0.0700674483608,8.20978191563e-06,0.000698131700797,20.2176969051
0.0700674483608,8.20978191563e-06,0.000698131700797,20.2332279682
0.0700674483608,8.20978191563e-06,0.000698131700797,20.2493238449
0.0700674483608,8.20978191563e-06,0.000698131700797,20.2660899162
0.0700674483608,8.20978191563e-06,0.000698131700797,20.2841188908
0.0700674483608,8.20978191563e-06,0.000698131700797,20.2997009754
0.0700674483608,8.20978191563e-06,0.000698131700797,20.3162200451
0.0700674483608,8.20978191563e-06,0.000698131700797,20.3332378864
0.0700674483608,8.20978191563e-06,0.000698131700797,20.3493728638
0.0700674483608,8.20978191563e-06,0.000698131700797,20.3657310009
0.0700674483608,8.20978191563e-06,0.000698131700797,20.3835048676
0.0700674483608,8.20978191563e-06,0.000698131700797,20.3990139961
0.0700674483608,8.20978191563e-06,0.000698131700797,20.4179558754
0.0700674483608,8.20978191563e-06,0.000698131700797,20.4323840141
0.0700674483608,8.20978191563e-06,0.000698131700797,20.4506449699
0.0700674483608,8.20978191563e-06,0.000698131700797,20.4662299156
0.0700674483608,8.20978191563e-06,0.000698131700797,20.4839770794
0.0700674483608,8.20978191563e-06,0.000698131700797,20.4990148544
0.0700674483608,8.20978191563e-06,0.000698131700797,20.5167899132
0.0700674483608,8.20978191563e-06,0.000698131700797,20.5337600708
0.0700674483608,8.20978191563e-06,0.000698131700797,20.5509150028
0.0700674483608,8.20978191563e-06,0.000698131700797,20.5658209324
0.0700674483608,8.20978191563e-06,0.000698131700797,20.5844490528
0.0700674483608,8.20978191563e-06,0.000698131700797,20.5992040634
0.0700674483608,8.20978191563e-06,0.000698131700797,20.6163229942
0.0700674483608,8.20978191563e-06,0.000698131700797,20.6329350471
0.0700674483608,8.20978191563e-06,0.000698131700797,20.6493840218
0.0700674483608,8.20978191563e-06,0.000698131700797,20.6657218933
0.0700674483608,8.20978191563e-06,0.000698131700797,20.6827878952
0.0700674483608,8.20978191563e-06,0.000698131700797,20.6990790367
0.0700674483608,8.20978191563e-06,0.000698131700797,20.7157509327
0.0700674483608,8.20978191563e-06,0.000698131700797,20.732364893
0.0700674483608,8.20978191563e-06,0.000698131700797,20.7492558956
0.0700674483608,8.20978191563e-06,0.000698131700797,20.7660069466
0.0700674483608,8.20978191563e-06,0.000698131700797,20.7856910229
0.0700674483608,8.20978191563e-06,0.000698131700797,20.799093008
0.0700674483608,8.20978191563e-06,0.000698131700797,20.8159730434
0.0700674483608,8.20978191563e-06,0.000698131700797,20.8330860138
0.0700674483608,8.20978191563e-06,0.000698131700797,20.8495600224
0.0700674483608,8.20978191563e-06,0.000698131700797,20.8670208454
0.0700674483608,8.20978191563e-06,0.000698131700797,20.8829219341
0.0700674483608,8.20978191563e-06,0.000698131700797,20.8992989063
0.0700674483608,8.20978191563e-06,0.000698131700797,20.9211809635
0.0700674483608,8.20978191563e-06,0.000698131700797,20.9327089787
0.0700674483608,8.20978191563e-06,0.000698131700797,20.9490308762
0.0700674483608,8.20978191563e-06,0.000698131700797,20.9655029774
0.0700674483608,8.20978191563e-06,0.000698131700797,20.98250103
0.0700674483608,8.20978191563e-06,0.000698131700797,20.9991569519
0.0700674483608,8.20978191563e-06,0.000698131700797,21.0158560276
0.0700674483608,8.20978191563e-06,0.000698131700797,21.0326550007
0.0700674483608,8.20978191563e-06,0.000698131700797,21.0504798889
0.0700674483608,8.20978191563e-06,0.000698131700797,21.0656659603
0.0700674483608,8.20978191563e-06,0.000698131700797,21.0823290348
0.0700674483608,8.20978191563e-06,0.000698131700797,21.099547863
0.0700674483608,8.20978191563e-06,0.000698131700797,21.1158239841
0.0700674483608,8.20978191563e-06,0.000698131700797,21.132379055
0.0700674483608,8.20978191563e-06,0.000698131700797,21.1493749619
0.0700674483608,8.20978191563e-06,0.000698131700797,21.166697979
0.0700674483608,8.20978191563e-06,0.000698131700797,21.1832709312
0.0700674483608,8.20978191563e-06,0.000698131700797,21.1988909245
0.0700674483608,8.20978191563e-06,0.000698131700797,21.2164368629
0.0700674483608,8.20978191563e-06,0.000698131700797,21.2330949306
0.0700674483608,8.20978191563e-06,0.000698131700797,21.2496700287
0.0700674483608,8.20978191563e-06,0.000698131700797,21.2657198906
0.0700674483608,8.20978191563e-06,0.000698131700797,21.2829499245
0.0700674483608,8.20978191563e-06,0.000698131700797,21.2991759777
0.0700674483608,8.20978191563e-06,0.000698131700797,21.3167898655
0.0700674483608,8.20978191563e-06,0.000698131700797,21.3333849907
0.0700674483608,8.20978191563e-06,0.000698131700797,21.3528158665
0.0700674483608,8.20978191563e-06,0.000698131700797,21.365983963
0.0700674483608,8.20978191563e-06,0.000698131700797,21.382283926
0.0700674483608,8.20978191563e-06,0.000698131700797,21.398900032
0.0700674483608,8.20978191563e-06,0.000698131700797,21.4162740707
0.0700674483608,8.20978191563e-06,0.000698131700797,21.4323630333
0.0700674483608,8.20978191563e-06,0.000698131700797,21.4491829872
0.0700674483608,8.20978191563e-06,0.000698131700797,21.4664549828
0.0700674483608,8.20978191563e-06,0.000698131700797,21.4824509621
0.0700674483608,8.20978191563e-06,0.000698131700797,21.4999258518
0.0700674483608,8.20978191563e-06,0.000698131700797,21.516602993
0.0700674483608,8.20978191563e-06,0.000698131700797,21.5325489044
0.0700674483608,8.20978191563e-06,0.000698131700797,21.5491030216
0.0700674483608,8.20978191563e-06,0.000698131700797,21.5658290386
0.0700674483608,8.20978191563e-06,0.000698131700797,21.5824038982
0.0700674483608,8.20978191563e-06,0.000698131700797,21.5991640091
0.0700674483608,8.20978191563e-06,0.000698131700797,21.6159989834
0.0700674483608,8.20978191563e-06,0.000698131700797,21.6327359676
0.0700674483608,8.20978191563e-06,0.000698131700797,21.649050951
0.0700674483608,8.20978191563e-06,0.000698131700797,21.6657948494
0.0700674483608,8.20978191563e-06,0.000698131700797,21.6825380325
0.0700674483608,8.20978191563e-06,0.000698131700797,21.6989190578
0.0700674483608,8.20978191563e-06,0.000698131700797,21.7158138752
0.0700674483608,8.20978191563e-06,0.000698131700797,21.7324428558
0.0700674483608,8.20978191563e-06,0.000698131700797,21.7492039204
0.0700674483608,8.20978191563e-06,0.000698131700797,21.766949892
0.0700674483608,8.20978191563e-06,0.000698131700797,21.7824690342
0.0700674483608,8.20978191563e-06,0.000698131700797,21.7994070053
0.0700674483608,8.20978191563e-06,0.000698131700797,21.8163700104
0.0700674483608,8.20978191563e-06,0.000698131700797,21.8323829174
0.0700674483608,8.20978191563e-06,0.000698131700797,21.8506829739
0.0700674483608,8.20978191563e-06,0.000698131700797,21.8663430214
0.0700674483608,8.20978191563e-06,0.000698131700797,21.8826339245
0.0700674483608,8.20978191563e-06,0.000698131700797,21.8990800381
0.0700674483608,8.20978191563e-06,0.000698131700797,21.9163720608
0.0700674483608,8.20978191563e-06,0.000698131700797,21.9328160286
0.0700674483608,8.20978191563e-06,0.000698131700797,21.9490559101
0.0700674483608,8.20978191563e-06,0.000698131700797,21.9658010006
0.0700674483608,8.20978191563e-06,0.000698131700797,21.9824640751
0.0700674483608,8.20978191563e-06,0.000698131700797,21.9992640018
0.0700674483608,8.20978191563e-06,0.000698131700797,22.0158319473
0.0700674483608,8.20978191563e-06,0.000698131700797,22.0324699879
0.0700674483608,8.20978191563e-06,0.000698131700797,22.0492429733
0.0700674483608,8.20978191563e-06,0.000698131700797,22.0656950474
0.0700674483608,8.20978191563e-06,0.000698131700797,22.0829489231
0.0700674483608,8.20978191563e-06,0.000698131700797,22.0990929604
0.0700674483608,8.20978191563e-06,0.000698131700797,22.1160109043
0.0700674483608,8.20978191563e-06,0.000698131700797,22.132365942
0.0700674483608,8.20978191563e-06,0.000698131700797,22.1491448879
0.0700674483608,8.20978191563e-06,0.000698131700797,22.1661629677
0.0700674483608,8.20978191563e-06,0.000698131700797,22.1824929714
0.0700674483608,8.20978191563e-06,0.000698131700797,22.1989400387
0.0700674483608,8.20978191563e-06,0.000698131700797,22.2157380581
0.0700674483608,8.20978191563e-06,0.000698131700797,22.2324209213
0.0700674483608,8.20978191563e-06,0.000698131700797,22.2492878437
0.0700674483608,8.20978191563e-06,0.000698131700797,22.2658660412
0.0700674483608,8.20978191563e-06,0.000698131700797,22.2830569744
0.0700674483608,8.20978191563e-06,0.000698131700797,22.2994940281
0.0700674483608,8.20978191563e-06,0.000698131700797,22.3158860207
0.0700674483608,8.20978191563e-06,0.000698131700797,22.3325369358
0.0700674483608,8.20978191563e-06,0.000698131700797,22.349271059
0.0700674483608,8.20978191563e-06,0.000698131700797,22.3656959534
0.0700674483608,8.20978191563e-06,0.000698131700797,22.3824520111
0.0700674483608,8.20978191563e-06,0.000698131700797,22.3992860317
0.0700674483608,8.20978191563e-06,0.000698131700797,22.4157688618
0.0700674483608,8.20978191563e-06,0.000698131700797,22.4326429367
0.0700674483608,8.20978191563e-06,0.000698131700797,22.4493238926
0.0700674483608,8.20978191563e-06,0.000698131700797,22.4657258987
0.0700674483608,8.20978191563e-06,0.000698131700797,22.4837880135
0.0700674483608,8.20978191563e-06,0.000698131700797,22.4989759922
0.0700674483608,8.20978191563e-06,0.000698131700797,22.5162630081
0.0700674483608,8.20978191563e-06,0.000698131700797,22.5332019329
0.0700674483608,8.20978191563e-06,0.000698131700797,22.5493450165
0.0700674483608,8.20978191563e-06,0.000698131700797,22.5662488937
0.0700674483608,8.20978191563e-06,0.000698131700797,22.5836000443
0.0700674483608,8.20978191563e-06,0.000698131700797,22.59928298
0.0700674483608,8.20978191563e-06,0.000698131700797,22.6166620255
0.0700674483608,8.20978191563e-06,0.000698131700797,22.6323750019
0.0700674483608,8.20978191563e-06,0.000698131700797,22.6492738724
0.0700674483608,8.20978191563e-06,0.000698131700797,22.6657829285
0.0700674483608,8.20978191563e-06,0.000698131700797,22.6839618683
0.0700674483608,8.20978191563e-06,0.000698131700797,22.6991400719
0.0700674483608,8.20978191563e-06,0.000698131700797,22.7165739536
0.0700674483608,8.20978191563e-06,0.000698131700797,22.7328329086
0.0700674483608,8.20978191563e-06,0.000698131700797,22.7493739128
0.0700674483608,8.20978191563e-06,0.000698131700797,22.7655930519
0.0700674483608,8.20978191563e-06,0.000698131700797,22.7826750278
0.0700674483608,8.20978191563e-06,0.000698131700797,22.7989170551
0.0700674483608,8.20978191563e-06,0.000698131700797,22.8158340454
0.0700674483608,8.20978191563e-06,0.000698131700797,22.8323318958
0.0700674483608,8.20978191563e-06,0.000698131700797,22.8497240543
0.0700674483608,8.20978191563e-06,0.000698131700797,22.8656208515
0.0700674483608,8.20978191563e-06,0.000698131700797,22.8834528923
0.0700674483608,8.20978191563e-06,0.000698131700797,22.8989708424
0.0700674483608,8.20978191563e-06,0.000698131700797,22.9156570435
0.0700674483608,8.20978191563e-06,0.000698131700797,22.9326219559
0.0700674483608,8.20978191563e-06,0.000698131700797,22.9493589401
0.0700674483608,8.20978191563e-06,0.000698131700797,22.9656460285
0.0700674483608,8.20978191563e-06,0.000698131700797,22.9827079773
0.0700674483608,8.20978191563e-06,0.000698131700797,22.9990360737
0.0700674483608,8.20978191563e-06,0.000698131700797,23.0166368484
0.0700674483608,8.20978191563e-06,0.000698131700797,23.0346460342
0.0700674483608,8.20978191563e-06,0.000698131700797,23.0507249832
0.0700674483608,8.20978191563e-06,0.000698131700797,23.0659399033
0.0700674483608,8.20978191563e-06,0.000698131700797,23.0828950405
0.0700674483608,8.20978191563e-06,0.000698131700797,23.0990610123
0.0700674483608,8.20978191563e-06,0.000698131700797,23.1162910461
0.0700674483608,8.20978191563e-06,0.000698131700797,23.1330859661
0.0700674483608,8.20978191563e-06,0.000698131700797,23.1491689682
0.0700674483608,8.20978191563e-06,0.000698131700797,23.1657569408
0.0700674483608,8.20978191563e-06,0.000698131700797,23.1826360226
0.0700674483608,8.20978191563e-06,0.000698131700797,23.1992740631
0.0700674483608,8.20978191563e-06,0.000698131700797,23.2161009312
0.0700674483608,8.20978191563e-06,0.000698131700797,23.2323210239
0.0700674483608,8.20978191563e-06,0.000698131700797,23.2492730618
0.0700674483608,8.20978191563e-06,0.000698131700797,23.2660329342
0.0700674483608,8.20978191563e-06,0.000698131700797,23.2843420506
0.0700674483608,8.20978191563e-06,0.000698131700797,23.2994399071
0.0700674483608,8.20978191563e-06,0.000698131700797,23.316245079
0.0700674483608,8.20978191563e-06,0.000698131700797,23.3324899673
0.0700674483608,8.20978191563e-06,0.000698131700797,23.3496348858
0.0700674483608,8.20978191563e-06,0.000698131700797,23.3664910793
0.0700674483608,8.20978191563e-06,0.000698131700797,23.3824880123
0.0700674483608,8.20978191563e-06,0.000698131700797,23.3998110294
0.0700674483608,8.20978191563e-06,0.000698131700797,23.4173460007
0.0700674483608,8.20978191563e-06,0.000698131700797,23.432489872
0.0700674483608,8.20978191563e-06,0.000698131700797,23.4494149685
0.0700674483608,8.20978191563e-06,0.000698131700797,23.4660069942
0.0700674483608,8.20978191563e-06,0.000698131700797,23.4834768772
0.0700674483608,8.20978191563e-06,0.000698131700797,23.4990439415
0.0700674483608,8.20978191563e-06,0.000698131700797,23.5211138725
0.0700674483608,8.20978191563e-06,0.000698131700797,23.5324459076
0.0700674483608,8.20978191563e-06,0.000698131700797,23.5495989323
0.0700674483608,8.20978191563e-06,0.000698131700797,23.5658459663
0.0700674483608,8.20978191563e-06,0.000698131700797,23.5823378563
0.0700674483608,8.20978191563e-06,0.000698131700797,23.598929882
0.0700674483608,8.20978191563e-06,0.000698131700797,23.615874052
0.0700674483608,8.20978191563e-06,0.000698131700797,23.63270998
0.0700674483608,8.20978191563e-06,0.000698131700797,23.6494688988
0.0700674483608,8.20978191563e-06,0.000698131700797,23.6656808853
0.0700674483608,8.20978191563e-06,0.000698131700797,23.682559967
0.0700674483608,8.20978191563e-06,0.000698131700797,23.6989638805
0.0700674483608,8.20978191563e-06,0.000698131700797,23.7157700062
0.0700674483608,8.20978191563e-06,0.000698131700797,23.7335748672
0.0700674483608,8.20978191563e-06,0.000698131700797,23.7499659061
0.0700674483608,8.20978191563e-06,0.000698131700797,23.7657659054
0.0700674483608,8.20978191563e-06,0.000698131700797,23.7824230194
0.0700674483608,8.20978191563e-06,0.000698131700797,23.7990310192
0.0700674483608,8.20978191563e-06,0.000698131700797,23.8168530464
0.0700674483608,8.20978191563e-06,0.000698131700797,23.8327610493
0.0700674483608,8.20978191563e-06,0.000698131700797,23.8495528698
0.0700674483608,8.20978191563e-06,0.000698131700797,23.8662788868
0.0700674483608,8.20978191563e-06,0.000698131700797,23.8825938702
0.0700674483608,8.20978191563e-06,0.000698131700797,23.8992009163
0.0700674483608,8.20978191563e-06,0.000698131700797,23.9158139229
0.0700674483608,8.20978191563e-06,0.000698131700797,23.932929039
0.0700674483608,8.20978191563e-06,0.000698131700797,23.9491000175
0.0700674483608,8.20978191563e-06,0.000698131700797,23.9656100273
0.0700674483608,8.20978191563e-06,0.000698131700797,23.9826099873
0.0700674483608,8.20978191563e-06,0.000698131700797,23.9991290569
0.0700674483608,8.20978191563e-06,0.000698131700797,24.0162699223
0.0700674483608,8.20978191563e-06,0.000698131700797,24.034883976
0.0700674483608,8.20978191563e-06,0.000698131700797,24.0496070385
0.0700674483608,8.20978191563e-06,0.000698131700797,24.0657160282
0.0700674483608,8.20978191563e-06,0.000698131700797,24.0825810432
0.0700674483608,8.20978191563e-06,0.000698131700797,24.0990478992
0.0700674483608,8.20978191563e-06,0.000698131700797,24.1158518791
0.0700674483608,8.20978191563e-06,0.000698131700797,24.1322948933
0.0700674483608,8.20978191563e-06,0.000698131700797,24.1492919922
0.0700674483608,8.20978191563e-06,0.000698131700797,24.1659069061
0.0700674483608,8.20978191563e-06,0.000698131700797,24.1827149391
0.0700674483608,8.20978191563e-06,0.000698131700797,24.2004108429
0.0700674483608,8.20978191563e-06,0.000698131700797,24.2163350582
0.0700674483608,8.20978191563e-06,0.000698131700797,24.2326159477
0.0700674483608,8.20978191563e-06,0.000698131700797,24.24909091
0.0700674483608,8.20978191563e-06,0.000698131700797,24.2656428814
0.0700674483608,8.20978191563e-06,0.000698131700797,24.2828760147
0.0700674483608,8.20978191563e-06,0.000698131700797,24.2990980148
0.0700674483608,8.20978191563e-06,0.000698131700797,24.3162560463
0.0700674483608,8.20978191563e-06,0.000698131700797,24.332463026
0.0700674483608,8.20978191563e-06,0.000698131700797,24.3490488529
0.0700674483608,8.20978191563e-06,0.000698131700797,24.3657598495
0.0700674483608,8.20978191563e-06,0.000698131700797,24.3834140301
0.0700674483608,8.20978191563e-06,0.000698131700797,24.3989639282
0.0700674483608,8.20978191563e-06,0.000698131700797,24.4164500237
0.0700674483608,8.20978191563e-06,0.000698131700797,24.4323699474
0.0700674483608,8.20978191563e-06,0.000698131700797,24.449229002
0.0700674483608,8.20978191563e-06,0.000698131700797,24.4657318592
0.0700674483608,8.20978191563e-06,0.000698131700797,24.4823880196
0.0700674483608,8.20978191563e-06,0.000698131700797,24.4990139008
0.0700674483608,8.20978191563e-06,0.000698131700797,24.5157389641
0.0700674483608,8.20978191563e-06,0.000698131700797,24.5330560207
0.0700674483608,8.20978191563e-06,0.000698131700797,24.54971385
0.0700674483608,8.20978191563e-06,0.000698131700797,24.5668509007
0.0700674483608,8.20978191563e-06,0.000698131700797,24.582805872
0.0700674483608,8.20978191563e-06,0.000698131700797,24.5990550518
0.0700674483608,8.20978191563e-06,0.000698131700797,24.6158950329
0.0700674483608,8.20978191563e-06,0.000698131700797,24.6322510242
0.0700674483608,8.20978191563e-06,0.000698131700797,24.6490249634
0.0700674483608,8.20978191563e-06,0.000698131700797,24.6660618782
0.0700674483608,8.20978191563e-06,0.000698131700797,24.6824409962
0.0700674483608,8.20978191563e-06,0.000698131700797,24.6990208626
0.0700674483608,8.20978191563e-06,0.000698131700797,24.7158968449
0.0700674483608,8.20978191563e-06,0.000698131700797,24.7328629494
0.0700674483608,8.20978191563e-06,0.000698131700797,24.7490739822
0.0700674483608,8.20978191563e-06,0.000698131700797,24.7657170296
0.0700674483608,8.20978191563e-06,0.000698131700797,24.7826280594
0.0700674483608,8.20978191563e-06,0.000698131700797,24.7991168499
0.0700674483608,8.20978191563e-06,0.000698131700797,24.816204071
0.0700674483608,8.20978191563e-06,0.000698131700797,24.8325200081
0.0700674483608,8.20978191563e-06,0.000698131700797,24.8492360115
0.0700674483608,8.20978191563e-06,0.000698131700797,24.8656949997
0.0700674483608,8.20978191563e-06,0.000698131700797,24.882735014
0.0700674483608,8.20978191563e-06,0.000698131700797,24.8991770744
