0.0,0.0,0.0
0.0,0.0,0.0
0.0,0.0,0.0
0.0,0.0,0.0
0.0,0.0,0.0
0.0,0.0,0.0
0.0,0.0,0.0
0.0,0.0,0.0
0.0,0.0,0.0
0.0,0.0,0.0
0.0,0.0,0.0
0.0,0.0,0.0
0.0,0.0,0.0
0.0,0.0,0.0
0.0,0.0,0.0
0.0,0.0,0.0
0.0,0.0,0.0
0.0,0.0,0.0
0.0,0.0,0.0
0.0,0.0,0.0
0.0,0.0,0.0
0.0,0.0,0.0
0.0,0.0,0.0
0.0,0.0,0.0
0.0,0.0,0.0
0.0,0.0,0.0
0.0,0.0,0.0
0.0,0.0,0.0
0.0,0.0,0.0
0.0,0.0,0.0
0.0,0.0,0.0
0.0,0.0,0.0
0.0,0.0,0.0
0.0,0.0,0.0
0.0,0.0,0.0
0.0,0.0,0.0
0.0,0.0,0.0
0.0,0.0,0.0
0.0,0.0,0.0
0.0,0.0,0.0
0.0,0.0,0.0
0.0,0.0,0.0
0.0,0.0,0.0
0.0,0.0,0.0
0.0,0.0,0.0
0.0,0.0,0.0
0.0,0.0,0.0
0.0,0.0,0.0
0.0,0.0,0.0
0.0,0.0,0.0
0.0,0.0,0.0
0.0,0.0,0.0
0.0,0.0,0.0
0.0,0.0,0.0
0.0,0.0,0.0
0.0,0.0,0.0
0.0,0.0,0.0
0.0,0.0,0.0
0.0,0.0,0.0
0.0,0.0,0.0
0.0,0.0,0.0
0.0,0.0,0.0
0.0,0.0,0.0
0.0,0.0,0.0
0.0,0.0,0.0
0.0,0.0,0.0
0.0,0.0,0.0
0.0,0.0,0.0
0.0,0.0,0.0
0.0,0.0,0.0
0.0,0.0,0.0
0.0,0.0,0.0
0.0,0.0,0.0
0.0,0.0,0.0
0.0,0.0,0.0
0.0,0.0,0.0
0.0,0.0,0.0
0.0,0.0,0.0
0.0,0.0,0.0
0.0,0.0,0.0
0.0,0.0,0.0
0.0,0.0,0.0
0.0,0.0,0.0
0.0,0.0,0.0
0.0,0.0,0.0
0.0,0.0,0.0
0.0,0.0,0.0
0.0,0.0,0.0
0.0,0.0,0.0
0.0,0.0,0.0
0.0,0.0,0.0
0.0,0.0,0.0
0.0,0.0,0.0
0.0,0.0,0.0
0.0,0.0,0.0
0.0,0.0,0.0
0.0,0.0,0.0
0.0,0.0,0.0
0.0,0.0,0.0
0.0,0.0,0.0
0.0,0.0,0.0
0.0,0.0,0.0
0.0,0.0,0.0
0.0,0.0,0.0
0.0,0.0,0.0
0.0,0.0,0.0
0.0,0.0,0.0
0.0,0.0,0.0
0.0,0.0,0.0
0.0,0.0,0.0
0.0,0.0,0.0
0.0,0.0,0.0
0.0,0.0,0.0
0.0,0.0,0.0
0.0,0.0,0.0
0.0,0.0,0.0
0.0,0.0,0.0
0.0,0.0,0.0
0.0,0.0,0.0
0.0,0.0,0.0
0.0,0.0,0.0
0.0,0.0,0.0
0.0,0.0,0.0
0.0,0.0,0.0
0.0,0.0,0.0
0.0,0.0,0.0
0.0,0.0,0.0
0.0,0.0,0.0
0.0,0.0,0.0
0.0,0.0,0.0
0.0,0.0,0.0
0.0,0.0,0.0
0.0,0.0,0.0
0.0,0.0,0.0
0.0,0.0,0.0
0.0,0.0,0.0
0.0,0.0,0.0
0.0,0.0,0.0
0.0,0.0,0.0
0.0,0.0,0.0
0.0,0.0,0.0
0.0,0.0,0.0
0.0,0.0,0.0
0.0,0.0,0.0
0.0,0.0,0.0
0.0,0.0,0.0
0.0,0.0,0.0
0.0,0.0,0.0
0.0,0.0,0.0
0.0,0.0,0.0
0.0,0.0,0.0
0.0,0.0,0.0
0.0,0.0,0.0
0.0,0.0,0.0
0.0,0.0,0.0
0.0,0.0,0.0
0.0,0.0,0.0
0.0,0.0,0.0
0.0,0.0,0.0
0.0,0.0,0.0
0.0,0.0,0.0
0.0,0.0,0.0
0.0,0.0,0.0
0.0,0.0,0.0
0.0,0.0,0.0
0.0,0.0,0.0
0.0,0.0,0.0
0.0,0.0,0.0
0.0,0.0,0.0
0.0,0.0,0.0
0.0,0.0,0.0
0.0,0.0,0.0
0.0,0.0,0.0
0.0,0.0,0.0
0.0,0.0,0.0
0.0,0.0,0.0
0.0,0.0,0.0
0.0,0.0,0.0
0.0,0.0,0.0
0.0,0.0,0.0
0.0,0.0,0.0
0.0,0.0,0.0
0.0,0.0,0.0
0.0,0.0,0.0
0.0,0.0,0.0
0.0,0.0,0.0
0.0,0.0,0.0
0.0,0.0,0.0
0.0,0.0,0.0
0.0,0.0,0.0
0.0,0.0,0.0
0.0,0.0,0.0
0.0,0.0,0.0
0.0,0.0,0.0
0.0,0.0,0.0
0.0,0.0,0.0
0.0,0.0,0.0
0.0,0.0,0.0
0.0,0.0,0.0
0.0,0.0,0.0
0.0,0.0,0.0
0.0,0.0,0.0
0.0,0.0,0.0
0.0,0.0,0.0
0.0,0.0,0.0
0.0,0.0,0.0
0.0,0.0,0.0
0.0,0.0,0.0
0.0,0.0,0.0
0.0,0.0,0.0
0.0,0.0,0.0
0.0,0.0,0.0
0.0,0.0,0.0
0.0,0.0,0.0
0.0,0.0,0.0
0.0,0.0,0.0
0.0,0.0,0.0
0.0,0.0,0.0
0.0,0.0,0.0
0.0,0.0,0.0
0.0,0.0,0.0
0.0,0.0,0.0
0.0,0.0,0.0
0.0,0.0,0.0
0.0,0.0,0.0
0.0,0.0,0.0
0.0,0.0,0.0
0.0,0.0,0.0
0.0,0.0,0.0
0.0,0.0,0.0
0.0,0.0,0.0
0.0,0.0,0.0
0.0,0.0,0.0
0.0,0.0,0.0
0.0,0.0,0.0
0.0,0.0,0.0
0.0,0.0,0.0
0.0,0.0,0.0
0.0,0.0,0.0
0.0,0.0,0.0
0.0,0.0,0.0
0.0,0.0,0.0
0.0,0.0,0.0
0.0,0.0,0.0
0.0,0.0,0.0
0.0,0.0,0.0
0.0,0.0,0.0
0.0,0.0,0.0
0.0,0.0,0.0
0.0,0.0,0.0
0.0,0.0,0.0
0.0,0.0,0.0
0.0,0.0,0.0
0.0,0.0,0.0
0.0,0.0,-0.000174532925199
0.0,0.0,-0.000174532925199
0.0,0.0,-0.000174532925199
0.0113438475756,-1.97987492052e-06,0.0
0.0113438475756,-1.97987492052e-06,0.0
0.0113438475756,-1.97987492052e-06,0.0
0.0113438475756,-1.97987492052e-06,0.0
0.0239244306048,-1.97987492051e-06,-0.000523598775598
0.0239244306048,-1.97987492051e-06,-0.000523598775598
0.0239244306048,-1.97987492051e-06,-0.000523598775598
0.0239244306048,-1.97987492051e-06,-0.000523598775598
0.0358653213346,-8.23211125752e-06,0.00226892802759
0.0358653213346,-8.23211125752e-06,0.00226892802759
0.0358653213346,-8.23211125752e-06,0.00226892802759
0.0501090634226,2.40859698418e-05,0.0010471975512
0.0501090634226,2.40859698418e-05,0.0010471975512
0.0501090634226,2.40859698418e-05,0.0010471975512
0.0501090634226,2.40859698418e-05,0.0010471975512
0.0654189848839,4.01184879655e-05,0.00383972435439
0.0654189848839,4.01184879655e-05,0.00383972435439
0.0654189848839,4.01184879655e-05,0.00383972435439
0.0803449903109,9.74305161773e-05,0.00401425727959
0.0803449903109,9.74305161773e-05,0.00401425727959
0.0849507259717,0.000115919223392,0.00436332312999
0.0849507259717,0.000115919223392,0.00436332312999
0.0849507259717,0.000115919223392,0.00436332312999
0.09902378658,0.000177324923947,0.00471238898039
0.10358686264,0.000198828072461,0.00453785605519
0.10358686264,0.000198828072461,0.00453785605519
0.10358686264,0.000198828072461,0.00453785605519
0.10358686264,0.000198828072461,0.00453785605519
0.117489329897,0.000261915900721,0.00453785605519
0.117489329897,0.000261915900721,0.00453785605519
0.117489329897,0.000261915900721,0.00453785605519
0.117489329897,0.000261915900721,0.00453785605519
0.131946190019,0.000327519501273,0.00436332312999
0.131946190019,0.000327519501273,0.00436332312999
0.131946190019,0.000327519501273,0.00436332312999
0.146232478818,0.000389855591231,0.00349065850399
0.151008806666,0.000406528188366,0.00349065850399
0.151008806666,0.000406528188366,0.00349065850399
0.151008806666,0.000406528188366,0.00349065850399
0.151008806666,0.000406528188366,0.00349065850399
0.165508373346,0.000457141429671,0.00331612557879
0.165508373346,0.000457141429671,0.00331612557879
0.165508373346,0.000457141429671,0.00331612557879
0.179880011209,0.000504799760294,0.00331612557879
0.179880011209,0.000504799760294,0.00331612557879
0.179880011209,0.000504799760294,0.00331612557879
0.179880011209,0.000504799760294,0.00331612557879
0.194081065834,0.000551892413403,0.00314159265359
0.194081065834,0.000551892413403,0.00314159265359
0.194081065834,0.000551892413403,0.00314159265359
0.194081065834,0.000551892413403,0.00314159265359
0.208538003464,0.000597310371874,0.00331612557879
0.208538003464,0.000597310371874,0.00331612557879
0.208538003464,0.000597310371874,0.00331612557879
0.22265376647,0.000644120186225,0.00331612557879
0.22265376647,0.000644120186225,0.00331612557879
0.22265376647,0.000644120186225,0.00331612557879
0.22265376647,0.000644120186225,0.00331612557879
0.236598946237,0.000690364323062,0.00349065850399
0.241503211437,0.00070748350762,0.00349065850399
0.241503211437,0.00070748350762,0.00349065850399
0.241503211437,0.00070748350762,0.00349065850399
0.241503211437,0.00070748350762,0.00349065850399
0.255320445567,0.000755714949334,0.00296705972839
0.259755614638,0.000768874399489,0.00314159265359
0.259755614638,0.000768874399489,0.00314159265359
0.259755614638,0.000768874399489,0.00314159265359
0.259755614638,0.000768874399489,0.00314159265359
0.27331698976,0.000811478856108,0.00331612557879
0.27331698976,0.000811478856108,0.00331612557879
0.27331698976,0.000811478856108,0.00331612557879
0.286707774001,0.000855884541021,0.00314159265359
0.286707774001,0.000855884541021,0.00314159265359
0.286707774001,0.000855884541021,0.00314159265359
0.286707774001,0.000855884541021,0.00314159265359
0.299458878283,0.000895943448346,0.00401425727959
0.299458878283,0.000895943448346,0.00401425727959
0.299458878283,0.000895943448346,0.00401425727959
0.312593754056,0.000948670502254,0.00401425727959
0.312593754056,0.000948670502254,0.00401425727959
0.312593754056,0.000948670502254,0.00401425727959
0.312593754056,0.000948670502254,0.00401425727959
0.325088944321,0.000998829680161,0.00383972435439
0.325088944321,0.000998829680161,0.00383972435439
0.325088944321,0.000998829680161,0.00383972435439
0.337882663258,0.00104795427577,0.00401425727959
0.337882663258,0.00104795427577,0.00401425727959
0.337882663258,0.00104795427577,0.00401425727959
0.337882663258,0.00104795427577,0.00401425727959
0.349994042218,0.00109657272808,0.00418879020479
0.349994042218,0.00109657272808,0.00418879020479
0.349994042218,0.00109657272808,0.00418879020479
0.349994042218,0.00109657272808,0.00418879020479
0.362446577868,0.00114873409251,0.00383972435439
0.362446577868,0.00114873409251,0.00383972435439
0.362446577868,0.00114873409251,0.00383972435439
0.37425944502,0.00119409246912,0.00418879020479
0.37425944502,0.00119409246912,0.00418879020479
0.37425944502,0.00119409246912,0.00418879020479
0.37425944502,0.00119409246912,0.00418879020479
0.385944358609,0.00124303840697,0.00418879020479
0.389739823243,0.00125893690504,0.00418879020479
0.389739823243,0.00125893690504,0.00418879020479
0.389739823243,0.00125893690504,0.00418879020479
0.401339445492,0.00130752557327,0.00401425727959
0.401339445492,0.00130752557327,0.00401425727959
0.40496433004,0.00132207687062,0.00401425727959
0.40496433004,0.00132207687062,0.00401425727959
0.40496433004,0.00132207687062,0.00401425727959
0.416180149288,0.00136710029652,0.00418879020479
0.416180149288,0.00136710029652,0.00418879020479
0.416180149288,0.00136710029652,0.00418879020479
0.416180149288,0.00136710029652,0.00418879020479
0.427054795146,0.00141265217299,0.00453785605519
0.430679671578,0.00142910145337,0.00436332312999
0.430679671578,0.00142910145337,0.00436332312999
0.430679671578,0.00142910145337,0.00436332312999
0.430679671578,0.00142910145337,0.00436332312999
0.441682246236,0.00147710954653,0.00453785605519
0.441682246236,0.00147710954653,0.00453785605519
0.441682246236,0.00147710954653,0.00453785605519
0.452087773875,0.00152432865725,0.00471238898039
0.452087773875,0.00152432865725,0.00471238898039
0.455542065099,0.00154060674164,0.00471238898039
0.455542065099,0.00154060674164,0.00471238898039
0.455542065099,0.00154060674164,0.00471238898039
0.465819647627,0.00158903906679,0.00453785605519
0.465819647627,0.00158903906679,0.00453785605519
0.465819647627,0.00158903906679,0.00453785605519
0.465819647627,0.00158903906679,0.00453785605519
0.476139884056,0.00163587113562,0.00471238898039
0.476139884056,0.00163587113562,0.00471238898039
0.476139884056,0.00163587113562,0.00471238898039
0.486033656448,0.00168249478474,0.00488692190558
0.486033656448,0.00168249478474,0.00488692190558
0.486033656448,0.00168249478474,0.00488692190558
0.486033656448,0.00168249478474,0.00488692190558
0.495884775017,0.00173063681511,0.00506145483078
0.495884775017,0.00173063681511,0.00506145483078
0.495884775017,0.00173063681511,0.00506145483078
0.505650594038,0.00178006648907,0.00541052068118
0.505650594038,0.00178006648907,0.00541052068118
0.505650594038,0.00178006648907,0.00541052068118
0.505650594038,0.00178006648907,0.00541052068118
0.51507523185,0.00183105918445,0.00541052068118
0.518401574607,0.00184905660635,0.00558505360638
0.518401574607,0.00184905660635,0.00558505360638
0.518401574607,0.00184905660635,0.00558505360638
0.518401574607,0.00184905660635,0.00558505360638
0.527271813448,0.00189859788089,0.00558505360638
0.527271813448,0.00189859788089,0.00558505360638
0.527271813448,0.00189859788089,0.00558505360638
0.536525860701,0.00195028276827,0.00558505360638
0.536525860701,0.00195028276827,0.00558505360638
0.536525860701,0.00195028276827,0.00558505360638
0.536525860701,0.00195028276827,0.00558505360638
0.545438744921,0.00200006222201,0.00541052068118
0.545438744921,0.00200006222201,0.00541052068118
0.545438744921,0.00200006222201,0.00541052068118
0.554266346853,0.0020478246109,0.00541052068118
0.554266346853,0.0020478246109,0.00541052068118
0.554266346853,0.0020478246109,0.00541052068118
0.554266346853,0.0020478246109,0.00541052068118
0.562880721686,0.00209443331889,0.00593411945678
0.562880721686,0.00209443331889,0.00593411945678
0.562880721686,0.00209443331889,0.00593411945678
0.562880721686,0.00209443331889,0.00593411945678
0.57132448976,0.00214454023546,0.00628318530718
0.57132448976,0.00214454023546,0.00628318530718
0.57132448976,0.00214454023546,0.00628318530718
0.579512368615,0.00219598687259,0.00645771823238
0.579512368615,0.00219598687259,0.00645771823238
0.579512368615,0.00219598687259,0.00645771823238
0.579512368615,0.00219598687259,0.00645771823238
0.587529657747,0.00224776098649,0.00645771823238
0.587529657747,0.00224776098649,0.00645771823238
0.587529657747,0.00224776098649,0.00645771823238
0.595376366259,0.0022984335235,0.00645771823238
0.595376366259,0.0022984335235,0.00645771823238
0.595376366259,0.0022984335235,0.00645771823238
0.595376366259,0.0022984335235,0.00645771823238
0.60322307477,0.0023491060605,0.00628318530718
0.605867077317,0.00236571903707,0.00645771823238
0.605867077317,0.00236571903707,0.00645771823238
0.605867077317,0.00236571903707,0.00645771823238
0.605867077317,0.00236571903707,0.00645771823238
0.613500560054,0.00241501460297,0.00645771823238
0.613500560054,0.00241501460297,0.00645771823238
0.613500560054,0.00241501460297,0.00645771823238
0.621219333101,0.0024648609573,0.00663225115758
0.621219333101,0.0024648609573,0.00663225115758
0.623863329688,0.00248239686384,0.00663225115758
0.623863329688,0.00248239686384,0.00663225115758
0.623863329688,0.00248239686384,0.00663225115758
0.631112997748,0.00253047918823,0.00663225115758
0.631112997748,0.00253047918823,0.00663225115758
0.631112997748,0.00253047918823,0.00663225115758
0.631112997748,0.00253047918823,0.00663225115758
0.638149440278,0.0025771473266,0.00663225115758
0.638149440278,0.0025771473266,0.00663225115758
0.638149440278,0.0025771473266,0.00663225115758
0.64527117302,0.00262438113938,0.00680678408278
0.64527117302,0.00262438113938,0.00680678408278
0.647701941225,0.00264092710925,0.00680678408278
0.647701941225,0.00264092710925,0.00680678408278
0.647701941225,0.00264092710925,0.00680678408278
0.654695730446,0.00268853305763,0.00680678408278
0.656827983257,0.00270304706628,0.00698131700798
0.656827983257,0.00270304706628,0.00698131700798
0.656827983257,0.00270304706628,0.00698131700798
0.656827983257,0.00270304706628,0.00698131700798
0.663693829048,0.00275098049102,0.00698131700798
0.663693829048,0.00275098049102,0.00698131700798
0.663693829048,0.00275098049102,0.00698131700798
0.663693829048,0.00275098049102,0.00698131700798
0.670431739824,0.00279802074635,0.00698131700798
0.670431739824,0.00279802074635,0.00698131700798
0.670431739824,0.00279802074635,0.00698131700798
0.676913780571,0.00284327466287,0.00733038285838
0.676913780571,0.00284327466287,0.00733038285838
0.676913780571,0.00284327466287,0.00733038285838
0.676913780571,0.00284327466287,0.00733038285838
0.683395805126,0.00289079123565,0.00733038285838
0.683395805126,0.00289079123565,0.00733038285838
0.683395805126,0.00289079123565,0.00733038285838
0.689451380698,0.00293518171812,0.00715584993318
0.689451380698,0.00293518171812,0.00715584993318
0.689451380698,0.00293518171812,0.00715584993318
0.689451380698,0.00293518171812,0.00715584993318
0.69580547859,0.00298065146521,0.00680678408278
0.697852441289,0.00299458491352,0.00663225115758
0.697852441289,0.00299458491352,0.00663225115758
0.697852441289,0.00299458491352,0.00663225115758
0.697852441289,0.00299458491352,0.00663225115758
0.703908046375,0.00303474779624,0.00715584993318
0.703908046375,0.00303474779624,0.00715584993318
0.703908046375,0.00303474779624,0.00715584993318
0.710091564459,0.00307899687899,0.00715584993318
0.710091564459,0.00307899687899,0.00715584993318
0.710091564459,0.00307899687899,0.00715584993318
0.710091564459,0.00307899687899,0.00715584993318
0.715891277972,0.00312049946694,0.00715584993318
0.717980880635,0.00313545260525,0.00715584993318
0.717980880635,0.00313545260525,0.00715584993318
0.717980880635,0.00313545260525,0.00715584993318
0.717980880635,0.00313545260525,0.00715584993318
0.7238232391,0.00317726035929,0.00715584993318
0.725742261953,0.00319099283324,0.00715584993318
0.725742261953,0.00319099283324,0.00715584993318
0.725742261953,0.00319099283324,0.00715584993318
0.731414040609,0.00323157992293,0.00715584993318
0.731414040609,0.00323157992293,0.00715584993318
0.731414040609,0.00323157992293,0.00715584993318
0.731414040609,0.00323157992293,0.00715584993318
0.736829949551,0.00327033601609,0.00698131700798
0.738621039758,0.00328284038776,0.00698131700798
0.738621039758,0.00328284038776,0.00698131700798
0.738621039758,0.00328284038776,0.00698131700798
0.738621039758,0.00328284038776,0.00698131700798
0.744335470416,0.00332273528785,0.00663225115758
0.744335470416,0.00332273528785,0.00663225115758
0.744335470416,0.00332273528785,0.00663225115758
0.749836689121,0.00335922128694,0.00663225115758
0.749836689121,0.00335922128694,0.00663225115758
0.749836689121,0.00335922128694,0.00663225115758
0.749836689121,0.00335922128694,0.00663225115758
0.755252617613,0.00339514161163,0.00698131700798
0.755252617613,0.00339514161163,0.00698131700798
0.755252617613,0.00339514161163,0.00698131700798
0.755252617613,0.00339514161163,0.00698131700798
0.760242083188,0.00342997521843,0.00698131700798
0.760242083188,0.00342997521843,0.00698131700798
0.760242083188,0.00342997521843,0.00698131700798
0.765402128783,0.00346599971776,0.00715584993318
0.765402128783,0.00346599971776,0.00715584993318
0.765402128783,0.00346599971776,0.00715584993318
0.765402128783,0.00346599971776,0.00715584993318
0.770562168011,0.0035029248144,0.00698131700798
0.770562168011,0.0035029248144,0.00698131700798
0.770562168011,0.0035029248144,0.00698131700798
0.775466343576,0.00353716297492,0.00680678408278
0.775466343576,0.00353716297492,0.00680678408278
0.775466343576,0.00353716297492,0.00680678408278
0.775466343576,0.00353716297492,0.00680678408278
0.78028523493,0.00356996463448,0.00698131700798
0.78028523493,0.00356996463448,0.00698131700798
0.78028523493,0.00356996463448,0.00698131700798
0.78028523493,0.00356996463448,0.00698131700798
0.785104120485,0.00360360734874,0.00715584993318
0.785104120485,0.00360360734874,0.00715584993318
0.785104120485,0.00360360734874,0.00715584993318
0.789667130381,0.00363626012014,0.00715584993318
0.789667130381,0.00363626012014,0.00715584993318
0.789667130381,0.00363626012014,0.00715584993318
0.789667130381,0.00363626012014,0.00715584993318
0.794187495325,0.00366860772546,0.00715584993318
0.794187495325,0.00366860772546,0.00715584993318
0.794187495325,0.00366860772546,0.00715584993318
0.798451990555,0.00369912433424,0.00733038285838
0.798451990555,0.00369912433424,0.00733038285838
0.798451990555,0.00369912433424,0.00733038285838
0.798451990555,0.00369912433424,0.00733038285838
0.802929704886,0.00373194828255,0.00698131700798
0.802929704886,0.00373194828255,0.00698131700798
0.802929704886,0.00373194828255,0.00698131700798
0.807322140392,0.00376261376545,0.00680678408278
0.807322140392,0.00376261376545,0.00680678408278
0.808772072303,0.00377248329134,0.00698131700798
0.808772072303,0.00377248329134,0.00698131700798
0.808772072303,0.00377248329134,0.00698131700798
0.81290863778,0.00380136243543,0.00663225115758
0.81427328118,0.00381041322591,0.00645771823238
0.81427328118,0.00381041322591,0.00645771823238
0.81427328118,0.00381041322591,0.00645771823238
0.81427328118,0.00381041322591,0.00645771823238
0.81849515152,0.00383767725397,0.00663225115758
0.81849515152,0.00383767725397,0.00663225115758
0.81849515152,0.00383767725397,0.00663225115758
0.81849515152,0.00383767725397,0.00663225115758
0.822589081719,0.00386482962539,0.00663225115758
0.823996370225,0.00387416325306,0.00663225115758
0.823996370225,0.00387416325306,0.00663225115758
0.823996370225,0.00387416325306,0.00663225115758
0.82779178468,0.00389933576406,0.00645771823238
0.82779178468,0.00389933576406,0.00645771823238
0.82779178468,0.00389933576406,0.00645771823238
0.82779178468,0.00389933576406,0.00645771823238
0.831544558316,0.00392357045568,0.00628318530718
0.83269597878,0.00393080513902,0.00610865238198
0.83269597878,0.00393080513902,0.00610865238198
0.83269597878,0.00393080513902,0.00610865238198
0.83269597878,0.00393080513902,0.00610865238198
0.836448760647,0.00395372986406,0.00610865238198
0.837642827605,0.00396102409476,0.00628318530718
0.837642827605,0.00396102409476,0.00628318530718
0.837642827605,0.00396102409476,0.00628318530718
0.837642827605,0.00396102409476,0.00628318530718
0.841097088997,0.0039827281448,0.00610865238198
0.841097088997,0.0039827281448,0.00610865238198
0.841097088997,0.0039827281448,0.00610865238198
0.84467928987,0.00400461083688,0.00593411945678
0.84467928987,0.00400461083688,0.00593411945678
0.84467928987,0.00400461083688,0.00593411945678
0.84467928987,0.00400461083688,0.00593411945678
0.848133558627,0.00402510912093,0.00610865238198
0.848133558627,0.00402510912093,0.00610865238198
0.848133558627,0.00402510912093,0.00610865238198
0.851587823755,0.0040462102883,0.00610865238198
0.851587823755,0.0040462102883,0.00610865238198
0.851587823755,0.0040462102883,0.00610865238198
0.851587823755,0.0040462102883,0.00610865238198
0.854999443634,0.00406705094743,0.00610865238198
0.854999443634,0.00406705094743,0.00610865238198
0.854999443634,0.00406705094743,0.00610865238198
0.858325773016,0.00408737059008,0.00575958653158
0.858325773016,0.00408737059008,0.00575958653158
0.858325773016,0.00408737059008,0.00575958653158
0.858325773016,0.00408737059008,0.00575958653158
0.861694754625,0.00410677474574,0.00593411945678
0.861694754625,0.00410677474574,0.00593411945678
0.861694754625,0.00410677474574,0.00593411945678
0.861694754625,0.00410677474574,0.00593411945678
0.865063732796,0.00412676689933,0.00610865238198
0.865063732796,0.00412676689933,0.00610865238198
0.865063732796,0.00412676689933,0.00610865238198
0.868475352675,0.00414760755845,0.00610865238198
0.868475352675,0.00414760755845,0.00610865238198
0.868475352675,0.00414760755845,0.00610865238198
0.868475352675,0.00414760755845,0.00610865238198
0.871631101063,0.00416688516815,0.00628318530718
0.872697231122,0.00417358394902,0.00610865238198
0.872697231122,0.00417358394902,0.00610865238198
0.872697231122,0.00417358394902,0.00610865238198
0.872697231122,0.00417358394902,0.00610865238198
0.875895624759,0.00419312206696,0.00610865238198
0.875895624759,0.00419312206696,0.00610865238198
0.875895624759,0.00419312206696,0.00610865238198
0.878838146904,0.00421109713546,0.00575958653158
0.878838146904,0.00421109713546,0.00575958653158
0.878838146904,0.00421109713546,0.00575958653158
0.878838146904,0.00421109713546,0.00575958653158
0.881738029808,0.00422779944666,0.00593411945678
0.881738029808,0.00422779944666,0.00593411945678
0.881738029808,0.00422779944666,0.00593411945678
0.884893781513,0.00424652627407,0.00575958653158
0.884893781513,0.00424652627407,0.00575958653158
0.884893781513,0.00424652627407,0.00575958653158
0.884893781513,0.00424652627407,0.00575958653158
0.887836309754,0.00426347420749,0.00558505360638
0.887836309754,0.00426347420749,0.00558505360638
0.887836309754,0.00426347420749,0.00558505360638
0.887836309754,0.00426347420749,0.00558505360638
0.890522968634,0.00427847949738,0.00558505360638
0.890522968634,0.00427847949738,0.00558505360638
0.890522968634,0.00427847949738,0.00558505360638
0.893422854409,0.00429467568329,0.00593411945678
0.893422854409,0.00429467568329,0.00593411945678
0.893422854409,0.00429467568329,0.00593411945678
0.894275760275,0.00429973698799,0.00575958653158
0.894275760275,0.00429973698799,0.00575958653158
0.894275760275,0.00429973698799,0.00575958653158
0.896877125821,0.00431471994363,0.00575958653158
0.896877125821,0.00431471994363,0.00575958653158
0.896877125821,0.00431471994363,0.00575958653158
0.899350555357,0.0043289660326,0.00575958653158
0.899350555357,0.0043289660326,0.00575958653158
0.899350555357,0.0043289660326,0.00575958653158
0.901823984892,0.00434321212157,0.00593411945678
0.901823984892,0.00434321212157,0.00593411945678
0.901823984892,0.00434321212157,0.00593411945678
0.902548954879,0.00434751423057,0.00575958653158
0.902548954879,0.00434751423057,0.00575958653158
0.90480915773,0.00436053220842,0.00575958653158
0.90480915773,0.00436053220842,0.00575958653158
0.90480915773,0.00436053220842,0.00575958653158
0.905662064467,0.00436544465289,0.00575958653158
0.905662064467,0.00436544465289,0.00575958653158
0.905662064467,0.00436544465289,0.00575958653158
0.908007557992,0.00437895387519,0.00575958653158
0.908007557992,0.00437895387519,0.00575958653158
0.910608923538,0.00439393683083,0.00575958653158
0.910608923538,0.00439393683083,0.00575958653158
0.910608923538,0.00439393683083,0.00575958653158
0.910608923538,0.00439393683083,0.00575958653158
0.912911771727,0.0044072004309,0.00575958653158
0.912911771727,0.0044072004309,0.00575958653158
0.912911771727,0.0044072004309,0.00575958653158
0.915299910589,0.00442095527543,0.00575958653158
0.915299910589,0.00442095527543,0.00575958653158
0.915299910589,0.00442095527543,0.00575958653158
0.915299910589,0.00442095527543,0.00575958653158
0.91756011344,0.00443397325328,0.00575958653158
0.91756011344,0.00443397325328,0.00575958653158
0.918327729503,0.0044383944533,0.00558505360638
0.918327729503,0.0044383944533,0.00558505360638
0.918327729503,0.0044383944533,0.00558505360638
0.920417353076,0.00445006523432,0.00523598775598
0.920417353076,0.00445006523432,0.00523598775598
0.920417353076,0.00445006523432,0.00523598775598
0.920417353076,0.00445006523432,0.00523598775598
0.922634916975,0.00446167647785,0.00523598775598
0.922634916975,0.00446167647785,0.00523598775598
0.922634916975,0.00446167647785,0.00523598775598
0.924724544495,0.00447261784195,0.00488692190558
0.924724544495,0.00447261784195,0.00488692190558
0.924724544495,0.00447261784195,0.00488692190558
0.926899466776,0.0044832466019,0.00506145483078
0.926899466776,0.0044832466019,0.00506145483078
0.926899466776,0.0044832466019,0.00506145483078
0.927581794743,0.00448670020358,0.00506145483078
0.927581794743,0.00448670020358,0.00506145483078
0.927581794743,0.00448670020358,0.00506145483078
0.929500842148,0.00449641345829,0.00488692190558
0.929500842148,0.00449641345829,0.00488692190558
0.929500842148,0.00449641345829,0.00488692190558
0.931377245685,0.00450558336883,0.00506145483078
0.931377245685,0.00450558336883,0.00506145483078
0.931377245685,0.00450558336883,0.00506145483078
0.931377245685,0.00450558336883,0.00506145483078
0.933211002095,0.00451486492333,0.00506145483078
0.933211002095,0.00451486492333,0.00506145483078
0.933211002095,0.00451486492333,0.00506145483078
0.935087404003,0.00452436232794,0.00471238898039
0.935087404003,0.00452436232794,0.00471238898039
0.935087404003,0.00452436232794,0.00471238898039
0.935087404003,0.00452436232794,0.00471238898039
0.937049100254,0.00453360667216,0.00436332312999
0.937049100254,0.00453360667216,0.00436332312999
0.937049100254,0.00453360667216,0.00436332312999
0.939010799611,0.00454216625466,0.00436332312999
0.939010799611,0.00454216625466,0.00436332312999
0.939010799611,0.00454216625466,0.00436332312999
0.939607838546,0.00454477134499,0.00436332312999
0.939607838546,0.00454477134499,0.00436332312999
0.939607838546,0.00454477134499,0.00436332312999
0.941356309712,0.00455240053808,0.00418879020479
0.941356309712,0.00455240053808,0.00418879020479
0.941910703423,0.00455472279061,0.00418879020479
0.941910703423,0.00455472279061,0.00418879020479
0.941910703423,0.00455472279061,0.00418879020479
0.943573884554,0.00456168954819,0.00418879020479
0.943573884554,0.00456168954819,0.00418879020479
0.944213569605,0.00456436907033,0.00418879020479
0.944213569605,0.00456436907033,0.00418879020479
0.944213569605,0.00456436907033,0.00418879020479
0.945322357026,0.00456901357539,0.00401425727959
0.945322357026,0.00456901357539,0.00401425727959
0.945322357026,0.00456901357539,0.00401425727959
0.947113476449,0.00457620362819,0.00383972435439
0.947113476449,0.00457620362819,0.00383972435439
0.947113476449,0.00457620362819,0.00383972435439
0.948563431262,0.00458177108236,0.00401425727959
0.948563431262,0.00458177108236,0.00401425727959
0.950056030782,0.00458776279303,0.00383972435439
0.950056030782,0.00458776279303,0.00383972435439
0.950056030782,0.00458776279303,0.00383972435439
0.950056030782,0.00458776279303,0.00383972435439
0.951591277054,0.00459365774451,0.00383972435439
0.951591277054,0.00459365774451,0.00383972435439
0.951591277054,0.00459365774451,0.00383972435439
0.953126523327,0.00459955269598,0.00366519142919
0.953126523327,0.00459955269598,0.00366519142919
0.953126523327,0.00459955269598,0.00366519142919
0.953126523327,0.00459955269598,0.00366519142919
0.954491187574,0.00460455447408,0.00383972435439
0.954491187574,0.00460455447408,0.00383972435439
0.954491187574,0.00460455447408,0.00383972435439
0.955983788117,0.0046102856769,0.00366519142919
0.955983788117,0.0046102856769,0.00366519142919
0.955983788117,0.0046102856769,0.00366519142919
0.956324954178,0.00461153612142,0.00383972435439
0.956324954178,0.00461153612142,0.00383972435439
0.956324954178,0.00461153612142,0.00383972435439
0.957689617532,0.00461677607829,0.00349065850399
0.957689617532,0.00461677607829,0.00349065850399
0.957689617532,0.00461677607829,0.00349065850399
0.958073429591,0.00461811584056,0.00349065850399
0.958073429591,0.00461811584056,0.00349065850399
0.959566032043,0.00462332602716,0.00331612557879
0.959566032043,0.00462332602716,0.00331612557879
0.959566032043,0.00462332602716,0.00331612557879
0.960888052143,0.0046277100279,0.00349065850399
0.960888052143,0.0046277100279,0.00349065850399
0.960888052143,0.0046277100279,0.00349065850399
0.962252717243,0.00463247362709,0.00314159265359
0.962252717243,0.00463247362709,0.00314159265359
0.962252717243,0.00463247362709,0.00314159265359
0.962721821414,0.00463394736615,0.00296705972839
0.962721821414,0.00463394736615,0.00296705972839
0.962721821414,0.00463394736615,0.00296705972839
0.964214426389,0.00463837602726,0.00279252680319
0.964214426389,0.00463837602726,0.00279252680319
0.964214426389,0.00463837602726,0.00279252680319
0.965707032115,0.00464254417959,0.00279252680319
0.965707032115,0.00464254417959,0.00279252680319
0.965707032115,0.00464254417959,0.00279252680319
0.966943762574,0.00464599779152,0.00279252680319
0.966943762574,0.00464599779152,0.00279252680319
0.966943762574,0.00464599779152,0.00279252680319
0.966943762574,0.00464599779152,0.00279252680319
0.968095201277,0.00464921322332,0.00261799387799
0.968095201277,0.00464921322332,0.00261799387799
0.968436368461,0.00465010639896,0.00244346095279
0.968436368461,0.00465010639896,0.00244346095279
0.968436368461,0.00465010639896,0.00244346095279
0.972231855061,0.00465938054072,0.00244346095279
0.972231855061,0.00465938054072,0.00244346095279
0.972231855061,0.00465938054072,0.00244346095279
0.978287575255,0.00467417748601,0.000698131700798
0.978287575255,0.00467417748601,0.000698131700798
0.985324170828,0.00467908995724,-0.00593411945678
0.985324170828,0.00467908995724,-0.00593411945678
0.985324170828,0.00467908995724,-0.00593411945678
0.987968179013,0.00466339991266,-0.00610865238198
0.987968179013,0.00466339991266,-0.00610865238198
0.987968179013,0.00466339991266,-0.00610865238198
0.995345807001,0.00461833198729,-0.00733038285838
0.995345807001,0.00461833198729,-0.00733038285838
0.997819211108,0.00460020066347,-0.00750491578358
0.997819211108,0.00460020066347,-0.00750491578358
0.997819211108,0.00460020066347,-0.00750491578358
1.00489825508,0.00454707203719,-0.00994837673637
1.00489825508,0.00454707203719,-0.00994837673637
1.00489825508,0.00454707203719,-0.00994837673637
1.01193450416,0.00447707047112,-0.0118682389136
1.01193450416,0.00447707047112,-0.0118682389136
1.01193450416,0.00447707047112,-0.0118682389136
1.01862946156,0.00439760938635,-0.0132645023152
1.01862946156,0.00439760938635,-0.0132645023152
1.01862946156,0.00439760938635,-0.0132645023152
1.01862946156,0.00439760938635,-0.0132645023152
1.02468466709,0.00431728538753,-0.0151843644924
1.02468466709,0.00431728538753,-0.0151843644924
1.02468466709,0.00431728538753,-0.0151843644924
1.02468466709,0.00431728538753,-0.0151843644924
1.03086763064,0.00422339379922,-0.0178023583703
1.03086763064,0.00422339379922,-0.0178023583703
1.03086763064,0.00422339379922,-0.0178023583703
1.03619754146,0.00412849879166,-0.0209439510239
1.03619754146,0.00412849879166,-0.0209439510239
1.03619754146,0.00412849879166,-0.0209439510239
1.03619754146,0.00412849879166,-0.0209439510239
1.04186822139,0.00400971498034,-0.0242600766027
1.04186822139,0.00400971498034,-0.0242600766027
1.04186822139,0.00400971498034,-0.0242600766027
1.04664317284,0.00389385156097,-0.0277507351067
1.04664317284,0.00389385156097,-0.0277507351067
1.04664317284,0.00389385156097,-0.0277507351067
1.04664317284,0.00389385156097,-0.0277507351067
1.051843987,0.00374948808462,-0.0303687289847
1.051843987,0.00374948808462,-0.0303687289847
1.05371954774,0.00369251217239,-0.0314159265359
1.05371954774,0.00369251217239,-0.0314159265359
1.05371954774,0.00369251217239,-0.0314159265359
1.05759842282,0.00357061361207,-0.0343829862643
1.05759842282,0.00357061361207,-0.0343829862643
1.05759842282,0.00357061361207,-0.0343829862643
1.05891966882,0.00352516731878,-0.0354301838155
1.05891966882,0.00352516731878,-0.0354301838155
1.06339469325,0.00336655000467,-0.0387463093943
1.06339469325,0.00336655000467,-0.0387463093943
1.06339469325,0.00336655000467,-0.0387463093943
1.06705950038,0.00322448115167,-0.0446804288511
1.06705950038,0.00322448115167,-0.0446804288511
1.06705950038,0.00322448115167,-0.0446804288511
1.06863582926,0.00315400319574,-0.0466002910282
1.06863582926,0.00315400319574,-0.0466002910282
1.07242720681,0.00297719589586,-0.0527089434102
1.07242720681,0.00297719589586,-0.0527089434102
1.07242720681,0.00297719589586,-0.0527089434102
1.07672847538,0.00275027038445,-0.057770398241
1.07672847538,0.00275027038445,-0.057770398241
1.07672847538,0.00275027038445,-0.057770398241
1.07804829728,0.00267393881179,-0.0591666616426
1.07804829728,0.00267393881179,-0.0591666616426
1.08226286792,0.00242428534886,-0.0645771823238
1.08226286792,0.00242428534886,-0.0645771823238
1.08226286792,0.00242428534886,-0.0645771823238
1.08366725399,0.00233346777582,-0.0661479786506
1.08366725399,0.00233346777582,-0.0661479786506
1.08366725399,0.00233346777582,-0.0661479786506
1.08749700402,0.00207976741791,-0.0748746249106
1.08749700402,0.00207976741791,-0.0748746249106
1.08749700402,0.00207976741791,-0.0748746249106
1.09191976612,0.00174799453649,-0.0849975345721
1.09191976612,0.00174799453649,-0.0849975345721
1.09191976612,0.00174799453649,-0.0849975345721
1.09574405395,0.00142215443526,-0.0994837673637
1.09574405395,0.00142215443526,-0.0994837673637
1.09574405395,0.00142215443526,-0.0994837673637
1.0971868502,0.00127814422449,-0.10506882097
1.0971868502,0.00127814422449,-0.10506882097
1.10117347161,0.000857726412165,-0.126012771994
1.10117347161,0.000857726412165,-0.126012771994
1.10117347161,0.000857726412165,-0.126012771994
1.10117347161,0.000857726412165,-0.126012771994
1.10498118252,0.000375350245682,-0.142418866963
1.10498118252,0.000375350245682,-0.142418866963
1.10498118252,0.000375350245682,-0.142418866963
1.10916039594,-0.000223905680035,-0.154287105876
1.10916039594,-0.000223905680035,-0.154287105876
1.10916039594,-0.000223905680035,-0.154287105876
1.10916039594,-0.000223905680035,-0.154287105876
1.11337434256,-0.000879271802328,-0.161268422884
1.11337434256,-0.000879271802328,-0.161268422884
1.11337434256,-0.000879271802328,-0.161268422884
1.11724686971,-0.00150925910724,-0.171042266695
1.11724686971,-0.00150925910724,-0.171042266695
1.11724686971,-0.00150925910724,-0.171042266695
1.11724686971,-0.00150925910724,-0.171042266695
1.12136519709,-0.0022206177655,-0.185528499487
1.12136519709,-0.0022206177655,-0.185528499487
1.12262262282,-0.00245662010708,-0.190589954318
1.12262262282,-0.00245662010708,-0.190589954318
1.12262262282,-0.00245662010708,-0.190589954318
1.12614002514,-0.00313523845297,-0.203679923708
1.12614002514,-0.00313523845297,-0.203679923708
1.12614002514,-0.00313523845297,-0.203679923708
1.1277270762,-0.0034630344062,-0.205599785885
1.1277270762,-0.0034630344062,-0.205599785885
1.1277270762,-0.0034630344062,-0.205599785885
1.1321940976,-0.00439461657786,-0.212057504117
1.1321940976,-0.00439461657786,-0.212057504117
1.13636317461,-0.00529219537438,-0.225147473507
1.13636317461,-0.00529219537438,-0.225147473507
1.13636317461,-0.00529219537438,-0.225147473507
1.13636317461,-0.00529219537438,-0.225147473507
1.13993816958,-0.00611097852483,-0.248883951334
1.13993816958,-0.00611097852483,-0.248883951334
1.14113679849,-0.00641561419167,-0.254469004941
1.14113679849,-0.00641561419167,-0.254469004941
1.14113679849,-0.00641561419167,-0.254469004941
1.14547043387,-0.00754282643965,-0.267908040181
1.14547043387,-0.00754282643965,-0.267908040181
1.14547043387,-0.00754282643965,-0.267908040181
1.14941840722,-0.00862657371591,-0.276983752291
1.14941840722,-0.00862657371591,-0.276983752291
1.14941840722,-0.00862657371591,-0.276983752291
1.15364352635,-0.0098277391383,-0.285012266851
1.15364352635,-0.0098277391383,-0.285012266851
1.15364352635,-0.0098277391383,-0.285012266851
1.15499407201,-0.0102234340571,-0.287804793654
1.15499407201,-0.0102234340571,-0.287804793654
1.15499407201,-0.0102234340571,-0.287804793654
1.15928773013,-0.0114944584399,-0.298800367941
1.15928773013,-0.0114944584399,-0.298800367941
1.15928773013,-0.0114944584399,-0.298800367941
1.16287429434,-0.0125992002435,-0.31922072019
1.16287429434,-0.0125992002435,-0.31922072019
1.16287429434,-0.0125992002435,-0.31922072019
1.16287429434,-0.0125992002435,-0.31922072019
1.16659951946,-0.0138304794132,-0.340513737064
1.16659951946,-0.0138304794132,-0.340513737064
1.16659951946,-0.0138304794132,-0.340513737064
1.17013689466,-0.0150838245222,-0.352905574753
1.17013689466,-0.0150838245222,-0.352905574753
1.17013689466,-0.0150838245222,-0.352905574753
1.17013689466,-0.0150838245222,-0.352905574753
1.17477896784,-0.016793614876,-0.358141562509
1.17477896784,-0.016793614876,-0.358141562509
1.17613693287,-0.0173018775474,-0.359363292986
1.17613693287,-0.0173018775474,-0.359363292986
1.17613693287,-0.0173018775474,-0.359363292986
1.17980974348,-0.018681664754,-0.367391807545
1.17980974348,-0.018681664754,-0.367391807545
1.17980974348,-0.018681664754,-0.367391807545
1.18374995933,-0.020198118383,-0.383448836663
1.18374995933,-0.020198118383,-0.383448836663
1.18374995933,-0.020198118383,-0.383448836663
1.18374995933,-0.020198118383,-0.383448836663
1.18770486762,-0.0217935967494,-0.401600260884
1.18770486762,-0.0217935967494,-0.401600260884
1.18770486762,-0.0217935967494,-0.401600260884
1.19159091282,-0.0234439255767,-0.420973415581
1.19159091282,-0.0234439255767,-0.420973415581
1.19159091282,-0.0234439255767,-0.420973415581
1.19159091282,-0.0234439255767,-0.420973415581
1.19501610916,-0.0249775250279,-0.443837228782
1.19501610916,-0.0249775250279,-0.443837228782
1.19501610916,-0.0249775250279,-0.443837228782
1.1984053494,-0.0265890298754,-0.457974395723
1.1984053494,-0.0265890298754,-0.457974395723
1.1984053494,-0.0265890298754,-0.457974395723
1.1984053494,-0.0265890298754,-0.457974395723
1.20215398327,-0.0284368382192,-0.464083048105
1.20215398327,-0.0284368382192,-0.464083048105
1.20215398327,-0.0284368382192,-0.464083048105
1.20215398327,-0.0284368382192,-0.464083048105
1.20634888532,-0.0305365730246,-0.468097305385
1.20634888532,-0.0305365730246,-0.468097305385
1.20634888532,-0.0305365730246,-0.468097305385
1.21042114911,-0.0325954059942,-0.479791011373
1.21042114911,-0.0325954059942,-0.479791011373
1.21042114911,-0.0325954059942,-0.479791011373
1.21170740105,-0.0332647010708,-0.485899663755
1.21170740105,-0.0332647010708,-0.485899663755
1.21170740105,-0.0332647010708,-0.485899663755
1.21510129966,-0.0350571299692,-0.507367213555
1.21510129966,-0.0350571299692,-0.507367213555
1.21621951316,-0.0356787529627,-0.515221195189
1.21621951316,-0.0356787529627,-0.515221195189
1.21621951316,-0.0356787529627,-0.515221195189
1.21948518391,-0.037527885696,-0.52970742798
1.21948518391,-0.037527885696,-0.52970742798
1.21948518391,-0.037527885696,-0.52970742798
1.22334935342,-0.0397904499506,-0.537735942539
1.22334935342,-0.0397904499506,-0.537735942539
1.22334935342,-0.0397904499506,-0.537735942539
1.22767139015,-0.042367923438,-0.545938990024
1.22767139015,-0.042367923438,-0.545938990024
1.22767139015,-0.042367923438,-0.545938990024
1.22767139015,-0.042367923438,-0.545938990024
1.2311338571,-0.0444714812613,-0.561821486217
1.2311338571,-0.0444714812613,-0.561821486217
1.2311338571,-0.0444714812613,-0.561821486217
1.23467075127,-0.0466979203808,-0.58608156282
1.23467075127,-0.0466979203808,-0.58608156282
1.23467075127,-0.0466979203808,-0.58608156282
1.23467075127,-0.0466979203808,-0.58608156282
1.23804600929,-0.0489387385729,-0.603709388265
1.23804600929,-0.0489387385729,-0.603709388265
1.23804600929,-0.0489387385729,-0.603709388265
1.24169721383,-0.0514565954567,-0.614879495478
1.24169721383,-0.0514565954567,-0.614879495478
1.24169721383,-0.0514565954567,-0.614879495478
1.24169721383,-0.0514565954567,-0.614879495478
1.24542457181,-0.054088881165,-0.623431608812
1.24542457181,-0.054088881165,-0.623431608812
1.24542457181,-0.054088881165,-0.623431608812
1.24874842407,-0.0564790710841,-0.641408500108
1.24874842407,-0.0564790710841,-0.641408500108
1.24874842407,-0.0564790710841,-0.641408500108
1.24980770354,-0.0572700725817,-0.648738882966
1.24980770354,-0.0572700725817,-0.648738882966
1.24980770354,-0.0572700725817,-0.648738882966
1.25327390281,-0.059898201621,-0.668461103514
1.25327390281,-0.059898201621,-0.668461103514
1.25327390281,-0.059898201621,-0.668461103514
1.25645332554,-0.0624091583976,-0.685914396034
1.25645332554,-0.0624091583976,-0.685914396034
1.25645332554,-0.0624091583976,-0.685914396034
1.25645332554,-0.0624091583976,-0.685914396034
1.25968744547,-0.0650562548871,-0.706858347058
1.25968744547,-0.0650562548871,-0.706858347058
1.25968744547,-0.0650562548871,-0.706858347058
1.26325455918,-0.0681028578039,-0.728325896857
1.26325455918,-0.0681028578039,-0.728325896857
1.26325455918,-0.0681028578039,-0.728325896857
1.26325455918,-0.0681028578039,-0.728325896857
1.26630988458,-0.0708279244783,-0.75660023074
1.26630988458,-0.0708279244783,-0.75660023074
1.26630988458,-0.0708279244783,-0.75660023074
1.26928694962,-0.0736382777452,-0.787143492649
1.26928694962,-0.0736382777452,-0.787143492649
1.26928694962,-0.0736382777452,-0.787143492649
1.27028033642,-0.0746351381814,-0.800407994965
1.27028033642,-0.0746351381814,-0.800407994965
1.27325026653,-0.0776955901062,-0.825715269119
1.27325026653,-0.0776955901062,-0.825715269119
1.27325026653,-0.0776955901062,-0.825715269119
1.27628637898,-0.0809869460877,-0.849102681095
1.27628637898,-0.0809869460877,-0.849102681095
1.27628637898,-0.0809869460877,-0.849102681095
1.27721613446,-0.0820434037581,-0.856607596879
1.27721613446,-0.0820434037581,-0.856607596879
1.27721613446,-0.0820434037581,-0.856607596879
1.27995360333,-0.0852013961158,-0.880693140556
1.27995360333,-0.0852013961158,-0.880693140556
1.27995360333,-0.0852013961158,-0.880693140556
1.2826142236,-0.0884243995722,-0.908269342738
1.2826142236,-0.0884243995722,-0.908269342738
1.2826142236,-0.0884243995722,-0.908269342738
1.2826142236,-0.0884243995722,-0.908269342738
1.28526366156,-0.0918204097379,-0.928515162061
1.28526366156,-0.0918204097379,-0.928515162061
1.28526366156,-0.0918204097379,-0.928515162061
1.28802262814,-0.0955083964823,-0.947190185057
1.28802262814,-0.0955083964823,-0.947190185057
1.28802262814,-0.0955083964823,-0.947190185057
1.28881955147,-0.0966162081646,-0.954695100841
1.28881955147,-0.0966162081646,-0.954695100841
1.28881955147,-0.0966162081646,-0.954695100841
1.29128388565,-0.100096712136,-0.985238362751
1.29128388565,-0.100096712136,-0.985238362751
1.29201452322,-0.101198494833,-0.994314074861
1.29201452322,-0.101198494833,-0.994314074861
1.29201452322,-0.101198494833,-0.994314074861
1.29429257479,-0.104702368773,-1.02101761242
1.29429257479,-0.104702368773,-1.02101761242
1.29656538947,-0.108411265244,-1.0464994195
1.29656538947,-0.108411265244,-1.0464994195
1.29656538947,-0.108411265244,-1.0464994195
1.29656538947,-0.108411265244,-1.0464994195
1.29867892073,-0.112066113816,-1.07617001678
1.29867892073,-0.112066113816,-1.07617001678
1.29867892073,-0.112066113816,-1.07617001678
1.29867892073,-0.112066113816,-1.07617001678
1.30074382871,-0.115894658534,-1.10287355434
1.30074382871,-0.115894658534,-1.10287355434
1.30074382871,-0.115894658534,-1.10287355434
1.30270577697,-0.119776972101,-1.13010069067
1.30270577697,-0.119776972101,-1.13010069067
1.30270577697,-0.119776972101,-1.13010069067
1.30270577697,-0.119776972101,-1.13010069067
1.30443396655,-0.123441258338,-1.15558249775
1.30443396655,-0.123441258338,-1.15558249775
1.30443396655,-0.123441258338,-1.15558249775
1.30615424656,-0.127343499684,-1.18211150238
1.30615424656,-0.127343499684,-1.18211150238
1.30615424656,-0.127343499684,-1.18211150238
1.30615424656,-0.127343499684,-1.18211150238
1.30794818888,-0.131724114921,-1.2037535851
1.30794818888,-0.131724114921,-1.2037535851
1.30794818888,-0.131724114921,-1.2037535851
1.3096010014,-0.136023109407,-1.22975899096
1.3096010014,-0.136023109407,-1.22975899096
1.3096010014,-0.136023109407,-1.22975899096
1.3096010014,-0.136023109407,-1.22975899096
1.31091325292,-0.139720587805,-1.25960412116
1.31091325292,-0.139720587805,-1.25960412116
1.31134416541,-0.141060312583,-1.26710903695
1.31134416541,-0.141060312583,-1.26710903695
1.31134416541,-0.141060312583,-1.26710903695
1.31251743284,-0.144804213501,-1.28718032335
1.31251743284,-0.144804213501,-1.28718032335
1.31251743284,-0.144804213501,-1.28718032335
1.31293510885,-0.146237194999,-1.2924163111
1.31293510885,-0.146237194999,-1.2924163111
1.31427108219,-0.150911679632,-1.30480814879
1.31427108219,-0.150911679632,-1.30480814879
1.31427108219,-0.150911679632,-1.30480814879
1.31550418874,-0.155437774829,-1.32226144131
1.31550418874,-0.155437774829,-1.32226144131
1.31550418874,-0.155437774829,-1.32226144131
1.31550418874,-0.155437774829,-1.32226144131
1.31654272348,-0.159530008704,-1.34948857764
1.31654272348,-0.159530008704,-1.34948857764
1.31654272348,-0.159530008704,-1.34948857764
1.31747882831,-0.163690604644,-1.37811197737
1.31747882831,-0.163690604644,-1.37811197737
1.31747882831,-0.163690604644,-1.37811197737
1.31747882831,-0.163690604644,-1.37811197737
1.31826280967,-0.167708859858,-1.40237205398
1.31826280967,-0.167708859858,-1.40237205398
1.31826280967,-0.167708859858,-1.40237205398
1.31904202005,-0.172291504143,-1.42837745983
1.31904202005,-0.172291504143,-1.42837745983
1.31904202005,-0.172291504143,-1.42837745983
1.31927809057,-0.173937860946,-1.43431157929
1.31927809057,-0.173937860946,-1.43431157929
1.31927809057,-0.173937860946,-1.43431157929
1.31987574606,-0.178289554635,-1.45630272786
1.31987574606,-0.178289554635,-1.45630272786
1.31987574606,-0.178289554635,-1.45630272786
1.32036782193,-0.182568604514,-1.48178453494
1.32036782193,-0.182568604514,-1.48178453494
1.32036782193,-0.182568604514,-1.48178453494
1.32073554797,-0.186688894007,-1.51162966515
1.32073554797,-0.186688894007,-1.51162966515
1.32073554797,-0.186688894007,-1.51162966515
1.32082128755,-0.188136322306,-1.51983271264
1.32082128755,-0.188136322306,-1.51983271264
1.32082128755,-0.188136322306,-1.51983271264
1.32103201576,-0.192267617692,-1.54671078312
1.32103201576,-0.192267617692,-1.54671078312
1.32106796265,-0.193759796317,-1.55508836353
1.32106796265,-0.193759796317,-1.55508836353
1.32106796265,-0.193759796317,-1.55508836353
1.32113762756,-0.198194437752,-1.58039563768
1.32113762756,-0.198194437752,-1.58039563768
1.32113762756,-0.198194437752,-1.58039563768
1.32109750966,-0.202373557527,-1.60779730694
1.32109750966,-0.202373557527,-1.60779730694
1.32103598383,-0.204035614862,-1.61442955809
1.32103598383,-0.204035614862,-1.61442955809
1.32103598383,-0.204035614862,-1.61442955809
1.32082950226,-0.20876482032,-1.63607164082
1.32082950226,-0.20876482032,-1.63607164082
1.32082950226,-0.20876482032,-1.63607164082
1.32054854475,-0.213062897729,-1.66120438205
1.32054854475,-0.213062897729,-1.66120438205
1.32054854475,-0.213062897729,-1.66120438205
1.32054854475,-0.213062897729,-1.66120438205
1.32016736547,-0.217267613517,-1.69349297321
1.32016736547,-0.217267613517,-1.69349297321
1.32016736547,-0.217267613517,-1.69349297321
1.31964542471,-0.221500157511,-1.72386170219
1.31964542471,-0.221500157511,-1.72386170219
1.31964542471,-0.221500157511,-1.72386170219
1.31964542471,-0.221500157511,-1.72386170219
1.31900170955,-0.225672754221,-1.75353229948
1.31900170955,-0.225672754221,-1.75353229948
1.31900170955,-0.225672754221,-1.75353229948
1.31822674278,-0.229866353789,-1.78425009431
1.31822674278,-0.229866353789,-1.78425009431
1.31822674278,-0.229866353789,-1.78425009431
1.31822674278,-0.229866353789,-1.78425009431
1.31728720777,-0.234200886269,-1.81828401473
1.31728720777,-0.234200886269,-1.81828401473
1.31728720777,-0.234200886269,-1.81828401473
1.31728720777,-0.234200886269,-1.81828401473
1.31619027723,-0.238542285401,-1.84900180956
1.31619027723,-0.238542285401,-1.84900180956
1.31619027723,-0.238542285401,-1.84900180956
1.31500737456,-0.242683921288,-1.87989413732
1.31500737456,-0.242683921288,-1.87989413732
1.31500737456,-0.242683921288,-1.87989413732
1.31500737456,-0.242683921288,-1.87989413732
1.31359332869,-0.24711204411,-1.90781940536
1.31359332869,-0.24711204411,-1.90781940536
1.31359332869,-0.24711204411,-1.90781940536
1.31214080662,-0.251257476498,-1.94290052332
1.31214080662,-0.251257476498,-1.94290052332
1.31214080662,-0.251257476498,-1.94290052332
1.31214080662,-0.251257476498,-1.94290052332
1.3104507511,-0.255587777853,-1.97588724618
1.3104507511,-0.255587777853,-1.97588724618
1.3104507511,-0.255587777853,-1.97588724618
1.30866921916,-0.259742400525,-2.01114289707
1.30866921916,-0.259742400525,-2.01114289707
1.30866921916,-0.259742400525,-2.01114289707
1.30801481101,-0.261131200668,-2.02266207014
1.30801481101,-0.261131200668,-2.02266207014
1.30801481101,-0.261131200668,-2.02266207014
1.30602234555,-0.265236344624,-2.06297917586
1.30602234555,-0.265236344624,-2.06297917586
1.30602234555,-0.265236344624,-2.06297917586
1.30525655356,-0.26666454065,-2.07484741477
1.30525655356,-0.26666454065,-2.07484741477
1.30299087826,-0.270772192647,-2.11167386199
1.30299087826,-0.270772192647,-2.11167386199
1.30299087826,-0.270772192647,-2.11167386199
1.30059746104,-0.274757083046,-2.14797671043
1.30059746104,-0.274757083046,-2.14797671043
1.30059746104,-0.274757083046,-2.14797671043
1.29801444893,-0.278723954273,-2.19038821125
1.29801444893,-0.278723954273,-2.19038821125
1.29801444893,-0.278723954273,-2.19038821125
1.29709815562,-0.280008550108,-2.20243098309
1.29709815562,-0.280008550108,-2.20243098309
1.29432824687,-0.283794536769,-2.23855929861
1.29432824687,-0.283794536769,-2.23855929861
1.29432824687,-0.283794536769,-2.23855929861
1.29432824687,-0.283794536769,-2.23855929861
1.29144980182,-0.287444516437,-2.27608387753
1.29144980182,-0.287444516437,-2.27608387753
1.29144980182,-0.287444516437,-2.27608387753
1.28838116045,-0.291048883103,-2.31709911495
1.28838116045,-0.291048883103,-2.31709911495
1.28838116045,-0.291048883103,-2.31709911495
1.28838116045,-0.291048883103,-2.31709911495
1.28522521458,-0.294461770907,-2.35270383169
1.28522521458,-0.294461770907,-2.35270383169
1.28522521458,-0.294461770907,-2.35270383169
1.28197982953,-0.297729892483,-2.3888321472
1.28197982953,-0.297729892483,-2.3888321472
1.28197982953,-0.297729892483,-2.3888321472
1.28197982953,-0.297729892483,-2.3888321472
1.2784317766,-0.301053587977,-2.42513499565
1.2784317766,-0.301053587977,-2.42513499565
1.2784317766,-0.301053587977,-2.42513499565
1.27476542828,-0.30424631743,-2.47033902327
1.27476542828,-0.30424631743,-2.47033902327
1.27476542828,-0.30424631743,-2.47033902327
1.2733962879,-0.305333821109,-2.48307992681
1.2733962879,-0.305333821109,-2.48307992681
1.2733962879,-0.305333821109,-2.48307992681
1.26965238066,-0.308230574029,-2.52182623621
1.26965238066,-0.308230574029,-2.52182623621
1.26840265925,-0.30912232078,-2.53474167267
1.26840265925,-0.30912232078,-2.53474167267
1.26840265925,-0.30912232078,-2.53474167267
1.26444409926,-0.31187051885,-2.57139358696
1.26444409926,-0.31187051885,-2.57139358696
1.26444409926,-0.31187051885,-2.57139358696
1.26042339286,-0.314448794574,-2.61450321949
1.26042339286,-0.314448794574,-2.61450321949
1.25905965051,-0.315242511576,-2.62672052425
1.25905965051,-0.315242511576,-2.62672052425
1.25905965051,-0.315242511576,-2.62672052425
1.25501387272,-0.317531502517,-2.66319790562
1.25501387272,-0.317531502517,-2.66319790562
1.25501387272,-0.317531502517,-2.66319790562
1.25077373324,-0.319730321033,-2.69740635896
1.25077373324,-0.319730321033,-2.69740635896
1.25077373324,-0.319730321033,-2.69740635896
1.24942596377,-0.320371730961,-2.7094491308
1.24942596377,-0.320371730961,-2.7094491308
1.24512742248,-0.322354295392,-2.75168609869
1.24512742248,-0.322354295392,-2.75168609869
1.24512742248,-0.322354295392,-2.75168609869
1.24512742248,-0.322354295392,-2.75168609869
1.240709557,-0.32416979815,-2.78781441421
1.240709557,-0.32416979815,-2.78781441421
1.240709557,-0.32416979815,-2.78781441421
1.23634901262,-0.325780217405,-2.82429179558
1.23634901262,-0.325780217405,-2.82429179558
1.23634901262,-0.325780217405,-2.82429179558
1.23634901262,-0.325780217405,-2.82429179558
1.2311222942,-0.327496653527,-2.86024557817
1.2311222942,-0.327496653527,-2.86024557817
1.22931964501,-0.328017643212,-2.86967035613
1.22931964501,-0.328017643212,-2.86967035613
1.22931964501,-0.328017643212,-2.86967035613
1.22402044446,-0.329495212816,-2.89672295953
1.22402044446,-0.329495212816,-2.89672295953
1.22402044446,-0.329495212816,-2.89672295953
1.21913832818,-0.330715176651,-2.92639355682
1.21913832818,-0.330715176651,-2.92639355682
1.21913832818,-0.330715176651,-2.92639355682
1.21913832818,-0.330715176651,-2.92639355682
1.21443048081,-0.331744235884,-2.96060201016
1.21443048081,-0.331744235884,-2.96060201016
1.21443048081,-0.331744235884,-2.96060201016
1.20973214156,-0.33260399983,-3.00615510364
1.20973214156,-0.33260399983,-3.00615510364
1.20973214156,-0.33260399983,-3.00615510364
1.20973214156,-0.33260399983,-3.00615510364
1.20491501383,-0.333260438483,-3.04210888623
1.20491501383,-0.333260438483,-3.04210888623
1.20491501383,-0.333260438483,-3.04210888623
1.19990766214,-0.333760238626,-3.07771360297
1.19990766214,-0.333760238626,-3.07771360297
1.19990766214,-0.333760238626,-3.07771360297
1.19833297675,-0.333860965077,-3.09027997358
1.19833297675,-0.333860965077,-3.09027997358
1.19356290648,-0.334105945214,-3.13391320488
1.19356290648,-0.334105945214,-3.13391320488
1.19356290648,-0.334105945214,-3.13391320488
1.19202769416,-0.33411773503,3.13740386339
1.19202769416,-0.33411773503,3.13740386339
1.19202769416,-0.33411773503,3.13740386339
1.18725137912,-0.334097727932,3.10302087712
1.18725137912,-0.334097727932,3.10302087712
1.18725137912,-0.334097727932,3.10302087712
1.18247857482,-0.333913541039,3.06951055548
1.18247857482,-0.333913541039,3.06951055548
1.18247857482,-0.333913541039,3.06951055548
1.17775715637,-0.333572620631,3.02814625221
1.17775715637,-0.333572620631,3.02814625221
1.17775715637,-0.333572620631,3.02814625221
1.17775715637,-0.333572620631,3.02814625221
1.17292675871,-0.333022266336,2.99254153547
1.17292675871,-0.333022266336,2.99254153547
1.17292675871,-0.333022266336,2.99254153547
1.16816118675,-0.332306645171,2.95641321995
1.16816118675,-0.332306645171,2.95641321995
1.16816118675,-0.332306645171,2.95641321995
1.16816118675,-0.332306645171,2.95641321995
1.16338265621,-0.33141150424,2.92098303614
1.16338265621,-0.33141150424,2.92098303614
1.16338265621,-0.33141150424,2.92098303614
1.15876367043,-0.330375652288,2.87926966702
1.15876367043,-0.330375652288,2.87926966702
1.15876367043,-0.330375652288,2.87926966702
1.15876367043,-0.330375652288,2.87926966702
1.15032030868,-0.328108521315,2.84349041735
1.15032030868,-0.328108521315,2.84349041735
1.15032030868,-0.328108521315,2.84349041735
1.15032030868,-0.328108521315,2.84349041735
1.13674550846,-0.32393755388,2.8043950421
1.13674550846,-0.32393755388,2.8043950421
1.13674550846,-0.32393755388,2.8043950421
1.12491363884,-0.319789454898,2.76983752292
1.12491363884,-0.319789454898,2.76983752292
1.12491363884,-0.319789454898,2.76983752292
1.11923182768,-0.317574209291,2.75779475108
1.11923182768,-0.317574209291,2.75779475108
1.11923182768,-0.317574209291,2.75779475108
1.10369122775,-0.311298554236,2.732312944
1.10369122775,-0.311298554236,2.732312944
1.10369122775,-0.311298554236,2.732312944
1.08796345643,-0.304476238403,2.70718020277
1.08796345643,-0.304476238403,2.70718020277
1.08796345643,-0.304476238403,2.70718020277
1.07438503114,-0.298176223515,2.66599043242
1.07438503114,-0.298176223515,2.66599043242
1.07438503114,-0.298176223515,2.66599043242
1.07438503114,-0.298176223515,2.66599043242
1.06031928429,-0.290931887858,2.61467775241
1.06031928429,-0.290931887858,2.61467775241
1.06031928429,-0.290931887858,2.61467775241
1.04601696608,-0.282611081342,2.57313891622
1.04601696608,-0.282611081342,2.57313891622
1.04601696608,-0.282611081342,2.57313891622
1.04601696608,-0.282611081342,2.57313891622
1.0325756725,-0.274024928443,2.53683606777
1.0325756725,-0.274024928443,2.53683606777
1.0325756725,-0.274024928443,2.53683606777
1.0325756725,-0.274024928443,2.53683606777
1.01920929187,-0.264786854286,2.49651896205
1.01920929187,-0.264786854286,2.49651896205
1.01920929187,-0.264786854286,2.49651896205
1.01130353123,-0.258838085124,2.46283410749
1.01130353123,-0.258838085124,2.46283410749
1.01130353123,-0.258838085124,2.46283410749
1.01130353123,-0.258838085124,2.46283410749
1.00645725611,-0.254929030417,2.42810205537
1.00645725611,-0.254929030417,2.42810205537
1.00645725611,-0.254929030417,2.42810205537
1.00294267045,-0.251886747536,2.4047146434
1.00294267045,-0.251886747536,2.4047146434
1.00294267045,-0.251886747536,2.4047146434
1.00177412223,-0.250826429212,2.38761041673
1.00177412223,-0.250826429212,2.38761041673
1.00177412223,-0.250826429212,2.38761041673
0.998541008893,-0.247790333697,2.35654355604
0.998541008893,-0.247790333697,2.35654355604
0.997274043975,-0.246524252979,2.34484985005
0.997274043975,-0.246524252979,2.34484985005
0.997274043975,-0.246524252979,2.34484985005
0.993577446152,-0.242742815901,2.31011779794
0.993577446152,-0.242742815901,2.31011779794
0.990129325749,-0.238961343849,2.2759093446
0.990129325749,-0.238961343849,2.2759093446
0.990129325749,-0.238961343849,2.2759093446
0.990129325749,-0.238961343849,2.2759093446
0.986978394257,-0.235259011871,2.23768663398
0.986978394257,-0.235259011871,2.23768663398
0.986978394257,-0.235259011871,2.23768663398
0.986978394257,-0.235259011871,2.23768663398
0.98347005102,-0.23080230365,2.20469991112
0.98347005102,-0.23080230365,2.20469991112
0.98347005102,-0.23080230365,2.20469991112
0.980085342889,-0.226197951338,2.17450571506
0.980085342889,-0.226197951338,2.17450571506
0.980085342889,-0.226197951338,2.17450571506
0.980085342889,-0.226197951338,2.17450571506
0.97679276081,-0.221423299251,2.14064632757
0.97679276081,-0.221423299251,2.14064632757
0.97679276081,-0.221423299251,2.14064632757
0.973571670715,-0.21639629157,2.11307012539
0.973571670715,-0.21639629157,2.11307012539
0.973571670715,-0.21639629157,2.11307012539
0.973571670715,-0.21639629157,2.11307012539
0.970270323686,-0.210917101651,2.09107897681
0.970270323686,-0.210917101651,2.09107897681
0.970270323686,-0.210917101651,2.09107897681
0.970270323686,-0.210917101651,2.09107897681
0.966878254555,-0.204996611372,2.06856422946
0.966878254555,-0.204996611372,2.06856422946
0.966878254555,-0.204996611372,2.06856422946
0.963355626023,-0.198514133908,2.04133709313
0.963355626023,-0.198514133908,2.04133709313
0.96221489839,-0.196271460672,2.0348793749
0.96221489839,-0.196271460672,2.0348793749
0.96221489839,-0.196271460672,2.0348793749
0.958931676695,-0.189712159277,2.01829874701
0.958931676695,-0.189712159277,2.01829874701
0.958931676695,-0.189712159277,2.01829874701
0.957879821877,-0.18752069646,2.01253916047
0.957879821877,-0.18752069646,2.01253916047
0.954269915329,-0.179887328612,1.99159520945
0.954269915329,-0.179887328612,1.99159520945
0.954269915329,-0.179887328612,1.99159520945
0.950611616013,-0.171712925987,1.9711748572
0.950611616013,-0.171712925987,1.9711748572
0.950611616013,-0.171712925987,1.9711748572
0.950611616013,-0.171712925987,1.9711748572
0.947021259874,-0.163229889146,1.95808488781
0.947021259874,-0.163229889146,1.95808488781
0.947021259874,-0.163229889146,1.95808488781
0.943171800816,-0.153792369579,1.94220239162
0.943171800816,-0.153792369579,1.94220239162
0.943171800816,-0.153792369579,1.94220239162
0.943171800816,-0.153792369579,1.94220239162
0.939054823679,-0.143221968404,1.92178203937
0.939054823679,-0.143221968404,1.92178203937
0.939054823679,-0.143221968404,1.92178203937
0.939054823679,-0.143221968404,1.92178203937
0.934773310578,-0.131528508245,1.91375352481
0.934773310578,-0.131528508245,1.91375352481
0.934773310578,-0.131528508245,1.91375352481
0.930729222933,-0.12020267637,1.9067722078
0.930729222933,-0.12020267637,1.9067722078
0.930729222933,-0.12020267637,1.9067722078
0.930729222933,-0.12020267637,1.9067722078
0.926511222387,-0.108124177752,1.90066355542
0.926511222387,-0.108124177752,1.90066355542
0.926511222387,-0.108124177752,1.90066355542
0.921690207401,-0.0940431452505,1.89350770549
0.921690207401,-0.0940431452505,1.89350770549
0.921690207401,-0.0940431452505,1.89350770549
0.920216011865,-0.0896346823669,1.89176237624
0.920216011865,-0.0896346823669,1.89176237624
0.915453253403,-0.0753089547518,1.88670092141
0.915453253403,-0.0753089547518,1.88670092141
0.915453253403,-0.0753089547518,1.88670092141
0.913903106276,-0.0705662736548,1.88478105923
0.913903106276,-0.0705662736548,1.88478105923
0.913903106276,-0.0705662736548,1.88478105923
0.910518089027,-0.0601420715619,1.88094133487
0.910518089027,-0.0601420715619,1.88094133487
0.910518089027,-0.0601420715619,1.88094133487
0.90706899923,-0.0493800578317,1.87710161052
0.90706899923,-0.0493800578317,1.87710161052
0.90606596594,-0.0462084960297,1.87605441297
0.90606596594,-0.0462084960297,1.87605441297
0.90606596594,-0.0462084960297,1.87605441297
0.903066831472,-0.0366906647192,1.87396001787
0.903066831472,-0.0366906647192,1.87396001787
0.903066831472,-0.0366906647192,1.87396001787
0.8999221269,-0.0266374567044,1.87099295814
0.8999221269,-0.0266374567044,1.87099295814
0.898888043058,-0.0232968715602,1.87081842521
0.898888043058,-0.0232968715602,1.87081842521
0.898888043058,-0.0232968715602,1.87081842521
0.895699315028,-0.0129893875298,1.86924762889
0.895699315028,-0.0129893875298,1.86924762889
0.895699315028,-0.0129893875298,1.86924762889
0.894620904552,-0.00948395949324,1.86854949719
0.894620904552,-0.00948395949324,1.86854949719
0.890454675871,0.00409229583537,1.86680416793
0.890454675871,0.00409229583537,1.86680416793
0.890454675871,0.00409229583537,1.86680416793
0.886436548777,0.0172678888275,1.86470977283
0.886436548777,0.0172678888275,1.86470977283
0.886436548777,0.0172678888275,1.86470977283
0.886436548777,0.0172678888275,1.86470977283
0.881939488348,0.0321253767128,1.8631389765
0.881939488348,0.0321253767128,1.8631389765
0.880538379239,0.036780752595,1.86278991065
0.880538379239,0.036780752595,1.86278991065
0.880538379239,0.036780752595,1.86278991065
0.877064221613,0.0483387324533,1.86156818018
0.877064221613,0.0483387324533,1.86156818018
0.875914952269,0.0521791857299,1.86069551555
0.875914952269,0.0521791857299,1.86069551555
0.875914952269,0.0521791857299,1.86069551555
0.87229434066,0.0643165480493,1.86017191678
0.87229434066,0.0643165480493,1.86017191678
0.87229434066,0.0643165480493,1.86017191678
0.869020822596,0.0753113627716,1.85999738385
0.869020822596,0.0753113627716,1.85999738385
0.867853263081,0.0792353666585,1.85999738385
0.867853263081,0.0792353666585,1.85999738385
0.867853263081,0.0792353666585,1.85999738385
0.865068147154,0.0885957509304,1.8589501863
0.865068147154,0.0885957509304,1.8589501863
0.865068147154,0.0885957509304,1.8589501863
0.862353431262,0.0977546078651,1.85912471922
0.862353431262,0.0977546078651,1.85912471922
0.862353431262,0.0977546078651,1.85912471922
0.862353431262,0.0977546078651,1.85912471922
0.859746254519,0.106545020108,1.86017191678
0.859746254519,0.106545020108,1.86017191678
0.859746254519,0.106545020108,1.86017191678
0.857373258153,0.114515238959,1.8603464497
0.857373258153,0.114515238959,1.8603464497
0.857373258153,0.114515238959,1.8603464497
0.857373258153,0.114515238959,1.8603464497
0.85526675036,0.121585886084,1.86069551555
0.85526675036,0.121585886084,1.86069551555
0.85526675036,0.121585886084,1.86069551555
0.85526675036,0.121585886084,1.86069551555
0.85327968069,0.128247132071,1.86139364725
0.85327968069,0.128247132071,1.86139364725
0.85327968069,0.128247132071,1.86139364725
0.851275741938,0.134947847217,1.86191724603
0.851275741938,0.134947847217,1.86191724603
0.851275741938,0.134947847217,1.86191724603
0.850700437015,0.136867873153,1.86226631188
0.850700437015,0.136867873153,1.86226631188
0.848862218602,0.142994974216,1.86348804235
0.848862218602,0.142994974216,1.86348804235
0.848862218602,0.142994974216,1.86348804235
0.848283898421,0.144914094097,1.86401164113
0.848283898421,0.144914094097,1.86401164113
0.848283898421,0.144914094097,1.86401164113
0.846570575695,0.150588892747,1.86488430576
0.846570575695,0.150588892747,1.86488430576
0.846570575695,0.150588892747,1.86488430576
0.844914109853,0.156058118494,1.86662963501
0.844914109853,0.156058118494,1.86662963501
0.844914109853,0.156058118494,1.86662963501
0.844404360857,0.15773065118,1.86680416793
