0,0,0,0.040452003479
0,0,0,0.057991027832
0,0,0,0.0740621089935
0,0,0,0.0908379554749
0,0,0,0.107424020767
0.0,0.0,0.0,0.0145440101624
0.0,0.0,0.0,0.0311241149902
0.0,0.0,0.0,0.0479130744934
0.0,0.0,0.0,0.0647661685944
0.0,0.0,0.0,0.0813100337982
0.0,0.0,0.0,0.0980930328369
0.0,0.0,0.0,0.114690065384
0.0,0.0,0.0,0.131338119507
0.0,0.0,0.0,0.148154973984
0.0,0.0,0.0,0.164837121964
0.0,0.0,0.0,0.181572198868
0.0,0.0,0.0,0.198158025742
0.0,0.0,0.0,0.21484708786
0.0,0.0,0.0,0.231499195099
0.0,0.0,0.0,0.248145103455
0.0,0.0,0.0,0.264899969101
0.0,0.0,0.0,0.281577110291
0.0,0.0,0.0,0.29842209816
0.0,0.0,0.0,0.316030025482
0.0,0.0,0.0,0.331492185593
0.0,0.0,0.0,0.348236083984
0.0,0.0,0.0,0.36483001709
0.0,0.0,0.0,0.381608009338
0.0,0.0,0.0,0.398094177246
0.0,0.0,0.0,0.415058135986
0.0,0.0,0.0,0.431512117386
0.0,0.0,0.0,0.448088169098
0.0,0.0,0.0,0.464742183685
0.0,0.0,0.0,0.482086181641
0.0,0.0,0.0,0.498157024384
0.0,0.0,0.0,0.514895200729
0.0,0.0,0.0,0.531517982483
0.0,0.0,0.0,0.548185110092
0.0,0.0,0.0,0.564952135086
0.0,0.0,0.0,0.582097053528
0.0,0.0,0.0,0.597917079926
0.0,0.0,0.0,0.614641189575
0.0,0.0,0.0,0.631515979767
0.0,0.0,0.0,0.648094177246
0.0,0.0,0.0,0.664775133133
0.0,0.0,0.0,0.681603193283
0.0,0.0,0.0,0.698145151138
0.0,0.0,0.0,0.714945077896
0.0,0.0,0.0,0.733153104782
0.0,0.0,0.0,0.748032093048
0.0,0.0,0.0,0.764805078506
0.0,0.0,0.0,0.781526088715
0.0,0.0,0.0,0.798382997513
0.0,0.0,0.0,0.81481719017
0.0,0.0,0.0,0.831521987915
0.0,0.0,0.0,0.848119974136
0.0,0.0,0.0,0.864778995514
0.0,0.0,0.0,0.881784200668
0.0,0.0,0.0,0.898118019104
0.0,0.0,0.0,0.915166139603
0.0,0.0,0.0,0.932449102402
0.0,0.0,0.0,0.948579072952
0.0,0.0,0.0,0.964868068695
0.0,0.0,0.0,0.981817007065
0.0,0.0,0.0,0.998013973236
0.0,0.0,0.0,1.01478505135
0.0,0.0,0.0,1.03129911423
0.0,0.0,0.0,1.04826998711
0.0,0.0,0.0,1.06483197212
0.0,0.0,0.0,1.0817990303
0.0,0.0,0.0,1.09809398651
0.0,0.0,0.0,1.1149020195
0.0,0.0,0.0,1.13141012192
0.0,0.0,0.0,1.14839816093
0.0,0.0,0.0,1.16477298737
0.0,0.0,0.0,1.18244409561
0.0,0.0,0.0,1.19813418388
0.0,0.0,0.0,1.2162129879
0.0,0.0,0.0,1.23129701614
0.0,0.0,0.0,1.24838209152
0.0,0.0,0.0,1.26491713524
0.0,0.0,0.0,1.28169298172
0.0,0.0,0.0,1.2980120182
0.0,0.0,0.0,1.31493496895
0.0,0.0,0.0,1.33134198189
0.0,0.0,0.0,1.34837603569
0.0,0.0,0.0,1.36483407021
0.0,0.0,0.0,1.38178420067
0.0,0.0,0.0,1.39823508263
0.0,0.0,0.0,1.41494417191
0.0,0.0,0.0,1.4314160347
0.0,0.0,0.0,1.44860601425
0.0,0.0,0.0,1.46598100662
0.0,0.0,0.0,1.48408603668
0.0,0.0,0.0,1.49796199799
0.0,0.0,0.0,1.51490712166
0.0,0.0,0.0,1.53143000603
0.0,0.0,0.0,1.54836201668
0.0,0.0,0.0,1.56496810913
0.0,0.0,0.0,1.581564188
0.0,0.0,0.0,1.59806704521
0.0,0.0,0.0,1.61495709419
0.0,0.0,0.0,1.63142609596
0.0,0.0,0.0,1.64881515503
0.0,0.0,0.0,1.66568303108
0.0,0.0,0.0,1.68203902245
0.0,0.0,0.0,1.69809007645
0.0,0.0,0.0,1.71509718895
0.0,0.0,0.0,1.73138904572
0.0,0.0,0.0,1.74851202965
0.0,0.0,0.0,1.76472806931
0.0,0.0,0.0,1.78172516823
0.0,0.0,0.0,1.79801011086
0.0,0.0,0.0,1.81703209877
0.0,0.0,0.0,1.8312420845
0.0,0.0,0.0,1.84855103493
0.0,0.0,0.0,1.86493301392
0.0,0.0,0.0,1.88204813004
0.0,0.0,0.0,1.89815711975
0.0,0.0,0.0,1.91498804092
0.0,0.0,0.0,1.93189716339
0.0,0.0,0.0,1.9483191967
0.0,0.0,0.0,1.96486997604
0.0,0.0,0.0,1.9817841053
0.0,0.0,0.0,1.99809217453
0.0,0.0,0.0,2.01506900787
0.0,0.0,0.0,2.03131818771
0.0,0.0,0.0,2.04825115204
0.0,0.0,0.0,2.06482100487
0.0,0.0,0.0,2.08207798004
0.0,0.0,0.0,2.09816098213
0.0,0.0,0.0,2.11489009857
0.0,0.0,0.0,2.13129019737
0.0,0.0,0.0,2.14842510223
0.0,0.0,0.0,2.1648349762
0.0,0.0,0.0,2.18169999123
0.0,0.0,0.0,2.1980111599
0.0,0.0,0.0,2.21482205391
0.0,0.0,0.0,2.23161220551
0.0,0.0,0.0,2.24819111824
0.0,0.0,0.0,2.26490306854
0.0,0.0,0.0,2.28179311752
0.0,0.0,0.0,2.29810214043
0.0,0.0,0.0,2.31476306915
0.0,0.0,0.0,2.33147597313
0.0,0.0,0.0,2.34827804565
0.0,0.0,0.0,2.36515808105
0.0,0.0,0.0,2.3823890686
0.0,0.0,0.0,2.39813518524
0.0,0.0,0.0,2.41539406776
0.0,0.0,0.0,2.43137907982
0.0,0.0,0.0,2.44830298424
0.0,0.0,0.0,2.4648001194
0.0,0.0,0.0,2.48181819916
0.0,0.0,0.0,2.4981470108
0.0,0.0,0.0,2.51504302025
0.0,0.0,0.0,2.53127503395
0.0,0.0,0.0,2.5482339859
0.0,0.0,0.0,2.56483006477
0.0,0.0,0.0,2.58226418495
0.0,0.0,0.0,2.59813714027
0.0,0.0,0.0,2.61483716965
0.0,0.0,0.0,2.63142514229
0.0,0.0,0.0,2.65119719505
0.0,0.0,0.0,2.66470909119
0.0,0.0,0.0,2.68254899979
0.0,0.0,0.0,2.69814014435
0.0,0.0,0.0,2.71484613419
0.0,0.0,0.0,2.73143100739
0.0,0.0,0.0,2.7483291626
0.0,0.0,0.0,2.76474618912
0.0,0.0,0.0,2.78167819977
0.0,0.0,0.0,2.79808402061
0.0,0.0,0.0,2.81559514999
0.0,0.0,0.0,2.83140897751
0.0,0.0,0.0,2.84806799889
0.0,0.0,0.0,2.86458015442
0.0,0.0,0.0,2.88205718994
0.0,0.0,0.0,2.89811611176
0.0,0.0,0.0,2.91817498207
0.0,0.0,0.0,2.93135213852
0.0,0.0,0.0,2.94813609123
0.0,0.0,0.0,2.96482801437
0.0,0.0,0.0,2.98160505295
0.0,0.0,0.0,2.99817204475
0.0,0.0,0.0,3.01572418213
0.0,0.0,0.0,3.03156709671
0.0,0.0,0.0,3.04820609093
0.0,0.0,0.0,3.06498408318
0.0,0.0,0.0,3.08370804787
0.0,0.0,0.0,3.0982260704
0.0,0.0,0.0,3.11517906189
0.0,0.0,0.0,3.1322491169
0.0,0.0,0.0,3.14983010292
0.0,0.0,0.0,3.16478419304
0.0,0.0,0.0,3.18396806717
0.0,0.0,0.0,3.19810199738
0.0,0.0,0.0,3.21516513824
0.0,0.0,0.0,3.23163414001
0.0,0.0,0.0,3.25040698051
0.0,0.0,0.0,3.26683211327
0.0,0.0,0.0,3.28425002098
0.0,0.0,0.0,3.2981030941
0.0,0.0,0.0,3.31503415108
0.0,0.0,0.0,3.33146619797
0.0,0.0,0.0,3.35386419296
0.0,0.0,0.0,3.36523413658
0.0,0.0,0.0,3.38204813004
0.0,0.0,0.0,3.39818310738
0.0,0.0,0.0,3.41495013237
0.0,0.0,0.0,3.43155813217
0.0,0.0,0.0,3.4483320713
0.0,0.0,0.0,3.46480798721
0.0,0.0,0.0,3.4816801548
0.0,0.0,0.0,3.49813008308
0.0,0.0,0.0,3.51543307304
0.0,0.0,0.0,3.53164720535
0.0,0.0,0.0,3.54908299446
0.0,0.0,0.0,3.5660841465
0.0,0.0,0.0,3.58261203766
0.0,0.0,0.0,3.59804010391
0.0,0.0,0.0,3.61511516571
0.0,0.0,0.0,3.63150310516
0.0,0.0,0.0,3.64905309677
0.0,0.0,0.0,3.66486120224
0.0,0.0,0.0,3.68496704102
0.0,0.0,0.0,3.69821310043
0.0,0.0,0.0,3.71492910385
0.0,0.0,0.0,3.73155617714
0.0,0.0,0.0,3.7488181591
0.0,0.0,0.0,3.76493000984
0.0,0.0,0.0,3.78428506851
0.0,0.0,0.0,3.7980401516
0.0,0.0,0.0,3.81541514397
0.0,0.0,0.0,3.83159017563
0.0,0.0,0.0,3.8482940197
0.0,0.0,0.0,3.86513805389
0.0,0.0,0.0,3.88211917877
0.0,0.0,0.0,3.89816617966
0.0,0.0,0.0,3.91514420509
0.0,0.0,0.0,3.93126797676
0.0,0.0,0.0,3.94839715958
0.0,0.0,0.0,3.96509599686
0.0,0.0,0.0,3.98406219482
0.0,0.0,0.0,3.99815011024
0.0,0.0,0.0,4.01500320435
0.0,0.0,0.0,4.0312371254
0.0,0.0,0.0,4.04825019836
0.0,0.0,0.0,4.06480002403
0.0,0.0,0.0,4.08157420158
0.0,0.0,0.0,4.09803104401
0.0,0.0,0.0,4.1155359745
0.0,0.0,0.0,4.13128614426
0.0,0.0,0.0,4.14821314812
0.0,0.0,0.0,4.16694998741
0.0,0.0,0.0,4.1829969883
0.0,0.0,0.0,4.19809508324
0.0,0.0,0.0,4.21468997002
0.0,0.0,0.0,4.23143601418
0.0,0.0,0.0,4.24817204475
0.0,0.0,0.0,4.26531004906
0.0,0.0,0.0,4.2828400135
0.0,0.0,0.0,4.29802107811
0.0,0.0,0.0,4.31500101089
0.0,0.0,0.0,4.33226108551
0.0,0.0,0.0,4.3499751091
0.0,0.0,0.0,4.36525201797
0.0,0.0,0.0,4.38179111481
0.0,0.0,0.0,4.3981180191
0.0,0.0,0.0,4.41492319107
0.0,0.0,0.0,4.43151712418
0.0,0.0,0.0,4.44828605652
0.0,0.0,0.0,4.46512198448
0.0,0.0,0.0,4.48482012749
0.0,0.0,0.0,4.49814200401
0.0,0.0,0.0,4.51493906975
0.0,0.0,0.0,4.53156518936
0.0,0.0,0.0,4.5483109951
0.0,0.0,0.0,4.56479597092
0.0,0.0,0.0,4.58718514442
0.0,0.0,0.0,4.59819412231
0.0,0.0,0.0,4.61507606506
0.0,0.0,0.0,4.63193798065
0.0,0.0,0.0,4.64808106422
0.0,0.0,0.0,4.66476798058
0.0,0.0,0.0,4.68173503876
0.0,0.0,0.0,4.69820713997
0.0,0.0,0.0,4.71494412422
0.0,0.0,0.0,4.73232603073
0.0,0.0,0.0,4.7483150959
0.0,0.0,0.0,4.76480007172
0.0,0.0,0.0,4.78297305107
0.0,0.0,0.0,4.79811310768
0.0,0.0,0.0,4.81493997574
0.0,0.0,0.0,4.83138513565
0.0,0.0,0.0,4.84840917587
0.0,0.0,0.0,4.8648622036
0.0,0.0,0.0,4.88181018829
0.0,0.0,0.0,4.89879107475
0.0,0.0,0.0,4.9151070118
0.0,0.0,0.0,4.93164610863
0.0,0.0,0.0,4.94849801064
0.0,0.0,0.0,4.96481609344
0.0,0.0,0.0,4.98435902596
0.0,0.0,0.0,4.99821019173
0.0,0.0,0.0,5.01520299911
0.0,0.0,0.0,5.03134703636
0.0,0.0,0.0,5.04849100113
0.0,0.0,0.0,5.06468200684
0.0,0.0,0.0,5.08291316032
0.0,0.0,0.0,5.09803819656
0.0,0.0,0.0,5.11498212814
0.0,0.0,0.0,5.13125705719
0.0,0.0,0.0,5.14835214615
0.0,0.0,0.0,5.16486001015
0.0,0.0,0.0,5.18333911896
0.0,0.0,0.0,5.1980111599
0.0,0.0,0.0,5.21510004997
0.0,0.0,0.0,5.23159718513
0.0,0.0,0.0,5.24834704399
0.0,0.0,0.0,5.26483297348
0.0,0.0,0.0,5.28411102295
0.0,0.0,0.0,5.29832911491
0.0,0.0,0.0,5.3149740696
0.0,0.0,0.0,5.33158016205
0.0,0.0,0.0,5.34831500053
0.0,0.0,0.0,5.36496806145
0.0,0.0,0.0,5.38169407845
0.0,0.0,0.0,5.39832901955
0.0,0.0,0.0,5.41638302803
0.0,0.0,0.0,5.43227005005
0.0,0.0,0.0,5.45231413841
0.0,0.0,0.0,5.46504116058
0.0,0.0,0.0,5.48393797874
0.0,0.0,0.0,5.49902319908
0.0,0.0,0.0,5.51649904251
0.0,0.0,0.0,5.53133916855
0.0,0.0,0.0,5.5521709919
0.0,0.0,0.0,5.56471419334
0.0,0.0,0.0,5.58547306061
0.0,0.0,0.0,5.59909510612
0.0,0.0,0.0,5.61581707001
0.0,0.0,0.0,5.63250303268
0.0,0.0,0.0,5.65039014816
0.0,0.0,0.0,5.66571116447
0.0,0.0,0.0,5.68151116371
0.0,0.0,0.0,5.69916009903
0.0,0.0,0.0,5.72254419327
0.0,0.0,0.0,5.7314620018
0.0,0.0,0.0,5.74836301804
0.0,0.0,0.0,5.76488208771
0.0,0.0,0.0,5.78279805183
0.0,0.0,0.0,5.79816818237
0.0,0.0,0.0,5.81508111954
0.0,0.0,0.0,5.83228111267
0.0,0.0,0.0,5.84847807884
0.0,0.0,0.0,5.86472320557
0.0,0.0,0.0,5.88164520264
0.0,0.0,0.0,5.89818000793
0.0,0.0,0.0,5.91511917114
0.0,0.0,0.0,5.93450307846
0.0,0.0,0.0,5.94817018509
0.0,0.0,0.0,5.9648771286
0.0,0.0,0.0,5.98302412033
0.0,0.0,0.0,5.99884009361
0.0,0.0,0.0,6.0157930851
0.0,0.0,0.0,6.03142118454
0.0,0.0,0.0,6.04839301109
0.0,0.0,0.0,6.06493711472
0.0,0.0,0.0,6.08188199997
0.0,0.0,0.0,6.10063719749
0.0,0.0,0.0,6.11493301392
0.0,0.0,0.0,6.13145303726
0.0,0.0,0.0,6.14830517769
0.0,0.0,0.0,6.16550397873
0.0,0.0,0.0,6.18236017227
0.0,0.0,0.0,6.19893217087
0.0,0.0,0.0,6.21471619606
0.0,0.0,0.0,6.231580019
0.0,0.0,0.0,6.25015807152
0.0,0.0,0.0,6.264742136
0.0,0.0,0.0,6.28189110756
0.0,0.0,0.0,6.2996430397
0.0,0.0,0.0,6.31624603271
0.0,0.0,0.0,6.3325521946
0.0,0.0,0.0,6.34998703003
0.0,0.0,0.0,6.36482906342
0.0,0.0,0.0,6.38298511505
0.0,0.0,0.0,6.3980550766
0.0,0.0,0.0,6.41497612
0.0,0.0,0.0,6.4315431118
0.0,0.0,0.0,6.44819116592
0.0,0.0,0.0,6.46495819092
0.0,0.0,0.0,6.48178911209
0.0,0.0,0.0,6.4988629818
0.0,0.0,0.0,6.51552200317
0.0,0.0,0.0,6.53138113022
0.0,0.0,0.0,6.5484521389
0.0,0.0,0.0,6.56475901604
0.0,0.0,0.0,6.58247303963
0.0,0.0,0.0,6.59842801094
0.0,0.0,0.0,6.61487007141
0.0,0.0,0.0,6.63144803047
0.0,0.0,0.0,6.64905500412
0.0,0.0,0.0,6.66479706764
0.0,0.0,0.0,6.68183708191
0.0,0.0,0.0,6.69817900658
0.0,0.0,0.0,6.71508812904
0.0,0.0,0.0,6.7313439846
0.0,0.0,0.0,6.74836301804
0.0,0.0,0.0,6.7650551796
0.0,0.0,0.0,6.78200697899
0.0,0.0,0.0,6.79836797714
0.0,0.0,0.0,6.81483411789
0.0,0.0,0.0,6.83136701584
0.0,0.0,0.0,6.84823107719
0.0,0.0,0.0,6.86503505707
0.0,0.0,0.0,6.88156604767
0.0,0.0,0.0,6.89802503586
0.0,0.0,0.0,6.91497015953
0.0,0.0,0.0,6.93170809746
0.0,0.0,0.0,6.94817018509
0.0,0.0,0.0,6.96476006508
0.0,0.0,0.0,6.98171305656
0.0,0.0,0.0,6.9980070591
0.0,0.0,0.0,7.01478099823
0.0,0.0,0.0,7.03134298325
0.0,0.0,0.0,7.04809403419
0.0,0.0,0.0,7.06472611427
0.0,0.0,0.0,7.08163905144
0.0,0.0,0.0,7.09799408913
0.0,0.0,0.0,7.11493015289
0.0,0.0,0.0,7.13127207756
0.0,0.0,0.0,7.14832901955
0.0,0.0,0.0,7.16480207443
0.0,0.0,0.0,7.18251609802
0.0,0.0,0.0,7.19810009003
0.0,0.0,0.0,7.21501207352
0.0,0.0,0.0,7.23132205009
0.0,0.0,0.0,7.24817609787
0.0,0.0,0.0,7.26550316811
0.0,0.0,0.0,7.28149008751
0.0,0.0,0.0,7.29825401306
0.0,0.0,0.0,7.3151550293
0.0,0.0,0.0,7.33149504662
0.0,0.0,0.0,7.34799408913
0.0,0.0,0.0,7.36475419998
0.0,0.0,0.0,7.38149499893
0.0,0.0,0.0,7.39924097061
0.0,0.0,0.0,7.41481804848
0.0,0.0,0.0,7.43135809898
0.0,0.0,0.0,7.44816613197
0.0,0.0,0.0,7.46475720406
0.0,0.0,0.0,7.48191618919
0.0,0.0,0.0,7.49825716019
0.0,0.0,0.0,7.51498508453
0.0,0.0,0.0,7.53177499771
0.0,0.0,0.0,7.54843997955
0.0,0.0,0.0,7.56615900993
0.0,0.0,0.0,7.58155012131
0.0,0.0,0.0,7.59804606438
0.0,0.0,0.0,7.61524319649
0.0,0.0,0.0,7.63144207001
0.0,0.0,0.0,7.64827418327
0.0,0.0,0.0,7.66483807564
0.0,0.0,0.0,7.68151402473
0.0,0.0,0.0,7.69815802574
0.0,0.0,0.0,7.71506118774
0.0,0.0,0.0,7.73165202141
0.0,0.0,0.0,7.74807500839
0.0,0.0,0.0,7.76473999023
0.0,0.0,0.0,7.7817800045
0.0,0.0,0.0,7.79842305183
0.0,0.0,0.0,7.81537508965
0.0,0.0,0.0,7.83139014244
0.0,0.0,0.0,7.84824705124
0.0,0.0,0.0,7.86594009399
0.0,0.0,0.0,7.88152313232
0.0,0.0,0.0,7.89835500717
0.0,0.0,0.0,7.91492605209
0.0,0.0,0.0,7.93147397041
0.0,0.0,0.0,7.9481780529
0.0,0.0,0.0,7.96460604668
0.0,0.0,0.0,7.98279809952
0.0,0.0,0.0,7.99803304672
0.0,0.0,0.0,8.0158970356
0.0,0.0,0.0,8.0315489769
0.0,0.0,0.0,8.04814505577
0.0,0.0,0.0,8.06461811066
0.0,0.0,0.0,8.08218407631
0.0,0.0,0.0,8.09811401367
0.0,0.0,0.0,8.11500310898
0.0,0.0,0.0,8.13158798218
0.0,0.0,0.0,8.14824604988
0.0,0.0,0.0,8.16478419304
0.0,0.0,0.0,8.1818420887
0.0,0.0,0.0,8.19853520393
0.0,0.0,0.0,8.21527600288
0.0,0.0,0.0,8.23191905022
0.0,0.0,0.0,8.24853014946
0.0,0.0,0.0,8.26506900787
0.0,0.0,0.0,8.28213500977
0.0,0.0,0.0,8.29825901985
0.0,0.0,0.0,8.31539011002
0.0,0.0,0.0,8.33130908012
0.0,0.0,0.0,8.34828019142
0.0,0.0,0.0,8.36504197121
0.0,0.0,0.0,8.38269615173
0.0,0.0,0.0,8.39800810814
0.0,0.0,0.0,8.41488814354
0.0,0.0,0.0,8.43140411377
0.0,0.0,0.0,8.4481511116
0.0,0.0,0.0,8.46484708786
0.0,0.0,0.0,8.48153114319
0.0,0.0,0.0,8.49799513817
0.0,0.0,0.0,8.51493501663
0.0,0.0,0.0,8.53142118454
0.0,0.0,0.0,8.54824018478
0.0,0.0,0.0,8.56471014023
0.0,0.0,0.0,8.58143115044
0.0,0.0,0.0,8.59817004204
0.0,0.0,0.0,8.61470007896
0.0,0.0,0.0,8.632199049
0.0,0.0,0.0,8.64864802361
0.0,0.0,0.0,8.66478514671
0.0,0.0,0.0,8.68172502518
0.0,0.0,0.0,8.69836115837
0.0,0.0,0.0,8.71502900124
0.0,0.0,0.0,8.73234915733
0.0,0.0,0.0,8.7483279705
0.0,0.0,0.0,8.76503801346
0.0,0.0,0.0,8.78154802322
0.0,0.0,0.0,8.79831600189
0.0,0.0,0.0,8.81557106972
0.0,0.0,0.0,8.83146500587
0.0,0.0,0.0,8.84806704521
0.0,0.0,0.0,8.86481118202
0.0,0.0,0.0,8.88136720657
0.0,0.0,0.0,8.89806413651
0.0,0.0,0.0,8.91507315636
0.0,0.0,0.0,8.9312851429
0.0,0.0,0.0,8.94810414314
0.0,0.0,0.0,8.96487903595
0.0,0.0,0.0,8.98227405548
0.0,0.0,0.0,8.9981970787
0.0,0.0,0.0,9.01480102539
0.0,0.0,0.0,9.03140497208
0.0,0.0,0.0,9.04818701744
0.0,0.0,0.0,9.06494998932
0.0,0.0,0.0,9.08157515526
0.0,0.0,0.0,9.09804320335
0.0,0.0,0.0,9.11590719223
0.0,0.0,0.0,9.13132500648
0.0,0.0,0.0,9.14873409271
0.0,0.0,0.0,9.1648080349
0.0,0.0,0.0,9.18141007423
0.0,0.0,0.0,9.19801807404
0.0,0.0,0.0,9.21506214142
0.0,0.0,0.0,9.23139309883
0.0,0.0,0.0,9.24817299843
0.0,0.0,0.0,9.26469016075
0.0,0.0,0.0,9.2815861702
0.0,0.0,0.0,9.29803204536
0.0,0.0,0.0,9.31496310234
0.0,0.0,0.0,9.33149313927
0.0,0.0,0.0,9.34813499451
0.0,0.0,0.0,9.36471509933
0.0,0.0,0.0,9.38182401657
0.0,0.0,0.0,9.39798808098
0.0,0.0,0.0,9.41494607925
0.0,0.0,0.0,9.43149709702
0.0,0.0,0.0,9.44823598862
0.0,0.0,0.0,9.46462798119
0.0,0.0,0.0,9.48168516159
0.0,0.0,0.0,9.49803900719
0.0,0.0,0.0,9.51489019394
0.0,0.0,0.0,9.53137516975
0.0,0.0,0.0,9.54820418358
0.0,0.0,0.0,9.56499505043
0.0,0.0,0.0,9.58154296875
0.0,0.0,0.0,9.59824299812
0.0,0.0,0.0,9.61488604546
0.0,0.0,0.0,9.63153409958
0.0,0.0,0.0,9.64864802361
0.0,0.0,0.0,9.66473698616
0.0,0.0,0.0,9.68158316612
0.0,0.0,0.0,9.6980111599
0.0,0.0,0.0,9.71492815018
0.0,0.0,0.0,9.73132610321
0.0,0.0,0.0,9.74833917618
0.0,0.0,0.0,9.76460719109
0.0,0.0,0.0,9.78159308434
0.0,0.0,0.0,9.79831719398
0.0,0.0,0.0,9.81483602524
0.0,0.0,0.0,9.83186602592
0.0,0.0,0.0,9.84826111794
0.0,0.0,0.0,9.86476898193
0.0,0.0,0.0,9.88156509399
0.0,0.0,0.0,9.89801216125
0.0,0.0,0.0,9.91476011276
0.0,0.0,0.0,9.93138813972
0.0,0.0,0.0,9.9482281208
0.0,0.0,0.0,9.96472907066
0.0,0.0,0.0,9.98177504539
0.0,0.0,0.0,9.99797010422
0.0,0.0,0.0,10.0148999691
0.0,0.0,0.0,10.0314581394
0.0,0.0,0.0,10.0480730534
0.0,0.0,0.0,10.0646061897
0.0,0.0,0.0,10.0815980434
0.0,0.0,0.0,10.098293066
0.0,0.0,0.0,10.1148211956
0.0,0.0,0.0,10.1316921711
0.0,0.0,0.0,10.1482172012
0.0,0.0,0.0,10.1648740768
0.0,0.0,0.0,10.182434082
0.0,0.0,0.0,10.1982841492
0.0,0.0,0.0,10.214812994
0.0,0.0,0.0,10.2317759991
0.0,0.0,0.0,10.2484982014
0.0,0.0,0.0,10.2647709846
0.0,0.0,0.0,10.2815341949
0.0,0.0,0.0,10.2980539799
0.0,0.0,0.0,10.3148341179
0.0,0.0,0.0,10.3314909935
0.0,0.0,0.0,10.3481690884
0.0,0.0,0.0,10.3655831814
0.0,0.0,0.0,10.3816139698
0.0,0.0,0.0,10.3979911804
0.0,0.0,0.0,10.4148631096
0.0,0.0,0.0,10.4317131042
0.0,0.0,0.0,10.4487030506
0.0,0.0,0.0,10.4645881653
0.0,0.0,0.0,10.4816889763
0.0,0.0,0.0,10.4980721474
0.0,0.0,0.0,10.5148670673
0.0,0.0,0.0,10.5313241482
0.0,0.0,0.0,10.5480639935
0.0,0.0,0.0,10.564617157
0.0,0.0,0.0,10.58152318
0.0,0.0,0.0,10.5979661942
0.0,0.0,0.0,10.6148700714
0.0,0.0,0.0,10.631731987
0.0,0.0,0.0,10.6492371559
0.0,0.0,0.0,10.664978981
0.0,0.0,0.0,10.6815211773
0.0,0.0,0.0,10.6980931759
0.0,0.0,0.0,10.7148561478
0.0,0.0,0.0,10.7315080166
0.0,0.0,0.0,10.748281002
0.0,0.0,0.0,10.7647399902
0.0,0.0,0.0,10.7815020084
0.0,0.0,0.0,10.7979910374
0.0,0.0,0.0,10.8148751259
0.0,0.0,0.0,10.8313500881
0.0,0.0,0.0,10.8481609821
0.0,0.0,0.0,10.8647210598
0.0,0.0,0.0,10.8815159798
0.0,0.0,0.0,10.897988081
0.0,0.0,0.0,10.9149661064
0.0,0.0,0.0,10.9313950539
0.0,0.0,0.0,10.948071003
0.0,0.0,0.0,10.9646220207
0.0,0.0,0.0,10.9815239906
0.0,0.0,0.0,10.9985940456
0.0,0.0,0.0,11.0148670673
0.0,0.0,0.0,11.0314750671
0.0,0.0,0.0,11.0480520725
0.0,0.0,0.0,11.0649089813
0.0,0.0,0.0,11.081482172
0.0,0.0,0.0,11.0985059738
0.0,0.0,0.0,11.1148831844
0.0,0.0,0.0,11.1314280033
0.0,0.0,0.0,11.1481800079
0.0,0.0,0.0,11.164937973
0.0,0.0,0.0,11.1815810204
0.0,0.0,0.0,11.198348999
0.0,0.0,0.0,11.2149240971
0.0,0.0,0.0,11.2314341068
0.0,0.0,0.0,11.249407053
0.0,0.0,0.0,11.2667570114
0.0,0.0,0.0,11.2814910412
0.0,0.0,0.0,11.2986011505
0.0,0.0,0.0,11.31580019
0.0,0.0,0.0,11.3320171833
0.0,0.0,0.0,11.3492801189
0.0,0.0,0.0,11.3663439751
0.0,0.0,0.0,11.3825190067
0.0,0.0,0.0,11.3990421295
0.0,0.0,0.0,11.415471077
0.0,0.0,0.0,11.4322249889
0.0,0.0,0.0,11.4489150047
0.0,0.0,0.0,11.4651010036
0.0,0.0,0.0,11.4816551208
0.0,0.0,0.0,11.4989850521
0.0,0.0,0.0,11.5148131847
0.0,0.0,0.0,11.5323519707
0.0,0.0,0.0,11.548140049
0.0,0.0,0.0,11.5662331581
0.0,0.0,0.0,11.5819220543
0.0,0.0,0.0,11.598555088
0.0,0.0,0.0,11.6147961617
0.0,0.0,0.0,11.6317920685
0.0,0.0,0.0,11.649533987
0.0,0.0,0.0,11.6651010513
0.0,0.0,0.0,11.6819469929
0.0,0.0,0.0,11.6990160942
0.0,0.0,0.0,11.7148640156
0.0,0.0,0.0,11.7319459915
0.0,0.0,0.0,11.7482440472
0.0,0.0,0.0,11.7654900551
0.0,0.0,0.0,11.781468153
0.0,0.0,0.0,11.7983460426
0.0,0.0,0.0,11.8147900105
0.0,0.0,0.0,11.833037138
0.0,0.0,0.0,11.8486750126
0.0,0.0,0.0,11.8666000366
0.0,0.0,0.0,11.8820080757
0.0,0.0,0.0,11.9014661312
0.0,0.0,0.0,11.9155039787
0.0,0.0,0.0,11.9324991703
0.0,0.0,0.0,11.9488751888
0.0,0.0,0.0,11.9654991627
0.0,0.0,0.0,11.9824471474
0.0,0.0,0.0,11.9980170727
0.0,0.0,0.0,12.0147659779
0.0,0.0,0.0,12.0314321518
0.0,0.0,0.0,12.0482411385
0.0,0.0,0.0,12.064781189
0.0,0.0,0.0,12.0815060139
0.0,0.0,0.0,12.0980370045
0.0,0.0,0.0,12.1147220135
0.0,0.0,0.0,12.1313810349
0.0,0.0,0.0,12.1480720043
0.0,0.0,0.0,12.1647901535
0.0,0.0,0.0,12.1815490723
0.0,0.0,0.0,12.198636055
0.0,0.0,0.0,12.2147161961
0.0,0.0,0.0,12.231554985
0.0,0.0,0.0,12.2482969761
0.0,0.0,0.0,12.2649509907
0.0,0.0,0.0,12.2818520069
0.0,0.0,0.0,12.2991650105
0.0,0.0,0.0,12.315253973
0.0,0.0,0.0,12.3313741684
0.0,0.0,0.0,12.3482511044
0.0,0.0,0.0,12.3646650314
0.0,0.0,0.0,12.3819100857
0.0,0.0,0.0,12.3985211849
0.0,0.0,0.0,12.4148430824
0.0,0.0,0.0,12.4316570759
0.0,0.0,0.0,12.4484531879
0.0,0.0,0.0,12.4647650719
0.0,0.0,0.0,12.4818592072
0.0,0.0,0.0,12.4982070923
0.0,0.0,0.0,12.5148200989
0.0,0.0,0.0,12.5317020416
0.0,0.0,0.0,12.5480999947
0.0,0.0,0.0,12.5648570061
0.0,0.0,0.0,12.5819270611
0.0,0.0,0.0,12.5985281467
0.0,0.0,0.0,12.614798069
0.0,0.0,0.0,12.6314620972
0.0,0.0,0.0,12.6491091251
0.0,0.0,0.0,12.6649000645
0.0,0.0,0.0,12.6814889908
0.0,0.0,0.0,12.6981971264
0.0,0.0,0.0,12.7148389816
0.0,0.0,0.0,12.7314419746
0.0,0.0,0.0,12.7482759953
0.0,0.0,0.0,12.7647061348
0.0,0.0,0.0,12.7815639973
0.0,0.0,0.0,12.7982861996
0.0,0.0,0.0,12.8147990704
0.0,0.0,0.0,12.8313100338
0.0,0.0,0.0,12.848167181
0.0,0.0,0.0,12.8655791283
0.0,0.0,0.0,12.8821930885
0.0,0.0,0.0,12.8983800411
0.0,0.0,0.0,12.9148600101
0.0,0.0,0.0,12.9315559864
0.0,0.0,0.0,12.9480199814
0.0,0.0,0.0,12.9666190147
0.0,0.0,0.0,12.9824299812
0.0,0.0,0.0,12.9990551472
0.0,0.0,0.0,13.0163161755
0.0,0.0,0.0,13.0320971012
0.0,0.0,0.0,13.0488641262
0.0,0.0,0.0,13.0647511482
0.0,0.0,0.0,13.0824170113
0.0,0.0,0.0,13.0991029739
0.0,0.0,0.0,13.1148400307
0.0,0.0,0.0,13.1314110756
0.0,0.0,0.0,13.1482172012
0.0,0.0,0.0,13.1663742065
0.0,0.0,0.0,13.1816940308
0.0,0.0,0.0,13.1987650394
0.0,0.0,0.0,13.2155179977
0.0,0.0,0.0,13.2320849895
0.0,0.0,0.0,13.2490720749
0.0,0.0,0.0,13.2655301094
0.0,0.0,0.0,13.2815961838
0.0,0.0,0.0,13.2981631756
0.0,0.0,0.0,13.3159940243
0.0,0.0,0.0,13.3316390514
0.0,0.0,0.0,13.3485510349
0.0,0.0,0.0,13.3654639721
0.0,0.0,0.0,13.3815190792
0.0,0.0,0.0,13.3983881474
0.0,0.0,0.0,13.4162340164
0.0,0.0,0.0,13.4331901073
0.0,0.0,0.0,13.4495301247
0.0,0.0,0.0,13.4649469852
0.0,0.0,0.0,13.4815201759
0.0,0.0,0.0,13.4982540607
0.0,0.0,0.0,13.5148150921
0.0,0.0,0.0,13.5319430828
0.0,0.0,0.0,13.5484700203
0.0,0.0,0.0,13.5651600361
0.0,0.0,0.0,13.5816771984
0.0,0.0,0.0,13.5984170437
0.0,0.0,0.0,13.6151731014
0.0,0.0,0.0,13.631788969
0.0,0.0,0.0,13.6488931179
0.0,0.0,0.0,13.6659901142
0.0,0.0,0.0,13.6821351051
0.0,0.0,0.0,13.698182106
0.0,0.0,0.0,13.7146720886
0.0,0.0,0.0,13.731896162
0.0,0.0,0.0,13.748100996
0.0,0.0,0.0,13.7648961544
0.0,0.0,0.0,13.7817220688
0.0,0.0,0.0,13.7979881763
0.0,0.0,0.0,13.8149991035
0.0,0.0,0.0,13.8316090107
0.0,0.0,0.0,13.8483181
0.0,0.0,0.0,13.8647561073
0.0,0.0,0.0,13.8816530704
0.0,0.0,0.0,13.8981699944
0.0,0.0,0.0,13.9146430492
0.0,0.0,0.0,13.9314551353
0.0,0.0,0.0,13.9481341839
0.0,0.0,0.0,13.9648721218
0.0,0.0,0.0,13.9813699722
0.0,0.0,0.0,13.9983232021
0.0,0.0,0.0,14.01486516
0.0,0.0,0.0,14.0316030979
0.0,0.0,0.0,14.0482079983
0.0,0.0,0.0,14.0651831627
0.0,0.0,0.0,14.0815930367
0.0,0.0,0.0,14.0982010365
0.0,0.0,0.0,14.1148710251
0.0,0.0,0.0,14.1313459873
0.0,0.0,0.0,14.1482400894
0.0,0.0,0.0,14.1649410725
0.0,0.0,0.0,14.1815869808
0.0,0.0,0.0,14.1984260082
0.0,0.0,0.0,14.2148411274
0.0,0.0,0.0,14.2323460579
0.0,0.0,0.0,14.2482130527
0.0,0.0,0.0,14.2648470402
0.0,0.0,0.0,14.2813930511
0.0,0.0,0.0,14.298251152
0.0,0.0,0.0,14.3152270317
0.0,0.0,0.0,14.3314301968
0.0,0.0,0.0,14.3481311798
0.0,0.0,0.0,14.3650131226
0.0,0.0,0.0,14.3818571568
0.0,0.0,0.0,14.3988721371
0.0,0.0,0.0,14.4148972034
0.0,0.0,0.0,14.4318771362
0.0,0.0,0.0,14.4491000175
0.0,0.0,0.0,14.4649350643
0.0,0.0,0.0,14.4815831184
0.0,0.0,0.0,14.4984180927
0.0,0.0,0.0,14.5149161816
0.0,0.0,0.0,14.5329041481
0.0,0.0,0.0,14.5480899811
0.0,0.0,0.0,14.5651350021
0.0,0.0,0.0,14.581469059
0.0,0.0,0.0,14.5980620384
0.0,0.0,0.0,14.6146481037
0.0,0.0,0.0,14.6314880848
0.0,0.0,0.0,14.6484730244
0.0,0.0,0.0,14.6647210121
0.0,0.0,0.0,14.682005167
0.0,0.0,0.0,14.7002639771
0.0,0.0,0.0,14.7151651382
0.0,0.0,0.0,14.7334971428
0.0,0.0,0.0,14.7483251095
0.0,0.0,0.0,14.7650501728
0.0,0.0,0.0,14.7815151215
0.0,0.0,0.0,14.7981081009
0.0,0.0,0.0,14.814699173
0.0,0.0,0.0,14.8328440189
0.0,0.0,0.0,14.8479781151
0.0,0.0,0.0,14.8647220135
0.0,0.0,0.0,14.881606102
0.0,0.0,0.0,14.8981740475
0.0,0.0,0.0,14.9147031307
0.0,0.0,0.0,14.9316031933
0.0,0.0,0.0,14.9479579926
0.0,0.0,0.0,14.9646961689
0.0,0.0,0.0,14.9814021587
0.0,0.0,0.0,14.9982759953
0.0,0.0,0.0,15.014950037
0.0,0.0,0.0,15.0313620567
0.0,0.0,0.0,15.048317194
0.0,0.0,0.0,15.0649139881
0.0,0.0,0.0,15.0814790726
0.0,0.0,0.0,15.0986771584
0.0,0.0,0.0,15.1147520542
0.0,0.0,0.0,15.1314840317
0.0,0.0,0.0,15.1487140656
0.0,0.0,0.0,15.1648690701
0.0,0.0,0.0,15.1820950508
0.0,0.0,0.0,15.1985931396
0.0,0.0,0.0,15.2151560783
0.0,0.0,0.0,15.2316219807
0.0,0.0,0.0,15.2483811378
0.0,0.0,0.0,15.2649421692
0.0,0.0,0.0,15.2819781303
0.0,0.0,0.0,15.2989051342
0.0,0.0,0.0,15.3160800934
0.0,0.0,0.0,15.3326771259
0.0,0.0,0.0,15.3488531113
0.0,0.0,0.0,15.3654839993
0.0,0.0,0.0,15.3828320503
0.0,0.0,0.0,15.400493145
0.0,0.0,0.0,15.4147281647
0.0,0.0,0.0,15.4324550629
0.0,0.0,0.0,15.4494621754
0.0,0.0,0.0,15.4650621414
0.0,0.0,0.0,15.4814660549
0.0,0.0,0.0,15.4985849857
0.0,0.0,0.0,15.5156180859
0.0,0.0,0.0,15.5315670967
0.0,0.0,0.0,15.5483520031
0.0,0.0,0.0,15.5647740364
0.0,0.0,0.0,15.5824091434
0.0,0.0,0.0,15.5988550186
0.0,0.0,0.0,15.6148731709
0.0,0.0,0.0,15.6315641403
0.0,0.0,0.0,15.6495251656
0.0,0.0,0.0,15.6653060913
0.0,0.0,0.0,15.6815750599
0.0,0.0,0.0,15.6980540752
0.0,0.0,0.0,15.7146370411
0.0,0.0,0.0,15.7313430309
0.0,0.0,0.0,15.7493000031
0.0,0.0,0.0,15.764893055
0.0,0.0,0.0,15.7814371586
0.0,0.0,0.0,15.7985551357
0.0,0.0,0.0,15.8148131371
0.0,0.0,0.0,15.8321390152
0.0,0.0,0.0,15.8483150005
0.0,0.0,0.0,15.8650770187
0.0,0.0,0.0,15.881524086
0.0,0.0,0.0,15.8985190392
0.0,0.0,0.0,15.9149951935
0.0,0.0,0.0,15.9315600395
0.0,0.0,0.0,15.9481041431
0.0,0.0,0.0,15.9648790359
0.0,0.0,0.0,15.9819340706
0.0,0.0,0.0,15.99914217
0.0,0.0,0.0,16.0150430202
0.0,0.0,0.0,16.0317971706
0.0,0.0,0.0,16.0480949879
0.0,0.0,0.0,16.064923048
0.0,0.0,0.0,16.081838131
0.0,0.0,0.0,16.0987620354
0.0,0.0,0.0,16.1149680614
0.0,0.0,0.0,16.1315271854
0.0,0.0,0.0,16.1488420963
0.0,0.0,0.0,16.1650280952
0.0,0.0,0.0,16.1816160679
0.0,0.0,0.0,16.1982331276
0.0,0.0,0.0,16.2150430679
0.0,0.0,0.0,16.2318820953
0.0,0.0,0.0,16.2481482029
0.0,0.0,0.0,16.2655730247
0.0,0.0,0.0,16.2817380428
0.0,0.0,0.0,16.2987220287
0.0,0.0,0.0,16.3155469894
0.0,0.0,0.0,16.3315711021
0.0,0.0,0.0,16.3492109776
0.0,0.0,0.0,16.3671410084
0.0,0.0,0.0,16.3814930916
0.0,0.0,0.0,16.3990831375
0.0,0.0,0.0,16.4147500992
0.0,0.0,0.0,16.4341421127
0.0,0.0,0.0,16.4486219883
0.0,0.0,0.0,16.4664721489
0.0,0.0,0.0,16.4817950726
0.0,0.0,0.0,16.4988000393
0.0,0.0,0.0,16.5156300068
0.0,0.0,0.0,16.5316112041
0.0,0.0,0.0,16.5481140614
0.0,0.0,0.0,16.5660250187
0.0,0.0,0.0,16.5815050602
0.0,0.0,0.0,16.5982949734
0.0,0.0,0.0,16.6148250103
0.0,0.0,0.0,16.6316092014
0.0,0.0,0.0,16.6487400532
0.0,0.0,0.0,16.6651480198
0.0,0.0,0.0,16.6816849709
0.0,0.0,0.0,16.6981070042
0.0,0.0,0.0,16.7147741318
0.0,0.0,0.0,16.7314491272
0.0,0.0,0.0,16.7481620312
0.0,0.0,0.0,16.766518116
0.0,0.0,0.0,16.7813920975
0.0,0.0,0.0,16.7986459732
0.0,0.0,0.0,16.8154029846
0.0,0.0,0.0,16.8315091133
0.0,0.0,0.0,16.8483572006
0.0,0.0,0.0,16.8652291298
0.0,0.0,0.0,16.8814630508
0.0,0.0,0.0,16.8980081081
0.0,0.0,0.0,16.9147150517
0.0,0.0,0.0,16.931497097
0.0,0.0,0.0,16.9480581284
0.0,0.0,0.0,16.9648711681
0.0,0.0,0.0,16.9815170765
0.0,0.0,0.0,16.9985940456
0.0,0.0,0.0,17.0155951977
0.0,0.0,0.0,17.0317921638
0.0,0.0,0.0,17.0483191013
0.0,0.0,0.0,17.0650851727
0.0,0.0,0.0,17.0816349983
0.0,0.0,0.0,17.0984771252
0.0,0.0,0.0,17.1151380539
0.0,0.0,0.0,17.1318001747
0.0,0.0,0.0,17.1482541561
0.0,0.0,0.0,17.1649560928
0.0,0.0,0.0,17.1816000938
0.0,0.0,0.0,17.1983761787
0.0,0.0,0.0,17.2150170803
0.0,0.0,0.0,17.2315690517
0.0,0.0,0.0,17.2484171391
0.0,0.0,0.0,17.2652320862
0.0,0.0,0.0,17.2815861702
0.0,0.0,0.0,17.2985231876
0.0,0.0,0.0,17.3149380684
0.0,0.0,0.0,17.3319129944
0.0,0.0,0.0,17.3483290672
0.0,0.0,0.0,17.365226984
0.0,0.0,0.0,17.3815021515
0.0,0.0,0.0,17.403345108
0.0,0.0,0.0,17.4147071838
0.0,0.0,0.0,17.4316971302
0.0,0.0,0.0,17.4485712051
0.0,0.0,0.0,17.4661171436
0.0,0.0,0.0,17.4823629856
0.0,0.0,0.0,17.498278141
0.0,0.0,0.0,17.5146911144
0.0,0.0,0.0,17.5313642025
0.0,0.0,0.0,17.5480391979
0.0,0.0,0.0,17.5647041798
0.0,0.0,0.0,17.5814270973
0.0,0.0,0.0,17.5982620716
0.0,0.0,0.0,17.6147251129
0.0,0.0,0.0,17.6314179897
0.0,0.0,0.0,17.6481540203
0.0,0.0,0.0,17.6647040844
0.0,0.0,0.0,17.6813781261
0.0,0.0,0.0,17.6982300282
0.0,0.0,0.0,17.7146639824
0.0,0.0,0.0,17.7313411236
0.0,0.0,0.0,17.7480621338
0.0,0.0,0.0,17.7647230625
0.0,0.0,0.0,17.781306982
0.0,0.0,0.0,17.798222065
0.0,0.0,0.0,17.8146891594
0.0,0.0,0.0,17.831362009
0.0,0.0,0.0,17.8480370045
0.0,0.0,0.0,17.8646800518
0.0,0.0,0.0,17.8814530373
0.0,0.0,0.0,17.8984491825
0.0,0.0,0.0,17.9146931171
0.0,0.0,0.0,17.9314460754
0.0,0.0,0.0,17.9480640888
0.0,0.0,0.0,17.9646890163
0.0,0.0,0.0,17.9814500809
0.0,0.0,0.0,17.9982261658
0.0,0.0,0.0,18.0147340298
0.0,0.0,0.0,18.0313529968
0.0,0.0,0.0,18.0480411053
0.0,0.0,0.0,18.0646941662
0.0,0.0,0.0,18.0813980103
0.0,0.0,0.0,18.0981869698
0.0,0.0,0.0,18.1146991253
0.0,0.0,0.0,18.1313960552
0.0,0.0,0.0,18.1480619907
0.0,0.0,0.0,18.164700985
0.0,0.0,0.0,18.1813011169
0.0,0.0,0.0,18.1980040073
0.0,0.0,0.0,18.2147500515
0.0,0.0,0.0,18.2316830158
0.0,0.0,0.0,18.2480671406
0.0,0.0,0.0,18.264811039
0.0,0.0,0.0,18.2824230194
0.0,0.0,0.0,18.298828125
0.0,0.0,0.0,18.3146231174
0.0,0.0,0.0,18.3322291374
0.0,0.0,0.0,18.3480951786
0.0,0.0,0.0,18.364688158
0.0,0.0,0.0,18.3816740513
0.0,0.0,0.0,18.3986680508
0.0,0.0,0.0,18.4146921635
0.0,0.0,0.0,18.4317111969
0.0,0.0,0.0,18.4481041431
0.0,0.0,0.0,18.4650301933
0.0,0.0,0.0,18.481577158
0.0,0.0,0.0,18.498842001
0.0,0.0,0.0,18.5177741051
0.0,0.0,0.0,18.531512022
0.0,0.0,0.0,18.5480420589
0.0,0.0,0.0,18.5647060871
0.0,0.0,0.0,18.5814640522
0.0,0.0,0.0,18.5990161896
0.0,0.0,0.0,18.6147360802
0.0,0.0,0.0,18.6316070557
0.0,0.0,0.0,18.6488471031
0.0,0.0,0.0,18.6650881767
0.0,0.0,0.0,18.6817691326
0.0,0.0,0.0,18.7003500462
0.0,0.0,0.0,18.7148060799
0.0,0.0,0.0,18.7315900326
0.0,0.0,0.0,18.7482180595
0.0,0.0,0.0,18.7651929855
0.0,0.0,0.0,18.7817120552
0.0,0.0,0.0,18.8006911278
0.0,0.0,0.0,18.8155591488
0.0,0.0,0.0,18.8316659927
0.0,0.0,0.0,18.8482260704
0.0,0.0,0.0,18.8648719788
0.0,0.0,0.0,18.8816211224
0.0,0.0,0.0,18.8981041908
0.0,0.0,0.0,18.9147810936
0.0,0.0,0.0,18.9315760136
0.0,0.0,0.0,18.9482560158
0.0,0.0,0.0,18.9651560783
0.0,0.0,0.0,18.9818530083
0.0,0.0,0.0,18.9984281063
0.0,0.0,0.0,19.0146842003
0.0,0.0,0.0,19.0320761204
0.0,0.0,0.0,19.0484030247
Actuacion(lineal,angular) = 0.0400141716003,0.0
0.0,0.0,0.0,19.066794157
0.0,0.0,0.0,19.0826191902
0.0,0.0,0.0,19.1013951302
0.0,0.0,0.0,19.1156389713
0.0,0.0,0.0,19.1320900917
0.0,0.0,0.0,19.148373127
0.0,0.0,0.0,19.1653020382
0.0,0.0,0.0001745329252,19.1818799973
0.0,0.0,0.0001745329252,19.1989281178
0.0,0.0,0.0001745329252,19.2146811485
0.0,0.0,0.0001745329252,19.2314870358
0.0,0.0,0.0001745329252,19.2480521202
Actuacion(lineal,angular) = 0.0800089836121,-0.000267248673151
0.0,0.0,0.0001745329252,19.2651929855
0.000597044609241,1.04203943338e-07,0.0001745329252,19.2813911438
0.000597044609241,1.04203943338e-07,0.0001745329252,19.2982029915
0.000597044609241,1.04203943338e-07,0.0001745329252,19.3146841526
0.00204701008883,3.572706626e-07,0.0,19.3318481445
0.00204701008883,3.572706626e-07,0.0,19.3481471539
0.00204701008883,3.572706626e-07,0.0,19.364866972
0.00409402020883,3.57270662625e-07,-0.000174532925199,19.3814411163
0.00409402020883,3.57270662625e-07,-0.000174532925199,19.399116993
0.00409402020883,3.57270662625e-07,-0.000174532925199,19.4147691727
0.00409402020883,3.57270662625e-07,-0.000174532925199,19.4317791462
0.00707924325504,-1.63749053221e-07,0.000349065850401,19.4489250183
0.00707924325504,-1.63749053221e-07,0.000349065850401,19.465113163
0.00707924325504,-1.63749053221e-07,0.000349065850401,19.4814751148
0.00989388199857,8.1874525331e-07,0.000349065850401,19.4980959892
0.00989388199857,8.1874525331e-07,0.000349065850401,19.5148630142
0.00989388199857,8.1874525331e-07,0.000349065850401,19.5323901176
0.00989388199857,8.1874525331e-07,0.000349065850401,19.5484361649
0.0128364588668,1.84589839178e-06,0.0001745329252,19.5649991035
0.0128364588668,1.84589839178e-06,0.0001745329252,19.5830171108
0.0138173178677,2.01709058421e-06,0.0001745329252,19.5996100903
0.0138173178677,2.01709058421e-06,0.0001745329252,19.614757061
0.0138173178677,2.01709058421e-06,0.0001745329252,19.631537199
0.0165466646528,2.49345146726e-06,0.000523598775598,19.6491980553
Actuacion(lineal,angular) = 0.120013570786,-0.000419371880301
0.0165466646528,2.49345146726e-06,0.000523598775598,19.6656131744
0.0165466646528,2.49345146726e-06,0.000523598775598,19.6815390587
0.0174422314575,2.96236919251e-06,0.000349065850401,19.6986711025
0.0174422314575,2.96236919251e-06,0.000349065850401,19.7150681019
0.0210244989493,4.21281649175e-06,0.000872664625997,19.7317969799
0.0210244989493,4.21281649175e-06,0.000872664625997,19.7481470108
0.0210244989493,4.21281649175e-06,0.000872664625997,19.765253067
0.0254596858538,8.0832481956e-06,0.000523598775598,19.7814700603
0.0254596858538,8.0832481956e-06,0.000523598775598,19.7997791767
0.0254596858538,8.0832481956e-06,0.000523598775598,19.8148121834
0.0254596858538,8.0832481956e-06,0.000523598775598,19.8317711353
0.0305772104524,1.07627780543e-05,0.000698131700797,19.8482511044
Actuacion(lineal,angular) = 0.160005187988,-0.000887041551089
0.0305772104524,1.07627780543e-05,0.000698131700797,19.8667709827
0.0305772104524,1.07627780543e-05,0.000698131700797,19.8815741539
0.0356947345053,1.43354844056e-05,0.000523598775598,19.8987081051
0.0356947345053,1.43354844056e-05,0.000523598775598,19.9155480862
0.0356947345053,1.43354844056e-05,0.000523598775598,19.9314720631
0.0356947345053,1.43354844056e-05,0.000523598775598,19.9481501579
0.0414519496786,1.73499554968e-05,0.000872664625997,19.9665269852
0.0414519496786,1.73499554968e-05,0.000872664625997,19.981523037
0.0414519496786,1.73499554968e-05,0.000872664625997,19.9988110065
0.0477209157841,2.28206618472e-05,0.000872664625997,20.0147631168
0.0477209157841,2.28206618472e-05,0.000872664625997,20.0317761898
0.0477209157841,2.28206618472e-05,0.000872664625997,20.0489311218
Actuacion(lineal,angular) = 0.199997806549,-0.00134414530198
0.050151739376,2.49419561466e-05,0.0012217304764,20.0668840408
0.050151739376,2.49419561466e-05,0.0012217304764,20.0819141865
0.0574015614737,3.37992891588e-05,0.000872664625997,20.0985581875
0.0574015614737,3.37992891588e-05,0.000872664625997,20.1146581173
0.0574015614737,3.37992891588e-05,0.000872664625997,20.1326839924
0.0574015614737,3.37992891588e-05,0.000872664625997,20.1486940384
0.0652910766404,4.0684191709e-05,0.0010471975512,20.1679410934
0.0652910766404,4.0684191709e-05,0.0010471975512,20.1826741695
0.0682762980953,4.38103094489e-05,0.0010471975512,20.1994140148
0.0682762980953,4.38103094489e-05,0.0010471975512,20.2148251534
0.0682762980953,4.38103094489e-05,0.0010471975512,20.2314109802
0.0769334403143,5.28760508951e-05,0.00157079632679,20.248073101
Actuacion(lineal,angular) = 0.239984798431,-0.00187534320831
0.0769334403143,5.28760508951e-05,0.00157079632679,20.267676115
0.0769334403143,5.28760508951e-05,0.00157079632679,20.2814800739
0.0801318896809,5.79001675439e-05,0.00157079632679,20.299175024
0.0801318896809,5.79001675439e-05,0.00157079632679,20.3150541782
0.0904948656286,7.41783054855e-05,0.00191986217719,20.3315341473
0.0904948656286,7.41783054855e-05,0.00191986217719,20.3481900692
0.0904948656286,7.41783054855e-05,0.00191986217719,20.3657181263
0.101113711056,9.45650502351e-05,0.00209439510239,20.3828880787
0.101113711056,9.45650502351e-05,0.00209439510239,20.3981590271
0.101113711056,9.45650502351e-05,0.00209439510239,20.4149050713
0.112756055579,0.000118948755237,0.00261799387799,20.4317560196
0.112756055579,0.000118948755237,0.00261799387799,20.4481761456
Actuacion(lineal,angular) = 0.280069208145,-0.00402172731866
0.112756055579,0.000118948755237,0.00261799387799,20.4656341076
0.116423602809,0.000128550393369,0.00261799387799,20.4814600945
0.116423602809,0.000128550393369,0.00261799387799,20.4983820915
0.116423602809,0.000128550393369,0.00261799387799,20.5147960186
0.127426244498,0.000157355307762,0.00331612557879,20.5315520763
0.127426244498,0.000157355307762,0.00331612557879,20.548607111
0.127426244498,0.000157355307762,0.00331612557879,20.5650141239
0.139921466736,0.000198791185722,0.00314159265359,20.5816121101
0.139921466736,0.000198791185722,0.00314159265359,20.598484993
0.139921466736,0.000198791185722,0.00314159265359,20.6147210598
0.152501987683,0.000238314187932,0.00331612557879,20.6352760792
0.152501987683,0.000238314187932,0.00331612557879,20.6478900909
Actuacion(lineal,angular) = 0.3,-0.00535967021752
0.152501987683,0.000238314187932,0.00331612557879,20.6649901867
0.157022443509,0.000253304642075,0.00366519142919,20.6824440956
0.157022443509,0.000253304642075,0.00366519142919,20.6995971203
0.157022443509,0.000253304642075,0.00366519142919,20.7146689892
0.170754377495,0.000303635034201,0.00383972435439,20.7319731712
0.170754377495,0.000303635034201,0.00383972435439,20.7482941151
0.175189533394,0.000320664894013,0.00366519142919,20.7648441792
0.175189533394,0.000320664894013,0.00366519142919,20.7816390991
0.175189533394,0.000320664894013,0.00366519142919,20.7987101078
0.189049404653,0.000371464202836,0.00366519142919,20.8148291111
0.189049404653,0.000371464202836,0.00366519142919,20.8315370083
0.189049404653,0.000371464202836,0.00366519142919,20.8483932018
Actuacion(lineal,angular) = 0.3,-0.00619858359355
0.203634253794,0.000424920706274,0.00401425727959,20.8646600246
0.203634253794,0.000424920706274,0.00401425727959,20.8816380501
0.203634253794,0.000424920706274,0.00401425727959,20.898900032
0.218091146285,0.000482954703921,0.00471238898038,20.9151501656
0.218091146285,0.000482954703921,0.00471238898038,20.9315950871
0.218091146285,0.000482954703921,0.00471238898038,20.948112011
0.218091146285,0.000482954703921,0.00471238898038,20.9652020931
0.232590640308,0.000551282465552,0.00436332312999,20.9826040268
0.232590640308,0.000551282465552,0.00436332312999,20.99964118
0.232590640308,0.000551282465552,0.00436332312999,21.0168001652
0.232590640308,0.000551282465552,0.00436332312999,21.0320711136
0.247090157298,0.000614548944912,0.00471238898038,21.0483481884
Actuacion(lineal,angular) = 0.3,-0.00782595555848
0.247090157298,0.000614548944912,0.00471238898038,21.0660510063
0.247090157298,0.000614548944912,0.00471238898038,21.0822451115
0.261845524745,0.000684082490573,0.00453785605519,21.0987300873
0.261845524745,0.000684082490573,0.00453785605519,21.1152939796
0.261845524745,0.000684082490573,0.00453785605519,21.1313781738
0.261845524745,0.000684082490573,0.00453785605519,21.1484720707
0.276430321683,0.000750266653962,0.00488692190558,21.1647751331
0.276430321683,0.000750266653962,0.00488692190558,21.1825740337
0.276430321683,0.000750266653962,0.00488692190558,21.1989130974
0.290972449094,0.000821333460703,0.00488692190558,21.2152740955
0.290972449094,0.000821333460703,0.00488692190558,21.2317020893
0.290972449094,0.000821333460703,0.00488692190558,21.2479550838
Actuacion(lineal,angular) = 0.3,-0.00908762979306
0.290972449094,0.000821333460703,0.00488692190558,21.2658519745
0.305770449715,0.000893650709792,0.00541052068118,21.2813141346
0.305770449715,0.000893650709792,0.00541052068118,21.2982661724
0.310845254691,0.000921108314995,0.00558505360638,21.3146979809
0.310845254691,0.000921108314995,0.00558505360638,21.3319561481
0.310845254691,0.000921108314995,0.00558505360638,21.348028183
0.325643201219,0.00100375649896,0.00575958653158,21.3654620647
0.325643201219,0.00100375649896,0.00575958653158,21.3818721771
0.330504769617,0.00103175743245,0.00575958653158,21.3988909721
0.330504769617,0.00103175743245,0.00575958653158,21.4147350788
0.330504769617,0.00103175743245,0.00575958653158,21.4316101074
0.345302701495,0.00111698834405,0.00628318530718,21.4482381344
Actuacion(lineal,angular) = 0.3,-0.011253370627
0.345302701495,0.00111698834405,0.00628318530718,21.4647710323
0.345302701495,0.00111698834405,0.00628318530718,21.4814481735
0.360143231919,0.00121023537385,0.00663225115758,21.4989101887
0.360143231919,0.00121023537385,0.00663225115758,21.5148341656
0.360143231919,0.00121023537385,0.00663225115758,21.5314700603
0.360143231919,0.00121023537385,0.00663225115758,21.5481820107
0.37511166421,0.00130951123184,0.00663225115758,21.5650641918
0.37511166421,0.00130951123184,0.00663225115758,21.5814352036
0.37511166421,0.00130951123184,0.00663225115758,21.5990622044
0.389781580756,0.00140680722942,0.00645771823238,21.6147780418
0.389781580756,0.00140680722942,0.00645771823238,21.6315941811
0.389781580756,0.00140680722942,0.00645771823238,21.6485381126
0.389781580756,0.00140680722942,0.00645771823238,21.6649971008
0.40496325592,0.00150484757276,0.00680678408278,21.6814820766
0.40496325592,0.00150484757276,0.00680678408278,21.6991159916
0.40496325592,0.00150484757276,0.00680678408278,21.7147040367
0.419931670655,0.0016067359135,0.00698131700798,21.7318110466
0.419931670655,0.0016067359135,0.00698131700798,21.7480800152
0.419931670655,0.0016067359135,0.00698131700798,21.7649819851
0.42483584622,0.00164097407403,0.00715584993318,21.7816331387
0.42483584622,0.00164097407403,0.00715584993318,21.8001229763
0.440060094191,0.0017499183674,0.00767944870878,21.8156790733
0.440060094191,0.0017499183674,0.00767944870878,21.8326761723
0.440060094191,0.0017499183674,0.00767944870878,21.8480210304
Actuacion(lineal,angular) = 0.3,-0.016344228769
0.440060094191,0.0017499183674,0.00767944870878,21.864989996
0.454900479953,0.00186388658907,0.00802851455918,21.8814270496
0.454900479953,0.00186388658907,0.00802851455918,21.8990399837
0.454900479953,0.00186388658907,0.00802851455918,21.9146540165
0.470423139744,0.0019885131669,0.00785398163397,21.9337639809
0.470423139744,0.0019885131669,0.00785398163397,21.9481110573
0.470423139744,0.0019885131669,0.00785398163397,21.9649581909
0.475369928292,0.00202736595218,0.00785398163397,21.9816300869
0.475369928292,0.00202736595218,0.00785398163397,21.9999661446
0.490338228122,0.00214492912145,0.00785398163397,22.0147151947
0.490338228122,0.00214492912145,0.00785398163397,22.0340070724
0.490338228122,0.00214492912145,0.00785398163397,22.0479609966
Actuacion(lineal,angular) = 0.3,-0.0181532244913
0.490338228122,0.00214492912145,0.00785398163397,22.0648081303
0.505519751597,0.00226416697974,0.00767944870878,22.0817229748
0.505519751597,0.00226416697974,0.00767944870878,22.098539114
0.505519751597,0.00226416697974,0.00767944870878,22.1146440506
0.520658650865,0.00238042766563,0.00802851455918,22.1315591335
0.520658650865,0.00238042766563,0.00802851455918,22.1483490467
0.520658650865,0.00238042766563,0.00802851455918,22.1651501656
0.520658650865,0.00238042766563,0.00802851455918,22.1812641621
0.536181310656,0.00250505424346,0.00820304748437,22.1981701851
0.536181310656,0.00250505424346,0.00820304748437,22.2157480717
0.536181310656,0.00250505424346,0.00820304748437,22.2315621376
0.551277502366,0.00262889179857,0.00837758040957,22.2482180595
Actuacion(lineal,angular) = 0.3,-0.0207033978944
0.551277502366,0.00262889179857,0.00837758040957,22.2661850452
0.551277502366,0.00262889179857,0.00837758040957,22.2815840244
0.551277502366,0.00262889179857,0.00837758040957,22.3001589775
0.566458961327,0.00275607866726,0.00820304748437,22.3146910667
0.566458961327,0.00275607866726,0.00820304748437,22.3317511082
0.571533669839,0.0027977076759,0.00820304748437,22.34790802
0.571533669839,0.0027977076759,0.00820304748437,22.3649830818
0.571533669839,0.0027977076759,0.00820304748437,22.3831400871
0.586672506158,0.00292189505461,0.00820304748437,22.3979752064
0.586672506158,0.00292189505461,0.00820304748437,22.4148230553
0.586672506158,0.00292189505461,0.00820304748437,22.4315590858
0.591875148499,0.00296457353406,0.00837758040957,22.4480760098
Actuacion(lineal,angular) = 0.3,-0.0230878721856
0.591875148499,0.00296457353406,0.00837758040957,22.464838028
0.607013962912,0.00309140313626,0.00872664625997,22.481883049
0.607013962912,0.00309140313626,0.00872664625997,22.4980471134
0.607013962912,0.00309140313626,0.00872664625997,22.5147061348
0.622280665393,0.00322463363041,0.00872664625997,22.5317239761
0.622280665393,0.00322463363041,0.00872664625997,22.5480351448
0.622280665393,0.00322463363041,0.00872664625997,22.5649030209
0.622280665393,0.00322463363041,0.00872664625997,22.5816559792
0.637632656714,0.00335860842899,0.00907571211037,22.5984129906
0.637632656714,0.00335860842899,0.00907571211037,22.6148200035
0.637632656714,0.00335860842899,0.00907571211037,22.6328520775
0.65285666747,0.00349678096149,0.00890117918517,22.6487071514
0.65285666747,0.00349678096149,0.00890117918517,22.6647861004
0.65285666747,0.00349678096149,0.00890117918517,22.6813230515
0.65285666747,0.00349678096149,0.00890117918517,22.6982150078
0.667952769045,0.00363115761556,0.00925024503557,22.7147490978
0.667952769045,0.00363115761556,0.00925024503557,22.7315530777
0.667952769045,0.00363115761556,0.00925024503557,22.7480990887
0.667952769045,0.00363115761556,0.00925024503557,22.7650990486
0.683389976552,0.00377395964074,0.00977384381117,22.7814621925
0.683389976552,0.00377395964074,0.00977384381117,22.7983541489
0.683389976552,0.00377395964074,0.00977384381117,22.8158330917
0.698784463165,0.00392442773978,0.00959931088597,22.8313901424
0.698784463165,0.00392442773978,0.00959931088597,22.8480420113
Actuacion(lineal,angular) = 0.242750894925,-0.0337226712781
0.698784463165,0.00392442773978,0.00959931088597,22.8647890091
0.698784463165,0.00392442773978,0.00959931088597,22.8828179836
0.71383782317,0.00406893406097,0.00942477796077,22.8981010914
0.71383782317,0.00406893406097,0.00942477796077,22.9148361683
0.71383782317,0.00406893406097,0.00942477796077,22.9315571785
0.728208901764,0.00420438229626,0.00942477796077,22.9481911659
0.728208901764,0.00420438229626,0.00942477796077,22.9649980068
0.728208901764,0.00420438229626,0.00942477796077,22.9816470146
0.732089519426,0.00424095733903,0.00925024503557,22.9979991913
0.732089519426,0.00424095733903,0.00925024503557,23.0146760941
0.745693025489,0.00436679669271,0.0101229096616,23.0334591866
0.745693025489,0.00436679669271,0.0101229096616,23.0481519699
Actuacion(lineal,angular) = 0.204690507694,-0.0405485134855
0.745693025489,0.00436679669271,0.0101229096616,23.0650990009
0.749914767544,0.00440953446598,0.00959931088597,23.0815911293
0.749914767544,0.00440953446598,0.00959931088597,23.0983870029
0.749914767544,0.00440953446598,0.00959931088597,23.1147961617
0.761983041996,0.00452538514275,0.00994837673637,23.1316430569
0.761983041996,0.00452538514275,0.00994837673637,23.1481511593
0.761983041996,0.00452538514275,0.00994837673637,23.164755106
0.773454260199,0.00463950890803,0.00925024503557,23.1814441681
0.773454260199,0.00463950890803,0.00925024503557,23.1984140873
0.773454260199,0.00463950890803,0.00925024503557,23.2154970169
0.783902094009,0.0047361566875,0.00942477796077,23.2334201336
0.783902094009,0.0047361566875,0.00942477796077,23.2482731342
Actuacion(lineal,angular) = 0.174117844023,-0.0466914747506
0.787782711671,0.00477273173026,0.00942477796077,23.2660360336
0.787782711671,0.00477273173026,0.00942477796077,23.2814741135
0.787782711671,0.00477273173026,0.00942477796077,23.2985219955
0.798273172604,0.0048716049228,0.00942477796077,23.3147242069
0.798273172604,0.0048716049228,0.00942477796077,23.3334159851
0.798273172604,0.0048716049228,0.00942477796077,23.3480300903
0.808507768635,0.00496806657405,0.00925024503557,23.3647320271
0.808507768635,0.00496806657405,0.00925024503557,23.3813860416
0.808507768635,0.00496806657405,0.00925024503557,23.3981740475
0.81145021979,0.00499528574459,0.00925024503557,23.4147691727
0.81145021979,0.00499528574459,0.00925024503557,23.4316420555
0.821002524988,0.00508364942868,0.00907571211037,23.4488060474
0.821002524988,0.00508364942868,0.00907571211037,23.4648649693
0.821002524988,0.00508364942868,0.00907571211037,23.4822771549
0.824030269424,0.00511112912001,0.00890117918517,23.4983780384
0.824030269424,0.00511112912001,0.00890117918517,23.5146300793
0.824030269424,0.00511112912001,0.00890117918517,23.5315229893
0.833113516982,0.0051919828695,0.00907571211037,23.5480070114
0.833113516982,0.0051919828695,0.00907571211037,23.5648050308
0.836013328555,0.00521830144712,0.00907571211037,23.5813100338
0.836013328555,0.00521830144712,0.00907571211037,23.5982611179
0.836013328555,0.00521830144712,0.00907571211037,23.6146461964
0.845053917575,0.00530035348322,0.00872664625997,23.6313550472
0.845053917575,0.00530035348322,0.00872664625997,23.6482491493
Actuacion(lineal,angular) = 0.124928390399,-0.0640011787586
0.845053917575,0.00530035348322,0.00872664625997,23.6649441719
0.854094534686,0.0053792497535,0.00855211333477,23.6814241409
0.854094534686,0.0053792497535,0.00855211333477,23.6982440948
0.854094534686,0.0053792497535,0.00855211333477,23.714838028
0.862196986768,0.00544854453138,0.00837758040957,23.7313489914
0.862196986768,0.00544854453138,0.00837758040957,23.7480909824
0.862196986768,0.00544854453138,0.00837758040957,23.7649261951
0.862196986768,0.00544854453138,0.00837758040957,23.7813210487
0.869105403486,0.00550642170196,0.00855211333477,23.7982771397
0.869105403486,0.00550642170196,0.00855211333477,23.8145911694
0.869105403486,0.00550642170196,0.00855211333477,23.8316841125
0.876184387936,0.00556696345526,0.00837758040957,23.8481760025
Actuacion(lineal,angular) = 0.103032051533,-0.0771718356959
0.876184387936,0.00556696345526,0.00837758040957,23.8650121689
0.876184387936,0.00556696345526,0.00837758040957,23.8818562031
0.876184387936,0.00556696345526,0.00837758040957,23.8979430199
0.882538425535,0.00562019616153,0.00820304748437,23.9148600101
0.882538425535,0.00562019616153,0.00820304748437,23.9315431118
0.882538425535,0.00562019616153,0.00820304748437,23.9478881359
0.888849827719,0.00567197005463,0.00802851455918,23.9648060799
0.888849827719,0.00567197005463,0.00802851455918,23.9814941883
0.888849827719,0.00567197005463,0.00802851455918,23.9982531071
0.888849827719,0.00567197005463,0.00802851455918,24.0146570206
0.894478924126,0.00571716430813,0.00802851455918,24.0317080021
0.894478924126,0.00571716430813,0.00802851455918,24.0481190681
Actuacion(lineal,angular) = 0.0851070055929,-0.0926437172299
0.896525868275,0.00573359858213,0.00820304748437,24.0648360252
0.896525868275,0.00573359858213,0.00820304748437,24.0813760757
0.896525868275,0.00573359858213,0.00820304748437,24.0982751846
0.901643221397,0.00577557741437,0.00785398163397,24.1147720814
0.901643221397,0.00577557741437,0.00785398163397,24.1316540241
0.901643221397,0.00577557741437,0.00785398163397,24.1481320858
0.903476944738,0.00578997973995,0.00802851455918,24.1648731232
0.903476944738,0.00578997973995,0.00802851455918,24.1820690632
0.908466371099,0.00583003828282,0.00767944870878,24.1983141899
0.908466371099,0.00583003828282,0.00767944870878,24.2147581577
0.908466371099,0.00583003828282,0.00767944870878,24.2337651253
0.913285231993,0.00586704520537,0.00785398163397,24.2481281757
Actuacion(lineal,angular) = 0.0721739175894,-0.108835453346
0.913285231993,0.00586704520537,0.00785398163397,24.2650051117
0.913285231993,0.00586704520537,0.00785398163397,24.2815821171
0.913285231993,0.00586704520537,0.00785398163397,24.2988831997
0.918146731083,0.00590522811505,0.00767944870878,24.3148050308
0.918146731083,0.00590522811505,0.00767944870878,24.3316180706
0.918146731083,0.00590522811505,0.00767944870878,24.3480980396
0.922453854537,0.00593830509893,0.00750491578358,24.3652291298
0.922453854537,0.00593830509893,0.00750491578358,24.3814520836
0.922453854537,0.00593830509893,0.00750491578358,24.3983051777
0.922453854537,0.00593830509893,0.00750491578358,24.4149739742
0.926803628541,0.00597095039941,0.00715584993318,24.4315781593
0.926803628541,0.00597095039941,0.00715584993318,24.4481561184
Actuacion(lineal,angular) = 0.0591867422896,-0.131958546491
0.926803628541,0.00597095039941,0.00715584993318,24.4648180008
0.930599029296,0.00599811018123,0.00715584993318,24.481618166
0.930599029296,0.00599811018123,0.00715584993318,24.4985020161
0.930599029296,0.00599811018123,0.00715584993318,24.5146381855
0.931835732913,0.00600695999778,0.00698131700798,24.5332951546
0.931835732913,0.00600695999778,0.00698131700798,24.5480160713
0.935119398291,0.00602988467918,0.00680678408278,24.5646259785
0.935119398291,0.00602988467918,0.00680678408278,24.5823440552
0.935119398291,0.00602988467918,0.00680678408278,24.5983769894
0.935119398291,0.00602988467918,0.00680678408278,24.6147811413
0.938872163239,0.0060554293344,0.00663225115758,24.6313931942
0.938872163239,0.0060554293344,0.00663225115758,24.6480631828
0.938872163239,0.0060554293344,0.00663225115758,24.6650350094
0.942155836419,0.00607720779898,0.00645771823238,24.6815609932
0.942155836419,0.00607720779898,0.00645771823238,24.6983070374
0.942155836419,0.00607720779898,0.00645771823238,24.7146391869
0.942155836419,0.00607720779898,0.00645771823238,24.7315511703
0.94569538428,0.00610006551948,0.00593411945678,24.7479670048
0.94569538428,0.00610006551948,0.00593411945678,24.7648041248
0.94569538428,0.00610006551948,0.00593411945678,24.7817001343
0.94569538428,0.00610006551948,0.00593411945678,24.7984831333
0.949064362452,0.00612005767306,0.00558505360638,24.8147680759
0.949064362452,0.00612005767306,0.00558505360638,24.8319301605
0.949064362452,0.00612005767306,0.00558505360638,24.8486499786
0.952518638154,0.00613935018862,0.00506145483078,24.8650860786
0.952518638154,0.00613935018862,0.00506145483078,24.8815200329
0.952518638154,0.00613935018862,0.00506145483078,24.8983471394
0.952518638154,0.00613935018862,0.00506145483078,24.9149820805
0.95605821448,0.00615726574731,0.00471238898038,24.9315910339
0.95605821448,0.00615726574731,0.00471238898038,24.9483850002
0.95605821448,0.00615726574731,0.00471238898038,24.9651441574
0.959597796845,0.00617394575971,0.00436332312999,24.9814631939
0.959597796845,0.00617394575971,0.00436332312999,24.9982450008
0.959597796845,0.00617394575971,0.00436332312999,25.0163550377
0.959597796845,0.00617394575971,0.00436332312999,25.0317189693
0.963137384816,0.00618939022379,0.00401425727959,25.0480880737
0.963137384816,0.00618939022379,0.00401425727959,25.0651891232
0.963137384816,0.00618939022379,0.00401425727959,25.0820701122
0.966421103759,0.00620257198726,0.00349065850399,25.0981421471
0.966421103759,0.00620257198726,0.00349065850399,25.1147851944
0.966421103759,0.00620257198726,0.00349065850399,25.1316070557
0.967572539937,0.00620659127407,0.00331612557879,25.1482892036
0.967572539937,0.00620659127407,0.00331612557879,25.1648612022
0.967572539937,0.00620659127407,0.00331612557879,25.1817831993
0.968084289653,0.00620828830662,0.00261799387799,25.1981210709
0.968084289653,0.00620828830662,0.00261799387799,25.2148489952
0.968169581449,0.00620851160053,0.00261799387799,25.2319881916
0.968169581449,0.00620851160053,0.00261799387799,25.2488431931
Actuacion(lineal,angular) = 0.00832425426236,-0.0719603918511
0.968169581449,0.00620851160053,0.00261799387799,25.2655651569
0.968169581449,0.00620851160053,0.00209439510239,25.2815480232
0.968169581449,0.00620851160053,0.00209439510239,25.2996821404
0.968169581449,0.00620851160053,0.00209439510239,25.3149139881
0.967956351696,0.00620806501252,0.00261799387799,25.3319401741
0.967956351696,0.00620806501252,0.00261799387799,25.3485300541
0.967956351696,0.00620806501252,0.00261799387799,25.3649260998
0.967998997594,0.00620817665948,0.00244346095279,25.3821971416
0.967998997594,0.00620817665948,0.00244346095279,25.3981211185
0.967998997594,0.00620817665948,0.00244346095279,25.4149119854
0.967998997594,0.00620817665948,0.00244346095279,25.4316539764
0.967998997594,0.00620817665948,0.00261799387799,25.4481801987
Actuacion(lineal,angular) = 0.00454121300092,-0.0119625233132
0.967998997594,0.00620817665948,0.00261799387799,25.4647011757
0.967998997594,0.00620817665948,0.00261799387799,25.4814372063
0.967998997594,0.00620817665948,0.00261799387799,25.5028820038
0.967998997594,0.00620817665948,0.00261799387799,25.5147190094
0.967998997594,0.00620817665948,0.00261799387799,25.5315451622
0.967998997594,0.00620817665948,0.00261799387799,25.5483570099
0.967998997594,0.00620817665948,0.00261799387799,25.5648360252
0.967998997594,0.00620817665948,0.00261799387799,25.5813941956
0.967998997594,0.00620817665948,0.00261799387799,25.6052641869
0.967998997594,0.00620817665948,0.00261799387799,25.6148221493
0.967998997594,0.00620817665948,0.00261799387799,25.6313591003
0.967998997594,0.00620817665948,0.00244346095279,25.64863801
Actuacion(lineal,angular) = 0.00644013911502,0.0480227567237
0.967998997594,0.00620817665948,0.00244346095279,25.6647131443
0.967998997594,0.00620817665948,0.00244346095279,25.6814241409
0.967998997594,0.00620817665948,0.00244346095279,25.6981320381
0.967998997594,0.00620817665948,0.00244346095279,25.7147600651
0.967998997594,0.00620817665948,0.00261799387799,25.7313690186
0.967998997594,0.00620817665948,0.00261799387799,25.7481350899
0.967998997594,0.00620817665948,0.00261799387799,25.7646760941
0.967998997594,0.00620817665948,0.00261799387799,25.7813110352
0.967998997594,0.00620817665948,0.00261799387799,25.7981619835
0.967998997594,0.00620817665948,0.00261799387799,25.8148190975
0.967998997594,0.00620817665948,0.00261799387799,25.8314771652
0.967998997594,0.00620817665948,0.00244346095279,25.8481061459
Actuacion(lineal,angular) = 0.0128397681729,0.108014044909
0.967998997594,0.00620817665948,0.00244346095279,25.8647940159
0.967998997594,0.00620817665948,0.00244346095279,25.8817780018
0.967998997594,0.00620817665948,0.00261799387799,25.8981251717
0.967998997594,0.00620817665948,0.00261799387799,25.9149181843
0.967998997594,0.00620817665948,0.00261799387799,25.9314761162
0.967998997594,0.00620817665948,0.00261799387799,25.9480571747
0.968126935288,0.00620851160034,0.00261799387799,25.9648211002
0.968126935288,0.00620851160034,0.00261799387799,25.9823830128
0.968126935288,0.00620851160034,0.00261799387799,25.9981901646
0.968212227084,0.00620873489425,0.00261799387799,26.0149741173
0.968212227084,0.00620873489425,0.00261799387799,26.0315849781
0.968212227084,0.00620873489425,0.00261799387799,26.0481681824
Actuacion(lineal,angular) = 0.0315028350251,0.167999038843
0.968212227084,0.00620873489425,0.00261799387799,26.0650291443
0.968212227084,0.00620873489425,0.00261799387799,26.0818099976
0.968212227084,0.00620873489425,0.00261799387799,26.0983140469
0.968212227084,0.00620873489425,0.00261799387799,26.1148130894
0.968212227084,0.00620873489425,0.00261799387799,26.1315970421
0.968212227084,0.00620873489425,0.00261799387799,26.1482820511
0.968425456574,0.00620929312903,0.00279252680319,26.165168047
0.968425456574,0.00620929312903,0.00279252680319,26.1824600697
0.968425456574,0.00620929312903,0.00279252680319,26.1982212067
0.968638685964,0.00620988857936,0.00331612557879,26.2147741318
0.968638685964,0.00620988857936,0.00331612557879,26.2316060066
0.968638685964,0.00620988857936,0.00331612557879,26.2480921745
Actuacion(lineal,angular) = 0.0135281868547,0.227982173113
0.968766623393,0.0062103128375,0.00331612557879,26.2646861076
0.968766623393,0.0062103128375,0.00331612557879,26.2815990448
0.96915043568,0.00621158561191,0.00331612557879,26.2982940674
0.96915043568,0.00621158561191,0.00331612557879,26.3151891232
0.96915043568,0.00621158561191,0.00331612557879,26.331441164
0.96915043568,0.00621158561191,0.00331612557879,26.3483431339
0.96915043568,0.00621158561191,0.00401425727959,26.365126133
0.96915043568,0.00621158561191,0.00401425727959,26.3818771839
0.96915043568,0.00621158561191,0.00401425727959,26.3984611034
0.96915043568,0.00621158561191,0.00401425727959,26.4148890972
0.96915043568,0.00621158561191,0.00401425727959,26.4321730137
0.96915043568,0.00621158561191,0.00401425727959,26.4482960701
Actuacion(lineal,angular) = 0.00671095341129,0.287995705752
0.96915043568,0.00621158561191,0.00401425727959,26.4647390842
0.96915043568,0.00621158561191,0.00401425727959,26.4817020893
0.96915043568,0.00621158561191,0.00401425727959,26.4980890751
0.96915043568,0.00621158561191,0.00401425727959,26.5148770809
0.96915043568,0.00621158561191,0.00401425727959,26.5315639973
0.969107789979,0.00621141442017,0.00383972435439,26.5480871201
0.969107789979,0.00621141442017,0.00383972435439,26.5649161339
0.969107789979,0.00621141442017,0.00383972435439,26.5827519894
0.969107789979,0.00621141442017,0.00401425727959,26.5986120701
0.969107789979,0.00621141442017,0.00401425727959,26.614855051
0.969107789979,0.00621141442017,0.00401425727959,26.6317071915
0.969107789979,0.00621141442017,0.00401425727959,26.6480710506
Actuacion(lineal,angular) = 0.00380469081722,0.34796932712
0.969107789979,0.00621141442017,0.00401425727959,26.6648130417
0.969107789979,0.00621141442017,0.00418879020479,26.683065176
0.969107789979,0.00621141442017,0.00418879020479,26.698289156
0.969107789979,0.00621141442017,0.00418879020479,26.7164521217
0.969107789979,0.00621141442017,0.00418879020479,26.7321150303
0.969107789979,0.00621141442017,0.00418879020479,26.7481071949
0.969022498639,0.00621105715055,0.00401425727959,26.7663650513
0.969022498639,0.00621105715055,0.00401425727959,26.7814590931
0.969022498639,0.00621105715055,0.00401425727959,26.7981519699
0.968979852939,0.00621088595882,0.00436332312999,26.8146882057
0.968979852939,0.00621088595882,0.00436332312999,26.8315470219
0.968979852939,0.00621088595882,0.00436332312999,26.8483161926
0.968979852939,0.00621088595882,0.00436332312999,26.8648560047
0.968979852939,0.00621088595882,0.00436332312999,26.8825790882
0.968979852939,0.00621088595882,0.00436332312999,26.8981711864
0.968979852939,0.00621088595882,0.00453785605519,26.9148640633
0.968979852939,0.00621088595882,0.00453785605519,26.9315190315
0.968979852939,0.00621088595882,0.00453785605519,26.947988987
0.968979852939,0.00621088595882,0.00453785605519,26.9647080898
0.968979852939,0.00621088595882,0.00453785605519,26.9813041687
0.968979852939,0.00621088595882,0.00453785605519,26.9984982014
0.968937207333,0.00621069243787,0.00436332312999,27.0146410465
0.968937207333,0.00621069243787,0.00436332312999,27.0331470966
0.968937207333,0.00621069243787,0.00436332312999,27.049197197
Actuacion(lineal,angular) = 0.0023603395258,0.407996020464
0.968937207333,0.00621069243787,0.00436332312999,27.0652160645
0.968937207333,0.00621069243787,0.00436332312999,27.0818049908
0.968937207333,0.00621069243787,0.00436332312999,27.0982871056
0.968937207333,0.00621069243787,0.00453785605519,27.1151900291
0.968937207333,0.00621069243787,0.00453785605519,27.1318631172
0.968937207333,0.00621069243787,0.00453785605519,27.1481611729
0.968809270518,0.00621011187504,0.00453785605519,27.1651501656
0.968809270518,0.00621011187504,0.00453785605519,27.1817760468
0.968809270518,0.00621011187504,0.00453785605519,27.1982970238
0.968809270518,0.00621011187504,0.00471238898038,27.2150821686
0.968809270518,0.00621011187504,0.00471238898038,27.232861042
0.968809270518,0.00621011187504,0.00471238898038,27.2481842041
Actuacion(lineal,angular) = 0.00156417390825,0.46797114387
0.968809270518,0.00621011187504,0.00488692190558,27.2648441792
0.968809270518,0.00621011187504,0.00488692190558,27.2818520069
0.968809270518,0.00621011187504,0.00471238898038,27.2985570431
0.968809270518,0.00621011187504,0.00471238898038,27.3148159981
0.968809270518,0.00621011187504,0.00471238898038,27.332034111
0.968723979377,0.00620970994703,0.00488692190558,27.3481931686
0.968723979377,0.00620970994703,0.00488692190558,27.3651211262
0.968723979377,0.00620970994703,0.00488692190558,27.3821380138
0.968638688307,0.00620929313291,0.00506145483078,27.3982560635
0.968638688307,0.00620929313291,0.00506145483078,27.414689064
0.968638688307,0.00620929313291,0.00506145483078,27.4316411018
0.968638688307,0.00620929313291,0.00506145483078,27.4481229782
0.968596042809,0.00620907728281,0.00523598775598,27.4648029804
0.968596042809,0.00620907728281,0.00523598775598,27.481855154
0.968596042809,0.00620907728281,0.00523598775598,27.4980530739
0.968596042809,0.00620907728281,0.00541052068118,27.51476717
0.968596042809,0.00620907728281,0.00541052068118,27.5315971375
0.968596042809,0.00620907728281,0.00541052068118,27.5479311943
0.968596042809,0.00620907728281,0.00541052068118,27.564740181
0.968596042809,0.00620907728281,0.00541052068118,27.5819420815
0.968468106549,0.00620838507427,0.00541052068118,27.5982630253
0.968468106549,0.00620838507427,0.00541052068118,27.6147530079
0.968468106549,0.00620838507427,0.00541052068118,27.6314561367
0.968425461129,0.00620815433809,0.00575958653158,27.6483550072
0.968425461129,0.00620815433809,0.00575958653158,27.6649019718
0.968425461129,0.00620815433809,0.00575958653158,27.6817960739
0.968425461129,0.00620815433809,0.00575958653158,27.6981110573
0.968425461129,0.00620815433809,0.00575958653158,27.7147741318
0.968425461129,0.00620815433809,0.00575958653158,27.7318019867
0.968382815792,0.00620790871587,0.00610865238198,27.7482471466
0.968382815792,0.00620790871587,0.00610865238198,27.7654900551
0.968382815792,0.00620790871587,0.00610865238198,27.7828321457
0.968382815792,0.00620790871587,0.00610865238198,27.7987530231
0.968382815792,0.00620790871587,0.00610865238198,27.8158891201
0.968340170544,0.00620764820763,0.00593411945678,27.831507206
0.968340170544,0.00620764820763,0.00593411945678,27.8481180668
Actuacion(lineal,angular) = 0.00108954661253,0.527916798739
0.968340170544,0.00620764820763,0.00593411945678,27.8648309708
0.968340170544,0.00620764820763,0.00593411945678,27.8816001415
0.968340170544,0.00620764820763,0.00593411945678,27.8981020451
0.968340170544,0.00620764820763,0.00610865238198,27.9149119854
0.968340170544,0.00620764820763,0.00610865238198,27.9314889908
0.968340170544,0.00620764820763,0.00610865238198,27.948330164
0.968297525296,0.00620738769939,0.00628318530718,27.9648320675
0.968297525296,0.00620738769939,0.00628318530718,27.9815120697
0.968297525296,0.00620738769939,0.00628318530718,27.9982001781
0.968041654081,0.00620577999198,0.00628318530718,28.0153579712
0.968041654081,0.00620577999198,0.00628318530718,28.0321571827
0.968041654081,0.00620577999198,0.00628318530718,28.0482001305
0.968041654081,0.00620577999198,0.00628318530718,28.0648581982
0.967871073272,0.00620470818704,0.00733038285837,28.0814101696
0.967871073272,0.00620470818704,0.00733038285837,28.0981061459
0.967871073272,0.00620470818704,0.00733038285837,28.1150231361
0.967700493678,0.00620345775092,0.00872664625997,28.1315021515
0.967700493678,0.00620345775092,0.00872664625997,28.1479961872
0.967700493678,0.00620345775092,0.00872664625997,28.1647920609
0.967615204838,0.00620271344648,0.00890117918517,28.1816999912
0.967615204838,0.00620271344648,0.00890117918517,28.1982560158
0.967529916128,0.00620195425634,0.0101229096616,28.2147190571
0.967529916128,0.00620195425634,0.0101229096616,28.231703043
0.967529916128,0.00620195425634,0.0101229096616,28.2484111786
0.967487272269,0.00620152256166,0.0106465084372,28.2649791241
0.967487272269,0.00620152256166,0.0106465084372,28.281635046
0.967487272269,0.00620152256166,0.0106465084372,28.2982320786
0.96731669776,0.0061997064701,0.011344640138,28.3147530556
0.96731669776,0.0061997064701,0.011344640138,28.3314859867
0.96714612456,0.00619777129551,0.0127409035396,28.348747015
0.96714612456,0.00619777129551,0.0127409035396,28.3646430969
0.96714612456,0.00619777129551,0.0127409035396,28.3815920353
0.96714612456,0.00619777129551,0.0127409035396,28.3983180523
0.96684762648,0.00619396795447,0.0141371669412,28.4146521091
0.96684762648,0.00619396795447,0.0141371669412,28.4318451881
0.96684762648,0.00619396795447,0.0141371669412,28.448570013
0.96684762648,0.00619396795447,0.0141371669412,28.4651670456
0.966591775785,0.00619035070948,0.0160570291183,28.4819800854
0.966591775785,0.00619035070948,0.0160570291183,28.4984531403
0.966591775785,0.00619035070948,0.0160570291183,28.5149099827
0.966293291958,0.00618555753405,0.0176278254451,28.5317430496
0.966293291958,0.00618555753405,0.0176278254451,28.5486609936
0.966293291958,0.00618555753405,0.0176278254451,28.56488204
0.966293291958,0.00618555753405,0.0176278254451,28.5822432041
0.966080094866,0.0061817989436,0.0204203522483,28.5980930328
0.966080094866,0.0061817989436,0.0204203522483,28.6149790287
0.966080094866,0.0061817989436,0.0204203522483,28.6317579746
0.966037457713,0.00618092815688,0.0214675497995,28.6492071152
0.966037457713,0.00618092815688,0.0214675497995,28.6655080318
0.966037457713,0.00618092815688,0.0214675497995,28.6819419861
0.966037457713,0.00618092815688,0.0214675497995,28.6983540058
0.966037457713,0.00618092815688,0.0207694180987,28.7157540321
0.966037457713,0.00618092815688,0.0207694180987,28.7315220833
0.966037457713,0.00618092815688,0.0207694180987,28.7498650551
0.966037457713,0.00618092815688,0.0207694180987,28.7666661739
0.966037457713,0.00618092815688,0.0207694180987,28.7815620899
0.966037457713,0.00618092815688,0.0207694180987,28.7981259823
0.966037457713,0.00618092815688,0.0207694180987,28.8147130013
0.966037457713,0.00618092815688,0.0207694180987,28.8328671455
0.966037457713,0.00618092815688,0.0207694180987,28.8483390808
Actuacion(lineal,angular) = 0.00078864740099,0.587967238573
0.966037457713,0.00618092815688,0.0207694180987,28.8666291237
0.966037457713,0.00618092815688,0.0207694180987,28.8829071522
0.966037457713,0.00618092815688,0.0207694180987,28.8981990814
0.966037457713,0.00618092815688,0.0207694180987,28.9148950577
0.965824273481,0.00617649980766,0.0205948851735,28.9315021038
0.965824273481,0.00617649980766,0.0205948851735,28.9484021664
0.965824273481,0.00617649980766,0.0205948851735,28.9654681683
0.965824273481,0.00617649980766,0.0205948851735,28.9823050499
0.96565372548,0.00617298689448,0.0226892802759,28.9980959892
0.96565372548,0.00617298689448,0.0226892802759,29.0162611008
0.96565372548,0.00617298689448,0.0226892802759,29.0322589874
0.965355280008,0.00616621421927,0.0251327412287,29.0483930111
Actuacion(lineal,angular) = 0.00058926936545,0.647951946406
0.965355280008,0.00616621421927,0.0251327412287,29.0657720566
0.965355280008,0.00616621421927,0.0251327412287,29.0826940536
0.965355280008,0.00616621421927,0.0251327412287,29.0980570316
0.965142117127,0.00616085572347,0.0277507351067,29.1148099899
0.965142117127,0.00616085572347,0.0277507351067,29.132404089
0.965142117127,0.00616085572347,0.0277507351067,29.1485409737
0.964886339381,0.00615375588037,0.0296705972839,29.1651601791
0.964886339381,0.00615375588037,0.0296705972839,29.1815600395
0.964886339381,0.00615375588037,0.0296705972839,29.1982181072
0.96475845756,0.0061499604365,0.0303687289847,29.2151629925
0.96475845756,0.0061499604365,0.0303687289847,29.2316460609
0.96475845756,0.0061499604365,0.0303687289847,29.2483620644
Actuacion(lineal,angular) = 0.000467356341775,0.7
0.964332193756,0.00613701136554,0.0335103216383,29.2648131847
0.964332193756,0.00613701136554,0.0335103216383,29.2817630768
0.964204327451,0.00613272491992,0.0343829862643,29.2983961105
0.964204327451,0.00613272491992,0.0343829862643,29.3147451878
0.964204327451,0.00613272491992,0.0343829862643,29.3315010071
0.963735498224,0.00611659881585,0.0378736447683,29.3484680653
0.963735498224,0.00611659881585,0.0378736447683,29.3647060394
0.963735498224,0.00611659881585,0.0378736447683,29.3815951347
0.963522420915,0.00610852494074,0.0387463093943,29.3986010551
0.963522420915,0.00610852494074,0.0387463093943,29.4146401882
0.963096280551,0.00609200530667,0.0417133691227,29.4314939976
0.963096280551,0.00609200530667,0.0417133691227,29.4481720924
0.963096280551,0.00609200530667,0.0417133691227,29.4648330212
0.962755408972,0.00607777815194,0.0457276264023,29.4811990261
0.962755408972,0.00607777815194,0.0457276264023,29.4980831146
0.962755408972,0.00607777815194,0.0457276264023,29.5146870613
0.962542401646,0.00606803103779,0.0479965544298,29.5313971043
0.962542401646,0.00606803103779,0.0479965544298,29.5481791496
0.962542401646,0.00606803103779,0.0479965544298,29.5647280216
0.962542401646,0.00606803103779,0.0479965544298,29.5818099976
0.962159029254,0.0060496163413,0.0509636141582,29.5981299877
0.962159029254,0.0060496163413,0.0509636141582,29.6157469749
0.962159029254,0.0060496163413,0.0509636141582,29.631508112
0.961690531839,0.00602571932707,0.0541052068118,29.6484940052
0.961690531839,0.00602571932707,0.0541052068118,29.6653959751
0.961520197284,0.00601649433728,0.0549778714378,29.6820590496
0.961520197284,0.00601649433728,0.0549778714378,29.698225975
0.961520197284,0.00601649433728,0.0549778714378,29.7148962021
0.961094381182,0.00599306025929,0.058643062867,29.7315530777
0.961094381182,0.00599306025929,0.058643062867,29.7481861115
0.961094381182,0.00599306025929,0.058643062867,29.7647101879
0.961094381182,0.00599306025929,0.058643062867,29.7820570469
0.960583508361,0.00596306672174,0.0637045176978,29.7990059853
0.960583508361,0.00596306672174,0.0637045176978,29.8154850006
0.960583508361,0.00596306672174,0.0637045176978,29.8330070972
0.960370710666,0.00594949217923,0.0710349005562,29.850123167
0.960370710666,0.00594949217923,0.0710349005562,29.8649230003
0.960370710666,0.00594949217923,0.0710349005562,29.881551981
0.960370710666,0.00594949217923,0.0710349005562,29.8983721733
0.959860248734,0.00591317045345,0.0778416846389,29.9151041508
0.959860248734,0.00591317045345,0.0778416846389,29.9315211773
0.959860248734,0.00591317045345,0.0778416846389,29.9487071037
0.95990276564,0.00591648674193,0.0855211333477,29.9648799896
0.95990276564,0.00591648674193,0.0855211333477,29.981883049
0.95990276564,0.00591648674193,0.0855211333477,30.0002419949
0.95990276564,0.00591648674193,0.0855211333477,30.0147340298
0.959775295084,0.0059055586603,0.0891863247769,30.0315401554
0.959775295084,0.0059055586603,0.0891863247769,30.0484290123
0.959775295084,0.0059055586603,0.0891863247769,30.0651321411
0.959775295084,0.0059055586603,0.0883136601509,30.0816249847
0.959775295084,0.0059055586603,0.0883136601509,30.0982291698
0.959775295084,0.0059055586603,0.0883136601509,30.1147840023
0.959775295084,0.0059055586603,0.0881391272257,30.1314799786
0.959775295084,0.0059055586603,0.0881391272257,30.1482651234
0.959775295084,0.0059055586603,0.0881391272257,30.1648030281
0.959775295084,0.0059055586603,0.0879645943005,30.1826851368
0.959775295084,0.0059055586603,0.0879645943005,30.1992540359
0.959775295084,0.0059055586603,0.0879645943005,30.2147500515
0.959775295084,0.0059055586603,0.0879645943005,30.231470108
0.959775295084,0.0059055586603,0.0879645943005,30.248016119
Actuacion(lineal,angular) = 0.000467356341775,0.7
0.959775295084,0.0059055586603,0.0879645943005,30.2650539875
0.959775295084,0.0059055586603,0.0879645943005,30.2815451622
0.959775295084,0.0059055586603,0.0879645943005,30.2981030941
0.959775295084,0.0059055586603,0.0879645943005,30.3151180744
0.959775295084,0.0059055586603,0.0879645943005,30.331911087
0.959775295084,0.0059055586603,0.0879645943005,30.3483371735
0.959775295084,0.0059055586603,0.0879645943005,30.3648240566
0.959562889294,0.00588682613025,0.0879645943005,30.3820810318
0.959562889294,0.00588682613025,0.0879645943005,30.3987979889
0.959477926978,0.00587933311824,0.0884881930761,30.4150099754
0.959477926978,0.00587933311824,0.0884881930761,30.4315431118
0.959477926978,0.00587933311824,0.0884881930761,30.4483389854
0.959138093455,0.00584918312963,0.0935496479069,30.4654200077
0.959138093455,0.00584918312963,0.0935496479069,30.481482029
0.959138093455,0.00584918312963,0.0935496479069,30.4984030724
0.958798416887,0.00581731348254,0.0959931088597,30.5146729946
0.958798416887,0.00581731348254,0.0959931088597,30.5315790176
0.958798416887,0.00581731348254,0.0959931088597,30.548279047
0.958586168336,0.00579687627156,0.0994837673637,30.5648591518
0.958586168336,0.00579687627156,0.0994837673637,30.5820140839
0.958586168336,0.00579687627156,0.0994837673637,30.598290205
0.958586168336,0.00579687627156,0.0994837673637,30.6150171757
0.958331557233,0.00577146270495,0.105243353895,30.631524086
0.958331557233,0.00577146270495,0.105243353895,30.6488029957
0.958331557233,0.00577146270495,0.105243353895,30.6654222012
0.958077096724,0.0057445831133,0.110828407502,30.6820261478
0.958077096724,0.0057445831133,0.110828407502,30.6981551647
0.958077096724,0.0057445831133,0.110828407502,30.7149541378
0.958034712322,0.00573986638986,0.112922802604,30.7314801216
0.958034712322,0.00573986638986,0.112922802604,30.7483420372
0.958034712322,0.00573986638986,0.112922802604,30.7657291889
0.957865214597,0.00572064445901,0.119031454986,30.7816050053
0.957865214597,0.00572064445901,0.119031454986,30.7983911037
0.957865214597,0.00572064445901,0.119031454986,30.8150620461
0.957441771739,0.00567000203786,0.125314640293,30.8315601349
0.957441771739,0.00567000203786,0.125314640293,30.8482010365
Actuacion(lineal,angular) = 0.000467356341775,0.7
0.957272525217,0.00564868124829,0.127758101246,30.8647310734
0.957272525217,0.00564868124829,0.127758101246,30.8823812008
0.957272525217,0.00564868124829,0.127758101246,30.8983089924
0.956934137376,0.00560521270272,0.135088484104,30.9147410393
0.956934137376,0.00560521270272,0.135088484104,30.9317190647
0.956934137376,0.00560521270272,0.135088484104,30.9482681751
0.956511562237,0.00554777786784,0.142593399888,30.9648311138
0.956511562237,0.00554777786784,0.142593399888,30.9819071293
0.956511562237,0.00554777786784,0.142593399888,30.9999079704
0.956511562237,0.00554777786784,0.142593399888,31.0163550377
0.956258282918,0.00551141512075,0.147480321794,31.0317840576
0.956258282918,0.00551141512075,0.147480321794,31.0483000278
Actuacion(lineal,angular) = 0.000467356341775,0.7
0.956258282918,0.00551141512075,0.147480321794,31.0653111935
0.955920818126,0.00546128170181,0.1530653754,31.0839731693
0.955920818126,0.00546128170181,0.1530653754,31.0991611481
0.955920818126,0.00546128170181,0.1530653754,31.116959095
0.955920818126,0.00546128170181,0.1530653754,31.1314971447
0.955710080919,0.00542877083543,0.160221225333,31.1486880779
0.955710080919,0.00542877083543,0.160221225333,31.1651210785
0.955710080919,0.00542877083543,0.160221225333,31.1821181774
0.95562588125,0.00541516362545,0.167900674042,31.199160099
0.95562588125,0.00541516362545,0.167900674042,31.2150111198
0.95562588125,0.00541516362545,0.167900674042,31.2328929901
0.95562588125,0.00541516362545,0.167900674042,31.2483379841
0.955331556832,0.00536527669244,0.17488199105,31.2649819851
0.955331556832,0.00536527669244,0.17488199105,31.2819252014
0.955331556832,0.00536527669244,0.17488199105,31.300383091
0.955331556832,0.00536527669244,0.17488199105,31.3146970272
0.955121578995,0.00532817635482,0.181688775133,31.3320400715
0.955121578995,0.00532817635482,0.181688775133,31.348623991
0.955079634907,0.00532047060664,0.184132236085,31.3646621704
0.955079634907,0.00532047060664,0.184132236085,31.3821060658
0.955079634907,0.00532047060664,0.184132236085,31.3980941772
0.954995784639,0.005304854179,0.192509816495,31.4148490429
0.954995784639,0.005304854179,0.192509816495,31.4316411018
0.955037642889,0.00531301334589,0.194953277448,31.4483060837
0.955037642889,0.00531301334589,0.194953277448,31.465018034
0.955037642889,0.00531301334589,0.194953277448,31.482738018
0.954828451947,0.00527170623874,0.202632726157,31.4985711575
0.954828451947,0.00527170623874,0.202632726157,31.5149171352
0.954828451947,0.00527170623874,0.202632726157,31.5314099789
0.954661357899,0.00523737636318,0.210312174865,31.5484700203
0.954661357899,0.00523737636318,0.210312174865,31.5647821426
0.954661357899,0.00523737636318,0.210312174865,31.5820519924
0.954411119665,0.00518395830191,0.221133216228,31.5981500149
0.954411119665,0.00518395830191,0.221133216228,31.6147081852
0.954411119665,0.00518395830191,0.221133216228,31.6314101219
0.954411119665,0.00518395830191,0.221133216228,31.6487340927
0.95449433485,0.00520266587499,0.23230332344,31.6648211479
0.95449433485,0.00520266587499,0.23230332344,31.6819181442
0.95449433485,0.00520266587499,0.23230332344,31.6981170177
0.95449433485,0.00520266587499,0.23230332344,31.7147049904
0.954411333818,0.00518302996578,0.242775298952,31.7313981056
0.954411333818,0.00518302996578,0.242775298952,31.7482800484
0.954411333818,0.00518302996578,0.242775298952,31.7647151947
0.95428714753,0.00515227396358,0.254818070791,31.7821130753
0.95428714753,0.00515227396358,0.254818070791,31.7985630035
0.954245878562,0.0051415242026,0.25778513052,31.8148481846
0.954245878562,0.0051415242026,0.25778513052,31.8314139843
0.954245878562,0.0051415242026,0.25778513052,31.8482441902
Actuacion(lineal,angular) = 0.00130216909096,0.497460145548
0.954245878562,0.0051415242026,0.25778513052,31.8653740883
0.954245878562,0.0051415242026,0.25778513052,31.8823230267
0.954245878562,0.0051415242026,0.25778513052,31.8982570171
0.954163404779,0.00511977988064,0.257959663445,31.9151620865
0.954163404779,0.00511977988064,0.257959663445,31.9315731525
0.954163404779,0.00511977988064,0.257959663445,31.9483480453
0.954163404779,0.00511977988064,0.25778513052,31.9649729729
0.954163404779,0.00511977988064,0.25778513052,31.9818680286
0.954122167888,0.00510890771966,0.259530459772,31.9993641376
0.954122167888,0.00510890771966,0.259530459772,32.0152130127
0.954122167888,0.00510890771966,0.259530459772,32.0324130058
0.954122167888,0.00510890771966,0.259530459772,32.0485560894
0.954080950035,0.00509796360332,0.259704992697,32.064661026
0.954080950035,0.00509796360332,0.259704992697,32.0818572044
0.954080950035,0.00509796360332,0.259704992697,32.0981040001
0.954039734093,0.00508701229328,0.259704992697,32.1180021763
0.954039734093,0.00508701229328,0.259704992697,32.1315701008
0.954039734093,0.00508701229328,0.259704992697,32.1501131058
0.954039734093,0.00508701229328,0.259704992697,32.1659090519
0.953998518151,0.00507606098323,0.260054058547,32.1840071678
0.953998518151,0.00507606098323,0.260054058547,32.1986010075
0.953998518151,0.00507606098323,0.260054058547,32.2185661793
0.953998518151,0.00507606098323,0.260054058547,32.2315921783
0.953957306034,0.00506509528678,0.260577657323,32.2485342026
0.953957306034,0.00506509528678,0.260577657323,32.2650301456
0.953916099664,0.00505410801321,0.260577657323,32.2818250656
0.953916099664,0.00505410801321,0.260577657323,32.2981641293
0.953916099664,0.00505410801321,0.260577657323,32.3148331642
0.953874893294,0.00504312073965,0.260926723173,32.3315219879
0.953874893294,0.00504312073965,0.260926723173,32.3484699726
0.953874893294,0.00504312073965,0.260926723173,32.3648581505
0.953833690763,0.00503211908302,0.261275789024,32.3819520473
0.953833690763,0.00503211908302,0.261275789024,32.3981320858
0.953833690763,0.00503211908302,0.261624854874,32.4149241447
0.953833690763,0.00503211908302,0.261624854874,32.4316949844
0.953833690763,0.00503211908302,0.261624854874,32.4483451843
Actuacion(lineal,angular) = 0.00191874729791,0.437161082819
0.953792495921,0.00502108866428,0.261799387799,32.4646711349
0.953792495921,0.00502108866428,0.261799387799,32.4818949699
0.953792495921,0.00502108866428,0.261799387799,32.4987211227
0.953751303006,0.00501005105585,0.261799387799,32.5152711868
0.953751303006,0.00501005105585,0.261799387799,32.5318770409
0.95371011009,0.00499901344742,0.26214845365,32.5483601093
0.95371011009,0.00499901344742,0.26214845365,32.5648651123
0.95371011009,0.00499901344742,0.26214845365,32.581633091
0.95371011009,0.00499901344742,0.262322986575,32.5981810093
0.95371011009,0.00499901344742,0.262322986575,32.6159420013
0.95371011009,0.00499901344742,0.262322986575,32.6317520142
0.95371011009,0.00499901344742,0.262672052425,32.649077177
0.95371011009,0.00499901344742,0.262672052425,32.6648020744
0.95371011009,0.00499901344742,0.263021118276,32.681825161
0.95371011009,0.00499901344742,0.263021118276,32.6980969906
0.95371011009,0.00499901344742,0.263021118276,32.7148029804
0.95371011009,0.00499901344742,0.263021118276,32.7315411568
0.95371011009,0.00499901344742,0.263195651201,32.7484850883
0.95371011009,0.00499901344742,0.263195651201,32.7648000717
0.95371011009,0.00499901344742,0.263195651201,32.7823321819
0.95371011009,0.00499901344742,0.263195651201,32.7982130051
0.95371011009,0.00499901344742,0.263195651201,32.8147091866
0.95371011009,0.00499901344742,0.263195651201,32.8314890862
0.95371011009,0.00499901344742,0.263195651201,32.8500580788
Actuacion(lineal,angular) = 0.00298722747128,0.37718810518
0.95371011009,0.00499901344742,0.263195651201,32.8648250103
0.95371011009,0.00499901344742,0.263195651201,32.8814871311
0.95371011009,0.00499901344742,0.263195651201,32.8980782032
0.95371011009,0.00499901344742,0.263195651201,32.9150950909
0.95371011009,0.00499901344742,0.263195651201,32.9315950871
0.95371011009,0.00499901344742,0.263195651201,32.9483001232
0.95371011009,0.00499901344742,0.263195651201,32.9647221565
0.95371011009,0.00499901344742,0.263370184126,32.9835879803
0.95371011009,0.00499901344742,0.263370184126,32.998196125
0.95371011009,0.00499901344742,0.263370184126,33.0149810314
0.95371011009,0.00499901344742,0.263370184126,33.0314011574
0.95371011009,0.00499901344742,0.263370184126,33.0484230518
0.95371011009,0.00499901344742,0.263370184126,33.0647201538
0.95371011009,0.00499901344742,0.263370184126,33.0817201138
0.95371011009,0.00499901344742,0.263370184126,33.098069191
0.95371011009,0.00499901344742,0.263370184126,33.1158092022
0.95371011009,0.00499901344742,0.263370184126,33.1312901974
0.95371011009,0.00499901344742,0.263370184126,33.1482880116
0.95371011009,0.00499901344742,0.263370184126,33.1665802002
0.95371011009,0.00499901344742,0.263370184126,33.182169199
0.95371011009,0.00499901344742,0.263370184126,33.198371172
0.95371011009,0.00499901344742,0.263370184126,33.2156181335
0.95371011009,0.00499901344742,0.263370184126,33.2315061092
0.95371011009,0.00499901344742,0.263370184126,33.248290062
0.95371011009,0.00499901344742,0.263370184126,33.2649741173
0.95371011009,0.00499901344742,0.263370184126,33.2814919949
0.95371011009,0.00499901344742,0.263370184126,33.2982420921
0.95371011009,0.00499901344742,0.263370184126,33.3157551289
0.95371011009,0.00499901344742,0.263370184126,33.3319551945
0.95371011009,0.00499901344742,0.263370184126,33.3495361805
0.95371011009,0.00499901344742,0.263370184126,33.3659100533
0.95371011009,0.00499901344742,0.263544717051,33.3823871613
0.95371011009,0.00499901344742,0.263544717051,33.3979799747
0.95371011009,0.00499901344742,0.263544717051,33.4165790081
0.95371011009,0.00499901344742,0.263719249976,33.4324250221
0.95371011009,0.00499901344742,0.263719249976,33.4483261108
0.95371011009,0.00499901344742,0.263719249976,33.466435194
0.95371011009,0.00499901344742,0.263719249976,33.4816081524
0.95371011009,0.00499901344742,0.263719249976,33.4980561733
0.95371011009,0.00499901344742,0.263719249976,33.5160970688
0.95371011009,0.00499901344742,0.263544717051,33.5315291882
0.95371011009,0.00499901344742,0.263544717051,33.5483829975
0.95371011009,0.00499901344742,0.263544717051,33.5647940636
0.95371011009,0.00499901344742,0.263719249976,33.5817680359
0.95371011009,0.00499901344742,0.263719249976,33.5982761383
0.95371011009,0.00499901344742,0.263719249976,33.6150431633
0.953627766793,0.00497678010191,0.263544717051,33.6314060688
0.953627766793,0.00497678010191,0.263544717051,33.6487560272
0.953627766793,0.00497678010191,0.263544717051,33.6648910046
0.953627766793,0.00497678010191,0.26284658535,33.6816501617
0.953627766793,0.00497678010191,0.26284658535,33.6984322071
0.953627766793,0.00497678010191,0.26284658535,33.7196550369
0.953627766793,0.00497678010191,0.26284658535,33.7313029766
0.953627766793,0.00497678010191,0.26284658535,33.7500970364
0.953627766793,0.00497678010191,0.26284658535,33.765900135
0.953627766793,0.00497678010191,0.26284658535,33.7836360931
0.953627766793,0.00497678010191,0.26284658535,33.7983121872
0.953627766793,0.00497678010191,0.26284658535,33.8148560524
0.953627766793,0.00497678010191,0.26284658535,33.8313040733
0.953627766793,0.00497678010191,0.26284658535,33.8497991562
0.953627766793,0.00497678010191,0.26284658535,33.8654839993
0.953627766793,0.00497678010191,0.26284658535,33.8829600811
0.953627766793,0.00497678010191,0.26284658535,33.8981151581
0.953627766793,0.00497678010191,0.26284658535,33.9149501324
0.953627766793,0.00497678010191,0.26284658535,33.9313561916
0.953627766793,0.00497678010191,0.26284658535,33.95038414
0.953627766793,0.00497678010191,0.26284658535,33.9652061462
0.953627766793,0.00497678010191,0.26284658535,33.9830071926
0.953627766793,0.00497678010191,0.26284658535,33.9984200001
0.953627766793,0.00497678010191,0.26284658535,34.0152430534
0.953627766793,0.00497678010191,0.26284658535,34.031430006
0.953627766793,0.00497678010191,0.26284658535,34.0485961437
Actuacion(lineal,angular) = 0.00502193278462,0.317217487886
0.953627766793,0.00497678010191,0.26284658535,34.0651230812
0.953627766793,0.00497678010191,0.26284658535,34.0822570324
0.953627766793,0.00497678010191,0.26284658535,34.0986461639
0.953627766793,0.00497678010191,0.26284658535,34.1152830124
0.953627766793,0.00497678010191,0.26284658535,34.1319191456
0.953627766793,0.00497678010191,0.26284658535,34.1481750011
0.953627766793,0.00497678010191,0.26284658535,34.1651751995
0.953627766793,0.00497678010191,0.26284658535,34.1815011501
0.953627766793,0.00497678010191,0.263021118276,34.1989250183
0.953627766793,0.00497678010191,0.263021118276,34.2153360844
0.953627766793,0.00497678010191,0.263021118276,34.2317790985
0.953627766793,0.00497678010191,0.263021118276,34.2489230633
0.953627766793,0.00497678010191,0.263021118276,34.2647941113
0.953627766793,0.00497678010191,0.263021118276,34.2819011211
0.953668946192,0.00498786802873,0.263021118276,34.2981770039
0.953668946192,0.00498786802873,0.263021118276,34.3150570393
0.953668946192,0.00498786802873,0.263370184126,34.3321371078
0.953668946192,0.00498786802873,0.263370184126,34.3496470451
0.953668946192,0.00498786802873,0.263370184126,34.3662061691
0.953668946192,0.00498786802873,0.263370184126,34.3832201958
0.953668946192,0.00498786802873,0.263370184126,34.3988990784
0.953668946192,0.00498786802873,0.263370184126,34.4150550365
0.953668946192,0.00498786802873,0.263370184126,34.4315841198
0.953668946192,0.00498786802873,0.263370184126,34.4485981464
0.953668946192,0.00498786802873,0.263544717051,34.46479702
0.953668946192,0.00498786802873,0.263544717051,34.4818401337
0.953668946192,0.00498786802873,0.263544717051,34.4981400967
0.953668946192,0.00498786802873,0.263370184126,34.5148370266
0.953668946192,0.00498786802873,0.263370184126,34.5314769745
0.953668946192,0.00498786802873,0.263370184126,34.5498440266
0.953668946192,0.00498786802873,0.263544717051,34.5651390553
0.953668946192,0.00498786802873,0.263544717051,34.5823400021
0.953668946192,0.00498786802873,0.263544717051,34.5980710983
0.953668946192,0.00498786802873,0.263544717051,34.6149501801
0.953668946192,0.00498786802873,0.263544717051,34.6314210892
0.953668946192,0.00498786802873,0.263544717051,34.6487760544
0.953668946192,0.00498786802873,0.263370184126,34.664798975
0.953668946192,0.00498786802873,0.263370184126,34.681579113
0.953668946192,0.00498786802873,0.263370184126,34.6982061863
0.953668946192,0.00498786802873,0.263370184126,34.7149920464
0.953668946192,0.00498786802873,0.263370184126,34.7314400673
0.953668946192,0.00498786802873,0.263370184126,34.7480781078
0.953668946192,0.00498786802873,0.263370184126,34.7646410465
0.953668946192,0.00498786802873,0.263544717051,34.7826030254
0.953668946192,0.00498786802873,0.263544717051,34.7980191708
0.953668946192,0.00498786802873,0.263544717051,34.814841032
0.953627772604,0.00497675854194,0.263544717051,34.831608057
0.953627772604,0.00497675854194,0.263544717051,34.8501021862
Actuacion(lineal,angular) = 0.00298687062793,0.377203125551
0.953627772604,0.00497675854194,0.263544717051,34.8655509949
0.953627772604,0.00497675854194,0.263544717051,34.8815200329
0.953627772604,0.00497675854194,0.263544717051,34.8980340958
0.953627772604,0.00497675854194,0.263544717051,34.9151780605
0.953627772604,0.00497675854194,0.263544717051,34.9314041138
0.953627772604,0.00497675854194,0.263544717051,34.9481091499
0.953627772604,0.00497675854194,0.263544717051,34.9646880627
0.953627772604,0.00497675854194,0.263544717051,34.9817340374
0.953627772604,0.00497675854194,0.263544717051,34.998281002
0.953627772604,0.00497675854194,0.263719249976,35.0147640705
0.953627772604,0.00497675854194,0.263719249976,35.0315241814
Actuacion(lineal,angular) = 0.00191801664631,0.437216586664
0.953627772604,0.00497675854194,0.263719249976,35.0482771397
0.953627772604,0.00497675854194,0.263719249976,35.0649139881
0.953627772604,0.00497675854194,0.263719249976,35.0820910931
0.953586600955,0.00496564186919,0.263719249976,35.0982220173
0.953586600955,0.00496564186919,0.263719249976,35.1164991856
0.953586600955,0.00496564186919,0.263719249976,35.1320810318
0.953504257657,0.00494340852367,0.263719249976,35.1504251957
0.953504257657,0.00494340852367,0.263719249976,35.1647510529
0.953504257657,0.00494340852367,0.263719249976,35.1818990707
0.953504257657,0.00494340852367,0.263719249976,35.1982140541
0.953504257657,0.00494340852367,0.263893782902,35.2151460648
0.953504257657,0.00494340852367,0.263893782902,35.2314400673
0.953504257657,0.00494340852367,0.263893782902,35.248278141
0.953504257657,0.00494340852367,0.263893782902,35.2649140358
0.953504257657,0.00494340852367,0.263893782902,35.2822980881
0.953545427365,0.00495453238207,0.264068315827,35.2981162071
0.953545427365,0.00495453238207,0.264068315827,35.316174984
0.953545427365,0.00495453238207,0.264068315827,35.3314380646
0.953545427365,0.00495453238207,0.264068315827,35.3482501507
0.953545427365,0.00495453238207,0.264068315827,35.3653011322
0.953545427365,0.00495453238207,0.264068315827,35.3822770119
0.953545427365,0.00495453238207,0.264068315827,35.3989710808
0.953545427365,0.00495453238207,0.264068315827,35.415443182
0.953545427365,0.00495453238207,0.264068315827,35.4318010807
0.953545427365,0.00495453238207,0.264068315827,35.4484870434
0.953545427365,0.00495453238207,0.264068315827,35.4653940201
0.953545427365,0.00495453238207,0.264068315827,35.490429163
0.953545427365,0.00495453238207,0.264068315827,35.4985702038
0.953545427365,0.00495453238207,0.264068315827,35.5149290562
0.953545427365,0.00495453238207,0.264068315827,35.5323240757
0.953586595131,0.00496566342576,0.264242848752,35.5480461121
0.953586595131,0.00496566342576,0.264242848752,35.5657021999
0.953586595131,0.00496566342576,0.264242848752,35.5815181732
0.953586595131,0.00496566342576,0.264242848752,35.598263979
0.953586595131,0.00496566342576,0.264242848752,35.6151781082
0.953586595131,0.00496566342576,0.264242848752,35.6314651966
0.953586595131,0.00496566342576,0.264242848752,35.6483521461
0.953463097664,0.00493224873979,0.264417381677,35.6649930477
0.953463097664,0.00493224873979,0.264417381677,35.6858320236
0.953463097664,0.00493224873979,0.264417381677,35.697977066
0.953463097664,0.00493224873979,0.264417381677,35.7147791386
0.953421933786,0.00492110332651,0.264591914602,35.7313811779
0.953421933786,0.00492110332651,0.264591914602,35.7482831478
0.953421933786,0.00492110332651,0.264591914602,35.7647321224
0.953380771854,0.00490995072894,0.264766447528,35.7816090584
0.953380771854,0.00490995072894,0.264766447528,35.7981719971
0.953380771854,0.00490995072894,0.264766447528,35.8150691986
0.953380771854,0.00490995072894,0.264766447528,35.8314311504
0.953380771854,0.00490995072894,0.264766447528,35.8482780457
0.953380771854,0.00490995072894,0.263544717051,35.8680269718
0.953380771854,0.00490995072894,0.263544717051,35.8818080425
0.953380771854,0.00490995072894,0.263544717051,35.8980791569
0.953380771854,0.00490995072894,0.263893782902,35.9160330296
0.953380771854,0.00490995072894,0.263893782902,35.9324471951
