0.0,0.0,0.0,0.0940878391266
0.0,0.0,0.0,0.110853910446
0.0,0.0,0.0,0.127599000931
0.0,0.0,0.0,0.14420580864
0.0,0.0,0.0,0.160926818848
0.0,0.0,0.0,0.177510976791
0.0,0.0,0.0,0.194257974625
0.0,0.0,0.0,0.211155891418
0.0,0.0,0.0,0.22762799263
0.0,0.0,0.0,0.244192838669
0.0,0.0,0.0,0.260869979858
0.0,0.0,0.0,0.277486801147
0.0,0.0,0.0,0.294252872467
0.0,0.0,0.0,0.310963869095
0.0,0.0,0.0,0.327778816223
0.0,0.0,0.0,0.344334840775
0.0,0.0,0.0,0.360900878906
0.0,0.0,0.0,0.377561807632
0.0,0.0,0.0,0.394284963608
0.0,0.0,0.0,0.411032915115
0.0,0.0,0.0,0.427692890167
0.0,0.0,0.0,0.444289922714
0.0,0.0,0.0,0.460999011993
0.0,0.0,0.0,0.479609966278
0.0,0.0,0.0,0.494162797928
0.0,0.0,0.0,0.511240005493
0.0,0.0,0.0,0.527595996857
0.0,0.0,0.0,0.544233798981
0.0,0.0,0.0,0.560946941376
0.0,0.0,0.0,0.577794790268
0.0,0.0,0.0,0.594110965729
0.0,0.0,0.0,0.611009836197
0.0,0.0,0.0,0.627745866776
0.0,0.0,0.0,0.64426279068
0.0,0.0,0.0,0.660974979401
0.0,0.0,0.0,0.677958011627
0.0,0.0,0.0,0.696263790131
0.0,0.0,0.0,0.710943937302
0.0,0.0,0.0,0.727550983429
0.0,0.0,0.0,0.744256973267
0.0,0.0,0.0,0.760975837708
0.0,0.0,0.0,0.777735948563
0.0,0.0,0.0,0.794447898865
0.0,0.0,0.0,0.81098985672
0.0,0.0,0.0,0.827643871307
0.0,0.0,0.0,0.844491004944
0.0,0.0,0.0,0.860932826996
0.0,0.0,0.0,0.877700805664
0.0,0.0,0.0,0.894594907761
0.0,0.0,0.0,0.91093993187
0.0,0.0,0.0,0.92760682106
0.0,0.0,0.0,0.944280862808
0.0,0.0,0.0,0.960999965668
0.0,0.0,0.0,0.977670907974
0.0,0.0,0.0,0.994648933411
0.0,0.0,0.0,1.01100277901
0.0,0.0,0.0,1.027602911
0.0,0.0,0.0,1.04429388046
0.0,0.0,0.0,1.06093597412
0.0,0.0,0.0,1.07745099068
0.0,0.0,0.0,1.09407782555
0.0,0.0,0.0,1.11062288284
0.0,0.0,0.0,1.12730693817
0.0,0.0,0.0,1.14404582977
0.0,0.0,0.0,1.16073989868
0.0,0.0,0.0,1.17741894722
0.0,0.0,0.0,1.19414591789
0.0,0.0,0.0,1.21247792244
0.0,0.0,0.0,1.2276070118
0.0,0.0,0.0,1.24402594566
0.0,0.0,0.0,1.26071190834
0.0,0.0,0.0,1.27739286423
0.0,0.0,0.0,1.29408288002
0.0,0.0,0.0,1.31100583076
0.0,0.0,0.0,1.32760095596
0.0,0.0,0.0,1.34404778481
0.0,0.0,0.0,1.3606967926
0.0,0.0,0.0,1.37741684914
0.0,0.0,0.0,1.39424800873
0.0,0.0,0.0,1.41086483002
0.0,0.0,0.0,1.42737078667
0.0,0.0,0.0,1.44420385361
0.0,0.0,0.0,1.46095180511
0.0,0.0,0.0,1.47756481171
0.0,0.0,0.0,1.4942908287
0.0,0.0,0.0,1.51234078407
0.0,0.0,0.0,1.5274848938
0.0,0.0,0.0,1.54425001144
0.0,0.0,0.0,1.56092500687
0.0,0.0,0.0,1.57759785652
0.0,0.0,0.0,1.59440684319
0.0,0.0,0.0,1.61096286774
0.0,0.0,0.0,1.62756991386
0.0,0.0,0.0,1.64425587654
0.0,0.0,0.0,1.66099596024
0.0,0.0,0.0,1.67771983147
0.0,0.0,0.0,1.69425797462
0.0,0.0,0.0,1.71105289459
0.0,0.0,0.0,1.72755479813
0.0,0.0,0.0,1.74423384666
0.0,0.0,0.0,1.76091194153
0.0,0.0,0.0,1.77758693695
0.0,0.0,0.0,1.79416584969
0.0,0.0,0.0,1.81100893021
0.0,0.0,0.0,1.82755994797
0.0,0.0,0.0,1.84424781799
0.0,0.0,0.0,1.86093091965
0.0,0.0,0.0,1.87756586075
0.0,0.0,0.0,1.89447999001
0.0,0.0,0.0,1.91102600098
0.0,0.0,0.0,1.92743587494
0.0,0.0,0.0,1.94417500496
0.0,0.0,0.0,1.96078491211
0.0,0.0,0.0,1.97740793228
0.0,0.0,0.0,1.99418091774
0.0,0.0,0.0,2.01081895828
0.0,0.0,0.0,2.027561903
0.0,0.0,0.0,2.04401898384
0.0,0.0,0.0,2.06070184708
0.0,0.0,0.0,2.07753300667
0.0,0.0,0.0,2.0940849781
0.0,0.0,0.0,2.11077189445
0.0,0.0,0.0,2.1274600029
0.0,0.0,0.0,2.14410090446
0.0,0.0,0.0,2.16070890427
0.0,0.0,0.0,2.17737984657
0.0,0.0,0.0,2.19405579567
0.0,0.0,0.0,2.21087789536
0.0,0.0,0.0,2.22738695145
0.0,0.0,0.0,2.24432086945
0.0,0.0,0.0,2.26093482971
0.0,0.0,0.0,2.277602911
0.0,0.0,0.0,2.29431200027
0.0,0.0,0.0,2.31099390984
0.0,0.0,0.0,2.32744383812
0.0,0.0,0.0,2.34391379356
0.0,0.0,0.0,2.36071586609
0.0,0.0,0.0,2.3775370121
0.0,0.0,0.0,2.39420890808
0.0,0.0,0.0,2.41100287437
0.0,0.0,0.0,2.42825984955
0.0,0.0,0.0,2.44426679611
0.0,0.0,0.0,2.46093082428
0.0,0.0,0.0,2.47772192955
0.0,0.0,0.0,2.49442481995
0.0,0.0,0.0,2.5110077858
0.0,0.0,0.0,2.52772688866
0.0,0.0,0.0,2.54429483414
0.0,0.0,0.0,2.56086182594
0.0,0.0,0.0,2.57764101028
0.0,0.0,0.0,2.59411287308
0.0,0.0,0.0,2.61192178726
0.0,0.0,0.0,2.62750983238
0.0,0.0,0.0,2.64427495003
0.0,0.0,0.0,2.6608607769
0.0,0.0,0.0,2.67758584023
0.0,0.0,0.0,2.69428300858
0.0,0.0,0.0,2.71087193489
0.0,0.0,0.0,2.72745680809
0.0,0.0,0.0,2.74427199364
0.0,0.0,0.0,2.76099395752
0.0,0.0,0.0,2.77759790421
0.0,0.0,0.0,2.79426288605
0.0,0.0,0.0,2.8111538887
0.0,0.0,0.0,2.82753801346
0.0,0.0,0.0,2.84433293343
0.0,0.0,0.0,2.8610599041
0.0,0.0,0.0,2.8775908947
0.0,0.0,0.0,2.89424800873
0.0,0.0,0.0,2.91110682487
0.0,0.0,0.0,2.92743182182
0.0,0.0,0.0,2.94418787956
0.0,0.0,0.0,2.96105599403
0.0,0.0,0.0,2.97978401184
0.0,0.0,0.0,2.99427294731
0.0,0.0,0.0,3.01134991646
0.0,0.0,0.0,3.02767896652
0.0,0.0,0.0,3.04430580139
0.0,0.0,0.0,3.06184697151
0.0,0.0,0.0,3.07793593407
0.0,0.0,0.0,3.0947329998
0.0,0.0,0.0,3.11125087738
0.0,0.0,0.0,3.12767481804
0.0,0.0,0.0,3.14417982101
0.0,0.0,0.0,3.16082382202
0.0,0.0,0.0,3.1777009964
0.0,0.0,0.0,3.19413995743
0.0,0.0,0.0,3.21084499359
0.0,0.0,0.0,3.22738480568
0.0,0.0,0.0,3.24436092377
0.0,0.0,0.0,3.26074385643
0.0,0.0,0.0,3.27764391899
0.0,0.0,0.0,3.29410099983
0.0,0.0,0.0,3.31087088585
0.0,0.0,0.0,3.32738494873
0.0,0.0,0.0,3.34439897537
0.0,0.0,0.0,3.3607738018
0.0,0.0,0.0,3.37744092941
0.0,0.0,0.0,3.39402580261
0.0,0.0,0.0,3.41080880165
0.0,0.0,0.0,3.42741394043
0.0,0.0,0.0,3.44427990913
0.0,0.0,0.0,3.46074986458
0.0,0.0,0.0,3.47738194466
0.0,0.0,0.0,3.49405384064
0.0,0.0,0.0,3.51085782051
0.0,0.0,0.0,3.52742600441
0.0,0.0,0.0,3.54404091835
0.0,0.0,0.0,3.56103491783
0.0,0.0,0.0,3.57755494118
0.0,0.0,0.0,3.59415888786
0.0,0.0,0.0,3.61066389084
0.0,0.0,0.0,3.62793087959
0.0,0.0,0.0,3.64397096634
0.0,0.0,0.0,3.66075181961
0.0,0.0,0.0,3.67738080025
0.0,0.0,0.0,3.69399595261
0.0,0.0,0.0,3.71069478989
0.0,0.0,0.0,3.72787189484
0.0,0.0,0.0,3.74399781227
0.0,0.0,0.0,3.76070284843
0.0,0.0,0.0,3.77734899521
0.0,0.0,0.0,3.79405879974
0.0,0.0,0.0,3.81073498726
0.0,0.0,0.0,3.82729578018
0.0,0.0,0.0,3.84410595894
0.0,0.0,0.0,3.86066699028
0.0,0.0,0.0,3.87730193138
0.0,0.0,0.0,3.89399695396
0.0,0.0,0.0,3.91069483757
0.0,0.0,0.0,3.92729783058
0.0,0.0,0.0,3.94397187233
0.0,0.0,0.0,3.96071100235
0.0,0.0,0.0,3.9773979187
0.0,0.0,0.0,3.9939968586
0.0,0.0,0.0,4.01072001457
0.0,0.0,0.0,4.02748894691
0.0,0.0,0.0,4.04397177696
0.0,0.0,0.0,4.06066298485
0.0,0.0,0.0,4.07735180855
0.0,0.0,0.0,4.09394693375
0.0,0.0,0.0,4.11072683334
0.0,0.0,0.0,4.12741184235
0.0,0.0,0.0,4.14397883415
0.0,0.0,0.0,4.16105890274
0.0,0.0,0.0,4.17737388611
0.0,0.0,0.0,4.19406986237
0.0,0.0,0.0,4.21083188057
0.0,0.0,0.0,4.22751379013
0.0,0.0,0.0,4.24416995049
0.0,0.0,0.0,4.26079297066
0.0,0.0,0.0,4.27844190598
0.0,0.0,0.0,4.29414391518
0.0,0.0,0.0,4.31080079079
0.0,0.0,0.0,4.32802581787
0.0,0.0,0.0,4.34419393539
0.0,0.0,0.0,4.36106181145
0.0,0.0,0.0,4.37779283524
0.0,0.0,0.0,4.39422392845
0.0,0.0,0.0,4.41091895103
0.0,0.0,0.0,4.42754983902
0.0,0.0,0.0,4.4446709156
0.0,0.0,0.0,4.46083879471
0.0,0.0,0.0,4.47746896744
0.0,0.0,0.0,4.49425578117
0.0,0.0,0.0,4.5109629631
0.0,0.0,0.0,4.52752280235
0.0,0.0,0.0,4.54396986961
0.0,0.0,0.0,4.56110596657
0.0,0.0,0.0,4.57781600952
0.0,0.0,0.0,4.59526085854
0.0,0.0,0.0,4.61159181595
0.0,0.0,0.0,4.62754392624
0.0,0.0,0.0,4.64411497116
0.0,0.0,0.0,4.6607208252
0.0,0.0,0.0,4.67757081985
0.0,0.0,0.0,4.69469690323
0.0,0.0,0.0,4.71082782745
0.0,0.0,0.0,4.72769784927
0.0,0.0,0.0,4.74415779114
0.0,0.0,0.0,4.76072692871
Values = 0.0800328493118,0.0
0.0,0.0,0.0,4.77750396729
0.0,0.0,0.0,4.79421186447
0.0,0.0,0.0,4.81097793579
0.0,0.0,0.0,4.82747387886
0.0,0.0,0.0,4.84419798851
0.0,0.0,0.0,4.8612139225
0.0,0.0,0.0,4.8775498867
0.0,0.0,-0.000174532925201,4.89420795441
0.0,0.0,-0.000174532925201,4.91129279137
0.0,0.0,-0.000174532925201,4.9275457859
0.0,0.0,-0.000174532925201,4.94456887245
0.0,0.0,-0.000174532925201,4.96069598198
Values = 0.0900308012962,0.000170911259445
0.000255876261103,-4.46588327923e-08,-0.000349065850401,4.97728681564
0.000255876261103,-4.46588327923e-08,-0.000349065850401,4.99410700798
0.000255876261103,-4.46588327923e-08,-0.000349065850401,5.01381278038
0.00264405458895,-8.78290365576e-07,-0.0005235987756,5.02760386467
0.00264405458895,-8.78290365576e-07,-0.0005235987756,5.04472398758
0.00264405458895,-8.78290365576e-07,-0.0005235987756,5.06248998642
0.00264405458895,-8.78290365576e-07,-0.0005235987756,5.07735180855
0.00516017084988,-2.19572587946e-06,-0.0013962634016,5.09409284592
0.00516017084988,-2.19572587946e-06,-0.0013962634016,5.11090779305
0.00516017084988,-2.19572587946e-06,-0.0013962634016,5.12742090225
0.00827332903942,-6.54251754766e-06,-0.0010471975512,5.14418697357
0.00827332903942,-6.54251754766e-06,-0.0010471975512,5.16076493263
Values = 0.100012850761,0.00107745072444
0.00942477160057,-7.74830581881e-06,-0.0006981317008,5.17750096321
0.00942477160057,-7.74830581881e-06,-0.0006981317008,5.19523978233
0.00942477160057,-7.74830581881e-06,-0.0006981317008,5.21070599556
0.0130496844714,-1.02789728177e-05,-0.0006981317008,5.22737288475
0.014073189282,-1.0993514088e-05,-0.0005235987756,5.2440199852
0.014073189282,-1.0993514088e-05,-0.0005235987756,5.26068687439
0.014073189282,-1.0993514088e-05,-0.0005235987756,5.27730488777
0.014073189282,-1.0993514088e-05,-0.0005235987756,5.2940158844
0.0179966248075,-1.3047820313e-05,-0.0005235987756,5.31085181236
0.0179966248075,-1.3047820313e-05,-0.0005235987756,5.32738184929
0.0179966248075,-1.3047820313e-05,-0.0005235987756,5.34401798248
0.0218347682564,-1.50574677071e-05,0.0,5.36135292053
Values = 0.110026204586,0.000384346316909
0.0218347682564,-1.50574677071e-05,0.0,5.37820982933
0.0232420877139,-1.50574677071e-05,-0.000174532925201,5.3944439888
0.0232420877139,-1.50574677071e-05,-0.000174532925201,5.4110789299
0.0232420877139,-1.50574677071e-05,-0.000174532925201,5.42771697044
0.027378753935,-1.57794521706e-05,0.000174532925196,5.44447183609
0.027378753935,-1.57794521706e-05,0.000174532925196,5.46076083183
0.027378753935,-1.57794521706e-05,0.000174532925196,5.47739601135
0.027378753935,-1.57794521706e-05,0.000174532925196,5.4941649437
0.0317712964173,-1.50128088743e-05,0.0,5.51102900505
0.0317712964173,-1.50128088743e-05,0.0,5.52764797211
0.0317712964173,-1.50128088743e-05,0.0,5.54431700706
0.0362491310548,-1.50128088743e-05,0.0,5.56083393097
Values = 0.120025014877,1.92399091891e-05
0.0362491310548,-1.50128088743e-05,0.0,5.57958889008
0.0377843886448,-1.50128088743e-05,0.0,5.5956029892
0.0377843886448,-1.50128088743e-05,0.0,5.61089301109
0.0377843886448,-1.50128088743e-05,0.0,5.62824988365
0.0423475153707,-1.50128088743e-05,-0.000174532925201,5.64410185814
0.0423475153707,-1.50128088743e-05,-0.000174532925201,5.66112184525
0.0438827729373,-1.52807618711e-05,-0.000349065850401,5.67748188972
0.0438827729373,-1.52807618711e-05,-0.000349065850401,5.69409990311
0.0438827729373,-1.52807618711e-05,-0.000349065850401,5.71074080467
0.0487017756345,-1.6962911214e-05,-0.000174532925201,5.72741794586
0.0487017756345,-1.6962911214e-05,-0.000174532925201,5.74443793297
0.0487017756345,-1.6962911214e-05,-0.000174532925201,5.76069688797
Values = 0.130022668839,0.00017120471967
0.0487017756345,-1.6962911214e-05,-0.000174532925201,5.77737092972
0.0541178231612,-1.79081898414e-05,0.0,5.79493188858
0.0541178231612,-1.79081898414e-05,0.0,5.81112289429
0.0541178231612,-1.79081898414e-05,0.0,5.8278028965
0.0596618089029,-1.79081898414e-05,0.000174532925196,5.84435892105
0.0596618089029,-1.79081898414e-05,0.000174532925196,5.86083197594
0.0596618089029,-1.79081898414e-05,0.000174532925196,5.87860298157
0.0596618089029,-1.79081898414e-05,0.000174532925196,5.89419794083
0.064864626212,-1.7000126908e-05,0.0,5.9109609127
0.064864626212,-1.7000126908e-05,0.0,5.92749381065
0.064864626212,-1.7000126908e-05,0.0,5.94443583488
0.070493904042,-1.7000126908e-05,0.0,5.9608027935
Values = 0.14002276659,2.20127295702e-05
0.070493904042,-1.7000126908e-05,0.0,5.97749781609
0.0723276839412,-1.7000126908e-05,0.000174532925196,5.99541187286
0.0723276839412,-1.7000126908e-05,0.000174532925196,6.01108694077
0.0723276839412,-1.7000126908e-05,0.000174532925196,6.02806687355
0.0782128379466,-1.59729737538e-05,0.0,6.0440928936
0.0801319099341,-1.59729737538e-05,0.000174532925196,6.06113791466
0.0801319099341,-1.59729737538e-05,0.000174532925196,6.07742881775
0.0801319099341,-1.59729737538e-05,0.000174532925196,6.09407281876
0.0801319099341,-1.59729737538e-05,0.000174532925196,6.11077880859
0.0850362049386,-1.5117012792e-05,0.0,6.12744188309
0.0850362049386,-1.5117012792e-05,0.0,6.14405488968
0.0850362049386,-1.5117012792e-05,0.0,6.16088581085
Values = 0.150022411346,3.73609589245e-05
0.0850362049386,-1.5117012792e-05,0.0,6.17752194405
0.0914331115636,-1.5117012792e-05,-0.0005235987756,6.19402694702
0.0914331115636,-1.5117012792e-05,-0.0005235987756,6.21110296249
0.0914331115636,-1.5117012792e-05,-0.0005235987756,6.22767782211
0.0984270618482,-1.87790369323e-05,-0.0006981317008,6.24430990219
0.0984270618482,-1.87790369323e-05,-0.0006981317008,6.26083183289
0.0984270618482,-1.87790369323e-05,-0.0006981317008,6.27747797966
0.0984270618482,-1.87790369323e-05,-0.0006981317008,6.29415988922
0.105421011387,-2.36617356125e-05,-0.000349065850401,6.31090784073
0.105421011387,-2.36617356125e-05,-0.000349065850401,6.32754278183
0.105421011387,-2.36617356125e-05,-0.000349065850401,6.34419679642
0.11203114783,-2.5969108605e-05,0.0,6.36084485054
Values = 0.160016715527,0.000267493172522
0.11203114783,-2.5969108605e-05,0.0,6.37744784355
0.11203114783,-2.5969108605e-05,0.0,6.39425683022
0.11203114783,-2.5969108605e-05,0.0,6.41106796265
0.118897160941,-2.5969108605e-05,0.0,6.42790699005
0.121157401282,-2.5969108605e-05,0.000174532925196,6.44430398941
0.121157401282,-2.5969108605e-05,0.000174532925196,6.46089482307
0.121157401282,-2.5969108605e-05,0.000174532925196,6.4774889946
0.121157401282,-2.5969108605e-05,0.000174532925196,6.49418377876
0.128108706375,-2.47558769808e-05,0.000349065850399,6.51111483574
0.130454238662,-2.39371317254e-05,0.000523598775595,6.52792692184
0.130454238662,-2.39371317254e-05,0.000523598775595,6.54419898987
0.130454238662,-2.39371317254e-05,0.000523598775595,6.56083798409
Values = 0.170013356209,-0.000520766645453
0.130454238662,-2.39371317254e-05,0.000523598775595,6.57755279541
0.137618773099,-2.01857899232e-05,0.000523598775595,6.59417891502
0.137618773099,-2.01857899232e-05,0.000523598775595,6.61091399193
0.137618773099,-2.01857899232e-05,0.000523598775595,6.62745499611
0.145081829806,-1.62781422125e-05,0.000523598775595,6.64410185814
0.145081829806,-1.62781422125e-05,0.000523598775595,6.66077184677
0.145081829806,-1.62781422125e-05,0.000523598775595,6.67738580704
0.145081829806,-1.62781422125e-05,0.000523598775595,6.69414591789
0.152672824627,-1.23035062554e-05,0.000872664625996,6.7109348774
0.152672824627,-1.23035062554e-05,0.000872664625996,6.72752690315
0.152672824627,-1.23035062554e-05,0.000872664625996,6.74423789978
0.159666773207,-6.20013318408e-06,0.00104719755119,6.7608230114
Values = 0.180013811588,-0.000918500738562
0.159666773207,-6.20013318408e-06,0.00104719755119,6.77756595612
0.159666773207,-6.20013318408e-06,0.00104719755119,6.7954750061
0.159666773207,-6.20013318408e-06,0.00104719755119,6.81112098694
0.168068039301,2.5976553128e-06,0.000872664625996,6.82764577866
0.1709679692,5.12832219604e-06,0.00104719755119,6.84412097931
0.1709679692,5.12832219604e-06,0.00104719755119,6.86074590683
0.1709679692,5.12832219604e-06,0.00104719755119,6.87763381004
0.1709679692,5.12832219604e-06,0.00104719755119,6.89405488968
0.179710403461,1.42833812918e-05,0.00122173047639,6.9113638401
0.179710403461,1.42833812918e-05,0.00122173047639,6.92743897438
0.179710403461,1.42833812918e-05,0.00122173047639,6.94437599182
0.188239605929,2.47037730707e-05,0.0015707963268,6.96090888977
Values = 0.190000915527,-0.00134927723646
0.188239605929,2.47037730707e-05,0.0015707963268,6.97808694839
0.191054241372,2.91249957215e-05,0.00139626340159,6.99419498444
0.191054241372,2.91249957215e-05,0.00139626340159,7.0109899044
0.191054241372,2.91249957215e-05,0.00139626340159,7.02763986588
0.19941285788,4.07958336252e-05,0.0015707963268,7.04424500465
0.19941285788,4.07958336252e-05,0.0015707963268,7.06088280678
0.19941285788,4.07958336252e-05,0.0015707963268,7.07751297951
0.19941285788,4.07958336252e-05,0.0015707963268,7.09416890144
0.208197932141,5.45954073534e-05,0.000872664625996,7.11103987694
0.208197932141,5.45954073534e-05,0.000872664625996,7.12745785713
0.208197932141,5.45954073534e-05,0.000872664625996,7.14411187172
0.217025659922,6.22990550715e-05,0.00104719755119,7.16074991226
Values = 0.200011026859,-0.000982057019565
0.217025659922,6.22990550715e-05,0.00104719755119,7.17781400681
0.217025659922,6.22990550715e-05,0.00104719755119,7.19502091408
0.217025659922,6.22990550715e-05,0.00104719755119,7.21102285385
0.226109262349,7.18113847661e-05,0.00104719755119,7.22760796547
0.226109262349,7.18113847661e-05,0.00104719755119,7.24416184425
0.226109262349,7.18113847661e-05,0.00104719755119,7.26119184494
0.235534032942,8.16809850595e-05,0.0015707963268,7.27808499336
0.235534032942,8.16809850595e-05,0.0015707963268,7.29447698593
0.238732482308,8.67051017081e-05,0.00139626340159,7.31081390381
0.238732482308,8.67051017081e-05,0.00139626340159,7.32768797874
0.238732482308,8.67051017081e-05,0.00139626340159,7.34411597252
0.248071956877,9.97454767127e-05,0.00174532925199,7.36075091362
Values = 0.210006725788,-0.00161303153941
0.248071956877,9.97454767127e-05,0.00174532925199,7.37744784355
0.248071956877,9.97454767127e-05,0.00174532925199,7.3941628933
0.248071956877,9.97454767127e-05,0.00174532925199,7.41085290909
0.257752594158,0.000116641393294,0.00139626340159,7.42744994164
0.257752594158,0.000116641393294,0.00139626340159,7.44418001175
0.257752594158,0.000116641393294,0.00139626340159,7.46097278595
0.267774404769,0.00013063448976,0.00122173047639,7.4778637886
0.267774404769,0.00013063448976,0.00122173047639,7.49411487579
0.267774404769,0.00013063448976,0.00122173047639,7.51088690758
0.267774404769,0.00013063448976,0.00122173047639,7.52755999565
0.277668279631,0.000142722144223,0.00139626340159,7.54419088364
0.277668279631,0.000142722144223,0.00139626340159,7.56084084511
Values = 0.220009577274,-0.00157196716902
0.277668279631,0.000142722144223,0.00139626340159,7.57762598991
0.277668279631,0.000142722144223,0.00139626340159,7.59417796135
0.288073904265,0.000157251146512,0.0015707963268,7.61083388329
0.288073904265,0.000157251146512,0.0015707963268,7.62746286392
0.288073904265,0.000157251146512,0.0015707963268,7.6440808773
0.298138358272,0.000173060366899,0.0015707963268,7.66074895859
0.298138358272,0.000173060366899,0.0015707963268,7.67750287056
0.298138358272,0.000173060366899,0.0015707963268,7.69418001175
0.298138358272,0.000173060366899,0.0015707963268,7.71095085144
0.308970440127,0.000190075375283,0.00191986217719,7.72759699821
0.312467409303,0.000196789082389,0.00191986217719,7.74418878555
0.312467409303,0.000196789082389,0.00191986217719,7.76074385643
Values = 0.230007171631,-0.00225186900174
0.312467409303,0.000196789082389,0.00191986217719,7.77744197845
0.323171546662,0.000217339576092,0.00174532925199,7.79567790031
0.323171546662,0.000217339576092,0.00174532925199,7.8108549118
0.323171546662,0.000217339576092,0.00174532925199,7.82795000076
0.323171546662,0.000217339576092,0.00174532925199,7.84407877922
0.334174209299,0.000236542864541,0.00174532925199,7.86074185371
0.334174209299,0.000236542864541,0.00174532925199,7.87779784203
0.334174209299,0.000236542864541,0.00174532925199,7.89408779144
0.334174209299,0.000236542864541,0.00174532925199,7.91076278687
0.345347455853,0.000256043878393,0.00174532925199,7.92746186256
0.345347455853,0.000256043878393,0.00174532925199,7.94409680367
0.345347455853,0.000256043878393,0.00174532925199,7.96072292328
Values = 0.240000867844,-0.00214256755925
0.357032454158,0.000276438068451,0.00226892802759,7.97741389275
0.357032454158,0.000276438068451,0.00226892802759,7.99430990219
0.357032454158,0.000276438068451,0.00226892802759,8.01093792915
0.357032454158,0.000276438068451,0.00226892802759,8.02740478516
0.368205688969,0.000301789377577,0.00209439510239,8.04409098625
0.368205688969,0.000301789377577,0.00209439510239,8.06073999405
0.368205688969,0.000301789377577,0.00209439510239,8.07740783691
0.380103909196,0.000326708988184,0.00209439510239,8.09417796135
0.380103909196,0.000326708988184,0.00209439510239,8.11080479622
0.380103909196,0.000326708988184,0.00209439510239,8.12743782997
0.380103909196,0.000326708988184,0.00209439510239,8.14408397675
0.392044775373,0.000351717916391,0.00209439510239,8.16076397896
0.396138786634,0.000360292406062,0.00209439510239,8.17736697197
0.396138786634,0.000360292406062,0.00209439510239,8.1939868927
0.396138786634,0.000360292406062,0.00209439510239,8.21078491211
0.396138786634,0.000360292406062,0.00209439510239,8.22761893272
0.408037006861,0.000385212016669,0.00226892802759,8.24422597885
0.408037006861,0.000385212016669,0.00226892802759,8.26089191437
0.408037006861,0.000385212016669,0.00226892802759,8.27739500999
0.420020514426,0.00041240177951,0.00209439510239,8.29415488243
0.420020514426,0.00041240177951,0.00209439510239,8.31178593636
0.420020514426,0.00041240177951,0.00209439510239,8.32748389244
0.420020514426,0.00041240177951,0.00209439510239,8.34416890144
0.431918734653,0.000437321390116,0.00261799387799,8.36087179184
Values = 0.260000419617,-0.00298131519502
0.436055386761,0.000448151144753,0.00261799387799,8.37778091431
0.436055386761,0.000448151144753,0.00261799387799,8.39499688148
0.436055386761,0.000448151144753,0.00261799387799,8.41099500656
0.436055386761,0.000448151144753,0.00261799387799,8.4274969101
0.448294759493,0.000480193820841,0.00244346095279,8.44417285919
0.448294759493,0.000480193820841,0.00244346095279,8.460739851
0.448294759493,0.000480193820841,0.00244346095279,8.47739291191
0.461003242716,0.000511246565168,0.00261799387799,8.49407696724
0.461003242716,0.000511246565168,0.00261799387799,8.51083683968
0.461003242716,0.000511246565168,0.00261799387799,8.52736592293
0.461003242716,0.000511246565168,0.00261799387799,8.54407596588
0.474308762899,0.000546080415132,0.00296705972839,8.56084489822
Values = 0.269994413853,-0.00369331471294
0.474308762899,0.000546080415132,0.00296705972839,8.57756400108
0.474308762899,0.000546080415132,0.00296705972839,8.5942029953
0.474308762899,0.000546080415132,0.00296705972839,8.61089897156
0.487145165691,0.000584166900677,0.00279252680319,8.62896084785
0.487145165691,0.000584166900677,0.00279252680319,8.64417982101
0.487145165691,0.000584166900677,0.00279252680319,8.66074991226
0.500408033713,0.00062120391139,0.00279252680319,8.67752099037
0.504971142647,0.000633946548517,0.00261799387799,8.69420981407
0.504971142647,0.000633946548517,0.00261799387799,8.71087384224
0.504971142647,0.000633946548517,0.00261799387799,8.72758579254
0.504971142647,0.000633946548517,0.00261799387799,8.74434494972
0.518404600523,0.000669115339346,0.00296705972839,8.76110100746
Values = 0.279998958111,-0.00403949872394
0.518404600523,0.000669115339346,0.00296705972839,8.77760100365
0.518404600523,0.000669115339346,0.00296705972839,8.79502797127
0.518404600523,0.000669115339346,0.00296705972839,8.81103992462
0.532051274588,0.000709605955208,0.00279252680319,8.82806682587
0.532051274588,0.000709605955208,0.00279252680319,8.84421682358
0.532051274588,0.000709605955208,0.00279252680319,8.86096978188
0.545697955511,0.000747714776521,0.00244346095279,8.87756800652
0.545697955511,0.000747714776521,0.00244346095279,8.89417982101
0.545697955511,0.000747714776521,0.00244346095279,8.91090679169
0.545697955511,0.000747714776521,0.00244346095279,8.92752099037
0.559643170324,0.000781789432208,0.00226892802759,8.94447088242
0.559643170324,0.000781789432208,0.00226892802759,8.96118092537
Values = 0.289992761612,-0.00405564334095
0.559643170324,0.000781789432208,0.00226892802759,8.97754096985
0.573929558346,0.000814204274029,0.00244346095279,8.99409580231
0.573929558346,0.000814204274029,0.00244346095279,9.01187586784
0.578791192868,0.000826083511791,0.00226892802759,9.02739596367
0.578791192868,0.000826083511791,0.00226892802759,9.04425096512
0.578791192868,0.000826083511791,0.00226892802759,9.06099700928
0.593162872759,0.000858691875056,0.00226892802759,9.07744479179
0.593162872759,0.000858691875056,0.00226892802759,9.09413480759
0.593162872759,0.000858691875056,0.00226892802759,9.11087679863
0.593162872759,0.000858691875056,0.00226892802759,9.12743997574
0.608046303863,0.000892461366984,0.00226892802759,9.144094944
0.613035878187,0.000903782371441,0.00226892802759,9.16073393822
Values = 0.299996161461,-0.00454842194132
0.613035878187,0.000903782371441,0.00226892802759,9.17743897438
0.613035878187,0.000903782371441,0.00226892802759,9.19402480125
0.627834017422,0.000937358341924,0.00226892802759,9.21095895767
0.627834017422,0.000937358341924,0.00226892802759,9.22740578651
0.632610362074,0.000948195542772,0.00209439510239,9.24410891533
0.632610362074,0.000948195542772,0.00209439510239,9.26080584526
0.632610362074,0.000948195542772,0.00209439510239,9.27741193771
0.647834966451,0.000980081926236,0.00209439510239,9.2941827774
0.647834966451,0.000980081926236,0.00209439510239,9.31092691422
0.647834966451,0.000980081926236,0.00209439510239,9.32806777954
0.647834966451,0.000980081926236,0.00209439510239,9.34419083595
0.662761049172,0.0010113430865,0.00209439510239,9.36086797714
Values = 0.30999455452,-0.004943256096
0.662761049172,0.0010113430865,0.00209439510239,9.3775498867
0.662761049172,0.0010113430865,0.00209439510239,9.39536499977
0.662761049172,0.0010113430865,0.00209439510239,9.41147089005
0.678454759005,0.00104421196357,0.00226892802759,9.42751598358
0.678454759005,0.00104421196357,0.00226892802759,9.4443628788
0.678454759005,0.00104421196357,0.00226892802759,9.46114087105
0.693892587256,0.00107923934488,0.00209439510239,9.47759985924
0.693892587256,0.00107923934488,0.00209439510239,9.49419283867
0.693892587256,0.00107923934488,0.00209439510239,9.51113700867
0.693892587256,0.00107923934488,0.00209439510239,9.52747678757
0.709543651139,0.00111201890435,0.00244346095279,9.54412698746
0.709543651139,0.00111201890435,0.00244346095279,9.56089091301
Values = 0.319990956783,-0.00620031075454
0.709543651139,0.00111201890435,0.00244346095279,9.57751584053
0.725621161794,0.00115130375204,0.00226892802759,9.59422183037
0.725621161794,0.00115130375204,0.00226892802759,9.61101698875
0.725621161794,0.00115130375204,0.00226892802759,9.62754678726
0.725621161794,0.00115130375204,0.00226892802759,9.64416193962
0.741826616865,0.00118807282634,0.00261799387799,9.66111898422
0.747242645913,0.00120225198963,0.00279252680319,9.67752480507
0.747242645913,0.00120225198963,0.00279252680319,9.69420599937
0.747242645913,0.00120225198963,0.00279252680319,9.71091794968
0.747242645913,0.00120225198963,0.00279252680319,9.72753787041
0.763661308899,0.00124810166527,0.00296705972839,9.74448394775
0.763661308899,0.00124810166527,0.00296705972839,9.76087379456
Values = 0.329989802837,-0.00817424350107
0.763661308899,0.00124810166527,0.00296705972839,9.77754497528
0.780122609489,0.00129694347066,0.00331612557879,9.79422092438
0.780122609489,0.00129694347066,0.00331612557879,9.81113100052
0.780122609489,0.00129694347066,0.00331612557879,9.8275039196
0.780122609489,0.00129694347066,0.00331612557879,9.84415698051
0.797010350124,0.00135294554462,0.00349065850399,9.86110281944
0.802596947874,0.00137244652877,0.00349065850399,9.87742686272
0.802596947874,0.00137244652877,0.00349065850399,9.89409184456
0.802596947874,0.00137244652877,0.00349065850399,9.91085386276
0.819740553184,0.00143228924349,0.00366519142918,9.92861700058
0.819740553184,0.00143228924349,0.00366519142918,9.94422578812
0.819740553184,0.00143228924349,0.00366519142918,9.96092987061
Values = 0.339987754822,-0.011483039156
0.819740553184,0.00143228924349,0.00366519142918,9.97754979134
0.836756210515,0.00149465516417,0.00366519142918,9.99419879913
0.842513387807,0.00151575641553,0.00366519142918,10.0109097958
0.842513387807,0.00151575641553,0.00366519142918,10.0275859833
0.842513387807,0.00151575641553,0.00366519142918,10.0440988541
0.842513387807,0.00151575641553,0.00366519142918,10.0610389709
0.859955502715,0.00157968539186,0.00436332312998,10.0774059296
0.865670018235,0.00160461982784,0.00453785605518,10.0941889286
0.865670018235,0.00160461982784,0.00453785605518,10.1109747887
0.865670018235,0.00160461982784,0.00453785605518,10.1274189949
0.865670018235,0.00160461982784,0.00453785605518,10.1442418098
0.88392233721,0.00168744679255,0.00453785605518,10.160763979
Values = 0.349981558323,-0.0172303059745
0.88392233721,0.00168744679255,0.00453785605518,10.1777667999
0.88392233721,0.00168744679255,0.00453785605518,10.1942658424
0.901407035293,0.00176679038024,0.00471238898038,10.2108249664
0.901407035293,0.00176679038024,0.00471238898038,10.2277569771
0.901407035293,0.00176679038024,0.00471238898038,10.2441318035
0.901407035293,0.00176679038024,0.00471238898038,10.2609848976
