0.0,0.0,0.0,0.146851062775
0.0,0.0,0.0,0.163640975952
0.0,0.0,0.0,0.180953025818
0.0,0.0,0.0,0.197052955627
0.0,0.0,0.0,0.213656902313
0.0,0.0,0.0,0.230382919312
0.0,0.0,0.0,0.246977090836
0.0,0.0,0.0,0.263689041138
0.0,0.0,0.0,0.280404090881
0.0,0.0,0.0,0.296967983246
0.0,0.0,0.0,0.313684940338
0.0,0.0,0.0,0.330420017242
0.0,0.0,0.0,0.347017049789
0.0,0.0,0.0,0.363810062408
0.0,0.0,0.0,0.380773067474
0.0,0.0,0.0,0.397279024124
0.0,0.0,0.0,0.413640975952
0.0,0.0,0.0,0.430341005325
0.0,0.0,0.0,0.446945905685
0.0,0.0,0.0,0.463588953018
0.0,0.0,0.0,0.480488061905
0.0,0.0,0.0,0.497092962265
0.0,0.0,0.0,0.513839960098
0.0,0.0,0.0,0.530348062515
0.0,0.0,0.0,0.546952962875
0.0,0.0,0.0,0.563462018967
0.0,0.0,0.0,0.580229043961
0.0,0.0,0.0,0.597018003464
0.0,0.0,0.0,0.613667011261
0.0,0.0,0.0,0.630372047424
0.0,0.0,0.0,0.64701795578
0.0,0.0,0.0,0.663645982742
0.0,0.0,0.0,0.680314064026
0.0,0.0,0.0,0.696968078613
0.0,0.0,0.0,0.713637113571
0.0,0.0,0.0,0.730370044708
0.0,0.0,0.0,0.746984958649
0.0,0.0,0.0,0.763636112213
0.0,0.0,0.0,0.780319929123
0.0,0.0,0.0,0.796957969666
0.0,0.0,0.0,0.813759088516
0.0,0.0,0.0,0.830374956131
0.0,0.0,0.0,0.84707903862
0.0,0.0,0.0,0.863775014877
0.0,0.0,0.0,0.880542993546
0.0,0.0,0.0,0.89741897583
0.0,0.0,0.0,0.914006948471
0.0,0.0,0.0,0.930567026138
0.0,0.0,0.0,0.947231054306
0.0,0.0,0.0,0.963699102402
0.0,0.0,0.0,0.980458021164
0.0,0.0,0.0,0.998687982559
0.0,0.0,0.0,1.01370692253
0.0,0.0,0.0,1.03041005135
0.0,0.0,0.0,1.04730701447
0.0,0.0,0.0,1.06369900703
0.0,0.0,0.0,1.08032488823
0.0,0.0,0.0,1.09722590446
0.0,0.0,0.0,1.11385989189
0.0,0.0,0.0,1.13046908379
0.0,0.0,0.0,1.14701604843
0.0,0.0,0.0,1.16364789009
0.0,0.0,0.0,1.18035387993
0.0,0.0,0.0,1.19697403908
0.0,0.0,0.0,1.21362900734
0.0,0.0,0.0,1.23059201241
0.0,0.0,0.0,1.24694895744
0.0,0.0,0.0,1.2638258934
0.0,0.0,0.0,1.2803299427
0.0,0.0,0.0,1.29699611664
0.0,0.0,0.0,1.31364703178
0.0,0.0,0.0,1.33065509796
0.0,0.0,0.0,1.34714603424
0.0,0.0,0.0,1.36386108398
0.0,0.0,0.0,1.38041090965
0.0,0.0,0.0,1.39688611031
0.0,0.0,0.0,1.41359090805
0.0,0.0,0.0,1.4308180809
0.0,0.0,0.0,1.44720602036
0.0,0.0,0.0,1.46379494667
0.0,0.0,0.0,1.48081302643
0.0,0.0,0.0,1.49717307091
0.0,0.0,0.0,1.51391005516
0.0,0.0,0.0,1.53121709824
0.0,0.0,0.0,1.54723596573
0.0,0.0,0.0,1.56386089325
0.0,0.0,0.0,1.58052706718
0.0,0.0,0.0,1.59750509262
0.0,0.0,0.0,1.61384701729
0.0,0.0,0.0,1.63105988503
0.0,0.0,0.0,1.6472120285
0.0,0.0,0.0,1.66384911537
0.0,0.0,0.0,1.68053293228
0.0,0.0,0.0,1.6972849369
0.0,0.0,0.0,1.71383190155
0.0,0.0,0.0,1.73155999184
0.0,0.0,0.0,1.74715209007
0.0,0.0,0.0,1.76384711266
0.0,0.0,0.0,1.7807700634
0.0,0.0,0.0,1.79737091064
0.0,0.0,0.0,1.81386303902
0.0,0.0,0.0,1.83066987991
0.0,0.0,0.0,1.84716010094
0.0,0.0,0.0,1.86379909515
0.0,0.0,0.0,1.8805129528
0.0,0.0,0.0,1.89735198021
0.0,0.0,0.0,1.91385006905
0.0,0.0,0.0,1.93071603775
0.0,0.0,0.0,1.94713807106
0.0,0.0,0.0,1.96381902695
0.0,0.0,0.0,1.98050308228
0.0,0.0,0.0,1.99723410606
0.0,0.0,0.0,2.01534891129
0.0,0.0,0.0,2.03073596954
0.0,0.0,0.0,2.04723000526
0.0,0.0,0.0,2.06382703781
0.0,0.0,0.0,2.08069705963
0.0,0.0,0.0,2.09703397751
0.0,0.0,0.0,2.11379694939
0.0,0.0,0.0,2.13070607185
0.0,0.0,0.0,2.14721107483
0.0,0.0,0.0,2.16386294365
0.0,0.0,0.0,2.18050408363
0.0,0.0,0.0,2.19717001915
0.0,0.0,0.0,2.21380710602
0.0,0.0,0.0,2.23054409027
0.0,0.0,0.0,2.24704909325
0.0,0.0,0.0,2.26377391815
0.0,0.0,0.0,2.28034210205
0.0,0.0,0.0,2.29697608948
0.0,0.0,0.0,2.31366300583
0.0,0.0,0.0,2.33039307594
0.0,0.0,0.0,2.34698605537
0.0,0.0,0.0,2.36365509033
0.0,0.0,0.0,2.38032388687
0.0,0.0,0.0,2.39697408676
0.0,0.0,0.0,2.4136800766
0.0,0.0,0.0,2.43040108681
0.0,0.0,0.0,2.44713687897
0.0,0.0,0.0,2.46384000778
0.0,0.0,0.0,2.48054003716
0.0,0.0,0.0,2.49714207649
0.0,0.0,0.0,2.51389908791
0.0,0.0,0.0,2.53087091446
0.0,0.0,0.0,2.54712295532
0.0,0.0,0.0,2.56385588646
0.0,0.0,0.0,2.58053207397
0.0,0.0,0.0,2.597219944
0.0,0.0,0.0,2.61986207962
0.0,0.0,0.0,2.63016796112
0.0,0.0,0.0,2.64709305763
0.0,0.0,0.0,2.66376590729
0.0,0.0,0.0,2.6804420948
0.0,0.0,0.0,2.69722008705
0.0,0.0,0.0,2.71402001381
0.0,0.0,0.0,2.73102498055
0.0,0.0,0.0,2.74714493752
0.0,0.0,0.0,2.76363492012
0.0,0.0,0.0,2.78058290482
0.0,0.0,0.0,2.79721999168
0.0,0.0,0.0,2.81406593323
0.0,0.0,0.0,2.83041810989
0.0,0.0,0.0,2.84720897675
0.0,0.0,0.0,2.86377906799
0.0,0.0,0.0,2.88046002388
0.0,0.0,0.0,2.89863204956
0.0,0.0,0.0,2.91527509689
0.0,0.0,0.0,2.93064808846
0.0,0.0,0.0,2.94715309143
0.0,0.0,0.0,2.96387696266
0.0,0.0,0.0,2.9804930687
0.0,0.0,0.0,2.99725103378
0.0,0.0,0.0,3.0139040947
0.0,0.0,0.0,3.03297305107
0.0,0.0,0.0,3.04962205887
0.0,0.0,0.0,3.0638051033
0.0,0.0,0.0,3.0804541111
0.0,0.0,0.0,3.09728503227
0.0,0.0,0.0,3.11382699013
0.0,0.0,0.0,3.13051605225
0.0,0.0,0.0,3.14803504944
0.0,0.0,0.0,3.16430807114
0.0,0.0,0.0,3.18049502373
0.0,0.0,0.0,3.19735002518
0.0,0.0,0.0,3.21385407448
0.0,0.0,0.0,3.23074889183
0.0,0.0,0.0,3.2472140789
0.0,0.0,0.0,3.26373791695
0.0,0.0,0.0,3.28053188324
0.0,0.0,0.0,3.29731202126
0.0,0.0,0.0,3.31386208534
0.0,0.0,0.0,3.3304541111
0.0,0.0,0.0,3.34748792648
0.0,0.0,0.0,3.3638510704
0.0,0.0,0.0,3.38054895401
0.0,0.0,0.0,3.39737296104
0.0,0.0,0.0,3.41392493248
0.0,0.0,0.0,3.43084311485
0.0,0.0,0.0,3.44731688499
0.0,0.0,0.0,3.4640610218
0.0,0.0,0.0,3.48095488548
0.0,0.0,0.0,3.49739909172
0.0,0.0,0.0,3.51475691795
0.0,0.0,0.0,3.53053307533
0.0,0.0,0.0,3.54733490944
0.0,0.0,0.0,3.56382989883
0.0,0.0,0.0,3.58091211319
0.0,0.0,0.0,3.59760808945
0.0,0.0,0.0,3.61405897141
0.0,0.0,0.0,3.63075089455
0.0,0.0,0.0,3.64740300179
0.0,0.0,0.0,3.66393303871
0.0,0.0,0.0,3.68053388596
0.0,0.0,0.0,3.69728589058
0.0,0.0,0.0,3.71399092674
0.0,0.0,0.0,3.73062205315
0.0,0.0,0.0,3.74730300903
0.0,0.0,0.0,3.76388311386
0.0,0.0,0.0,3.78162693977
0.0,0.0,0.0,3.79730391502
0.0,0.0,0.0,3.81405091286
0.0,0.0,0.0,3.83083105087
0.0,0.0,0.0,3.84736895561
0.0,0.0,0.0,3.86388492584
0.0,0.0,0.0,3.88066411018
0.0,0.0,0.0,3.89702391624
0.0,0.0,0.0,3.91393089294
0.0,0.0,0.0,3.93040800095
0.0,0.0,0.0,3.94702410698
0.0,0.0,0.0,3.96401500702
0.0,0.0,0.0,3.98039698601
0.0,0.0,0.0,3.99709606171
0.0,0.0,0.0,4.01405906677
0.0,0.0,0.0,4.0307559967
0.0,0.0,0.0,4.04849910736
0.0,0.0,0.0,4.06406188011
0.0,0.0,0.0,4.08090496063
0.0,0.0,0.0,4.09716296196
0.0,0.0,0.0,4.11369299889
0.0,0.0,0.0,4.13050699234
0.0,0.0,0.0,4.1470310688
0.0,0.0,0.0,4.16367888451
0.0,0.0,0.0,4.18035101891
0.0,0.0,0.0,4.19733095169
0.0,0.0,0.0,4.21397709846
0.0,0.0,0.0,4.23078107834
0.0,0.0,0.0,4.24776005745
0.0,0.0,0.0,4.263931036
0.0,0.0,0.0,4.28082895279
0.0,0.0,0.0,4.29754590988
0.0,0.0,0.0,4.31408810616
0.0,0.0,0.0,4.33115911484
0.0,0.0,0.0,4.34745407104
0.0,0.0,0.0,4.36371588707
0.0,0.0,0.0,4.38044404984
0.0,0.0,0.0,4.39709496498
0.0,0.0,0.0,4.41378307343
0.0,0.0,0.0,4.43043994904
0.0,0.0,0.0,4.44716405869
0.0,0.0,0.0,4.46377301216
0.0,0.0,0.0,4.48048090935
0.0,0.0,0.0,4.49716997147
0.0,0.0,0.0,4.51392197609
0.0,0.0,0.0,4.53043603897
0.0,0.0,0.0,4.54716897011
0.0,0.0,0.0,4.56381511688
0.0,0.0,0.0,4.58072400093
0.0,0.0,0.0,4.59705305099
0.0,0.0,0.0,4.61405897141
0.0,0.0,0.0,4.63055491447
0.0,0.0,0.0,4.64722704887
0.0,0.0,0.0,4.66381692886
0.0,0.0,0.0,4.68047404289
0.0,0.0,0.0,4.6970140934
0.0,0.0,0.0,4.71385908127
0.0,0.0,0.0,4.73049688339
0.0,0.0,0.0,4.74747204781
0.0,0.0,0.0,4.76403999329
0.0,0.0,0.0,4.78034591675
0.0,0.0,0.0,4.79731011391
0.0,0.0,0.0,4.8138461113
0.0,0.0,0.0,4.83053994179
0.0,0.0,0.0,4.84712290764
0.0,0.0,0.0,4.8636739254
0.0,0.0,0.0,4.88032603264
0.0,0.0,0.0,4.89708995819
0.0,0.0,0.0,4.91371703148
0.0,0.0,0.0,4.93080806732
0.0,0.0,0.0,4.94710206985
0.0,0.0,0.0,4.96371793747
0.0,0.0,0.0,4.98036003113
0.0,0.0,0.0,4.99732589722
0.0,0.0,0.0,5.01378202438
0.0,0.0,0.0,5.03070092201
0.0,0.0,0.0,5.04708003998
0.0,0.0,0.0,5.06368303299
0.0,0.0,0.0,5.08091306686
0.0,0.0,0.0,5.09795403481
0.0,0.0,0.0,5.11408901215
0.0,0.0,0.0,5.13105106354
0.0,0.0,0.0,5.1471889019
0.0,0.0,0.0,5.16417098045
0.0,0.0,0.0,5.18061709404
0.0,0.0,0.0,5.19730591774
0.0,0.0,0.0,5.21412110329
0.0,0.0,0.0,5.2317700386
0.0,0.0,0.0,5.2472140789
0.0,0.0,0.0,5.26396799088
0.0,0.0,0.0,5.28039002419
0.0,0.0,0.0,5.29706597328
0.0,0.0,0.0,5.31385087967
0.0,0.0,0.0,5.33046197891
0.0,0.0,0.0,5.34704899788
0.0,0.0,0.0,5.36376190186
0.0,0.0,0.0,5.38066601753
0.0,0.0,0.0,5.39703893661
0.0,0.0,0.0,5.41374492645
0.0,0.0,0.0,5.43041205406
0.0,0.0,0.0,5.44738507271
0.0,0.0,0.0,5.46400690079
0.0,0.0,0.0,5.48044610023
0.0,0.0,0.0,5.49706411362
0.0,0.0,0.0,5.51392507553
0.0,0.0,0.0,5.53049993515
0.0,0.0,0.0,5.54789710045
0.0,0.0,0.0,5.56385588646
0.0,0.0,0.0,5.58053898811
0.0,0.0,0.0,5.59709906578
0.0,0.0,0.0,5.61378192902
0.0,0.0,0.0,5.63051104546
0.0,0.0,0.0,5.647108078
0.0,0.0,0.0,5.6638109684
0.0,0.0,0.0,5.68061208725
0.0,0.0,0.0,5.69725799561
0.0,0.0,0.0,5.71415090561
0.0,0.0,0.0,5.73082995415
0.0,0.0,0.0,5.74707007408
0.0,0.0,0.0,5.76381707191
0.0,0.0,0.0,5.78039288521
0.0,0.0,0.0,5.79765701294
0.0,0.0,0.0,5.8141169548
0.0,0.0,0.0,5.83073401451
0.0,0.0,0.0,5.84734392166
0.0,0.0,0.0,5.86412405968
0.0,0.0,0.0,5.88096189499
0.0,0.0,0.0,5.89696002007
0.0,0.0,0.0,5.91374707222
0.0,0.0,0.0,5.93016600609
0.0,0.0,0.0,5.94687700272
0.0,0.0,0.0,5.96357703209
0.0,0.0,0.0,5.98016095161
0.0,0.0,0.0,5.99691510201
0.0,0.0,0.0,6.01384496689
0.0,0.0,0.0,6.03036403656
0.0,0.0,0.0,6.04698300362
0.0,0.0,0.0,6.06359004974
0.0,0.0,0.0,6.08032488823
0.0,0.0,0.0,6.09695792198
0.0,0.0,0.0,6.11377096176
0.0,0.0,0.0,6.1303730011
0.0,0.0,0.0,6.14693307877
0.0,0.0,0.0,6.1643280983
0.0,0.0,0.0,6.18021798134
0.0,0.0,0.0,6.19693589211
0.0,0.0,0.0,6.21361994743
0.0,0.0,0.0,6.23040890694
0.0,0.0,0.0,6.24693107605
0.0,0.0,0.0,6.26448106766
0.0,0.0,0.0,6.2803850174
0.0,0.0,0.0,6.29717898369
0.0,0.0,0.0,6.31366610527
0.0,0.0,0.0,6.3303360939
0.0,0.0,0.0,6.34699296951
0.0,0.0,0.0,6.36358189583
0.0,0.0,0.0,6.38038611412
0.0,0.0,0.0,6.39693403244
0.0,0.0,0.0,6.4135620594
0.0,0.0,0.0,6.43028593063
0.0,0.0,0.0,6.44690799713
0.0,0.0,0.0,6.46365094185
0.0,0.0,0.0,6.48029899597
0.0,0.0,0.0,6.49699211121
0.0,0.0,0.0,6.51369094849
0.0,0.0,0.0,6.53053998947
0.0,0.0,0.0,6.54702401161
0.0,0.0,0.0,6.56393790245
0.0,0.0,0.0,6.58098506927
0.0,0.0,0.0,6.59698200226
0.0,0.0,0.0,6.61363005638
0.0,0.0,0.0,6.63052511215
0.0,0.0,0.0,6.64742803574
0.0,0.0,0.0,6.66373705864
0.0,0.0,0.0,6.68038105965
0.0,0.0,0.0,6.69701600075
0.0,0.0,0.0,6.71372890472
0.0,0.0,0.0,6.73054695129
0.0,0.0,0.0,6.74717092514
0.0,0.0,0.0,6.76385903358
0.0,0.0,0.0,6.78043007851
0.0,0.0,0.0,6.79711294174
0.0,0.0,0.0,6.81373691559
0.0,0.0,0.0,6.83074688911
0.0,0.0,0.0,6.84705996513
0.0,0.0,0.0,6.8637239933
0.0,0.0,0.0,6.88039088249
0.0,0.0,0.0,6.89701509476
0.0,0.0,0.0,6.91365504265
0.0,0.0,0.0,6.93044495583
0.0,0.0,0.0,6.94702100754
0.0,0.0,0.0,6.96387910843
0.0,0.0,0.0,6.9803481102
0.0,0.0,0.0,6.99698090553
0.0,0.0,0.0,7.01369690895
0.0,0.0,0.0,7.03075408936
0.0,0.0,0.0,7.04711699486
0.0,0.0,0.0,7.06406497955
0.0,0.0,0.0,7.08037900925
0.0,0.0,0.0,7.09700798988
0.0,0.0,0.0,7.11378407478
0.0,0.0,0.0,7.13047194481
0.0,0.0,0.0,7.14724206924
0.0,0.0,0.0,7.16382694244
0.0,0.0,0.0,7.18039989471
0.0,0.0,0.0,7.19755101204
0.0,0.0,0.0,7.21375799179
0.0,0.0,0.0,7.23061394691
0.0,0.0,0.0,7.24719405174
0.0,0.0,0.0,7.2637898922
0.0,0.0,0.0,7.28183197975
0.0,0.0,0.0,7.29716992378
0.0,0.0,0.0,7.3140630722
0.0,0.0,0.0,7.33065199852
0.0,0.0,0.0,7.34711503983
0.0,0.0,0.0,7.36370897293
0.0,0.0,0.0,7.38049292564
0.0,0.0,0.0,7.39706397057
0.0,0.0,0.0,7.41375494003
0.0,0.0,0.0,7.4305639267
0.0,0.0,0.0,7.44716691971
Values = 0.0100009441376,0.0
0.0,0.0,0.0,7.46380496025
0.0,0.0,0.0,7.48045897484
0.0,0.0,0.0,7.49708890915
0.0,0.0,0.0,7.51376700401
0.0,0.0,0.0,7.53071594238
0.0,0.0,0.0,7.54711508751
0.0,0.0,0.0,7.56374001503
0.0,0.0,0.0,7.58034110069
0.0,0.0,0.0,7.59736204147
0.0,0.0,0.0,7.61374211311
0.0,0.0,0.0,7.63060188293
0.0,0.0,0.0,7.6471619606
0.0,0.0,0.0,7.66405010223
0.0,0.0,0.0,7.68037509918
0.0,0.0,0.0,7.69714307785
0.0,0.0,0.000174532925201,7.71386909485
0.0,0.0,0.000174532925201,7.73049592972
0.0,0.0,0.000174532925201,7.74706411362
0.0,0.0,0.000174532925201,7.76393604279
0.0,0.0,0.000174532925201,7.78128790855
0.0,0.0,0.000349065850401,7.79699897766
0.0,0.0,0.000349065850401,7.81383895874
0.0,0.0,0.000349065850401,7.83065795898
0.0,0.0,0.000349065850401,7.84703707695
0.0,0.0,0.000349065850401,7.86376309395
0.0,0.0,0.000349065850401,7.88041400909
0.0,0.0,0.000349065850401,7.89701104164
0.0,0.0,0.000349065850401,7.91385507584
0.0,0.0,0.000349065850401,7.93048000336
0.0,0.0,0.000523598775597,7.94711709023
0.0,0.0,0.000523598775597,7.96431303024
0.0,0.0,0.000523598775597,7.98051905632
0.0,0.0,0.000698131700797,7.99777698517
0.0,0.0,0.000698131700797,8.01388192177
0.0,0.0,0.000698131700797,8.03048110008
0.0,0.0,0.000698131700797,8.04723405838
0.0,0.0,0.000698131700797,8.06374907494
0.0,0.0,0.000698131700797,8.08048295975
0.0,0.0,0.000698131700797,8.09706306458
0.0,0.0,0.000698131700797,8.11371302605
0.0,0.0,0.000698131700797,8.13042593002
0.0,0.0,0.000872664626,8.14735007286
0.0,0.0,0.000872664626,8.16378092766
0.0,0.0,0.000872664626,8.18048906326
0.0,0.0,0.000872664626,8.19708609581
0.0,0.0,0.000872664626,8.21467208862
0.0,0.0,0.000872664626,8.23036694527
0.0,0.0,0.000872664626,8.24702501297
0.0,0.0,0.000872664626,8.26409292221
0.0,0.0,0.000872664626,8.28063106537
0.0,0.0,0.000872664626,8.29730701447
0.0,0.0,0.000872664626,8.31384992599
0.0,0.0,0.000872664626,8.33064103127
0.0,0.0,0.000872664626,8.34736394882
0.0,0.0,0.000872664626,8.36379909515
0.0,0.0,0.000872664626,8.38030004501
0.0,0.0,0.000872664626,8.39703392982
0.0,0.0,0.000872664626,8.41370391846
0.0,0.0,0.000872664626,8.43089604378
0.0,0.0,0.000872664626,8.44716000557
0.0,0.0,0.000872664626,8.46386408806
0.0,0.0,0.000872664626,8.48122596741
0.0,0.0,0.000872664626,8.49725198746
0.0,0.0,0.000872664626,8.51378703117
0.0,0.0,0.000872664626,8.53074789047
0.0,0.0,0.000872664626,8.54712510109
0.0,0.0,0.000872664626,8.56377196312
0.0,0.0,0.000872664626,8.58052706718
0.0,0.0,0.000872664626,8.59704303741
0.0,0.0,0.000872664626,8.61380290985
0.0,0.0,0.000872664626,8.63058304787
0.0,0.0,0.000872664626,8.64710688591
0.0,0.0,0.000872664626,8.66383004189
0.0,0.0,0.000872664626,8.68049097061
0.0,0.0,0.000872664626,8.69712400436
0.0,0.0,0.000872664626,8.71381807327
0.0,0.0,0.000872664626,8.73066306114
0.0,0.0,0.000872664626,8.74710297585
0.0,0.0,0.000872664626,8.76375198364
0.0,0.0,0.000872664626,8.7804749012
0.0,0.0,0.000872664626,8.79742288589
0.0,0.0,0.000872664626,8.81436491013
0.0,0.0,0.000872664626,8.83066892624
0.0,0.0,0.000872664626,8.84710907936
0.0,0.0,0.000872664626,8.86380791664
0.0,0.0,0.000872664626,8.88130307198
0.0,0.0,0.000872664626,8.89713191986
0.0,0.0,0.000872664626,8.91402792931
0.0,0.0,0.000872664626,8.93395209312
0.0,0.0,0.000872664626,8.94707894325
0.0,0.0,0.000872664626,8.96377801895
0.0,0.0,0.000872664626,8.98053193092
0.0,0.0,0.000872664626,8.99713206291
0.0,0.0,0.000872664626,9.01368689537
0.0,0.0,0.000872664626,9.03173494339
0.0,0.0,0.000872664626,9.04707288742
0.0,0.0,0.000872664626,9.06367492676
0.0,0.0,0.000872664626,9.08035302162
0.0,0.0,0.000872664626,9.09720611572
0.0,0.0,0.000872664626,9.11368107796
0.0,0.0,0.000872664626,9.13036608696
0.0,0.0,0.000872664626,9.14745497704
0.0,0.0,0.000872664626,9.16368103027
0.0,0.0,0.000872664626,9.18047809601
0.0,0.0,0.000872664626,9.19710111618
0.0,0.0,0.000872664626,9.21381807327
0.0,0.0,0.000872664626,9.23099088669
0.0,0.0,0.000872664626,9.2470870018
0.0,0.0,0.000872664626,9.2637629509
0.0,0.0,0.000872664626,9.28032898903
0.0,0.0,0.000872664626,9.29695010185
0.0,0.0,0.000872664626,9.31386899948
0.0,0.0,0.000872664626,9.33059310913
0.0,0.0,0.000872664626,9.34712696075
0.0,0.0,0.000872664626,9.36385297775
0.0,0.0,0.000872664626,9.38040089607
0.0,0.0,0.000872664626,9.39718604088
0.0,0.0,0.000872664626,9.41369199753
0.0,0.0,0.000872664626,9.43062806129
0.0,0.0,0.000872664626,9.44703507423
0.0,0.0,0.000872664626,9.46398901939
0.0,0.0,0.000872664626,9.48063588142
0.0,0.0,0.000872664626,9.49710702896
0.0,0.0,0.000872664626,9.51375794411
0.0,0.0,0.000872664626,9.5304980278
0.0,0.0,0.000872664626,9.54708003998
0.0,0.0,0.000872664626,9.56370210648
0.0,0.0,0.000872664626,9.58039093018
0.0,0.0,0.000872664626,9.59737610817
0.0,0.0,0.000872664626,9.6139550209
0.0,0.0,0.000872664626,9.63038897514
0.0,0.0,0.000872664626,9.64704108238
0.0,0.0,0.000872664626,9.66367793083
0.0,0.0,0.000872664626,9.68040895462
0.0,0.0,0.000872664626,9.69731593132
0.0,0.0,0.000872664626,9.71369504929
0.0,0.0,0.000872664626,9.73190498352
0.0,0.0,0.000872664626,9.74699687958
0.0,0.0,0.000872664626,9.76368188858
0.0,0.0,0.000872664626,9.78042793274
0.0,0.0,0.000872664626,9.7970969677
0.0,0.0,0.000872664626,9.81370401382
0.0,0.0,0.000872664626,9.83071088791
0.0,0.0,0.000872664626,9.84700703621
Values = 0.0199939370155,-0.000874359624017
0.0,0.0,0.000872664626,9.8638420105
0.0,0.0,0.000872664626,9.88043093681
0.0,0.0,0.000872664626,9.89712095261
0.0,0.0,0.000872664626,9.91376304626
0.0,0.0,0.000872664626,9.93071389198
0.0,0.0,0.000872664626,9.94698309898
0.0,0.0,0.000872664626,9.96359992027
0.0,0.0,0.000872664626,9.98049497604
0.0,0.0,0.000872664626,9.99710798264
0.0,0.0,0.000872664626,10.0137550831
0.0,0.0,0.000872664626,10.0307879448
0.0,0.0,0.000872664626,10.0470991135
0.000213230139642,1.86078447273e-07,0.000872664626,10.0637819767
0.000213230139642,1.86078447273e-07,0.000872664626,10.0807640553
0.000213230139642,1.86078447273e-07,0.000872664626,10.0970160961
0.00025587616757,2.23294136723e-07,0.000872664626,10.1137599945
0.00025587616757,2.23294136723e-07,0.000872664626,10.1304690838
0.00025587616757,2.23294136723e-07,0.000872664626,10.147382021
0.00025587616757,2.23294136723e-07,0.000872664626,10.1638159752
0.000341168223427,2.97725515624e-07,0.000698131700797,10.1804940701
0.000341168223427,2.97725515624e-07,0.000698131700797,10.1971719265
0.000341168223427,2.97725515624e-07,0.000698131700797,10.2138659954
0.000341168223427,2.97725515624e-07,0.000698131700797,10.2305259705
0.000383814257201,3.27498068529e-07,0.000698131700797,10.2470428944
Values = 0.0299884796143,-0.000704102481168
0.000383814257201,3.27498068529e-07,0.000698131700797,10.2637879848
0.000383814257201,3.27498068529e-07,0.000698131700797,10.2804560661
0.000383814257201,3.27498068529e-07,0.000698131700797,10.2971360683
0.000383814257201,3.27498068529e-07,0.000698131700797,10.3137149811
0.000383814257201,3.27498068529e-07,0.000698131700797,10.3308560848
0.000597044426072,4.76360833163e-07,0.000698131700797,10.3476390839
0.000597044426072,4.76360833163e-07,0.000698131700797,10.3636639118
0.000597044426072,4.76360833163e-07,0.000698131700797,10.3803610802
0.000597044426072,4.76360833163e-07,0.000698131700797,10.3972759247
0.000810274594943,6.25223597797e-07,0.000523598775597,10.4138829708
0.000810274594943,6.25223597797e-07,0.000523598775597,10.4304859638
0.000810274594943,6.25223597797e-07,0.000523598775597,10.4471518993
0.000810274594943,6.25223597797e-07,0.000523598775597,10.4640290737
0.00110879686319,7.81529506254e-07,0.000523598775597,10.4806630611
0.00110879686319,7.81529506254e-07,0.000523598775597,10.4973371029
0.00110879686319,7.81529506254e-07,0.000523598775597,10.5138609409
0.00132202705479,8.93176583701e-07,0.000698131700797,10.5305449963
0.00132202705479,8.93176583701e-07,0.000698131700797,10.5483560562
0.00132202705479,8.93176583701e-07,0.000698131700797,10.5638599396
0.00132202705479,8.93176583701e-07,0.000698131700797,10.5803830624
0.00153525722366,1.04203934833e-06,0.000698131700797,10.5971889496
0.00153525722366,1.04203934833e-06,0.000698131700797,10.613795042
0.00153525722366,1.04203934833e-06,0.000698131700797,10.6305019855
0.00166319532499,1.1313570071e-06,0.000698131700797,10.6472790241
0.00166319532499,1.1313570071e-06,0.000698131700797,10.6637420654
0.00166319532499,1.1313570071e-06,0.000698131700797,10.6804389954
0.00179113342631,1.22067466587e-06,0.000698131700797,10.697010994
0.00179113342631,1.22067466587e-06,0.000698131700797,10.7136969566
0.00200436359518,1.36953743051e-06,0.000698131700797,10.730946064
0.00200436359518,1.36953743051e-06,0.000698131700797,10.7470529079
0.00200436359518,1.36953743051e-06,0.000698131700797,10.7636950016
0.00204700962895,1.39930998341e-06,0.000698131700797,10.7804040909
0.00204700962895,1.39930998341e-06,0.000698131700797,10.796998024
0.00204700962895,1.39930998341e-06,0.000698131700797,10.813699007
0.00221759376405,1.51840019514e-06,0.000698131700797,10.830935955
0.00221759376405,1.51840019514e-06,0.000698131700797,10.8474040031
0.00221759376405,1.51840019514e-06,0.000698131700797,10.8638460636
0.00234553186537,1.60771785391e-06,0.000872664626,10.8803749084
0.00234553186537,1.60771785391e-06,0.000872664626,10.8969650269
0.00243082392123,1.68214923281e-06,0.0010471975512,10.9135730267
0.00243082392123,1.68214923281e-06,0.0010471975512,10.9302699566
0.00243082392123,1.68214923281e-06,0.0010471975512,10.9468989372
0.00247346994201,1.72680805769e-06,0.0010471975512,10.9635539055
0.00247346994201,1.72680805769e-06,0.0010471975512,10.9806919098
0.00247346994201,1.72680805769e-06,0.0010471975512,10.9970109463
0.00247346994201,1.72680805769e-06,0.0010471975512,11.013600111
0.00247346994201,1.72680805769e-06,0.0010471975512,11.0304350853
0.00247346994201,1.72680805769e-06,0.0010471975512,11.0470159054
0.00247346994201,1.72680805769e-06,0.0010471975512,11.0639059544
0.00247346994201,1.72680805769e-06,0.0010471975512,11.0804049969
0.00247346994201,1.72680805769e-06,0.0010471975512,11.0970499516
0.00247346994201,1.72680805769e-06,0.0010471975512,11.113929987
0.00247346994201,1.72680805769e-06,0.0010471975512,11.1309280396
0.00247346994201,1.72680805769e-06,0.0010471975512,11.1470530033
0.00247346994201,1.72680805769e-06,0.0010471975512,11.1636879444
0.00247346994201,1.72680805769e-06,0.0010471975512,11.1804299355
0.00247346994201,1.72680805769e-06,0.0010471975512,11.1970629692
0.00247346994201,1.72680805769e-06,0.0010471975512,11.2138369083
0.00247346994201,1.72680805769e-06,0.0010471975512,11.2305231094
0.00247346994201,1.72680805769e-06,0.0010471975512,11.2471220493
0.00247346994201,1.72680805769e-06,0.0010471975512,11.2637629509
0.00247346994201,1.72680805769e-06,0.0010471975512,11.2804429531
0.00247346994201,1.72680805769e-06,0.0010471975512,11.2972369194
0.00247346994201,1.72680805769e-06,0.0010471975512,11.3137168884
0.00247346994201,1.72680805769e-06,0.0010471975512,11.3304309845
0.00247346994201,1.72680805769e-06,0.0010471975512,11.3470160961
0.00247346994201,1.72680805769e-06,0.0010471975512,11.3644030094
0.00247346994201,1.72680805769e-06,0.0010471975512,11.3803288937
0.00247346994201,1.72680805769e-06,0.0010471975512,11.3970360756
0.00247346994201,1.72680805769e-06,0.0010471975512,11.4137079716
0.00247346994201,1.72680805769e-06,0.0010471975512,11.4304070473
0.00247346994201,1.72680805769e-06,0.0010471975512,11.4475119114
0.00247346994201,1.72680805769e-06,0.0010471975512,11.4642109871
0.00247346994201,1.72680805769e-06,0.0010471975512,11.4804708958
0.00247346994201,1.72680805769e-06,0.0010471975512,11.4974200726
0.00247346994201,1.72680805769e-06,0.0010471975512,11.513794899
0.00247346994201,1.72680805769e-06,0.0010471975512,11.5305390358
0.00247346994201,1.72680805769e-06,0.0010471975512,11.5471520424
0.00247346994201,1.72680805769e-06,0.0010471975512,11.5640420914
0.00247346994201,1.72680805769e-06,0.0010471975512,11.5803101063
0.00247346994201,1.72680805769e-06,0.0010471975512,11.5971310139
0.00247346994201,1.72680805769e-06,0.0010471975512,11.6136779785
0.00247346994201,1.72680805769e-06,0.0010471975512,11.6305088997
0.00247346994201,1.72680805769e-06,0.0010471975512,11.647026062
0.00247346994201,1.72680805769e-06,0.0010471975512,11.6637480259
0.00247346994201,1.72680805769e-06,0.0010471975512,11.6803200245
0.00247346994201,1.72680805769e-06,0.0010471975512,11.6971600056
0.00247346994201,1.72680805769e-06,0.0010471975512,11.7138719559
0.00247346994201,1.72680805769e-06,0.0010471975512,11.7306039333
0.00247346994201,1.72680805769e-06,0.0010471975512,11.7473480701
0.00247346994201,1.72680805769e-06,0.0010471975512,11.763906002
0.00247346994201,1.72680805769e-06,0.0010471975512,11.7806870937
0.00247346994201,1.72680805769e-06,0.0010471975512,11.797039032
0.00247346994201,1.72680805769e-06,0.0010471975512,11.8137478828
0.00247346994201,1.72680805769e-06,0.0010471975512,11.8303999901
0.00247346994201,1.72680805769e-06,0.0010471975512,11.8470649719
0.00247346994201,1.72680805769e-06,0.0010471975512,11.8637681007
0.00247346994201,1.72680805769e-06,0.0010471975512,11.880466938
0.00247346994201,1.72680805769e-06,0.0010471975512,11.8971209526
0.00247346994201,1.72680805769e-06,0.0010471975512,11.9137120247
0.00247346994201,1.72680805769e-06,0.0010471975512,11.930727005
0.00247346994201,1.72680805769e-06,0.0010471975512,11.9471290112
0.00247346994201,1.72680805769e-06,0.0010471975512,11.9637160301
0.00247346994201,1.72680805769e-06,0.0010471975512,11.9805099964
0.00247346994201,1.72680805769e-06,0.0010471975512,11.9973859787
0.00247346994201,1.72680805769e-06,0.0010471975512,12.0137250423
0.00247346994201,1.72680805769e-06,0.0010471975512,12.0304269791
0.00247346994201,1.72680805769e-06,0.0010471975512,12.0470819473
0.00247346994201,1.72680805769e-06,0.0010471975512,12.0639019012
0.00247346994201,1.72680805769e-06,0.0010471975512,12.0804059505
0.00247346994201,1.72680805769e-06,0.0010471975512,12.0978469849
0.00247346994201,1.72680805769e-06,0.0010471975512,12.1139268875
0.00247346994201,1.72680805769e-06,0.0010471975512,12.130407095
0.00247346994201,1.72680805769e-06,0.0010471975512,12.1470561028
0.00247346994201,1.72680805769e-06,0.0010471975512,12.1638839245
0.00247346994201,1.72680805769e-06,0.0010471975512,12.1812260151
0.00247346994201,1.72680805769e-06,0.0010471975512,12.1971309185
0.00247346994201,1.72680805769e-06,0.0010471975512,12.2137448788
0.00247346994201,1.72680805769e-06,0.0010471975512,12.2304129601
0.00247346994201,1.72680805769e-06,0.0010471975512,12.247287035
0.00247346994201,1.72680805769e-06,0.0010471975512,12.2638030052
0.00247346994201,1.72680805769e-06,0.0010471975512,12.2803800106
0.00247346994201,1.72680805769e-06,0.0010471975512,12.2970530987
0.00247346994201,1.72680805769e-06,0.0010471975512,12.3137159348
0.00247346994201,1.72680805769e-06,0.0010471975512,12.3304400444
0.00247346994201,1.72680805769e-06,0.0010471975512,12.3471589088
0.00247346994201,1.72680805769e-06,0.0010471975512,12.3637650013
0.00247346994201,1.72680805769e-06,0.0010471975512,12.3803939819
0.00247346994201,1.72680805769e-06,0.0010471975512,12.3970808983
0.00247346994201,1.72680805769e-06,0.0010471975512,12.4139399529
0.00247346994201,1.72680805769e-06,0.0010471975512,12.4304509163
0.00247346994201,1.72680805769e-06,0.0010471975512,12.4470798969
0.00247346994201,1.72680805769e-06,0.0010471975512,12.4642319679
0.00247346994201,1.72680805769e-06,0.0010471975512,12.4804580212
0.00247346994201,1.72680805769e-06,0.0010471975512,12.4972720146
0.00247346994201,1.72680805769e-06,0.0010471975512,12.5137379169
0.00247346994201,1.72680805769e-06,0.0010471975512,12.5304040909
0.00247346994201,1.72680805769e-06,0.0010471975512,12.5470991135
0.00247346994201,1.72680805769e-06,0.0010471975512,12.5637569427
0.00247346994201,1.72680805769e-06,0.0010471975512,12.5804018974
0.00247346994201,1.72680805769e-06,0.0010471975512,12.5971109867
0.00247346994201,1.72680805769e-06,0.0010471975512,12.6138179302
0.00247346994201,1.72680805769e-06,0.0010471975512,12.6305310726
0.00247346994201,1.72680805769e-06,0.0010471975512,12.6469919682
0.00247346994201,1.72680805769e-06,0.0010471975512,12.6637079716
0.00247346994201,1.72680805769e-06,0.0010471975512,12.6808180809
0.00247346994201,1.72680805769e-06,0.0010471975512,12.6972661018
0.00247346994201,1.72680805769e-06,0.0010471975512,12.7140130997
0.00247346994201,1.72680805769e-06,0.0010471975512,12.7305529118
0.00247346994201,1.72680805769e-06,0.0010471975512,12.7471818924
0.00247346994201,1.72680805769e-06,0.0010471975512,12.7637319565
0.00247346994201,1.72680805769e-06,0.0010471975512,12.7804689407
0.00247346994201,1.72680805769e-06,0.0010471975512,12.7971169949
0.00247346994201,1.72680805769e-06,0.0010471975512,12.8138439655
0.00247346994201,1.72680805769e-06,0.0010471975512,12.8304269314
0.00247346994201,1.72680805769e-06,0.0010471975512,12.847274065
0.00247346994201,1.72680805769e-06,0.0010471975512,12.8637590408
0.00247346994201,1.72680805769e-06,0.0010471975512,12.8804469109
0.00247346994201,1.72680805769e-06,0.0010471975512,12.8974061012
0.00247346994201,1.72680805769e-06,0.0010471975512,12.9139349461
0.00247346994201,1.72680805769e-06,0.0010471975512,12.9304139614
0.00247346994201,1.72680805769e-06,0.0010471975512,12.9470961094
0.00247346994201,1.72680805769e-06,0.0010471975512,12.9638059139
0.00247346994201,1.72680805769e-06,0.0010471975512,12.9804189205
0.00247346994201,1.72680805769e-06,0.0010471975512,12.9969680309
0.00247346994201,1.72680805769e-06,0.0010471975512,13.0135560036
0.00247346994201,1.72680805769e-06,0.0010471975512,13.0304970741
0.00247346994201,1.72680805769e-06,0.0010471975512,13.047025919
0.00247346994201,1.72680805769e-06,0.0010471975512,13.0638160706
0.00247346994201,1.72680805769e-06,0.0010471975512,13.0803608894
0.00247346994201,1.72680805769e-06,0.0010471975512,13.0972430706
0.00247346994201,1.72680805769e-06,0.0010471975512,13.1137919426
0.00247346994201,1.72680805769e-06,0.0010471975512,13.130712986
0.00247346994201,1.72680805769e-06,0.0010471975512,13.1471219063
0.00247346994201,1.72680805769e-06,0.0010471975512,13.1637849808
0.00247346994201,1.72680805769e-06,0.0010471975512,13.1804010868
0.00247346994201,1.72680805769e-06,0.0010471975512,13.1986351013
0.00247346994201,1.72680805769e-06,0.0010471975512,13.2137079239
0.00247346994201,1.72680805769e-06,0.0010471975512,13.2304461002
0.00247346994201,1.72680805769e-06,0.0010471975512,13.2470109463
0.00247346994201,1.72680805769e-06,0.0010471975512,13.263710022
0.00247346994201,1.72680805769e-06,0.0010471975512,13.280381918
0.00247346994201,1.72680805769e-06,0.0010471975512,13.2970540524
0.00247346994201,1.72680805769e-06,0.0010471975512,13.3137528896
0.00247346994201,1.72680805769e-06,0.0010471975512,13.3304190636
0.00247346994201,1.72680805769e-06,0.0010471975512,13.3470170498
0.00247346994201,1.72680805769e-06,0.0010471975512,13.3636670113
0.00247346994201,1.72680805769e-06,0.0010471975512,13.3803930283
0.00247346994201,1.72680805769e-06,0.0010471975512,13.3971219063
0.00247346994201,1.72680805769e-06,0.0010471975512,13.4137780666
0.00247346994201,1.72680805769e-06,0.0010471975512,13.430574894
0.00247346994201,1.72680805769e-06,0.0010471975512,13.4470820427
Values = 0.0399876356125,-0.00105407032849
0.00247346994201,1.72680805769e-06,0.0010471975512,13.4639589787
0.00247346994201,1.72680805769e-06,0.0010471975512,13.480741024
0.00247346994201,1.72680805769e-06,0.0010471975512,13.4984819889
0.00247346994201,1.72680805769e-06,0.0010471975512,13.5143759251
0.00247346994201,1.72680805769e-06,0.0010471975512,13.530725956
0.00247346994201,1.72680805769e-06,0.0010471975512,13.5470049381
0.00247346994201,1.72680805769e-06,0.0010471975512,13.5653429031
0.00247346994201,1.72680805769e-06,0.0010471975512,13.5805850029
0.00247346994201,1.72680805769e-06,0.0010471975512,13.5972149372
0.00247346994201,1.72680805769e-06,0.0010471975512,13.613658905
0.00247346994201,1.72680805769e-06,0.000872664626,13.6307330132
0.00247346994201,1.72680805769e-06,0.000872664626,13.6470220089
0.00247346994201,1.72680805769e-06,0.000872664626,13.6637148857
0.00247346994201,1.72680805769e-06,0.000872664626,13.680560112
0.00247346994201,1.72680805769e-06,0.000872664626,13.6971540451
0.00294257624923,2.13618064177e-06,0.000872664626,13.7137889862
0.00294257624923,2.13618064177e-06,0.000872664626,13.7305629253
0.00311316036094,2.2850433996e-06,0.000872664626,13.7473759651
0.00311316036094,2.2850433996e-06,0.000872664626,13.7639141083
0.00311316036094,2.2850433996e-06,0.000872664626,13.7809150219
0.00311316036094,2.2850433996e-06,0.000872664626,13.7990169525
0.00366755872401,2.76884736255e-06,0.0010471975512,13.8137021065
0.00366755872401,2.76884736255e-06,0.0010471975512,13.8302500248
0.00409401893184,3.21543561111e-06,0.0010471975512,13.8468968868
Values = 0.0499719262123,-0.00107687846841
0.00409401893184,3.21543561111e-06,0.0010471975512,13.8637011051
0.00409401893184,3.21543561111e-06,0.0010471975512,13.8805279732
0.00409401893184,3.21543561111e-06,0.0010471975512,13.8972110748
0.00452047913968,3.66202385967e-06,0.0010471975512,13.9138989449
0.00452047913968,3.66202385967e-06,0.0010471975512,13.9307250977
0.00452047913968,3.66202385967e-06,0.0010471975512,13.9472000599
0.00507487740986,4.24258858282e-06,0.0012217304764,13.9636890888
0.00507487740986,4.24258858282e-06,0.0012217304764,13.9806389809
0.00507487740986,4.24258858282e-06,0.0012217304764,13.9974019527
0.00579985961963,5.12832188405e-06,0.0012217304764,14.0145699978
0.00579985961963,5.12832188405e-06,0.0012217304764,14.0303590298
0.00579985961963,5.12832188405e-06,0.0012217304764,14.0470240116
Values = 0.0599729776382,-0.00123212694461
0.00605573569367,5.44093363743e-06,0.0012217304764,14.0656929016
0.00605573569367,5.44093363743e-06,0.0012217304764,14.0805470943
0.00605573569367,5.44093363743e-06,0.0012217304764,14.099932909
0.00686600992812,6.43087085642e-06,0.0013962634016,14.1146869659
0.00686600992812,6.43087085642e-06,0.0013962634016,14.1303269863
0.00703659393851,6.66905122179e-06,0.00157079632679,14.1473100185
0.00703659393851,6.66905122179e-06,0.00157079632679,14.1640229225
0.00703659393851,6.66905122179e-06,0.00157079632679,14.1804139614
0.00818803571047,8.4777332153e-06,0.00157079632679,14.197124958
0.00818803571047,8.4777332153e-06,0.00157079632679,14.2138149738
0.00818803571047,8.4777332153e-06,0.00157079632679,14.2304739952
0.0094674154571,1.04873798748e-05,0.00157079632679,14.2474050522
0.0094674154571,1.04873798748e-05,0.00157079632679,14.2637209892
0.0094674154571,1.04873798748e-05,0.00157079632679,14.2803640366
0.0109600251615,1.28319676441e-05,0.00174532925199,14.2970759869
0.0109600251615,1.28319676441e-05,0.00174532925199,14.3141009808
0.0109600251615,1.28319676441e-05,0.00174532925199,14.3304960728
0.0109600251615,1.28319676441e-05,0.00174532925199,14.3470859528
0.0125379263924,1.55859276155e-05,0.00209439510239,14.3637320995
0.0125379263924,1.55859276155e-05,0.00209439510239,14.3804628849
0.0125379263924,1.55859276155e-05,0.00209439510239,14.3971478939
0.0125379263924,1.55859276155e-05,0.00209439510239,14.413738966
0.0141584725165,1.89799964436e-05,0.00209439510239,14.431358099
0.0141584725165,1.89799964436e-05,0.00209439510239,14.4471299648
Values = 0.0699586749077,-0.00211837742276
0.0141584725165,1.89799964436e-05,0.00209439510239,14.4657859802
0.0162481240975,2.33565588799e-05,0.00209439510239,14.480588913
0.0162481240975,2.33565588799e-05,0.00209439510239,14.4971780777
0.0162481240975,2.33565588799e-05,0.00209439510239,14.5138530731
0.0162481240975,2.33565588799e-05,0.00209439510239,14.5306479931
0.0187215892343,2.85369797229e-05,0.00209439510239,14.5470249653
0.0187215892343,2.85369797229e-05,0.00209439510239,14.5637459755
0.0187215892343,2.85369797229e-05,0.00209439510239,14.580395937
0.0214935760254,3.43426237711e-05,0.00157079632679,14.5973739624
0.0214935760254,3.43426237711e-05,0.00157079632679,14.6139008999
0.0214935760254,3.43426237711e-05,0.00157079632679,14.6305298805
0.0214935760254,3.43426237711e-05,0.00157079632679,14.6470770836
0.0245214414258,3.90987875318e-05,0.00157079632679,14.6639640331
0.0245214414258,3.90987875318e-05,0.00157079632679,14.6804900169
0.0245214414258,3.90987875318e-05,0.00157079632679,14.6970989704
0.027464014843,4.37209748485e-05,0.00157079632679,14.7138020992
0.027464014843,4.37209748485e-05,0.00157079632679,14.7305099964
0.027464014843,4.37209748485e-05,0.00157079632679,14.7471570969
0.0284875186403,4.53286921761e-05,0.00157079632679,14.7638010979
0.0284875186403,4.53286921761e-05,0.00157079632679,14.7804589272
0.0284875186403,4.53286921761e-05,0.00157079632679,14.7972719669
0.0313448000745,4.98169030488e-05,0.00157079632679,14.8148059845
0.0313448000745,4.98169030488e-05,0.00157079632679,14.8307039738
0.0313448000745,4.98169030488e-05,0.00157079632679,14.8474109173
0.0342447275002,5.43721021436e-05,0.00174532925199,14.8641309738
0.0342447275002,5.43721021436e-05,0.00174532925199,14.8806509972
0.0351829390429,5.60095918563e-05,0.00174532925199,14.8974928856
0.0351829390429,5.60095918563e-05,0.00174532925199,14.9152340889
0.0351829390429,5.60095918563e-05,0.00174532925199,14.9304769039
0.0377416977957,6.04754728909e-05,0.0013962634016,14.9470028877
0.0377416977957,6.04754728909e-05,0.0013962634016,14.963684082
0.0377416977957,6.04754728909e-05,0.0013962634016,14.9804470539
0.0384240338372,6.14281943525e-05,0.0012217304764,14.9970669746
0.0384240338372,6.14281943525e-05,0.0012217304764,15.0137209892
0.0411533786269,6.47627197217e-05,0.0013962634016,15.0305519104
0.0411533786269,6.47627197217e-05,0.0013962634016,15.0470941067
0.0411533786269,6.47627197217e-05,0.0013962634016,15.0637609959
0.0439680147983,6.86926957505e-05,0.00157079632679,15.0805239677
0.0439680147983,6.86926957505e-05,0.00157079632679,15.0976970196
0.0439680147983,6.86926957505e-05,0.00157079632679,15.114000082
0.0439680147983,6.86926957505e-05,0.00157079632679,15.1306838989
0.045332686528,7.08363188539e-05,0.00157079632679,15.1475999355
0.045332686528,7.08363188539e-05,0.00157079632679,15.163713932
0.045332686528,7.08363188539e-05,0.00157079632679,15.180560112
0.0455032704942,7.11042717419e-05,0.00174532925199,15.1973791122
0.0455032704942,7.11042717419e-05,0.00174532925199,15.2139248848
0.0455032704942,7.11042717419e-05,0.00174532925199,15.2303879261
0.0455032704942,7.11042717419e-05,0.00174532925199,15.2470068932
Values = 0.0799632191658,-0.00183128049787
0.0455032704942,7.11042717419e-05,0.00174532925199,15.2638120651
0.0455032704942,7.11042717419e-05,0.00174532925199,15.2804710865
0.0455032704942,7.11042717419e-05,0.00174532925199,15.2971339226
0.0455032704942,7.11042717419e-05,0.00174532925199,15.3137509823
0.0455032704942,7.11042717419e-05,0.00174532925199,15.3304259777
0.0455032704942,7.11042717419e-05,0.00174532925199,15.3470139503
0.0455032704942,7.11042717419e-05,0.00174532925199,15.3637070656
0.0469105878083,7.3560506311e-05,0.00157079632679,15.3805270195
0.0469105878083,7.3560506311e-05,0.00157079632679,15.3971409798
0.0469105878083,7.3560506311e-05,0.00157079632679,15.4137580395
0.0469105878083,7.3560506311e-05,0.00157079632679,15.4304690361
0.0489575954029,7.67759409661e-05,0.00157079632679,15.4475159645
Values = 0.0899681687355,-0.00166073877488
0.0489575954029,7.67759409661e-05,0.00157079632679,15.4637858868
0.0489575954029,7.67759409661e-05,0.00157079632679,15.4804151058
0.0518575228286,8.13311400608e-05,0.00174532925199,15.4972798824
0.0518575228286,8.13311400608e-05,0.00174532925199,15.5137350559
0.0518575228286,8.13311400608e-05,0.00174532925199,15.5305950642
0.0518575228286,8.13311400608e-05,0.00174532925199,15.547013998
0.0549280333319,8.66901973024e-05,0.00226892802759,15.5637021065
0.0549280333319,8.66901973024e-05,0.00226892802759,15.58061409
0.0549280333319,8.66901973024e-05,0.00226892802759,15.5970170498
0.0583397080835,9.44310550508e-05,0.00209439510239,15.6138370037
0.0583397080835,9.44310550508e-05,0.00209439510239,15.631084919
0.0583397080835,9.44310550508e-05,0.00209439510239,15.6471660137
Values = 0.0999784708023,-0.00218116872349
0.0583397080835,9.44310550508e-05,0.00209439510239,15.6638069153
0.0618366760355,0.000101755098312,0.00244346095279,15.680480957
0.0618366760355,0.000101755098312,0.00244346095279,15.6973719597
0.0618366760355,0.000101755098312,0.00244346095279,15.7136950493
0.0654615789684,0.000110612424713,0.00261799387799,15.7320890427
0.0654615789684,0.000110612424713,0.00261799387799,15.7471239567
0.0654615789684,0.000110612424713,0.00261799387799,15.7645730972
0.0654615789684,0.000110612424713,0.00261799387799,15.7810089588
0.0693850015863,0.000120883944575,0.00261799387799,15.7970490456
0.0693850015863,0.000120883944575,0.00261799387799,15.8136780262
0.0693850015863,0.000120883944575,0.00261799387799,15.8306930065
0.0693850015863,0.000120883944575,0.00261799387799,15.8481400013
0.0732231324082,0.000130932170526,0.00296705972839,15.8637049198
0.0732231324082,0.000130932170526,0.00296705972839,15.8803160191
0.0732231324082,0.000130932170526,0.00296705972839,15.8973278999
0.0771465512017,0.000142573222586,0.00279252680319,15.9138450623
0.0771465512017,0.000142573222586,0.00279252680319,15.9307909012
0.0771465512017,0.000142573222586,0.00279252680319,15.9472000599
0.0771465512017,0.000142573222586,0.00279252680319,15.9636499882
0.0813258472345,0.000154244049113,0.00296705972839,15.980561018
0.0813258472345,0.000154244049113,0.00296705972839,15.9970099926
0.0813258472345,0.000154244049113,0.00296705972839,16.0139091015
0.0852066201715,0.000165758567999,0.00279252680319,16.0306050777
0.0852066201715,0.000165758567999,0.00279252680319,16.0470089912
0.0852066201715,0.000165758567999,0.00279252680319,16.0638010502
0.0852066201715,0.000165758567999,0.00279252680319,16.0805490017
0.0891726868149,0.000176833944193,0.00279252680319,16.0970549583
0.0891726868149,0.000176833944193,0.00279252680319,16.1137359142
0.0891726868149,0.000176833944193,0.00279252680319,16.1305470467
0.0904094172736,0.000180287556124,0.00296705972839,16.1472220421
0.0904094172736,0.000180287556124,0.00296705972839,16.1640000343
0.0945887112058,0.000192687807232,0.00279252680319,16.1804430485
0.0945887112058,0.000192687807232,0.00279252680319,16.1972539425
0.0945887112058,0.000192687807232,0.00279252680319,16.2138528824
0.0985547778491,0.000203763183426,0.00261799387799,16.2308359146
0.0985547778491,0.000203763183426,0.00261799387799,16.2471520901
Values = 0.109990763664,-0.00287784724406
0.0985547778491,0.000203763183426,0.00261799387799,16.2676510811
0.0985547778491,0.000203763183426,0.00261799387799,16.2804720402
0.102350262773,0.000213699762422,0.00296705972839,16.2973198891
0.102350262773,0.000213699762422,0.00296705972839,16.314125061
0.102350262773,0.000213699762422,0.00296705972839,16.3305830956
0.106700140131,0.000226606146228,0.00296705972839,16.3471419811
0.106700140131,0.000226606146228,0.00296705972839,16.3636519909
0.106700140131,0.000226606146228,0.00296705972839,16.3803529739
0.108107453394,0.000230781740989,0.00296705972839,16.3970880508
0.108107453394,0.000230781740989,0.00296705972839,16.4137089252
0.112499976608,0.000243814657969,0.00296705972839,16.4309360981
0.112499976608,0.000243814657969,0.00296705972839,16.447024107
0.112499976608,0.000243814657969,0.00296705972839,16.4637761116
0.114077873297,0.000248496385428,0.00279252680319,16.4803590775
0.114077873297,0.000248496385428,0.00279252680319,16.4970109463
0.114077873297,0.000248496385428,0.00279252680319,16.5138030052
0.118768919864,0.000261596292755,0.00314159265359,16.5304839611
0.118768919864,0.000261596292755,0.00314159265359,16.5471110344
0.120261524044,0.000266285462509,0.00314159265359,16.563849926
0.120261524044,0.000266285462509,0.00314159265359,16.5804419518
0.120261524044,0.000266285462509,0.00314159265359,16.5970730782
0.12490991992,0.000280888876884,0.00296705972839,16.6137430668
0.12490991992,0.000280888876884,0.00296705972839,16.6305229664
0.12490991992,0.000280888876884,0.00296705972839,16.6471459866
0.129643609986,0.000294934059261,0.00366519142919,16.6638219357
0.129643609986,0.000294934059261,0.00366519142919,16.6804509163
0.129643609986,0.000294934059261,0.00366519142919,16.6971280575
0.134206706062,0.000311658754782,0.00383972435439,16.7137610912
0.134206706062,0.000311658754782,0.00383972435439,16.7306699753
0.134206706062,0.000311658754782,0.00383972435439,16.7471048832
0.134206706062,0.000311658754782,0.00383972435439,16.7636721134
0.138812444879,0.000329343609201,0.00418879020478,16.7805740833
0.138812444879,0.000329343609201,0.00418879020478,16.7971539497
0.138812444879,0.000329343609201,0.00418879020478,16.8139209747
0.143546114253,0.000349172073077,0.00366519142919,16.8304059505
0.143546114253,0.000349172073077,0.00366519142919,16.8475270271
0.143546114253,0.000349172073077,0.00366519142919,16.8637940884
0.143546114253,0.000349172073077,0.00366519142919,16.8803389072
0.147981273056,0.0003654278519,0.00366519142919,16.8970210552
0.147981273056,0.0003654278519,0.00366519142919,16.9136879444
0.147981273056,0.0003654278519,0.00366519142919,16.930439949
0.150198852458,0.000373555741312,0.00383972435439,16.9474840164
0.150198852458,0.000373555741312,0.00383972435439,16.9636440277
0.150198852458,0.000373555741312,0.00383972435439,16.9803369045
0.150198852458,0.000373555741312,0.00383972435439,16.9970040321
0.150795892675,0.00037584822244,0.00453785605518,17.0137040615
0.150795892675,0.00037584822244,0.00453785605518,17.0303709507
0.150795892675,0.00037584822244,0.00453785605518,17.0469770432
Values = 0.120003557205,-0.00507816779769
0.150795892675,0.00037584822244,0.00453785605518,17.0639278889
0.150881183885,0.000376235264332,0.00436332312999,17.0805389881
0.150881183885,0.000376235264332,0.00436332312999,17.0971410275
0.150881183885,0.000376235264332,0.00436332312999,17.1139419079
0.153184048348,0.000386283469877,0.00471238898039,17.1303830147
0.153184048348,0.000386283469877,0.00471238898039,17.1470189095
0.153184048348,0.000386283469877,0.00471238898039,17.163695097
0.153184048348,0.000386283469877,0.00471238898039,17.180464983
0.157064795278,0.000404571194314,0.00471238898039,17.1972169876
0.157064795278,0.000404571194314,0.00471238898039,17.2137289047
0.157064795278,0.000404571194314,0.00471238898039,17.2307310104
0.162651365034,0.000430897478942,0.00506145483079,17.2471559048
0.162651365034,0.000430897478942,0.00506145483079,17.2637751102
0.162651365034,0.000430897478942,0.00506145483079,17.2804670334
0.162651365034,0.000430897478942,0.00506145483079,17.2974889278
0.167086496816,0.000453345889825,0.00471238898039,17.3137249947
0.167086496816,0.000453345889825,0.00471238898039,17.3304309845
0.167086496816,0.000453345889825,0.00471238898039,17.3470420837
0.167086496816,0.000453345889825,0.00471238898039,17.3640799522
0.172289256436,0.00047786349841,0.00506145483079,17.380466938
0.172289256436,0.00047786349841,0.00506145483079,17.3970139027
0.172289256436,0.00047786349841,0.00506145483079,17.4145359993
0.177022906704,0.000501822860025,0.00488692190559,17.4305100441
0.177022906704,0.000501822860025,0.00488692190559,17.4470829964
0.177022906704,0.000501822860025,0.00488692190559,17.4636979103
0.178728728101,0.000510159142341,0.00523598775598,17.4803769588
0.178728728101,0.000510159142341,0.00523598775598,17.4972999096
0.183803537792,0.000536731026573,0.00523598775598,17.513657093
0.183803537792,0.000536731026573,0.00523598775598,17.5304811001
0.183803537792,0.000536731026573,0.00523598775598,17.5470359325
0.185509356175,0.000545662752366,0.00541052068119,17.5640499592
0.185509356175,0.000545662752366,0.00541052068119,17.5807099342
0.185509356175,0.000545662752366,0.00541052068119,17.5971770287
0.190370934051,0.000571966676678,0.00523598775598,17.6137208939
0.190370934051,0.000571966676678,0.00523598775598,17.6307749748
0.195360452823,0.000598091974621,0.00523598775598,17.647133112
0.195360452823,0.000598091974621,0.00523598775598,17.6637480259
0.195360452823,0.000598091974621,0.00523598775598,17.6805438995
0.195360452823,0.000598091974621,0.00523598775598,17.6970059872
0.200222035215,0.000623547393129,0.00506145483079,17.7136740685
0.200222035215,0.000623547393129,0.00506145483079,17.7305960655
0.20197050063,0.00063239724742,0.00506145483079,17.7471129894
0.20197050063,0.00063239724742,0.00506145483079,17.7637729645
0.20197050063,0.00063239724742,0.00506145483079,17.7804648876
0.202908701584,0.000637145949722,0.00506145483079,17.7971329689
0.202908701584,0.000637145949722,0.00506145483079,17.8137629032
0.202908701584,0.000637145949722,0.00506145483079,17.8305709362
0.203249865567,0.000638872750559,0.00558505360638,17.8471140862
0.203249865567,0.000638872750559,0.00558505360638,17.8639171124
0.203249865567,0.000638872750559,0.00558505360638,17.880341053
0.203249865567,0.000638872750559,0.00471238898039,17.8970839977
0.203249865567,0.000638872750559,0.00471238898039,17.9136769772
0.203036637713,0.000637867930535,0.00506145483079,17.9304430485
0.203036637713,0.000637867930535,0.00506145483079,17.9470160007
0.203036637713,0.000637867930535,0.00506145483079,17.963709116
0.203036637713,0.000637867930535,0.00488692190559,17.9804000854
0.203036637713,0.000637867930535,0.00488692190559,17.9969739914
0.203036637713,0.000637867930535,0.00488692190559,18.0138189793
0.203036637713,0.000637867930535,0.00488692190559,18.0305459499
0.203036637713,0.000637867930535,0.00488692190559,18.0471520424
0.203036637713,0.000637867930535,0.00488692190559,18.0638449192
0.203036637713,0.000637867930535,0.00488692190559,18.0805370808
0.203036637713,0.000637867930535,0.00488692190559,18.0970349312
0.203036637713,0.000637867930535,0.00488692190559,18.1136670113
0.203036637713,0.000637867930535,0.00488692190559,18.1304841042
0.203036637713,0.000637867930535,0.00488692190559,18.1470890045
0.203036637713,0.000637867930535,0.00488692190559,18.1636838913
0.203036637713,0.000637867930535,0.00488692190559,18.1803660393
0.203036637713,0.000637867930535,0.00488692190559,18.1970589161
0.203036637713,0.000637867930535,0.00488692190559,18.2136249542
0.203036637713,0.000637867930535,0.00488692190559,18.2305319309
0.203036637713,0.000637867930535,0.00488692190559,18.2472400665
0.203036637713,0.000637867930535,0.00488692190559,18.263874054
0.203036637713,0.000637867930535,0.00488692190559,18.280381918
0.203036637713,0.000637867930535,0.00488692190559,18.2969920635
0.203036637713,0.000637867930535,0.00488692190559,18.313740015
0.203036637713,0.000637867930535,0.00488692190559,18.3304710388
0.203036637713,0.000637867930535,0.00488692190559,18.3470668793
0.203036637713,0.000637867930535,0.00488692190559,18.3638370037
0.203036637713,0.000637867930535,0.00488692190559,18.3803260326
0.203036637713,0.000637867930535,0.00488692190559,18.3970220089
0.203036637713,0.000637867930535,0.00488692190559,18.4136741161
0.203036637713,0.000637867930535,0.00488692190559,18.4312410355
0.203036637713,0.000637867930535,0.00488692190559,18.4470779896
0.203036637713,0.000637867930535,0.00488692190559,18.4638540745
0.203036637713,0.000637867930535,0.00488692190559,18.4804599285
0.203036637713,0.000637867930535,0.00488692190559,18.4981150627
0.203036637713,0.000637867930535,0.00488692190559,18.5136630535
0.203036637713,0.000637867930535,0.00488692190559,18.5306329727
0.203036637713,0.000637867930535,0.00488692190559,18.5471069813
0.203036637713,0.000637867930535,0.00488692190559,18.5636770725
0.203036637713,0.000637867930535,0.00488692190559,18.5806660652
0.203036637713,0.000637867930535,0.00488692190559,18.5971779823
0.203036637713,0.000637867930535,0.00488692190559,18.6139659882
0.203036637713,0.000637867930535,0.00488692190559,18.6305139065
0.203036637713,0.000637867930535,0.00488692190559,18.6472079754
0.203036637713,0.000637867930535,0.00488692190559,18.6640920639
0.203036637713,0.000637867930535,0.00488692190559,18.6807239056
0.203036637713,0.000637867930535,0.00488692190559,18.6970610619
0.203036637713,0.000637867930535,0.00488692190559,18.7136919498
0.203036637713,0.000637867930535,0.00488692190559,18.7305378914
0.203036637713,0.000637867930535,0.00488692190559,18.7470850945
