0.0,0.0,0.00767944870877
0.0,0.0,0.00767944870877
0.0,0.0,0.00767944870877
0.0,0.0,0.00767944870877
0.0,0.0,0.00715584993315
0.0,0.0,0.00750491578355
0.0,0.0,0.00733038285838
0.0,0.0,0.00698131700799
0.0,0.0,0.00698131700799
0.0,0.0,0.00715584993315
0.0,0.0,0.00680678408278
0.0,0.0,0.00680678408278
0.0,0.0,0.00680678408278
0.0,0.0,0.00715584993315
0.0,0.0,0.00680678408278
0.0,0.0,0.00698131700799
0.0,0.0,0.00698131700799
0.0,0.0,0.00733038285838
0.0,0.0,0.00733038285838
0.0,0.0,0.00698131700799
0.0,0.0,0.00715584993315
0.0,0.0,0.00733038285838
0.0,0.0,0.00715584993315
0.0,0.0,0.00680678408278
0.0,0.0,0.00698131700799
0.0,0.0,0.00715584993315
0.0,0.0,0.00715584993315
0.0,0.0,0.00733038285838
0.0,0.0,0.00715584993315
0.0,0.0,0.00715584993315
0.0,0.0,0.00785398163393
0.0,0.0,0.00802851455912
0.0,0.0,0.00820304748438
0.0,0.0,0.00820304748438
0.0,0.0,0.00785398163393
0.0,0.0,0.00767944870877
0.0,0.0,0.00750491578355
0.0,0.0,0.00767944870877
0.0,0.0,0.00767944870877
0.0,0.0,0.00767944870877
0.0,0.0,0.00802851455912
0.0,0.0,0.00802851455912
0.0,0.0,0.00802851455912
0.0,0.0,0.00785398163393
0.0,0.0,0.00785398163393
0.0,0.0,0.00785398163393
0.0,0.0,0.00802851455912
0.0,0.0,0.00767944870877
0.0,0.0,0.00767944870877
0.0,0.0,0.00767944870877
0.0,0.0,0.00820304748438
0.0,0.0,0.00820304748438
0.0,0.0,0.00802851455912
0.0,0.0,0.00820304748438
0.0,0.0,0.00785398163393
0.0,0.0,0.00802851455912
0.0,0.0,0.00802851455912
0.0,0.0,0.00802851455912
0.0,0.0,0.00820304748438
0.0,0.0,0.00837758040957
0.0,0.0,0.00837758040957
0.0,0.0,0.00855211333473
0.0,0.0,0.00855211333473
0.0,0.0,0.00837758040957
0.0,0.0,0.00837758040957
0.0,0.0,0.00820304748438
0.0,0.0,0.00820304748438
0.0,0.0,0.00820304748438
0.0,0.0,0.00802851455912
0.0,0.0,0.00785398163393
0.0,0.0,0.00767944870877
0.0,0.0,0.00767944870877
0.0,0.0,0.00785398163393
0.0,0.0,0.00820304748438
0.0,0.0,0.00855211333473
0.0,0.0,0.00837758040957
0.0,0.0,0.00802851455912
0.0,0.0,0.00802851455912
0.0,0.0,0.00802851455912
0.0,0.0,0.00767944870877
0.0,0.0,0.00785398163393
0.0,0.0,0.00802851455912
0.0,0.0,0.00837758040957
0.0,0.0,0.00802851455912
0.0,0.0,0.00767944870877
0.0,0.0,0.00750491578355
0.0,0.0,0.00733038285838
0.0,0.0,0.00733038285838
0.0,0.0,0.00698131700799
0.0,0.0,0.00733038285838
0.0,0.0,0.00733038285838
0.0,0.0,0.00750491578355
0.0,0.0,0.00733038285838
0.0,0.0,0.00750491578355
0.0,0.0,0.00750491578355
0.0,0.0,0.00767944870877
0.0,0.0,0.00785398163393
0.0,0.0,0.00785398163393
0.0,0.0,0.00767944870877
0.0,0.0,0.00802851455912
0.0,0.0,0.00785398163393
0.0,0.0,0.00785398163393
0.0,0.0,0.00785398163393
0.0,0.0,0.00785398163393
0.0,0.0,0.00785398163393
0.0,0.0,0.00767944870877
0.0,0.0,0.00715584993315
0.0,0.0,0.00698131700799
0.0,0.0,0.00645771823242
0.0,0.0,0.00610865238189
0.0,0.0,0.00663225115752
0.0,0.0,0.00610865238189
0.0,0.0,0.0059341194567
0.0,0.0,0.00558505360639
0.0,0.0,0.00541052068114
0.0,0.0,0.00558505360639
0.0,0.0,0.00575958653169
0.0,0.0,0.00575958653169
0.0,0.0,0.0059341194567
0.0,0.0,0.00558505360639
0.0,0.0,0.00558505360639
0.0,0.0,0.00558505360639
0.0,0.0,0.00558505360639
0.0,0.0,0.00541052068114
0.0,0.0,0.00506145483075
0.0,0.0,0.00488692190549
0.0,0.0,0.00506145483075
0.0,0.0,0.00506145483075
0.0,0.0,0.00488692190549
0.0,0.0,0.00488692190549
0.0,0.0,0.00506145483075
0.0,0.0,0.00488692190549
0.0,0.0,0.00471238898048
0.0,0.0,0.00471238898048
0.0,0.0,0.00436332312969
0.0,0.0,0.00418879020418
0.0,0.0,0.00401425727848
0.0,0.0,0.00401425727848
0.0,0.0,0.00418879020418
0.0,0.0,0.00401425727848
