0.0,0.0,2.84942453681
0.0,0.0,2.84942453681
0.0,0.0,2.84942453681
0.0,0.0,2.84942453681
0.0,0.0,2.84942453681
0.0,0.0,2.84942453681
0.0,0.0,2.84942453681
0.0,0.0,2.84942453681
0.0,0.0,2.84942453681
0.0,0.0,2.84942453681
0.0,0.0,2.84942453681
0.0,0.0,2.84942453681
0.0,0.0,2.84942453681
0.0,0.0,2.84942453681
0.0,0.0,2.84942453681
0.0,0.0,2.84942453681
0.0,0.0,2.84942453681
0.0,0.0,2.84942453681
0.0,0.0,2.84942453681
0.0,0.0,2.84942453681
0.0,0.0,2.84942453681
0.0,0.0,2.84942453681
0.0,0.0,2.84942453681
0.0,0.0,2.84942453681
0.0,0.0,2.84942453681
0.0,0.0,2.84942453681
0.0,0.0,2.84942453681
0.0,0.0,2.84942453681
0.0,0.0,2.84942453681
0.0,0.0,2.84942453681
0.0,0.0,2.84942453681
0.0,0.0,2.84959906973
0.0,0.0,2.84994813558
0.0,0.0,2.84994813558
0.0,0.0,2.84994813558
0.0,0.0,2.84959906973
0.0,0.0,2.84942453681
0.0,0.0,2.84907547096
0.0,0.0,2.84890093803
0.0,0.0,2.84890093803
0.0,0.0,2.84890093803
0.0,0.0,2.84837733925
0.0,0.0,2.84820280633
0.0,0.0,2.84785374048
0.0,0.0,2.8480282734
0.0,0.0,2.8480282734
0.0,0.0,2.84785374048
0.0,0.0,2.84767920755
0.0,0.0,2.84767920755
0.0,0.0,2.8473301417
0.0,0.0,2.8473301417
0.0,0.0,2.84767920755
0.0,0.0,2.84767920755
0.0,0.0,2.84767920755
0.0,0.0,2.84750467463
0.0,0.0,2.84698107585
0.0,0.0,2.84680654293
0.0,0.0,2.84680654293
0.0,0.0,2.84698107585
0.000122399949488,-3.723462254e-05,2.84541027953
0.00154829413798,-0.000478451164739,2.82690978946
0.0111598852449,-0.00522565959076,2.57139358696
0.0177678449129,-0.00984830735523,2.31325939059
0.012939276954,-0.00377993890194,2.16874612853
0.012939276954,-0.00377993890194,2.17188772118
0.012939276954,-0.00377993890194,2.17241131996
0.012939276954,-0.00377993890194,2.17258585288
0.012939276954,-0.00377993890194,2.17258585288
0.012939276954,-0.00377993890194,2.17258585288
0.012939276954,-0.00377993890194,2.17258585288
0.012939276954,-0.00377993890194,2.17258585288
0.012939276954,-0.00377993890194,2.17310945166
0.012939276954,-0.00377993890194,2.17328398458
0.012939276954,-0.00377993890194,2.17328398458
0.012939276954,-0.00377993890194,2.17310945166
0.012939276954,-0.00377993890194,2.17310945166
0.012939276954,-0.00377993890194,2.17328398458
0.012939276954,-0.00377993890194,2.17328398458
0.012939276954,-0.00377993890194,2.17328398458
0.012939276954,-0.00377993890194,2.17345851751
0.012939276954,-0.00377993890194,2.17398211628
0.012939276954,-0.00377993890194,2.17398211628
0.012939276954,-0.00377993890194,2.17468024798
0.0139467098983,-0.00526088806608,2.15687788961
0.0187796483498,-0.0164791260205,1.66207704667
0.0192342462819,-0.00908215461229,1.42296693915
0.0192342462819,-0.00908215461229,1.42645759765
0.0192342462819,-0.00908215461229,1.42715572936
0.0192342462819,-0.00908215461229,1.42680666351
0.0192342462819,-0.00908215461229,1.42715572936
0.0192342462819,-0.00908215461229,1.42715572936
0.0192342462819,-0.00908215461229,1.42680666351
0.0192342462819,-0.00908215461229,1.42733026228
0.0192342462819,-0.00908215461229,1.42698119643
0.0192342462819,-0.00908215461229,1.42680666351
0.0192342462819,-0.00908215461229,1.42663213058
0.0192342462819,-0.00908215461229,1.42715572936
0.0192342462819,-0.00908215461229,1.42785386106
0.0192342462819,-0.00908215461229,1.42733026228
0.0192342462819,-0.00908215461229,1.42733026228
0.0192342462819,-0.00908215461229,1.42733026228
0.0192342462819,-0.00908215461229,1.42733026228
0.0192342462819,-0.00908215461229,1.42733026228
0.0192342462819,-0.00908215461229,1.42733026228
0.0192342462819,-0.00908215461229,1.42733026228
0.0192342462819,-0.00908215461229,1.42733026228
0.0192342462819,-0.00908215461229,1.42733026228
0.0192342462819,-0.00908215461229,1.42733026228
0.0192342462819,-0.00908215461229,1.42733026228
0.0192342462819,-0.00908215461229,1.42733026228
