0,0,0,0.0475959777832
0,0,0,0.063854932785
0,0,0,0.0805809497833
0,0,0,0.0971760749817
0,0,0,0.114147901535
0.0,0.0,0.0,0.0152940750122
0.0,0.0,0.0,0.0320379734039
0.0,0.0,0.0,0.0487699508667
0.0,0.0,0.0,0.0657811164856
0.0,0.0,0.0,0.0826530456543
0.0,0.0,0.0,0.0989029407501
0.0,0.0,0.0,0.115523099899
0.0,0.0,0.0,0.132615089417
0.0,0.0,0.0,0.14892911911
0.0,0.0,0.0,0.165544986725
0.0,0.0,0.0,0.182461977005
0.0,0.0,0.0,0.199867963791
0.0,0.0,0.0,0.215533971786
0.0,0.0,0.0,0.232214927673
0.0,0.0,0.0,0.248860120773
0.0,0.0,0.0,0.265572071075
0.0,0.0,0.0,0.282468080521
0.0,0.0,0.0,0.299209117889
0.0,0.0,0.0,0.315438985825
0.0,0.0,0.0,0.332066059113
0.0,0.0,0.0,0.348899126053
0.0,0.0,0.0,0.365781068802
0.0,0.0,0.0,0.382334947586
0.0,0.0,0.0,0.39893913269
0.0,0.0,0.0,0.415597915649
0.0,0.0,0.0,0.4322681427
0.0,0.0,0.0,0.448971033096
0.0,0.0,0.0,0.465547084808
0.0,0.0,0.0,0.482453107834
0.0,0.0,0.0,0.499068021774
0.0,0.0,0.0,0.51547908783
0.0,0.0,0.0,0.532222032547
0.0,0.0,0.0,0.548929929733
0.0,0.0,0.0,0.565557956696
0.0,0.0,0.0,0.582335948944
0.0,0.0,0.0,0.598971128464
0.0,0.0,0.0,0.615499019623
0.0,0.0,0.0,0.6320540905
0.0,0.0,0.0,0.648736953735
0.0,0.0,0.0,0.665373086929
0.0,0.0,0.0,0.682024002075
0.0,0.0,0.0,0.698704957962
0.0,0.0,0.0,0.715399980545
0.0,0.0,0.0,0.732126951218
0.0,0.0,0.0,0.74875998497
0.0,0.0,0.0,0.765353918076
0.0,0.0,0.0,0.78201508522
0.0,0.0,0.0,0.798691034317
0.0,0.0,0.0,0.81568813324
0.0,0.0,0.0,0.83219408989
0.0,0.0,0.0,0.848855018616
0.0,0.0,0.0,0.865589141846
0.0,0.0,0.0,0.882390975952
0.0,0.0,0.0,0.898986101151
0.0,0.0,0.0,0.915988922119
0.0,0.0,0.0,0.932291030884
0.0,0.0,0.0,0.948632955551
0.0,0.0,0.0,0.965667963028
0.0,0.0,0.0,0.981920003891
0.0,0.0,0.0,0.998536109924
0.0,0.0,0.0,1.01526999474
0.0,0.0,0.0,1.03184700012
0.0,0.0,0.0,1.04866600037
0.0,0.0,0.0,1.06539797783
0.0,0.0,0.0,1.08211398125
0.0,0.0,0.0,1.09870100021
0.0,0.0,0.0,1.11533999443
0.0,0.0,0.0,1.13260293007
0.0,0.0,0.0,1.14869499207
0.0,0.0,0.0,1.1653649807
0.0,0.0,0.0,1.18203997612
0.0,0.0,0.0,1.19869613647
0.0,0.0,0.0,1.21534395218
0.0,0.0,0.0,1.23238396645
0.0,0.0,0.0,1.24873995781
0.0,0.0,0.0,1.26533913612
0.0,0.0,0.0,1.28201603889
0.0,0.0,0.0,1.2993080616
0.0,0.0,0.0,1.31608891487
0.0,0.0,0.0,1.33223700523
0.0,0.0,0.0,1.34886813164
0.0,0.0,0.0,1.36558508873
0.0,0.0,0.0,1.38238501549
0.0,0.0,0.0,1.39890503883
0.0,0.0,0.0,1.41550898552
0.0,0.0,0.0,1.43226003647
0.0,0.0,0.0,1.44883513451
0.0,0.0,0.0,1.46562409401
0.0,0.0,0.0,1.48239398003
0.0,0.0,0.0,1.4988861084
0.0,0.0,0.0,1.5157699585
0.0,0.0,0.0,1.53242111206
0.0,0.0,0.0,1.54882192612
0.0,0.0,0.0,1.56558799744
0.0,0.0,0.0,1.58232498169
0.0,0.0,0.0,1.59890413284
0.0,0.0,0.0,1.61565899849
0.0,0.0,0.0,1.63215208054
0.0,0.0,0.0,1.64876294136
0.0,0.0,0.0,1.66559410095
0.0,0.0,0.0,1.68230605125
0.0,0.0,0.0,1.69880104065
0.0,0.0,0.0,1.71560502052
0.0,0.0,0.0,1.73228812218
0.0,0.0,0.0,1.74892997742
0.0,0.0,0.0,1.76556491852
0.0,0.0,0.0,1.78220009804
0.0,0.0,0.0,1.79895305634
0.0,0.0,0.0,1.81561398506
0.0,0.0,0.0,1.83206391335
0.0,0.0,0.0,1.84872102737
0.0,0.0,0.0,1.86552810669
0.0,0.0,0.0,1.88239002228
0.0,0.0,0.0,1.89889907837
0.0,0.0,0.0,1.91561794281
0.0,0.0,0.0,1.93229198456
0.0,0.0,0.0,1.94883203506
0.0,0.0,0.0,1.96561312675
0.0,0.0,0.0,1.98245596886
0.0,0.0,0.0,1.99898791313
0.0,0.0,0.0,2.01554012299
0.0,0.0,0.0,2.03223896027
0.0,0.0,0.0,2.04859805107
0.0,0.0,0.0,2.06524205208
0.0,0.0,0.0,2.08208799362
0.0,0.0,0.0,2.09892106056
0.0,0.0,0.0,2.11561203003
0.0,0.0,0.0,2.13240098953
0.0,0.0,0.0,2.14880108833
0.0,0.0,0.0,2.16553401947
0.0,0.0,0.0,2.18230104446
0.0,0.0,0.0,2.19883298874
0.0,0.0,0.0,2.21552109718
0.0,0.0,0.0,2.23223590851
0.0,0.0,0.0,2.24891114235
0.0,0.0,0.0,2.26550602913
0.0,0.0,0.0,2.28236198425
0.0,0.0,0.0,2.29892992973
0.0,0.0,0.0,2.31552696228
0.0,0.0,0.0,2.33232402802
0.0,0.0,0.0,2.34894299507
0.0,0.0,0.0,2.36557412148
0.0,0.0,0.0,2.38247990608
0.0,0.0,0.0,2.39864706993
0.0,0.0,0.0,2.41549992561
0.0,0.0,0.0,2.43242502213
0.0,0.0,0.0,2.44890213013
0.0,0.0,0.0,2.46553492546
0.0,0.0,0.0,2.48218798637
0.0,0.0,0.0,2.49897193909
0.0,0.0,0.0,2.51554894447
0.0,0.0,0.0,2.53223109245
0.0,0.0,0.0,2.54874110222
0.0,0.0,0.0,2.56552791595
0.0,0.0,0.0,2.58234000206
0.0,0.0,0.0,2.59889101982
0.0,0.0,0.0,2.61566591263
0.0,0.0,0.0,2.63231110573
0.0,0.0,0.0,2.64903593063
0.0,0.0,0.0,2.66539907455
0.0,0.0,0.0,2.68199896812
0.0,0.0,0.0,2.69914698601
0.0,0.0,0.0,2.71555995941
0.0,0.0,0.0,2.7322280407
0.0,0.0,0.0,2.74880313873
0.0,0.0,0.0,2.76541996002
0.0,0.0,0.0,2.78210806847
0.0,0.0,0.0,2.79892301559
0.0,0.0,0.0,2.81540107727
0.0,0.0,0.0,2.83211898804
0.0,0.0,0.0,2.84886813164
0.0,0.0,0.0,2.86540412903
0.0,0.0,0.0,2.88212299347
0.0,0.0,0.0,2.89882302284
0.0,0.0,0.0,2.91567897797
0.0,0.0,0.0,2.93208098412
0.0,0.0,0.0,2.94875311852
0.0,0.0,0.0,2.96536803246
0.0,0.0,0.0,2.98238611221
0.0,0.0,0.0,2.99898004532
0.0,0.0,0.0,3.01547193527
0.0,0.0,0.0,3.0321419239
0.0,0.0,0.0,3.04921102524
0.0,0.0,0.0,3.06546092033
0.0,0.0,0.0,3.08238005638
0.0,0.0,0.0,3.09979009628
0.0,0.0,0.0,3.11564397812
0.0,0.0,0.0,3.13224101067
0.0,0.0,0.0,3.14880108833
0.0,0.0,0.0,3.16540908813
0.0,0.0,0.0,3.1821269989
0.0,0.0,0.0,3.19884395599
0.0,0.0,0.0,3.21562314034
0.0,0.0,0.0,3.23213601112
0.0,0.0,0.0,3.24879002571
0.0,0.0,0.0,3.26540994644
0.0,0.0,0.0,3.28212308884
0.0,0.0,0.0,3.29881501198
0.0,0.0,0.0,3.31540393829
0.0,0.0,0.0,3.33205699921
0.0,0.0,0.0,3.34910511971
0.0,0.0,0.0,3.36714601517
0.0,0.0,0.0,3.38239908218
0.0,0.0,0.0,3.39885592461
0.0,0.0,0.0,3.41550993919
0.0,0.0,0.0,3.43214201927
0.0,0.0,0.0,3.44881391525
0.0,0.0,0.0,3.46540212631
0.0,0.0,0.0,3.48217201233
0.0,0.0,0.0,3.49928593636
0.0,0.0,0.0,3.51574110985
0.0,0.0,0.0,3.53226208687
0.0,0.0,0.0,3.548869133
0.0,0.0,0.0,3.56551909447
0.0,0.0,0.0,3.58218407631
0.0,0.0,0.0,3.59866499901
0.0,0.0,0.0,3.61558294296
0.0,0.0,0.0,3.63222312927
0.0,0.0,0.0,3.64882802963
0.0,0.0,0.0,3.66550207138
0.0,0.0,0.0,3.68218994141
0.0,0.0,0.0,3.69894909859
0.0,0.0,0.0,3.71554207802
0.0,0.0,0.0,3.73234391212
0.0,0.0,0.0,3.74880599976
0.0,0.0,0.0,3.76566505432
0.0,0.0,0.0,3.78217291832
0.0,0.0,0.0,3.79864907265
0.0,0.0,0.0,3.81527495384
0.0,0.0,0.0,3.83266711235
0.0,0.0,0.0,3.8485751152
0.0,0.0,0.0,3.86597704887
0.0,0.0,0.0,3.8823390007
0.0,0.0,0.0,3.89924407005
0.0,0.0,0.0,3.91745305061
0.0,0.0,0.0,3.93202114105
0.0,0.0,0.0,3.94874405861
0.0,0.0,0.0,3.9657330513
0.0,0.0,0.0,3.98304796219
0.0,0.0,0.0,3.998691082
0.0,0.0,0.0,4.01547813416
0.0,0.0,0.0,4.03204512596
0.0,0.0,0.0,4.04878306389
0.0,0.0,0.0,4.06531596184
0.0,0.0,0.0,4.08197307587
0.0,0.0,0.0,4.09864211082
0.0,0.0,0.0,4.11538004875
0.0,0.0,0.0,4.13197898865
0.0,0.0,0.0,4.14876198769
0.0,0.0,0.0,4.165391922
0.0,0.0,0.0,4.18196702003
0.0,0.0,0.0,4.19860005379
0.0,0.0,0.0,4.21527791023
0.0,0.0,0.0,4.23195695877
0.0,0.0,0.0,4.24861502647
0.0,0.0,0.0,4.26529097557
0.0,0.0,0.0,4.28193712234
0.0,0.0,0.0,4.2985830307
0.0,0.0,0.0,4.31529712677
0.0,0.0,0.0,4.33190107346
0.0,0.0,0.0,4.34859609604
0.0,0.0,0.0,4.36562108994
0.0,0.0,0.0,4.38199710846
0.0,0.0,0.0,4.39879012108
0.0,0.0,0.0,4.41552305222
0.0,0.0,0.0,4.43220710754
0.0,0.0,0.0,4.44898605347
0.0,0.0,0.0,4.46552610397
0.0,0.0,0.0,4.48210096359
0.0,0.0,0.0,4.49864792824
0.0,0.0,0.0,4.51539897919
0.0,0.0,0.0,4.53208494186
0.0,0.0,0.0,4.54907512665
0.0,0.0,0.0,4.56599903107
0.0,0.0,0.0,4.58216905594
0.0,0.0,0.0,4.59901309013
0.0,0.0,0.0,4.61551403999
0.0,0.0,0.0,4.63253211975
0.0,0.0,0.0,4.64880895615
0.0,0.0,0.0,4.66542601585
0.0,0.0,0.0,4.68217110634
0.0,0.0,0.0,4.69895410538
0.0,0.0,0.0,4.71554493904
0.0,0.0,0.0,4.73205709457
0.0,0.0,0.0,4.74876213074
0.0,0.0,0.0,4.76545405388
0.0,0.0,0.0,4.78204512596
0.0,0.0,0.0,4.79876613617
0.0,0.0,0.0,4.81540894508
0.0,0.0,0.0,4.83239912987
0.0,0.0,0.0,4.84881210327
0.0,0.0,0.0,4.8654820919
0.0,0.0,0.0,4.88213300705
0.0,0.0,0.0,4.89906907082
0.0,0.0,0.0,4.91736412048
0.0,0.0,0.0,4.932117939
0.0,0.0,0.0,4.94899392128
0.0,0.0,0.0,4.9657599926
0.0,0.0,0.0,4.98200297356
0.0,0.0,0.0,4.99881410599
0.0,0.0,0.0,5.01558303833
0.0,0.0,0.0,5.03214001656
0.0,0.0,0.0,5.04881000519
0.0,0.0,0.0,5.06563901901
0.0,0.0,0.0,5.08213710785
Values = 0.110034203529,0.0
0.0,0.0,0.0,5.09914112091
0.0,0.0,0.0,5.11596298218
0.0,0.0,0.0,5.13244795799
0.0,0.0,0.0,5.14886403084
0.0,0.0,0.0,5.16543102264
0.0,0.0,0.0,5.18202114105
0.0,0.0,0.0,5.1987259388
0.0,0.0,0.0,5.21559309959
0.0,0.0,0.0,5.23215794563
0.0,0.0,0.0,5.24885392189
0.0,0.0,0.0,5.2655711174
0.0,0.0,0.0,5.28206300735
Values = 0.120031499863,0.0
0.0,0.0,0.0,5.299077034
0.001791133855,-8.78203759713e-18,-0.000174532925199,5.31555509567
0.001791133855,-8.78203759713e-18,-0.000174532925199,5.33225393295
0.001791133855,-8.78203759713e-18,-0.000174532925199,5.34878706932
0.00434989646604,-4.46588327917e-07,-0.000523598775599,5.3654229641
0.00434989646604,-4.46588327917e-07,-0.000523598775599,5.38209605217
0.00434989646604,-4.46588327917e-07,-0.000523598775599,5.39870810509
0.00434989646604,-4.46588327917e-07,-0.000523598775599,5.4156870842
0.0102776957926,-3.55037708094e-06,0.00261799387799,5.43217396736
0.0102776957926,-3.55037708094e-06,0.00261799387799,5.448802948
0.0102776957926,-3.55037708094e-06,0.00261799387799,5.46541810036
0.0102776957926,-3.55037708094e-06,0.00261799387799,5.48215413094
Values = 0.130026292801,-0.0029941727297
0.0156510789433,1.05171392507e-05,0.00226892802759,5.49895501137
0.0156510789433,1.05171392507e-05,0.00226892802759,5.51557302475
0.0156510789433,1.05171392507e-05,0.00226892802759,5.53216409683
0.0209391748083,2.25154687607e-05,0.00261799387799,5.54874205589
0.0209391748083,2.25154687607e-05,0.00261799387799,5.56543493271
0.0209391748083,2.25154687607e-05,0.00261799387799,5.58210897446
0.0209391748083,2.25154687607e-05,0.00261799387799,5.59885311127
0.0257155153867,3.50199277221e-05,0.00296705972839,5.61555314064
0.0275066413576,4.0334321054e-05,0.00279252680319,5.63216590881
0.0275066413576,4.0334321054e-05,0.00279252680319,5.64882111549
0.0275066413576,4.0334321054e-05,0.00279252680319,5.66563010216
Values = 0.140024089813,-0.00282183582149
0.0327947302154,5.51014893129e-05,0.00279252680319,5.68210291862
0.0327947302154,5.51014893129e-05,0.00279252680319,5.69888210297
0.0343299818193,5.93887317106e-05,0.00296705972839,5.71554112434
0.0343299818193,5.93887317106e-05,0.00296705972839,5.73222708702
0.0343299818193,5.93887317106e-05,0.00296705972839,5.74900794029
0.0399592348708,7.60911107535e-05,0.00261799387799,5.76541900635
0.0399592348708,7.60911107535e-05,0.00261799387799,5.78215003014
0.0399592348708,7.60911107535e-05,0.00261799387799,5.79878592491
0.0399592348708,7.60911107535e-05,0.00261799387799,5.81541013718
0.0455458475116,9.07168618602e-05,0.00401425727959,5.83207392693
0.0474649040369,9.84204898663e-05,0.00366519142919,5.84887909889
0.0474649040369,9.84204898663e-05,0.00366519142919,5.86555790901
Values = 0.150023198128,-0.00398125191985
0.0474649040369,9.84204898663e-05,0.00366519142919,5.88329696655
0.0474649040369,9.84204898663e-05,0.00366519142919,5.89946699142
0.0507486273815,0.000110456018418,0.00366519142919,5.91573405266
0.0507486273815,0.000110456018418,0.00366519142919,5.93259310722
0.0507486273815,0.000110456018418,0.00366519142919,5.94882106781
0.0574440113437,0.000134995992219,0.00663225115758,5.96549701691
0.0574440113437,0.000134995992219,0.00663225115758,5.98224306107
0.0574440113437,0.000134995992219,0.00663225115758,5.99878001213
0.0574440113437,0.000134995992219,0.00663225115758,6.01629304886
0.0632011006861,0.000173179014525,0.0127409035396,6.03216099739
0.0646083059196,0.000191109050874,0.0129154364648,6.04887294769
0.0646083059196,0.000191109050874,0.0129154364648,6.06594395638
0.0646083059196,0.000191109050874,0.0129154364648,6.08206605911
Values = 0.160111248493,-0.0138560335807
0.0646083059196,0.000191109050874,0.0129154364648,6.09915113449
0.0722839536435,0.000290248903896,0.0178023583703,6.11567306519
0.074799671551,0.000335039347466,0.0185004900711,6.13228607178
0.074799671551,0.000335039347466,0.0185004900711,6.14895510674
0.074799671551,0.000335039347466,0.0185004900711,6.16544294357
0.0822614521332,0.000473101696847,0.0209439510239,6.18209505081
0.0822614521332,0.000473101696847,0.0209439510239,6.19882392883
0.0822614521332,0.000473101696847,0.0209439510239,6.21549391747
0.0822614521332,0.000473101696847,0.0209439510239,6.2320959568
0.0889554126492,0.000613320180886,0.0205948851735,6.24892711639
0.0889554126492,0.000613320180886,0.0205948851735,6.26554107666
0.0889554126492,0.000613320180886,0.0205948851735,6.28215909004
Values = 0.170033097267,-0.0212875096751
0.0889554126492,0.000613320180886,0.0205948851735,6.29951310158
0.0962037027073,0.000762618991262,0.0211184839491,6.31556606293
0.0962037027073,0.000762618991262,0.0211184839491,6.33225393295
0.0962037027073,0.000762618991262,0.0211184839491,6.34886193275
0.103025548253,0.000906707448237,0.0216420827247,6.36563301086
0.103025548253,0.000906707448237,0.0216420827247,6.38212990761
0.103025548253,0.000906707448237,0.0216420827247,6.39903903008
0.103025548253,0.000906707448237,0.0216420827247,6.41551113129
0.110572130392,0.00107005670715,0.0226892802759,6.43217802048
0.113258139643,0.00113101078401,0.0230383461263,6.44885706902
0.113258139643,0.00113101078401,0.0230383461263,6.46579408646
0.113258139643,0.00113101078401,0.0230383461263,6.48207306862
Values = 0.180018043518,-0.0244265175291
0.113258139643,0.00113101078401,0.0230383461263,6.4988489151
0.120506043257,0.0012980200448,0.0230383461263,6.51558494568
0.120506043257,0.0012980200448,0.0230383461263,6.53207802773
0.120506043257,0.0012980200448,0.0230383461263,6.54880404472
0.128606641415,0.00148467745392,0.0249582083035,6.56546401978
0.131164607164,0.00154853295526,0.0251327412287,6.5820081234
0.131164607164,0.00154853295526,0.0251327412287,6.59862804413
0.131164607164,0.00154853295526,0.0251327412287,6.61533904076
0.131164607164,0.00154853295526,0.0251327412287,6.63205814362
0.139392694349,0.00175537089317,0.0246091424531,6.64878201485
0.139392694349,0.00175537089317,0.0246091424531,6.66550993919
0.139392694349,0.00175537089317,0.0246091424531,6.68207812309
Values = 0.190023338795,-0.0267040037444
0.139392694349,0.00175537089317,0.0246091424531,6.69869995117
0.147663521838,0.00195894996321,0.0261799387799,6.71535801888
0.147663521838,0.00195894996321,0.0261799387799,6.73207807541
0.147663521838,0.00195894996321,0.0261799387799,6.74866294861
0.155976650772,0.00217663690548,0.0263544717051,6.76540708542
0.155976650772,0.00217663690548,0.0263544717051,6.78214693069
0.155976650772,0.00217663690548,0.0263544717051,6.79881906509
0.155976650772,0.00217663690548,0.0263544717051,6.8155169487
0.164033954177,0.00238903205595,0.0279252680319,6.8322019577
0.164033954177,0.00238903205595,0.0279252680319,6.84884309769
0.164033954177,0.00238903205595,0.0279252680319,6.86557412148
0.169703666653,0.00254740146523,0.0275762021815,6.88218307495
Values = 0.200013792515,-0.0310309478026
0.169703666653,0.00254740146523,0.0275762021815,6.89889192581
0.169703666653,0.00254740146523,0.0275762021815,6.91995000839
0.169703666653,0.00254740146523,0.0275762021815,6.93239307404
0.17903959946,0.00280491631463,0.0340339204139,6.94901609421
0.17903959946,0.00280491631463,0.0340339204139,6.96548008919
0.17903959946,0.00280491631463,0.0340339204139,6.98262810707
0.189396587007,0.00315754136448,0.0455530934771,6.99921512604
0.189396587007,0.00315754136448,0.0455530934771,7.01543092728
0.189396587007,0.00315754136448,0.0455530934771,7.03215408325
0.189396587007,0.00315754136448,0.0455530934771,7.04950094223
0.199237603904,0.00360614046368,0.0457276264023,7.06560707092
Values = 0.210024690628,-0.0410418459159
0.199237603904,0.00360614046368,0.0457276264023,7.0821621418
0.199237603904,0.00360614046368,0.0457276264023,7.09873509407
0.199237603904,0.00360614046368,0.0457276264023,7.1157450676
0.208737730634,0.00404086175487,0.0460766922527,7.13231801987
0.208737730634,0.00404086175487,0.0460766922527,7.14896893501
0.208737730634,0.00404086175487,0.0460766922527,7.16559505463
0.215681658114,0.00436104158363,0.0462512251779,7.18231296539
0.215681658114,0.00436104158363,0.0462512251779,7.1992559433
0.215681658114,0.00436104158363,0.0462512251779,7.21545410156
0.215681658114,0.00436104158363,0.0462512251779,7.23210191727
0.226459569081,0.00485988892884,0.0469493568786,7.24888396263
0.226459569081,0.00485988892884,0.0469493568786,7.26541495323
0.226459569081,0.00485988892884,0.0469493568786,7.2820930481
Values = 0.220019292831,-0.0510364481192
0.232977223991,0.00516611366609,0.052534410485,7.29866504669
0.232977223991,0.00516611366609,0.052534410485,7.31541013718
0.232977223991,0.00516611366609,0.052534410485,7.33211493492
0.232977223991,0.00516611366609,0.052534410485,7.34910511971
0.24021704953,0.00554680391506,0.0528834763354,7.36536097527
0.24021704953,0.00554680391506,0.0528834763354,7.38204813004
0.24021704953,0.00554680391506,0.0528834763354,7.39866709709
0.24021704953,0.00554680391506,0.0528834763354,7.4154279232
0.249415717281,0.00603371543707,0.059515727493,7.43210411072
0.249415717281,0.00603371543707,0.059515727493,7.44895100594
0.249415717281,0.00603371543707,0.059515727493,7.46539711952
0.259845499022,0.00665518543243,0.0642281164734,7.48251795769
Values = 0.230016994476,-0.0610341497641
0.263377822284,0.00688237238931,0.0654498469498,7.49904608727
0.263377822284,0.00688237238931,0.0654498469498,7.51544809341
0.263377822284,0.00688237238931,0.0654498469498,7.53211092949
0.263377822284,0.00688237238931,0.0654498469498,7.54878592491
0.274144170419,0.00758803612797,0.0670206432766,7.56556296349
0.2780587982,0.00785079052842,0.0675442420522,7.58236312866
0.2780587982,0.00785079052842,0.0675442420522,7.59892892838
0.2780587982,0.00785079052842,0.0675442420522,7.61548995972
0.2780587982,0.00785079052842,0.0675442420522,7.63219404221
0.28912148639,0.00859914982461,0.0687659725286,7.649132967
0.28912148639,0.00859914982461,0.0687659725286,7.66556692123
Values = 0.240007889271,-0.0710250445586
0.28912148639,0.00859914982461,0.0687659725286,7.68203306198
0.299630163748,0.00932293046435,0.0687659725286,7.6987349987
0.299630163748,0.00932293046435,0.0687659725286,7.71526694298
0.299630163748,0.00932293046435,0.0687659725286,7.73225092888
0.299630163748,0.00932293046435,0.0687659725286,7.74906897545
0.309798479087,0.0100232688162,0.0703367688554,7.76545405388
0.309798479087,0.0100232688162,0.0703367688554,7.78209710121
0.309798479087,0.0100232688162,0.0703367688554,7.79868102074
0.309798479087,0.0100232688162,0.0703367688554,7.81651806831
0.320348547166,0.0107665526603,0.069987703005,7.83224511147
0.320348547166,0.0107665526603,0.069987703005,7.84881591797
0.320348547166,0.0107665526603,0.069987703005,7.86585402489
0.330771249135,0.0114972070028,0.0748746249106,7.88226294518
Values = 0.249447139282,-0.0810208865386
0.330771249135,0.0114972070028,0.0748746249106,7.89905405045
0.330771249135,0.0114972070028,0.0748746249106,7.91555094719
0.330771249135,0.0114972070028,0.0748746249106,7.93212604523
0.343826902649,0.0124765750277,0.0795870138909,7.94934892654
0.348078007993,0.0128156239661,0.0813323431429,7.9658010006
0.348078007993,0.0128156239661,0.0813323431429,7.98235607147
0.348078007993,0.0128156239661,0.0813323431429,7.99870204926
0.360914539489,0.0138619573162,0.0816814089933,8.0156891346
0.360914539489,0.0138619573162,0.0816814089933,8.03206706047
0.365079917689,0.014202949965,0.0822050077689,8.04871606827
0.365079917689,0.014202949965,0.0822050077689,8.06565499306
Values = 0.259475596924,-0.0910493441802
0.365079917689,0.014202949965,0.0822050077689,8.08219909668
0.377065490569,0.0151904494758,0.0829031394697,8.0986521244
0.377065490569,0.0151904494758,0.0829031394697,8.11546301842
0.377065490569,0.0151904494758,0.0829031394697,8.1321849823
0.377065490569,0.0151904494758,0.0829031394697,8.14879703522
0.389985361805,0.0162640079882,0.0844739357965,8.16544699669
0.389985361805,0.0162640079882,0.0844739357965,8.18207192421
0.389985361805,0.0162640079882,0.0844739357965,8.1987259388
0.400566362035,0.0171599588593,0.0844739357965,8.21596002579
0.400566362035,0.0171599588593,0.0844739357965,8.23208808899
0.400566362035,0.0171599588593,0.0844739357965,8.24879097939
0.400566362035,0.0171599588593,0.0844739357965,8.26733708382
0.415056808134,0.0183869437871,0.0855211333477,8.28214406967
Values = 0.269446393032,-0.101020140288
0.415056808134,0.0183869437871,0.0855211333477,8.29886293411
0.415056808134,0.0183869437871,0.0855211333477,8.31721305847
0.415056808134,0.0183869437871,0.0855211333477,8.33266592026
0.428398726383,0.0195307496644,0.0890117918517,8.34897303581
0.433198651256,0.0199591315469,0.0883136601509,8.36556506157
0.433198651256,0.0199591315469,0.0883136601509,8.38195991516
0.433198651256,0.0199591315469,0.0883136601509,8.39863801003
0.446367403989,0.0211251452422,0.0884881930761,8.41528606415
0.446367403989,0.0211251452422,0.0884881930761,8.43209505081
0.4485338427,0.0213173514196,0.0888372589265,8.44899010658
0.4485338427,0.0213173514196,0.0888372589265,8.46533298492
0.4485338427,0.0213173514196,0.0888372589265,8.48231291771
Values = 0.279437693138,-0.111011440394
0.463188708634,0.0226226852709,0.0879645943005,8.49873805046
0.463188708634,0.0226226852709,0.0879645943005,8.51563191414
0.463188708634,0.0226226852709,0.0879645943005,8.53214812279
0.463188708634,0.0226226852709,0.0879645943005,8.54881906509
0.475678169054,0.0237241580374,0.0932005820565,8.56546592712
0.475678169054,0.0237241580374,0.0932005820565,8.58217811584
0.475678169054,0.0237241580374,0.0932005820565,8.59882712364
0.486930323189,0.0247759124188,0.0923279174305,8.61549806595
0.486930323189,0.0247759124188,0.0923279174305,8.63217496872
0.486930323189,0.0247759124188,0.0923279174305,8.64891600609
0.486930323189,0.0247759124188,0.0923279174305,8.66549110413
Values = 0.289432092686,-0.121005839942
0.497758746805,0.0257785287564,0.0951204442337,8.6830971241
0.497758746805,0.0257785287564,0.0951204442337,8.69886493683
0.497758746805,0.0257785287564,0.0951204442337,8.71542596817
0.51427306535,0.0273541329105,0.102799892942,8.73342394829
0.51427306535,0.0273541329105,0.102799892942,8.74883794785
0.51427306535,0.0273541329105,0.102799892942,8.76557397842
0.51427306535,0.0273541329105,0.102799892942,8.7820520401
0.523987452532,0.0283563036149,0.108908545324,8.79874992371
0.530473639698,0.0290655110302,0.108384946549,8.81546807289
0.530473639698,0.0290655110302,0.108384946549,8.83213996887
0.530473639698,0.0290655110302,0.108384946549,8.84878492355
0.530473639698,0.0290655110302,0.108384946549,8.86541604996
0.54399790035,0.0305371042299,0.117460658659,8.88256597519
0.54399790035,0.0305371042299,0.117460658659,8.90098595619
0.54399790035,0.0305371042299,0.117460658659,8.91562008858
0.54399790035,0.0305371042299,0.117460658659,8.93230414391
0.558821166287,0.0322863068058,0.124965574443,8.94895911217
0.558821166287,0.0322863068058,0.124965574443,8.96547293663
0.558821166287,0.0322863068058,0.124965574443,8.98293113708
0.574350216585,0.0342370687072,0.124965574443,8.99886798859
0.574350216585,0.0342370687072,0.124965574443,9.01554393768
0.574350216585,0.0342370687072,0.124965574443,9.03213691711
0.574350216585,0.0342370687072,0.124965574443,9.04885792732
0.588779116181,0.0360496294929,0.126012771994,9.06551408768
0.588779116181,0.0360496294929,0.126012771994,9.08216404915
0.588779116181,0.0360496294929,0.126012771994,9.09909796715
0.603079186059,0.0378612199848,0.125663706144,9.11552596092
0.603079186059,0.0378612199848,0.125663706144,9.13214993477
0.603079186059,0.0378612199848,0.125663706144,9.14881706238
0.603079186059,0.0378612199848,0.125663706144,9.16589093208
0.617252958128,0.0396517838006,0.125489173218,9.1823720932
0.617252958128,0.0396517838006,0.125489173218,9.19877290726
0.617252958128,0.0396517838006,0.125489173218,9.21595692635
0.631384731794,0.0414345362171,0.125140107368,9.23195409775
0.631384731794,0.0414345362171,0.125140107368,9.24871706963
0.636419926457,0.0420679509093,0.125140107368,9.26533913612
0.636419926457,0.0420679509093,0.125140107368,9.28249502182
0.636419926457,0.0420679509093,0.125140107368,9.29887199402
0.651144697402,0.0439202896733,0.124965574443,9.31549501419
0.651144697402,0.0439202896733,0.124965574443,9.33225011826
0.651144697402,0.0439202896733,0.124965574443,9.34912490845
0.651144697402,0.0439202896733,0.124965574443,9.36541604996
0.659141946738,0.0449249054753,0.124267442742,9.38240194321
0.659141946738,0.0449249054753,0.124267442742,9.39902091026
0.659141946738,0.0449249054753,0.124267442742,9.41554903984
0.658803409225,0.0448826183886,0.124267442742,9.43265295029
0.658803409225,0.0448826183886,0.124267442742,9.44904899597
0.659395849873,0.0449566207904,0.124965574443,9.4655110836
0.659395849873,0.0449566207904,0.124965574443,9.48207902908
0.65977667127,0.0450044596381,0.126710903695,9.49864292145
0.65977667127,0.0450044596381,0.126710903695,9.51556491852
0.65977667127,0.0450044596381,0.126710903695,9.53215909004
0.65977667127,0.0450044596381,0.126710903695,9.54884195328
0.659607454682,0.0449829025567,0.126187304919,9.56553912163
0.659607454682,0.0449829025567,0.126187304919,9.58214306831
0.659607454682,0.0449829025567,0.126187304919,9.59884095192
0.659226692016,0.0449345984837,0.12653637077,9.61553096771
0.659226692016,0.0449345984837,0.12653637077,9.6326239109
0.659226692016,0.0449345984837,0.12653637077,9.64876413345
0.659226692016,0.0449345984837,0.12653637077,9.66539812088
0.659226692016,0.0449345984837,0.126012771994,9.68231010437
0.659268999915,0.0449399582189,0.126012771994,9.69882011414
0.659268999915,0.0449399582189,0.126012771994,9.71552109718
0.659268999915,0.0449399582189,0.126012771994,9.73226094246
0.659311307814,0.044945317954,0.126361837844,9.74908614159
0.659311307814,0.044945317954,0.126361837844,9.76558995247
0.659311307814,0.044945317954,0.126187304919,9.78214097023
0.659311307814,0.044945317954,0.126187304919,9.79876708984
0.659311307814,0.044945317954,0.126187304919,9.81545090675
0.659311307814,0.044945317954,0.126012771994,9.83209013939
0.659311307814,0.044945317954,0.126012771994,9.84891796112
0.659311307814,0.044945317954,0.126012771994,9.86570596695
0.659311307814,0.044945317954,0.126012771994,9.88242912292
0.659311307814,0.044945317954,0.126012771994,9.89885210991
0.659311307814,0.044945317954,0.126012771994,9.91555213928
0.659311307814,0.044945317954,0.126012771994,9.93219900131
0.659311307814,0.044945317954,0.126012771994,9.94886898994
0.659311307814,0.044945317954,0.126012771994,9.96549105644
0.659311307814,0.044945317954,0.126012771994,9.98230099678
0.659311307814,0.044945317954,0.126012771994,9.99869799614
0.659311307814,0.044945317954,0.126012771994,10.0153980255
0.659311307814,0.044945317954,0.126012771994,10.0320680141
0.659311307814,0.044945317954,0.126012771994,10.0492899418
0.659311307814,0.044945317954,0.126012771994,10.0654599667
0.659311307814,0.044945317954,0.126012771994,10.0821371078
0.659311307814,0.044945317954,0.126012771994,10.0988221169
0.659311307814,0.044945317954,0.125838239069,10.1159751415
0.659311307814,0.044945317954,0.125838239069,10.1327650547
0.659311307814,0.044945317954,0.125838239069,10.1488490105
0.659311307814,0.044945317954,0.125838239069,10.1666920185
0.659311307814,0.044945317954,0.125838239069,10.1823060513
0.659311307814,0.044945317954,0.125838239069,10.1990220547
0.659311307814,0.044945317954,0.125838239069,10.2157161236
0.659311307814,0.044945317954,0.125838239069,10.2320950031
0.659311307814,0.044945317954,0.125838239069,10.2499740124
0.659311307814,0.044945317954,0.125838239069,10.2655160427
0.659311307814,0.044945317954,0.125838239069,10.2822639942
0.659311307814,0.044945317954,0.125838239069,10.2988641262
0.659311307814,0.044945317954,0.125838239069,10.3169131279
0.659311307814,0.044945317954,0.125838239069,10.3321750164
0.659311307814,0.044945317954,0.125838239069,10.3496770859
0.659311307814,0.044945317954,0.125838239069,10.3654899597
0.659311307814,0.044945317954,0.125838239069,10.3822939396
0.659311307814,0.044945317954,0.125838239069,10.3988039494
0.659311307814,0.044945317954,0.125838239069,10.415678978
0.659311307814,0.044945317954,0.125838239069,10.4321479797
0.659311307814,0.044945317954,0.125838239069,10.4488019943
0.659311307814,0.044945317954,0.125838239069,10.4655151367
0.659311307814,0.044945317954,0.125838239069,10.4821140766
0.659311307814,0.044945317954,0.125838239069,10.4991140366
0.659311307814,0.044945317954,0.125838239069,10.5157399178
0.659311307814,0.044945317954,0.125838239069,10.5322210789
0.659311307814,0.044945317954,0.125838239069,10.5488209724
0.659311307814,0.044945317954,0.125838239069,10.5654001236
0.659311307814,0.044945317954,0.125838239069,10.5820569992
0.659311307814,0.044945317954,0.125838239069,10.5988299847
0.659311307814,0.044945317954,0.125838239069,10.6154990196
0.659311307814,0.044945317954,0.125838239069,10.6321179867
0.659311307814,0.044945317954,0.125838239069,10.6487410069
0.659311307814,0.044945317954,0.125838239069,10.6654479504
0.659311307814,0.044945317954,0.125838239069,10.6821920872
0.659311307814,0.044945317954,0.125838239069,10.6988830566
0.659311307814,0.044945317954,0.125838239069,10.7156839371
0.659311307814,0.044945317954,0.125838239069,10.732419014
0.659311307814,0.044945317954,0.125838239069,10.7491340637
0.659311307814,0.044945317954,0.125838239069,10.7656130791
0.659311307814,0.044945317954,0.125838239069,10.7823269367
0.659311307814,0.044945317954,0.125838239069,10.7988250256
0.659311307814,0.044945317954,0.125838239069,10.8155350685
0.659311307814,0.044945317954,0.125838239069,10.8321459293
0.659311307814,0.044945317954,0.125838239069,10.8490869999
0.659311307814,0.044945317954,0.125838239069,10.8653781414
0.659311307814,0.044945317954,0.125838239069,10.8828470707
0.659311307814,0.044945317954,0.125838239069,10.8987390995
0.659311307814,0.044945317954,0.125838239069,10.9153680801
0.659311307814,0.044945317954,0.125838239069,10.9323699474
0.659311307814,0.044945317954,0.125838239069,10.9490580559
0.659311307814,0.044945317954,0.125838239069,10.9656851292
0.659311307814,0.044945317954,0.125838239069,10.9822900295
0.659311307814,0.044945317954,0.125838239069,10.9989850521
0.659311307814,0.044945317954,0.125838239069,11.0157079697
0.659311307814,0.044945317954,0.125838239069,11.0326371193
0.659311307814,0.044945317954,0.125838239069,11.0487780571
0.659311307814,0.044945317954,0.125838239069,11.0656371117
0.659311307814,0.044945317954,0.125838239069,11.082873106
0.659311307814,0.044945317954,0.125838239069,11.098993063
0.659311307814,0.044945317954,0.125838239069,11.1156280041
0.659311307814,0.044945317954,0.125838239069,11.1326761246
0.659311307814,0.044945317954,0.125838239069,11.1493079662
0.659311307814,0.044945317954,0.125838239069,11.1654651165
0.659311307814,0.044945317954,0.125838239069,11.1821861267
0.659311307814,0.044945317954,0.125838239069,11.1988580227
0.659311307814,0.044945317954,0.125838239069,11.2154481411
0.659311307814,0.044945317954,0.125838239069,11.2320759296
0.659311307814,0.044945317954,0.125838239069,11.2489550114
0.659311307814,0.044945317954,0.125838239069,11.2660109997
0.659311307814,0.044945317954,0.125838239069,11.2824170589
0.659311307814,0.044945317954,0.125838239069,11.2987480164
0.659311307814,0.044945317954,0.125838239069,11.3153700829
0.659311307814,0.044945317954,0.125838239069,11.3320701122
0.659311307814,0.044945317954,0.125838239069,11.348772049
0.659311307814,0.044945317954,0.125838239069,11.3653731346
0.659311307814,0.044945317954,0.125838239069,11.3821361065
0.659311307814,0.044945317954,0.125838239069,11.3987441063
0.659311307814,0.044945317954,0.125838239069,11.4154479504
0.659311307814,0.044945317954,0.125838239069,11.4323370457
0.659311307814,0.044945317954,0.125838239069,11.4488999844
0.659311307814,0.044945317954,0.125838239069,11.4655201435
0.659311307814,0.044945317954,0.125838239069,11.4824230671
0.659311307814,0.044945317954,0.125838239069,11.4990069866
0.659311307814,0.044945317954,0.125838239069,11.5159609318
0.659311307814,0.044945317954,0.125838239069,11.5322880745
0.659311307814,0.044945317954,0.125838239069,11.5494830608
0.659311307814,0.044945317954,0.125838239069,11.5657529831
0.659311307814,0.044945317954,0.125838239069,11.5828039646
0.659311307814,0.044945317954,0.125838239069,11.5989029408
0.659311307814,0.044945317954,0.125838239069,11.6155509949
0.659311307814,0.044945317954,0.125838239069,11.6322379112
0.659311307814,0.044945317954,0.125838239069,11.6488380432
0.659311307814,0.044945317954,0.125838239069,11.6655030251
0.659311307814,0.044945317954,0.125838239069,11.6824021339
0.659311307814,0.044945317954,0.125838239069,11.6991901398
0.659311307814,0.044945317954,0.125838239069,11.7154040337
0.659311307814,0.044945317954,0.125838239069,11.7320790291
0.659311307814,0.044945317954,0.125838239069,11.7487039566
0.659311307814,0.044945317954,0.125838239069,11.7656190395
0.659311307814,0.044945317954,0.125838239069,11.7821550369
0.659311307814,0.044945317954,0.125838239069,11.7987139225
0.659311307814,0.044945317954,0.125838239069,11.8154199123
0.659311307814,0.044945317954,0.125838239069,11.8323249817
0.659311307814,0.044945317954,0.125838239069,11.8490469456
0.659311307814,0.044945317954,0.125838239069,11.8657910824
0.659311307814,0.044945317954,0.125838239069,11.8835499287
0.659311307814,0.044945317954,0.125838239069,11.8990471363
0.659311307814,0.044945317954,0.125838239069,11.9161829948
0.659311307814,0.044945317954,0.125838239069,11.9323301315
0.659311307814,0.044945317954,0.125838239069,11.9492499828
0.659311307814,0.044945317954,0.125838239069,11.9657769203
0.659311307814,0.044945317954,0.125838239069,11.9827940464
0.659311307814,0.044945317954,0.125838239069,11.9988310337
0.659311307814,0.044945317954,0.125838239069,12.0154919624
0.659311307814,0.044945317954,0.125838239069,12.0322010517
0.659311307814,0.044945317954,0.125838239069,12.0488629341
0.659311307814,0.044945317954,0.125838239069,12.0655429363
0.659311307814,0.044945317954,0.125838239069,12.0821669102
0.659311307814,0.044945317954,0.125838239069,12.1000621319
0.659311307814,0.044945317954,0.125838239069,12.1155509949
0.659311307814,0.044945317954,0.125838239069,12.1322410107
0.659311307814,0.044945317954,0.125838239069,12.1488120556
0.659311307814,0.044945317954,0.125838239069,12.1655189991
0.659311307814,0.044945317954,0.125838239069,12.182295084
0.659311307814,0.044945317954,0.125838239069,12.1988129616
0.659311307814,0.044945317954,0.125838239069,12.215542078
0.659311307814,0.044945317954,0.125838239069,12.2323050499
0.659311307814,0.044945317954,0.125838239069,12.2487370968
0.659311307814,0.044945317954,0.125838239069,12.2652299404
0.659311307814,0.044945317954,0.125838239069,12.2834570408
0.659311307814,0.044945317954,0.125838239069,12.2986769676
0.659311307814,0.044945317954,0.125838239069,12.3153431416
0.659311307814,0.044945317954,0.125838239069,12.3320069313
0.659311307814,0.044945317954,0.125838239069,12.3486521244
0.659311307814,0.044945317954,0.125838239069,12.3653309345
0.659311307814,0.044945317954,0.125838239069,12.3819830418
0.659311307814,0.044945317954,0.125838239069,12.3988330364
0.659311307814,0.044945317954,0.125838239069,12.4155359268
0.659311307814,0.044945317954,0.125838239069,12.4323251247
0.659311307814,0.044945317954,0.125838239069,12.4500939846
0.659311307814,0.044945317954,0.125838239069,12.4658420086
0.659311307814,0.044945317954,0.125838239069,12.4822671413
0.659311307814,0.044945317954,0.125838239069,12.4987170696
0.659311307814,0.044945317954,0.125838239069,12.5154190063
0.659311307814,0.044945317954,0.125838239069,12.532184124
0.659311307814,0.044945317954,0.125838239069,12.5487279892
0.659311307814,0.044945317954,0.125838239069,12.565376997
0.659311307814,0.044945317954,0.125838239069,12.5824179649
0.659311307814,0.044945317954,0.125838239069,12.5990879536
0.659311307814,0.044945317954,0.125838239069,12.6154859066
0.659311307814,0.044945317954,0.125838239069,12.6321361065
0.659311307814,0.044945317954,0.125838239069,12.6488759518
0.659311307814,0.044945317954,0.125838239069,12.665473938
0.659311307814,0.044945317954,0.125838239069,12.6826930046
0.659311307814,0.044945317954,0.125838239069,12.6988420486
0.659311307814,0.044945317954,0.125838239069,12.7154791355
0.659311307814,0.044945317954,0.125838239069,12.7321920395
0.659311307814,0.044945317954,0.125838239069,12.748855114
0.659311307814,0.044945317954,0.125838239069,12.7654759884
0.659311307814,0.044945317954,0.125838239069,12.7821559906
0.659311307814,0.044945317954,0.125838239069,12.7988500595
0.659311307814,0.044945317954,0.125838239069,12.8154900074
0.659311307814,0.044945317954,0.125838239069,12.8321669102
0.659311307814,0.044945317954,0.125838239069,12.8488440514
0.659311307814,0.044945317954,0.125838239069,12.8655099869
0.659311307814,0.044945317954,0.125838239069,12.8821709156
0.659311307814,0.044945317954,0.125838239069,12.898870945
0.659311307814,0.044945317954,0.125838239069,12.9154939651
0.659311307814,0.044945317954,0.125838239069,12.9323699474
0.659311307814,0.044945317954,0.125838239069,12.9489130974
0.659311307814,0.044945317954,0.125838239069,12.9655060768
0.659311307814,0.044945317954,0.125838239069,12.9821231365
0.659311307814,0.044945317954,0.125838239069,12.9988360405
0.659311307814,0.044945317954,0.125838239069,13.0154850483
0.659311307814,0.044945317954,0.125838239069,13.0320401192
0.659311307814,0.044945317954,0.125838239069,13.0489289761
0.659311307814,0.044945317954,0.125838239069,13.0654609203
0.659311307814,0.044945317954,0.125838239069,13.0821881294
0.659311307814,0.044945317954,0.125838239069,13.0988960266
0.659311307814,0.044945317954,0.125838239069,13.1154990196
0.659311307814,0.044945317954,0.125838239069,13.1322569847
0.659311307814,0.044945317954,0.125838239069,13.1489760876
0.659311307814,0.044945317954,0.125838239069,13.1655290127
0.659311307814,0.044945317954,0.125838239069,13.1822559834
0.659311307814,0.044945317954,0.125838239069,13.1988871098
0.659311307814,0.044945317954,0.125838239069,13.215485096
0.659311307814,0.044945317954,0.125838239069,13.2321789265
0.659311307814,0.044945317954,0.125838239069,13.2489221096
0.659311307814,0.044945317954,0.125838239069,13.2654309273
0.659311307814,0.044945317954,0.125838239069,13.2822849751
0.659311307814,0.044945317954,0.125838239069,13.2987380028
0.659311307814,0.044945317954,0.125838239069,13.3154609203
0.659311307814,0.044945317954,0.125838239069,13.3321950436
0.659311307814,0.044945317954,0.125838239069,13.348911047
0.659311307814,0.044945317954,0.125838239069,13.3654999733
0.659311307814,0.044945317954,0.125838239069,13.3824441433
0.659311307814,0.044945317954,0.125838239069,13.3988509178
0.659311307814,0.044945317954,0.125838239069,13.4155960083
0.659311307814,0.044945317954,0.125838239069,13.4322330952
0.659311307814,0.044945317954,0.125838239069,13.4489500523
0.659311307814,0.044945317954,0.125838239069,13.4655020237
0.659311307814,0.044945317954,0.125838239069,13.4821510315
0.659311307814,0.044945317954,0.125838239069,13.4989321232
0.659311307814,0.044945317954,0.125838239069,13.5155630112
0.659311307814,0.044945317954,0.125838239069,13.5328040123
0.659311307814,0.044945317954,0.125838239069,13.5490419865
0.659311307814,0.044945317954,0.125838239069,13.5657119751
0.659311307814,0.044945317954,0.125838239069,13.5823020935
0.659311307814,0.044945317954,0.125838239069,13.5994141102
0.659311307814,0.044945317954,0.125838239069,13.6157231331
0.659311307814,0.044945317954,0.125838239069,13.6324379444
0.659311307814,0.044945317954,0.125838239069,13.6490280628
0.659311307814,0.044945317954,0.125838239069,13.6660101414
0.659311307814,0.044945317954,0.125838239069,13.683257103
0.659311307814,0.044945317954,0.125838239069,13.6992270947
0.659311307814,0.044945317954,0.125838239069,13.7157170773
0.659311307814,0.044945317954,0.125838239069,13.7327110767
0.659311307814,0.044945317954,0.125838239069,13.7491209507
0.659311307814,0.044945317954,0.125838239069,13.7664189339
0.659311307814,0.044945317954,0.125838239069,13.7824549675
0.659311307814,0.044945317954,0.125838239069,13.7996311188
0.659311307814,0.044945317954,0.125838239069,13.8157579899
0.659311307814,0.044945317954,0.125838239069,13.8324210644
0.659311307814,0.044945317954,0.125838239069,13.8490719795
0.659311307814,0.044945317954,0.125838239069,13.8658969402
0.659311307814,0.044945317954,0.125838239069,13.882062912
0.659311307814,0.044945317954,0.125838239069,13.8990111351
0.659311307814,0.044945317954,0.125838239069,13.9157581329
0.659311307814,0.044945317954,0.125838239069,13.9338769913
0.659311307814,0.044945317954,0.125838239069,13.9487891197
0.659311307814,0.044945317954,0.125838239069,13.9654729366
0.659311307814,0.044945317954,0.125838239069,13.982074976
0.659311307814,0.044945317954,0.125838239069,13.9988739491
0.659311307814,0.044945317954,0.125838239069,14.0154929161
0.659311307814,0.044945317954,0.125838239069,14.0322160721
0.659311307814,0.044945317954,0.125838239069,14.0487630367
0.659311307814,0.044945317954,0.125838239069,14.0654609203
0.659311307814,0.044945317954,0.125838239069,14.0820441246
0.659311307814,0.044945317954,0.125838239069,14.0987010002
0.659311307814,0.044945317954,0.125838239069,14.1153171062
0.659311307814,0.044945317954,0.125838239069,14.132226944
0.659311307814,0.044945317954,0.125838239069,14.1490330696
0.659311307814,0.044945317954,0.125838239069,14.1664590836
0.659311307814,0.044945317954,0.125838239069,14.1823370457
0.659311307814,0.044945317954,0.125838239069,14.1989331245
0.659311307814,0.044945317954,0.125838239069,14.2153589725
0.659311307814,0.044945317954,0.125838239069,14.2321019173
0.659311307814,0.044945317954,0.125838239069,14.2488100529
0.659311307814,0.044945317954,0.125838239069,14.2656319141
0.659311307814,0.044945317954,0.125838239069,14.2821309566
0.659311307814,0.044945317954,0.125838239069,14.2994959354
0.659311307814,0.044945317954,0.125838239069,14.3155601025
0.659311307814,0.044945317954,0.125838239069,14.3321299553
0.659311307814,0.044945317954,0.125838239069,14.3488190174
0.659311307814,0.044945317954,0.125838239069,14.3655910492
0.659311307814,0.044945317954,0.125838239069,14.3821370602
0.659311307814,0.044945317954,0.125838239069,14.3988540173
0.659311307814,0.044945317954,0.125838239069,14.4157779217
0.659311307814,0.044945317954,0.125838239069,14.4322390556
0.659311307814,0.044945317954,0.125838239069,14.4487969875
0.659311307814,0.044945317954,0.125838239069,14.4654591084
0.659311307814,0.044945317954,0.125838239069,14.482088089
0.659311307814,0.044945317954,0.125838239069,14.4990029335
0.659311307814,0.044945317954,0.125838239069,14.5159080029
0.659311307814,0.044945317954,0.125838239069,14.5322999954
0.659311307814,0.044945317954,0.125838239069,14.5490500927
0.659311307814,0.044945317954,0.125838239069,14.5656020641
0.659311307814,0.044945317954,0.125838239069,14.5823459625
0.659311307814,0.044945317954,0.125838239069,14.5988500118
0.659311307814,0.044945317954,0.125838239069,14.6155810356
0.659311307814,0.044945317954,0.125838239069,14.632365942
0.659311307814,0.044945317954,0.125838239069,14.6490380764
0.659311307814,0.044945317954,0.125838239069,14.6658129692
0.659311307814,0.044945317954,0.125838239069,14.6824820042
0.659311307814,0.044945317954,0.125838239069,14.6989939213
0.659311307814,0.044945317954,0.125838239069,14.7163119316
0.659311307814,0.044945317954,0.125838239069,14.7327139378
0.659311307814,0.044945317954,0.125838239069,14.7494409084
0.659311307814,0.044945317954,0.125838239069,14.766190052
0.659311307814,0.044945317954,0.125838239069,14.7823851109
0.659311307814,0.044945317954,0.125838239069,14.7992630005
0.659311307814,0.044945317954,0.125838239069,14.8157730103
0.659311307814,0.044945317954,0.125838239069,14.8323860168
0.659311307814,0.044945317954,0.125838239069,14.8489029408
0.659311307814,0.044945317954,0.125838239069,14.86551404
0.659311307814,0.044945317954,0.125838239069,14.8826389313
0.659311307814,0.044945317954,0.125838239069,14.8988389969
0.659311307814,0.044945317954,0.125838239069,14.9157600403
0.659311307814,0.044945317954,0.125838239069,14.9321711063
0.659311307814,0.044945317954,0.125838239069,14.9489510059
0.659311307814,0.044945317954,0.125838239069,14.9655740261
0.659311307814,0.044945317954,0.125838239069,14.9821739197
0.659311307814,0.044945317954,0.125838239069,14.9988279343
0.659311307814,0.044945317954,0.125838239069,15.0166311264
0.659311307814,0.044945317954,0.125838239069,15.0324180126
0.659311307814,0.044945317954,0.125838239069,15.0488190651
0.659311307814,0.044945317954,0.125838239069,15.0654149055
0.659311307814,0.044945317954,0.125838239069,15.0831091404
0.659311307814,0.044945317954,0.125838239069,15.0988390446
0.659311307814,0.044945317954,0.125838239069,15.1157529354
0.659311307814,0.044945317954,0.125838239069,15.1322259903
0.659311307814,0.044945317954,0.125838239069,15.14863801
0.659311307814,0.044945317954,0.125838239069,15.1654210091
0.659311307814,0.044945317954,0.125838239069,15.1821830273
0.659311307814,0.044945317954,0.125838239069,15.1987419128
0.659311307814,0.044945317954,0.125838239069,15.2154080868
0.659311307814,0.044945317954,0.125838239069,15.2323601246
0.659311307814,0.044945317954,0.125838239069,15.2490699291
0.659311307814,0.044945317954,0.125838239069,15.2654099464
0.659311307814,0.044945317954,0.125838239069,15.2826509476
0.659311307814,0.044945317954,0.125838239069,15.2989490032
0.659311307814,0.044945317954,0.125838239069,15.315472126
0.659311307814,0.044945317954,0.125838239069,15.3321650028
0.659311307814,0.044945317954,0.125838239069,15.3487989902
0.659311307814,0.044945317954,0.125838239069,15.3675310612
0.659311307814,0.044945317954,0.125838239069,15.383669138
0.659311307814,0.044945317954,0.125838239069,15.3989629745
0.659311307814,0.044945317954,0.125838239069,15.4155089855
0.659311307814,0.044945317954,0.125838239069,15.4320890903
0.659311307814,0.044945317954,0.125838239069,15.4487030506
0.659311307814,0.044945317954,0.125838239069,15.4653720856
0.659311307814,0.044945317954,0.125838239069,15.4823770523
0.659311307814,0.044945317954,0.125838239069,15.4987919331
0.659311307814,0.044945317954,0.125838239069,15.5153970718
0.659311307814,0.044945317954,0.125838239069,15.5320730209
0.659311307814,0.044945317954,0.125838239069,15.548871994
0.659311307814,0.044945317954,0.125838239069,15.5655100346
0.659311307814,0.044945317954,0.125838239069,15.582365036
0.659311307814,0.044945317954,0.125838239069,15.5988731384
0.659311307814,0.044945317954,0.125838239069,15.6157829762
0.659311307814,0.044945317954,0.125838239069,15.6321921349
0.659311307814,0.044945317954,0.125838239069,15.6488749981
0.659311307814,0.044945317954,0.125838239069,15.6655259132
0.659311307814,0.044945317954,0.125838239069,15.6823370457
0.659311307814,0.044945317954,0.125838239069,15.6989400387
0.659311307814,0.044945317954,0.125838239069,15.715790987
0.659311307814,0.044945317954,0.125838239069,15.7325460911
0.659311307814,0.044945317954,0.125838239069,15.7491810322
0.659311307814,0.044945317954,0.125838239069,15.7655720711
0.659311307814,0.044945317954,0.125838239069,15.7821989059
0.659311307814,0.044945317954,0.125838239069,15.7988810539
0.659311307814,0.044945317954,0.125838239069,15.8154120445
0.659311307814,0.044945317954,0.125838239069,15.8327989578
0.659311307814,0.044945317954,0.125838239069,15.8487141132
0.659311307814,0.044945317954,0.125838239069,15.8653869629
0.659311307814,0.044945317954,0.125838239069,15.8828251362
0.659311307814,0.044945317954,0.125838239069,15.8991000652
0.659311307814,0.044945317954,0.125838239069,15.9155259132
0.659311307814,0.044945317954,0.125838239069,15.9323170185
0.659311307814,0.044945317954,0.125838239069,15.9490070343
0.659311307814,0.044945317954,0.125838239069,15.9657781124
0.659311307814,0.044945317954,0.125838239069,15.9821610451
0.659311307814,0.044945317954,0.125838239069,15.9990649223
0.659311307814,0.044945317954,0.125838239069,16.016135931
0.659311307814,0.044945317954,0.125838239069,16.0335390568
0.659311307814,0.044945317954,0.125838239069,16.0488600731
0.659311307814,0.044945317954,0.125838239069,16.0654950142
0.659311307814,0.044945317954,0.125838239069,16.0822639465
0.659311307814,0.044945317954,0.125838239069,16.0989899635
0.659311307814,0.044945317954,0.125838239069,16.1155309677
0.659311307814,0.044945317954,0.125838239069,16.1335089207
0.659311307814,0.044945317954,0.125838239069,16.1490979195
0.659311307814,0.044945317954,0.125838239069,16.1655271053
0.659311307814,0.044945317954,0.125838239069,16.1831450462
0.659311307814,0.044945317954,0.125838239069,16.1999080181
0.659311307814,0.044945317954,0.125838239069,16.2155270576
0.659311307814,0.044945317954,0.125838239069,16.2322039604
0.659311307814,0.044945317954,0.125838239069,16.2488341331
0.659311307814,0.044945317954,0.125838239069,16.2654850483
0.659311307814,0.044945317954,0.125838239069,16.2821719646
0.659311307814,0.044945317954,0.125838239069,16.2993481159
0.659311307814,0.044945317954,0.125838239069,16.3155450821
0.659311307814,0.044945317954,0.125838239069,16.3338730335
0.659311307814,0.044945317954,0.125838239069,16.3490970135
0.659311307814,0.044945317954,0.125838239069,16.365737915
0.659311307814,0.044945317954,0.125838239069,16.3827989101
0.659311307814,0.044945317954,0.125838239069,16.3988609314
0.659311307814,0.044945317954,0.125838239069,16.4155240059
0.659311307814,0.044945317954,0.125838239069,16.4320750237
0.659311307814,0.044945317954,0.125838239069,16.4487369061
0.659311307814,0.044945317954,0.125838239069,16.4669270515
0.659311307814,0.044945317954,0.125838239069,16.4821810722
0.659311307814,0.044945317954,0.125838239069,16.5000500679
0.659311307814,0.044945317954,0.125838239069,16.5155079365
0.659311307814,0.044945317954,0.125838239069,16.5324690342
0.659311307814,0.044945317954,0.125838239069,16.5488829613
0.659311307814,0.044945317954,0.125838239069,16.5657989979
0.659311307814,0.044945317954,0.125838239069,16.5825600624
0.659311307814,0.044945317954,0.125838239069,16.5998859406
0.659311307814,0.044945317954,0.125838239069,16.6154389381
0.659311307814,0.044945317954,0.125838239069,16.632363081
0.659311307814,0.044945317954,0.125838239069,16.6487360001
0.659311307814,0.044945317954,0.125838239069,16.665626049
0.659311307814,0.044945317954,0.125838239069,16.6821091175
0.659311307814,0.044945317954,0.125838239069,16.6989040375
0.659311307814,0.044945317954,0.125838239069,16.7154700756
0.659311307814,0.044945317954,0.125838239069,16.7323400974
0.659311307814,0.044945317954,0.125838239069,16.7504529953
0.659311307814,0.044945317954,0.125838239069,16.7654910088
0.659311307814,0.044945317954,0.125838239069,16.7823839188
0.659311307814,0.044945317954,0.125838239069,16.7988140583
0.659311307814,0.044945317954,0.125838239069,16.8155329227
0.659311307814,0.044945317954,0.125838239069,16.832242012
0.659311307814,0.044945317954,0.125838239069,16.8491239548
0.659311307814,0.044945317954,0.125838239069,16.8657951355
0.659311307814,0.044945317954,0.125838239069,16.882791996
0.659311307814,0.044945317954,0.125838239069,16.8988480568
0.659311307814,0.044945317954,0.125838239069,16.9155039787
0.659311307814,0.044945317954,0.125838239069,16.9322009087
0.659311307814,0.044945317954,0.125838239069,16.9488139153
0.659311307814,0.044945317954,0.125838239069,16.965503931
0.659311307814,0.044945317954,0.125838239069,16.9821810722
0.659311307814,0.044945317954,0.125838239069,16.9988090992
0.659311307814,0.044945317954,0.125838239069,17.0167589188
0.659311307814,0.044945317954,0.125838239069,17.0322580338
0.659311307814,0.044945317954,0.125838239069,17.0491960049
0.659311307814,0.044945317954,0.125838239069,17.0654540062
0.659311307814,0.044945317954,0.125838239069,17.0820410252
0.659311307814,0.044945317954,0.125838239069,17.0987319946
0.659311307814,0.044945317954,0.125838239069,17.115418911
0.659311307814,0.044945317954,0.125838239069,17.1320939064
0.659311307814,0.044945317954,0.125838239069,17.1493690014
0.659311307814,0.044945317954,0.125838239069,17.1655080318
0.659311307814,0.044945317954,0.125838239069,17.1821630001
0.659311307814,0.044945317954,0.125838239069,17.1988320351
0.659311307814,0.044945317954,0.125838239069,17.2155630589
0.659311307814,0.044945317954,0.125838239069,17.2322330475
0.659311307814,0.044945317954,0.125838239069,17.2491559982
0.659311307814,0.044945317954,0.125838239069,17.266051054
0.659311307814,0.044945317954,0.125838239069,17.2820720673
0.659311307814,0.044945317954,0.125838239069,17.2988181114
0.659311307814,0.044945317954,0.125838239069,17.3153889179
0.659311307814,0.044945317954,0.125838239069,17.3321881294
0.659311307814,0.044945317954,0.125838239069,17.349132061
0.659311307814,0.044945317954,0.125838239069,17.3658509254
0.659311307814,0.044945317954,0.125838239069,17.3824751377
0.659311307814,0.044945317954,0.125838239069,17.3998100758
0.659311307814,0.044945317954,0.125838239069,17.4157469273
0.659311307814,0.044945317954,0.125838239069,17.4322259426
0.659311307814,0.044945317954,0.125838239069,17.4488220215
0.659311307814,0.044945317954,0.125838239069,17.4654939175
0.659311307814,0.044945317954,0.125838239069,17.4821140766
0.659311307814,0.044945317954,0.125838239069,17.4988210201
0.659311307814,0.044945317954,0.125838239069,17.5155379772
0.659311307814,0.044945317954,0.125838239069,17.5324540138
0.659311307814,0.044945317954,0.125838239069,17.548830986
0.659311307814,0.044945317954,0.125838239069,17.5656480789
0.659311307814,0.044945317954,0.125838239069,17.5820429325
0.659311307814,0.044945317954,0.125838239069,17.5990920067
0.659311307814,0.044945317954,0.125838239069,17.6160430908
0.659311307814,0.044945317954,0.125838239069,17.6324129105
0.659311307814,0.044945317954,0.125838239069,17.6490960121
0.659311307814,0.044945317954,0.125838239069,17.6669089794
0.659311307814,0.044945317954,0.125838239069,17.6826870441
0.659311307814,0.044945317954,0.125838239069,17.6988270283
0.659311307814,0.044945317954,0.125838239069,17.7154130936
0.659311307814,0.044945317954,0.125838239069,17.7321300507
0.659311307814,0.044945317954,0.125838239069,17.7486960888
0.659311307814,0.044945317954,0.125838239069,17.765417099
0.659311307814,0.044945317954,0.125838239069,17.7820739746
0.659311307814,0.044945317954,0.125838239069,17.7987110615
0.659311307814,0.044945317954,0.125838239069,17.8154709339
0.659311307814,0.044945317954,0.125838239069,17.8323349953
0.659311307814,0.044945317954,0.125838239069,17.8487341404
0.659311307814,0.044945317954,0.125838239069,17.8653709888
0.659311307814,0.044945317954,0.125838239069,17.8820590973
0.659311307814,0.044945317954,0.125838239069,17.8987181187
0.659311307814,0.044945317954,0.125838239069,17.9155499935
0.659311307814,0.044945317954,0.125838239069,17.9320859909
0.659311307814,0.044945317954,0.125838239069,17.9488179684
0.659311307814,0.044945317954,0.125838239069,17.9654800892
0.659311307814,0.044945317954,0.125838239069,17.9823820591
0.659311307814,0.044945317954,0.125838239069,17.9988150597
0.659311307814,0.044945317954,0.125838239069,18.0155370235
0.659311307814,0.044945317954,0.125838239069,18.032086134
0.659311307814,0.044945317954,0.125838239069,18.0487511158
0.659311307814,0.044945317954,0.125838239069,18.0655210018
0.659311307814,0.044945317954,0.125838239069,18.0820550919
0.659311307814,0.044945317954,0.125838239069,18.0987451077
0.659311307814,0.044945317954,0.125838239069,18.1158850193
0.659311307814,0.044945317954,0.125838239069,18.1321709156
0.659311307814,0.044945317954,0.125838239069,18.1487240791
0.659311307814,0.044945317954,0.125838239069,18.1655170918
0.659311307814,0.044945317954,0.125838239069,18.1824901104
0.659311307814,0.044945317954,0.125838239069,18.1991050243
0.659311307814,0.044945317954,0.125838239069,18.2155189514
0.659311307814,0.044945317954,0.125838239069,18.2325370312
0.659311307814,0.044945317954,0.125838239069,18.2490360737
0.659311307814,0.044945317954,0.125838239069,18.2664990425
0.659311307814,0.044945317954,0.125838239069,18.2824671268
0.659311307814,0.044945317954,0.125838239069,18.2990801334
0.659311307814,0.044945317954,0.125838239069,18.3157250881
0.659311307814,0.044945317954,0.125838239069,18.3324649334
0.659311307814,0.044945317954,0.125838239069,18.3490180969
0.659311307814,0.044945317954,0.125838239069,18.3655040264
0.659311307814,0.044945317954,0.125838239069,18.382101059
0.659311307814,0.044945317954,0.125838239069,18.3988070488
0.659311307814,0.044945317954,0.125838239069,18.4155020714
0.659311307814,0.044945317954,0.125838239069,18.4327099323
0.659311307814,0.044945317954,0.125838239069,18.4498679638
0.659311307814,0.044945317954,0.125838239069,18.4654281139
0.659311307814,0.044945317954,0.125838239069,18.4820730686
0.659311307814,0.044945317954,0.125838239069,18.4987049103
0.659311307814,0.044945317954,0.125838239069,18.5153861046
0.659311307814,0.044945317954,0.125838239069,18.5322139263
0.659311307814,0.044945317954,0.125838239069,18.5488090515
0.659311307814,0.044945317954,0.125838239069,18.5656869411
0.659311307814,0.044945317954,0.125838239069,18.5823690891
0.659311307814,0.044945317954,0.125838239069,18.5988309383
0.659311307814,0.044945317954,0.125838239069,18.6157300472
0.659311307814,0.044945317954,0.125838239069,18.6328370571
0.659311307814,0.044945317954,0.125838239069,18.6490459442
0.659311307814,0.044945317954,0.125838239069,18.6663661003
0.659311307814,0.044945317954,0.125838239069,18.6821510792
0.659311307814,0.044945317954,0.125838239069,18.6993100643
0.659311307814,0.044945317954,0.125838239069,18.7160041332
0.659311307814,0.044945317954,0.125838239069,18.7323319912
0.659311307814,0.044945317954,0.125838239069,18.7486140728
0.659311307814,0.044945317954,0.125838239069,18.7652869225
0.659311307814,0.044945317954,0.125838239069,18.7825870514
0.659311307814,0.044945317954,0.125838239069,18.7987129688
0.659311307814,0.044945317954,0.125838239069,18.8153939247
0.659311307814,0.044945317954,0.125838239069,18.8322660923
0.659311307814,0.044945317954,0.125838239069,18.8487949371
0.659311307814,0.044945317954,0.125838239069,18.8655109406
0.659311307814,0.044945317954,0.125838239069,18.8827030659
0.659311307814,0.044945317954,0.125838239069,18.8987929821
0.659311307814,0.044945317954,0.125838239069,18.9155049324
0.659311307814,0.044945317954,0.125838239069,18.9322009087
0.659311307814,0.044945317954,0.125838239069,18.9491620064
0.659311307814,0.044945317954,0.125838239069,18.9655101299
0.659311307814,0.044945317954,0.125838239069,18.9821760654
0.659311307814,0.044945317954,0.125838239069,18.9988799095
0.659311307814,0.044945317954,0.125838239069,19.0171999931
0.659311307814,0.044945317954,0.125838239069,19.0321319103
0.659311307814,0.044945317954,0.125838239069,19.0492150784
0.659311307814,0.044945317954,0.125838239069,19.065885067
0.659311307814,0.044945317954,0.125838239069,19.0831880569
0.659311307814,0.044945317954,0.125838239069,19.0989000797
0.659311307814,0.044945317954,0.125838239069,19.1154971123
0.659311307814,0.044945317954,0.125838239069,19.1322469711
0.659311307814,0.044945317954,0.125838239069,19.1488440037
0.659311307814,0.044945317954,0.125838239069,19.1667671204
0.659311307814,0.044945317954,0.125838239069,19.1821320057
0.659311307814,0.044945317954,0.125838239069,19.1997139454
0.659311307814,0.044945317954,0.125838239069,19.2155230045
0.659311307814,0.044945317954,0.125838239069,19.2320671082
0.659311307814,0.044945317954,0.125838239069,19.2488820553
0.659311307814,0.044945317954,0.125838239069,19.2654490471
0.659311307814,0.044945317954,0.125838239069,19.2821419239
0.659311307814,0.044945317954,0.125838239069,19.2988951206
0.659311307814,0.044945317954,0.125838239069,19.315541029
0.659311307814,0.044945317954,0.125838239069,19.3322470188
0.659311307814,0.044945317954,0.125838239069,19.3488910198
0.659311307814,0.044945317954,0.125838239069,19.3657069206
0.659311307814,0.044945317954,0.125838239069,19.3826761246
0.659311307814,0.044945317954,0.125838239069,19.3987309933
0.659311307814,0.044945317954,0.125838239069,19.4154100418
0.659311307814,0.044945317954,0.125838239069,19.4321799278
0.659311307814,0.044945317954,0.125838239069,19.4487729073
0.659311307814,0.044945317954,0.125838239069,19.4653880596
0.659311307814,0.044945317954,0.125838239069,19.4821231365
0.659311307814,0.044945317954,0.125838239069,19.4987449646
0.659311307814,0.044945317954,0.125838239069,19.5153799057
0.659311307814,0.044945317954,0.125838239069,19.5321581364
0.659311307814,0.044945317954,0.125838239069,19.5487689972
0.659311307814,0.044945317954,0.125838239069,19.5654029846
0.659311307814,0.044945317954,0.125838239069,19.582157135
0.659311307814,0.044945317954,0.125838239069,19.598829031
0.659311307814,0.044945317954,0.125838239069,19.6154799461
0.659311307814,0.044945317954,0.125838239069,19.6321771145
0.659311307814,0.044945317954,0.125838239069,19.6488609314
0.659311307814,0.044945317954,0.125838239069,19.6656520367
0.659311307814,0.044945317954,0.125838239069,19.6821639538
0.659311307814,0.044945317954,0.125838239069,19.6988370419
0.659311307814,0.044945317954,0.125838239069,19.7153871059
0.659311307814,0.044945317954,0.125838239069,19.7320859432
0.659311307814,0.044945317954,0.125838239069,19.748773098
0.659311307814,0.044945317954,0.125838239069,19.7654259205
0.659311307814,0.044945317954,0.125838239069,19.7820389271
0.659311307814,0.044945317954,0.125838239069,19.7987530231
0.659311307814,0.044945317954,0.125838239069,19.8154349327
0.659311307814,0.044945317954,0.125838239069,19.8320660591
0.659311307814,0.044945317954,0.125838239069,19.8487870693
0.659311307814,0.044945317954,0.125838239069,19.8654859066
0.659311307814,0.044945317954,0.125838239069,19.8821611404
0.659311307814,0.044945317954,0.125838239069,19.8990581036
0.659311307814,0.044945317954,0.125838239069,19.9154629707
0.659311307814,0.044945317954,0.125838239069,19.9321300983
0.659311307814,0.044945317954,0.125838239069,19.9487719536
0.659311307814,0.044945317954,0.125838239069,19.9654529095
0.659311307814,0.044945317954,0.125838239069,19.9821500778
0.659311307814,0.044945317954,0.125838239069,19.9990549088
0.659311307814,0.044945317954,0.125838239069,20.0156779289
0.659311307814,0.044945317954,0.125838239069,20.0323710442
0.659311307814,0.044945317954,0.125838239069,20.0489549637
0.659311307814,0.044945317954,0.125838239069,20.0656011105
0.659311307814,0.044945317954,0.125838239069,20.0821959972
0.659311307814,0.044945317954,0.125838239069,20.0988960266
0.659311307814,0.044945317954,0.125838239069,20.1154780388
0.659311307814,0.044945317954,0.125838239069,20.1322140694
0.659311307814,0.044945317954,0.125838239069,20.1488039494
0.659311307814,0.044945317954,0.125838239069,20.1654930115
0.659311307814,0.044945317954,0.125838239069,20.1822631359
0.659311307814,0.044945317954,0.125838239069,20.1995100975
0.659311307814,0.044945317954,0.125838239069,20.2155020237
0.659311307814,0.044945317954,0.125838239069,20.2322700024
0.659311307814,0.044945317954,0.125838239069,20.2487390041
0.659311307814,0.044945317954,0.125838239069,20.2654070854
0.659311307814,0.044945317954,0.125838239069,20.2821509838
0.659311307814,0.044945317954,0.125838239069,20.2994251251
0.659311307814,0.044945317954,0.125838239069,20.3154830933
0.659311307814,0.044945317954,0.125838239069,20.3322079182
0.659311307814,0.044945317954,0.125838239069,20.348829031
0.659311307814,0.044945317954,0.125838239069,20.3656039238
0.659311307814,0.044945317954,0.125838239069,20.3823399544
0.659311307814,0.044945317954,0.125838239069,20.3989169598
0.659311307814,0.044945317954,0.125838239069,20.4156360626
0.659311307814,0.044945317954,0.125838239069,20.4322230816
0.659311307814,0.044945317954,0.125838239069,20.4490299225
0.659311307814,0.044945317954,0.125838239069,20.4656591415
0.659311307814,0.044945317954,0.125838239069,20.4823589325
0.659311307814,0.044945317954,0.125838239069,20.4987671375
0.659311307814,0.044945317954,0.125838239069,20.5155041218
0.659311307814,0.044945317954,0.125838239069,20.5321700573
0.659311307814,0.044945317954,0.125838239069,20.5491020679
0.659311307814,0.044945317954,0.125838239069,20.5660159588
0.659311307814,0.044945317954,0.125838239069,20.5823340416
0.659311307814,0.044945317954,0.125838239069,20.5996611118
0.659311307814,0.044945317954,0.125838239069,20.6154639721
0.659311307814,0.044945317954,0.125838239069,20.6322140694
0.659311307814,0.044945317954,0.125838239069,20.6488449574
0.659311307814,0.044945317954,0.125838239069,20.6654880047
0.659311307814,0.044945317954,0.125838239069,20.6821649075
0.659311307814,0.044945317954,0.125838239069,20.6987249851
0.659311307814,0.044945317954,0.125838239069,20.7154290676
0.659311307814,0.044945317954,0.125838239069,20.7320821285
0.659311307814,0.044945317954,0.125838239069,20.7487421036
0.659311307814,0.044945317954,0.125838239069,20.7653911114
0.659311307814,0.044945317954,0.125838239069,20.7820489407
0.659311307814,0.044945317954,0.125838239069,20.798691988
0.659311307814,0.044945317954,0.125838239069,20.815486908
0.659311307814,0.044945317954,0.125838239069,20.8321220875
0.659311307814,0.044945317954,0.125838239069,20.8486931324
0.659311307814,0.044945317954,0.125838239069,20.8654210567
0.659311307814,0.044945317954,0.125838239069,20.88204813
0.659311307814,0.044945317954,0.125838239069,20.898788929
0.659311307814,0.044945317954,0.125838239069,20.9159691334
0.659311307814,0.044945317954,0.125838239069,20.9321100712
0.659311307814,0.044945317954,0.125838239069,20.9490969181
0.659311307814,0.044945317954,0.125838239069,20.9655721188
0.659311307814,0.044945317954,0.125838239069,20.9824390411
0.659311307814,0.044945317954,0.125838239069,20.9988350868
0.659311307814,0.044945317954,0.125838239069,21.0152161121
0.659311307814,0.044945317954,0.125838239069,21.0320329666
0.659311307814,0.044945317954,0.125838239069,21.0487339497
0.659311307814,0.044945317954,0.125838239069,21.0654571056
0.659311307814,0.044945317954,0.125838239069,21.082857132
0.659311307814,0.044945317954,0.125838239069,21.0987489223
0.659311307814,0.044945317954,0.125838239069,21.1154510975
0.659311307814,0.044945317954,0.125838239069,21.1324949265
0.659311307814,0.044945317954,0.125838239069,21.1487281322
0.659311307814,0.044945317954,0.125838239069,21.1654319763
0.659311307814,0.044945317954,0.125838239069,21.1820631027
0.659311307814,0.044945317954,0.125838239069,21.1987559795
0.659311307814,0.044945317954,0.125838239069,21.2156150341
0.659311307814,0.044945317954,0.125838239069,21.2323679924
0.659311307814,0.044945317954,0.125838239069,21.2488110065
0.659311307814,0.044945317954,0.125838239069,21.2656610012
0.659311307814,0.044945317954,0.125838239069,21.2821249962
0.659311307814,0.044945317954,0.125838239069,21.2994749546
0.659311307814,0.044945317954,0.125838239069,21.3159239292
0.659311307814,0.044945317954,0.125838239069,21.3321740627
0.659311307814,0.044945317954,0.125838239069,21.3488960266
0.659311307814,0.044945317954,0.125838239069,21.3657701015
0.659311307814,0.044945317954,0.125838239069,21.3822879791
0.659311307814,0.044945317954,0.125838239069,21.3987500668
0.659311307814,0.044945317954,0.125838239069,21.4159629345
0.659311307814,0.044945317954,0.125838239069,21.4320991039
0.659311307814,0.044945317954,0.125838239069,21.4488351345
0.659311307814,0.044945317954,0.125838239069,21.4653871059
0.659311307814,0.044945317954,0.125838239069,21.4820420742
0.659311307814,0.044945317954,0.125838239069,21.4987149239
0.659311307814,0.044945317954,0.125838239069,21.5160300732
0.659311307814,0.044945317954,0.125838239069,21.5321679115
0.659311307814,0.044945317954,0.125838239069,21.548803091
0.659311307814,0.044945317954,0.125838239069,21.5655391216
0.659311307814,0.044945317954,0.125838239069,21.5826299191
0.659311307814,0.044945317954,0.125838239069,21.5988280773
0.659311307814,0.044945317954,0.125838239069,21.6156599522
0.659311307814,0.044945317954,0.125838239069,21.6321389675
0.659311307814,0.044945317954,0.125838239069,21.6488621235
0.659311307814,0.044945317954,0.125838239069,21.6656589508
0.659311307814,0.044945317954,0.125838239069,21.6824231148
0.659311307814,0.044945317954,0.125838239069,21.6988239288
0.659311307814,0.044945317954,0.125838239069,21.7154989243
0.659311307814,0.044945317954,0.125838239069,21.7321250439
0.659311307814,0.044945317954,0.125838239069,21.7488839626
0.659311307814,0.044945317954,0.125838239069,21.7654850483
0.659311307814,0.044945317954,0.125838239069,21.7824699879
0.659311307814,0.044945317954,0.125838239069,21.7987790108
0.659311307814,0.044945317954,0.125838239069,21.8154790401
0.659311307814,0.044945317954,0.125838239069,21.8322749138
0.659311307814,0.044945317954,0.125838239069,21.8490021229
0.659311307814,0.044945317954,0.125838239069,21.8656859398
0.659311307814,0.044945317954,0.125838239069,21.8821549416
0.659311307814,0.044945317954,0.125838239069,21.899392128
0.659311307814,0.044945317954,0.125838239069,21.9154391289
0.659311307814,0.044945317954,0.125838239069,21.9320781231
0.659311307814,0.044945317954,0.125838239069,21.949005127
0.659311307814,0.044945317954,0.125838239069,21.9654099941
0.659311307814,0.044945317954,0.125838239069,21.9821751118
0.659311307814,0.044945317954,0.125838239069,21.998718977
0.659311307814,0.044945317954,0.125838239069,22.0153939724
0.659311307814,0.044945317954,0.125838239069,22.0320971012
0.659311307814,0.044945317954,0.125838239069,22.0487420559
0.659311307814,0.044945317954,0.125838239069,22.0654101372
0.659311307814,0.044945317954,0.125838239069,22.0820930004
0.659311307814,0.044945317954,0.125838239069,22.0992181301
0.659311307814,0.044945317954,0.125838239069,22.1158490181
0.659311307814,0.044945317954,0.125838239069,22.1323399544
0.659311307814,0.044945317954,0.125838239069,22.1488361359
0.659311307814,0.044945317954,0.125838239069,22.1658921242
0.659311307814,0.044945317954,0.125838239069,22.182459116
0.659311307814,0.044945317954,0.125838239069,22.1989290714
0.659311307814,0.044945317954,0.125838239069,22.2153730392
0.659311307814,0.044945317954,0.125838239069,22.2320730686
0.659311307814,0.044945317954,0.125838239069,22.2487490177
0.659311307814,0.044945317954,0.125838239069,22.2654759884
0.659311307814,0.044945317954,0.125838239069,22.2820689678
0.659311307814,0.044945317954,0.125838239069,22.2993559837
0.659311307814,0.044945317954,0.125838239069,22.3154890537
0.659311307814,0.044945317954,0.125838239069,22.3321740627
0.659311307814,0.044945317954,0.125838239069,22.348845005
0.659311307814,0.044945317954,0.125838239069,22.3654170036
