0,0,0,0.0453581809998
0,0,0,0.0635170936584
0.0,0.0,0.0,0.00389385223389
0.0,0.0,0.0,0.0206429958344
0.0,0.0,0.0,0.0373139381409
0.0,0.0,0.0,0.0541050434113
0.0,0.0,0.0,0.0705199241638
0.0,0.0,0.0,0.0872628688812
0.0,0.0,0.0,0.103992938995
0.0,0.0,0.0,0.120643854141
0.0,0.0,0.0,0.13730096817
0.0,0.0,0.0,0.153990983963
0.0,0.0,0.0,0.170655965805
0.0,0.0,0.0,0.187350034714
0.0,0.0,0.0,0.204006910324
0.0,0.0,0.0,0.220682859421
0.0,0.0,0.0,0.237550020218
0.0,0.0,0.0,0.254618883133
0.0,0.0,0.0,0.270791053772
0.0,0.0,0.0,0.287497997284
0.0,0.0,0.0,0.304222822189
0.0,0.0,0.0,0.320967912674
0.0,0.0,0.0,0.33754992485
0.0,0.0,0.0,0.354183912277
0.0,0.0,0.0,0.370774030685
0.0,0.0,0.0,0.387779951096
0.0,0.0,0.0,0.404124975204
0.0,0.0,0.0,0.421036958694
0.0,0.0,0.0,0.437561988831
0.0,0.0,0.0,0.454732894897
0.0,0.0,0.0,0.470799922943
0.0,0.0,0.0,0.487614870071
0.0,0.0,0.0,0.504633903503
0.0,0.0,0.0,0.520838975906
0.0,0.0,0.0,0.537581920624
0.0,0.0,0.0,0.554404973984
0.0,0.0,0.0,0.570812940598
0.0,0.0,0.0,0.5875248909
0.0,0.0,0.0,0.604178905487
0.0,0.0,0.0,0.62090587616
0.0,0.0,0.0,0.637495994568
0.0,0.0,0.0,0.654247999191
0.0,0.0,0.0,0.670861959457
0.0,0.0,0.0,0.687708854675
0.0,0.0,0.0,0.704172849655
0.0,0.0,0.0,0.720866918564
0.0,0.0,0.0,0.737964868546
0.0,0.0,0.0,0.754261016846
0.0,0.0,0.0,0.770896911621
0.0,0.0,0.0,0.78768992424
0.0,0.0,0.0,0.804188966751
0.0,0.0,0.0,0.820797920227
0.0,0.0,0.0,0.837468862534
0.0,0.0,0.0,0.854253053665
0.0,0.0,0.0,0.870944023132
0.0,0.0,0.0,0.887497901917
0.0,0.0,0.0,0.904238939285
0.0,0.0,0.0,0.920815944672
0.0,0.0,0.0,0.937542915344
0.0,0.0,0.0,0.95439696312
0.0,0.0,0.0,0.972898960114
0.0,0.0,0.0,0.987316846848
0.0,0.0,0.0,1.00406503677
0.0,0.0,0.0,1.02097702026
0.0,0.0,0.0,1.03720188141
0.0,0.0,0.0,1.05410599709
0.0,0.0,0.0,1.07057785988
0.0,0.0,0.0,1.08735084534
0.0,0.0,0.0,1.10405802727
0.0,0.0,0.0,1.1206870079
0.0,0.0,0.0,1.13733196259
0.0,0.0,0.0,1.15401601791
0.0,0.0,0.0,1.17071700096
0.0,0.0,0.0,1.18736982346
0.0,0.0,0.0,1.20423197746
0.0,0.0,0.0,1.22065901756
0.0,0.0,0.0,1.23730802536
0.0,0.0,0.0,1.25403189659
0.0,0.0,0.0,1.27070188522
0.0,0.0,0.0,1.28737592697
0.0,0.0,0.0,1.3040599823
0.0,0.0,0.0,1.32067394257
0.0,0.0,0.0,1.33733105659
0.0,0.0,0.0,1.35404586792
0.0,0.0,0.0,1.37067484856
0.0,0.0,0.0,1.38753890991
0.0,0.0,0.0,1.40400004387
0.0,0.0,0.0,1.42068886757
0.0,0.0,0.0,1.43859004974
0.0,0.0,0.0,1.45410203934
0.0,0.0,0.0,1.47072386742
0.0,0.0,0.0,1.48732686043
0.0,0.0,0.0,1.50404596329
0.0,0.0,0.0,1.52081489563
0.0,0.0,0.0,1.53747987747
0.0,0.0,0.0,1.55424904823
0.0,0.0,0.0,1.57084703445
0.0,0.0,0.0,1.58752799034
0.0,0.0,0.0,1.60422682762
0.0,0.0,0.0,1.62080597878
0.0,0.0,0.0,1.63733792305
0.0,0.0,0.0,1.65407395363
0.0,0.0,0.0,1.67060399055
0.0,0.0,0.0,1.68763184547
0.0,0.0,0.0,1.70442795753
0.0,0.0,0.0,1.7209148407
0.0,0.0,0.0,1.73771500587
0.0,0.0,0.0,1.7541949749
0.0,0.0,0.0,1.77099204063
0.0,0.0,0.0,1.78761100769
0.0,0.0,0.0,1.80437302589
0.0,0.0,0.0,1.8208668232
0.0,0.0,0.0,1.8375108242
0.0,0.0,0.0,1.85416984558
0.0,0.0,0.0,1.87060785294
0.0,0.0,0.0,1.88744783401
0.0,0.0,0.0,1.90423488617
0.0,0.0,0.0,1.92085194588
0.0,0.0,0.0,1.93764090538
0.0,0.0,0.0,1.95431804657
0.0,0.0,0.0,1.97074604034
0.0,0.0,0.0,1.98752093315
0.0,0.0,0.0,2.00428891182
0.0,0.0,0.0,2.02109694481
0.0,0.0,0.0,2.03760290146
0.0,0.0,0.0,2.05457901955
0.0,0.0,0.0,2.0713698864
0.0,0.0,0.0,2.08744597435
0.0,0.0,0.0,2.10426092148
0.0,0.0,0.0,2.12094593048
0.0,0.0,0.0,2.13769888878
0.0,0.0,0.0,2.15415287018
0.0,0.0,0.0,2.17074584961
0.0,0.0,0.0,2.18748092651
0.0,0.0,0.0,2.20444393158
0.0,0.0,0.0,2.22085595131
0.0,0.0,0.0,2.23749303818
0.0,0.0,0.0,2.25413894653
0.0,0.0,0.0,2.27051997185
0.0,0.0,0.0,2.28728485107
0.0,0.0,0.0,2.3041100502
0.0,0.0,0.0,2.32080388069
0.0,0.0,0.0,2.33762288094
0.0,0.0,0.0,2.35429286957
0.0,0.0,0.0,2.37084889412
0.0,0.0,0.0,2.38811397552
0.0,0.0,0.0,2.40414500237
0.0,0.0,0.0,2.42081189156
0.0,0.0,0.0,2.43760895729
0.0,0.0,0.0,2.45423197746
0.0,0.0,0.0,2.47075104713
0.0,0.0,0.0,2.48736596107
0.0,0.0,0.0,2.50440692902
0.0,0.0,0.0,2.52085089684
0.0,0.0,0.0,2.53764796257
0.0,0.0,0.0,2.55446004868
0.0,0.0,0.0,2.5705139637
0.0,0.0,0.0,2.58736896515
0.0,0.0,0.0,2.60418391228
0.0,0.0,0.0,2.62089800835
0.0,0.0,0.0,2.63751983643
0.0,0.0,0.0,2.6544239521
0.0,0.0,0.0,2.67145490646
0.0,0.0,0.0,2.68740296364
0.0,0.0,0.0,2.70407485962
0.0,0.0,0.0,2.72094297409
0.0,0.0,0.0,2.73753905296
0.0,0.0,0.0,2.7542488575
0.0,0.0,0.0,2.77090597153
0.0,0.0,0.0,2.78751301765
0.0,0.0,0.0,2.80410194397
0.0,0.0,0.0,2.82082796097
0.0,0.0,0.0,2.83758687973
0.0,0.0,0.0,2.85413503647
0.0,0.0,0.0,2.87061190605
0.0,0.0,0.0,2.8875079155
0.0,0.0,0.0,2.90395689011
0.0,0.0,0.0,2.92099905014
0.0,0.0,0.0,2.93750190735
0.0,0.0,0.0,2.95418691635
0.0,0.0,0.0,2.97177386284
0.0,0.0,0.0,2.98726201057
0.0,0.0,0.0,3.00429296494
0.0,0.0,0.0,3.02073383331
0.0,0.0,0.0,3.03721499443
0.0,0.0,0.0,3.05402588844
0.0,0.0,0.0,3.07063293457
0.0,0.0,0.0,3.08724188805
0.0,0.0,0.0,3.10405993462
0.0,0.0,0.0,3.12059187889
0.0,0.0,0.0,3.13740682602
0.0,0.0,0.0,3.15430402756
0.0,0.0,0.0,3.17130994797
0.0,0.0,0.0,3.18754792213
0.0,0.0,0.0,3.20415496826
0.0,0.0,0.0,3.22086501122
0.0,0.0,0.0,3.23751783371
0.0,0.0,0.0,3.25426101685
0.0,0.0,0.0,3.27201199532
0.0,0.0,0.0,3.28932404518
0.0,0.0,0.0,3.30476689339
0.0,0.0,0.0,3.32088088989
0.0,0.0,0.0,3.33753299713
0.0,0.0,0.0,3.35439395905
0.0,0.0,0.0,3.37088990211
0.0,0.0,0.0,3.3879108429
0.0,0.0,0.0,3.40450286865
0.0,0.0,0.0,3.42083191872
0.0,0.0,0.0,3.43777394295
0.0,0.0,0.0,3.45422101021
0.0,0.0,0.0,3.47216582298
0.0,0.0,0.0,3.48740005493
0.0,0.0,0.0,3.50406599045
0.0,0.0,0.0,3.52074599266
0.0,0.0,0.0,3.53795003891
0.0,0.0,0.0,3.55506682396
0.0,0.0,0.0,3.57129597664
0.0,0.0,0.0,3.58750295639
0.0,0.0,0.0,3.60467290878
0.0,0.0,0.0,3.62068390846
0.0,0.0,0.0,3.63753294945
0.0,0.0,0.0,3.65421700478
0.0,0.0,0.0,3.67434096336
0.0,0.0,0.0,3.68771004677
0.0,0.0,0.0,3.70447993279
0.0,0.0,0.0,3.72083997726
0.0,0.0,0.0,3.73752689362
0.0,0.0,0.0,3.75439596176
0.0,0.0,0.0,3.7708940506
0.0,0.0,0.0,3.78743290901
0.0,0.0,0.0,3.80405402184
0.0,0.0,0.0,3.82075285912
0.0,0.0,0.0,3.83766889572
0.0,0.0,0.0,3.85429883003
0.0,0.0,0.0,3.87105584145
0.0,0.0,0.0,3.88787198067
0.0,0.0,0.0,3.90454387665
0.0,0.0,0.0,3.92089104652
0.0,0.0,0.0,3.93743896484
0.0,0.0,0.0,3.95424103737
0.0,0.0,0.0,3.97073984146
0.0,0.0,0.0,3.98741698265
0.0,0.0,0.0,4.00426697731
0.0,0.0,0.0,4.02091789246
0.0,0.0,0.0,4.04032993317
0.0,0.0,0.0,4.05542397499
0.0,0.0,0.0,4.07136893272
0.0,0.0,0.0,4.08741784096
0.0,0.0,0.0,4.10404205322
0.0,0.0,0.0,4.12079381943
0.0,0.0,0.0,4.13744688034
0.0,0.0,0.0,4.1541659832
0.0,0.0,0.0,4.17097401619
0.0,0.0,0.0,4.18788003922
0.0,0.0,0.0,4.20439004898
0.0,0.0,0.0,4.22075605392
0.0,0.0,0.0,4.23729801178
0.0,0.0,0.0,4.2540910244
0.0,0.0,0.0,4.27095484734
0.0,0.0,0.0,4.28741383553
0.0,0.0,0.0,4.30424284935
0.0,0.0,0.0,4.32077789307
0.0,0.0,0.0,4.33739185333
0.0,0.0,0.0,4.35431599617
0.0,0.0,0.0,4.37074804306
0.0,0.0,0.0,4.38774800301
0.0,0.0,0.0,4.40426182747
0.0,0.0,0.0,4.42084002495
0.0,0.0,0.0,4.43759202957
0.0,0.0,0.0,4.45470786095
0.0,0.0,0.0,4.47110104561
0.0,0.0,0.0,4.49011588097
0.0,0.0,0.0,4.50469589233
0.0,0.0,0.0,4.52089095116
0.0,0.0,0.0,4.5374519825
0.0,0.0,0.0,4.55449700356
0.0,0.0,0.0,4.57060289383
0.0,0.0,0.0,4.58741092682
0.0,0.0,0.0,4.60663104057
0.0,0.0,0.0,4.62071084976
0.0,0.0,0.0,4.63903999329
0.0,0.0,0.0,4.65403199196
0.0,0.0,0.0,4.67126393318
0.0,0.0,0.0,4.68738698959
0.0,0.0,0.0,4.70445489883
0.0,0.0,0.0,4.72101902962
0.0,0.0,0.0,4.73756599426
0.0,0.0,0.0,4.75426793098
0.0,0.0,0.0,4.77075791359
0.0,0.0,0.0,4.78768396378
0.0,0.0,0.0,4.80435705185
0.0,0.0,0.0,4.82082486153
0.0,0.0,0.0,4.83752083778
0.0,0.0,0.0,4.85430192947
0.0,0.0,0.0,4.87083387375
0.0,0.0,0.0,4.88773989677
0.0,0.0,0.0,4.90586400032
0.0,0.0,0.0,4.92080283165
0.0,0.0,0.0,4.93747091293
0.0,0.0,0.0,4.95447587967
0.0,0.0,0.0,4.97105503082
0.0,0.0,0.0,4.98744487762
0.0,0.0,0.0,5.0043258667
0.0,0.0,0.0,5.02074289322
0.0,0.0,0.0,5.03746390343
0.0,0.0,0.0,5.05446004868
0.0,0.0,0.0,5.07086491585
0.0,0.0,0.0,5.08765792847
0.0,0.0,0.0,5.10429191589
0.0,0.0,0.0,5.12086892128
0.0,0.0,0.0,5.13741397858
0.0,0.0,0.0,5.15432190895
0.0,0.0,0.0,5.1707880497
0.0,0.0,0.0,5.18761587143
0.0,0.0,0.0,5.20399284363
0.0,0.0,0.0,5.22079205513
0.0,0.0,0.0,5.23745799065
0.0,0.0,0.0,5.25415682793
0.0,0.0,0.0,5.27077484131
0.0,0.0,0.0,5.28743100166
0.0,0.0,0.0,5.30486702919
0.0,0.0,0.0,5.3209168911
0.0,0.0,0.0,5.33755397797
0.0,0.0,0.0,5.35428786278
0.0,0.0,0.0,5.37089395523
0.0,0.0,0.0,5.38751292229
0.0,0.0,0.0,5.40427899361
0.0,0.0,0.0,5.42229795456
0.0,0.0,0.0,5.43747901917
0.0,0.0,0.0,5.45426797867
0.0,0.0,0.0,5.47085094452
0.0,0.0,0.0,5.48738789558
0.0,0.0,0.0,5.50415492058
0.0,0.0,0.0,5.52081394196
0.0,0.0,0.0,5.53731298447
0.0,0.0,0.0,5.55448484421
0.0,0.0,0.0,5.5708990097
0.0,0.0,0.0,5.58750987053
0.0,0.0,0.0,5.60413002968
0.0,0.0,0.0,5.621104002
0.0,0.0,0.0,5.6374938488
0.0,0.0,0.0,5.65425086021
0.0,0.0,0.0,5.67078399658
0.0,0.0,0.0,5.6873998642
0.0,0.0,0.0,5.7039809227
0.0,0.0,0.0,5.72083091736
0.0,0.0,0.0,5.73750185966
0.0,0.0,0.0,5.75399684906
0.0,0.0,0.0,5.77064204216
0.0,0.0,0.0,5.78723096848
0.0,0.0,0.0,5.80509901047
0.0,0.0,0.0,5.8208668232
0.0,0.0,0.0,5.83736491203
0.0,0.0,0.0,5.85397696495
0.0,0.0,0.0,5.87060284615
0.0,0.0,0.0,5.88719987869
0.0,0.0,0.0,5.90406084061
0.0,0.0,0.0,5.92060184479
0.0,0.0,0.0,5.93739199638
0.0,0.0,0.0,5.95432090759
0.0,0.0,0.0,5.9708108902
0.0,0.0,0.0,5.98749685287
0.0,0.0,0.0,6.00416898727
0.0,0.0,0.0,6.02086400986
0.0,0.0,0.0,6.03753900528
0.0,0.0,0.0,6.05427694321
0.0,0.0,0.0,6.07080793381
0.0,0.0,0.0,6.08741497993
0.0,0.0,0.0,6.10415887833
0.0,0.0,0.0,6.1213619709
0.0,0.0,0.0,6.13750696182
0.0,0.0,0.0,6.15425395966
0.0,0.0,0.0,6.17116189003
0.0,0.0,0.0,6.18757987022
0.0,0.0,0.0,6.2039039135
0.0,0.0,0.0,6.22072482109
0.0,0.0,0.0,6.23743391037
0.0,0.0,0.0,6.25416088104
0.0,0.0,0.0,6.27107405663
0.0,0.0,0.0,6.28754401207
0.0,0.0,0.0,6.30426287651
0.0,0.0,0.0,6.3210170269
0.0,0.0,0.0,6.33752703667
0.0,0.0,0.0,6.3544049263
0.0,0.0,0.0,6.37085604668
0.0,0.0,0.0,6.38748788834
0.0,0.0,0.0,6.40411090851
0.0,0.0,0.0,6.42081403732
0.0,0.0,0.0,6.43745303154
0.0,0.0,0.0,6.45419597626
0.0,0.0,0.0,6.47105789185
0.0,0.0,0.0,6.4874689579
0.0,0.0,0.0,6.50483083725
0.0,0.0,0.0,6.52103090286
0.0,0.0,0.0,6.53754997253
0.0,0.0,0.0,6.55477404594
0.0,0.0,0.0,6.57127594948
0.0,0.0,0.0,6.5873260498
0.0,0.0,0.0,6.60409283638
0.0,0.0,0.0,6.6207678318
0.0,0.0,0.0,6.63734483719
0.0,0.0,0.0,6.6541788578
0.0,0.0,0.0,6.67074298859
0.0,0.0,0.0,6.68790483475
0.0,0.0,0.0,6.70465397835
0.0,0.0,0.0,6.72169184685
0.0,0.0,0.0,6.7374689579
0.0,0.0,0.0,6.75402188301
0.0,0.0,0.0,6.77067804337
0.0,0.0,0.0,6.78734302521
0.0,0.0,0.0,6.80406403542
0.0,0.0,0.0,6.82079982758
0.0,0.0,0.0,6.83753299713
0.0,0.0,0.0,6.85403800011
0.0,0.0,0.0,6.8707818985
0.0,0.0,0.0,6.88755989075
0.0,0.0,0.0,6.90432500839
0.0,0.0,0.0,6.92074894905
0.0,0.0,0.0,6.93810391426
0.0,0.0,0.0,6.95417904854
0.0,0.0,0.0,6.97109794617
0.0,0.0,0.0,6.9874060154
0.0,0.0,0.0,7.00411105156
0.0,0.0,0.0,7.0208530426
0.0,0.0,0.0,7.03938889503
0.0,0.0,0.0,7.05686783791
0.0,0.0,0.0,7.07084083557
0.0,0.0,0.0,7.08819484711
0.0,0.0,0.0,7.10521197319
0.0,0.0,0.0,7.12094187737
0.0,0.0,0.0,7.1375079155
0.0,0.0,0.0,7.15419888496
0.0,0.0,0.0,7.17084503174
0.0,0.0,0.0,7.1875898838
0.0,0.0,0.0,7.20398902893
0.0,0.0,0.0,7.22065591812
0.0,0.0,0.0,7.23739290237
0.0,0.0,0.0,7.25441193581
0.0,0.0,0.0,7.2708530426
0.0,0.0,0.0,7.28744983673
0.0,0.0,0.0,7.30411505699
0.0,0.0,0.0,7.32080888748
0.0,0.0,0.0,7.33796691895
0.0,0.0,0.0,7.3542239666
0.0,0.0,0.0,7.37084698677
0.0,0.0,0.0,7.38764882088
0.0,0.0,0.0,7.4041018486
0.0,0.0,0.0,7.42098903656
0.0,0.0,0.0,7.43807196617
0.0,0.0,0.0,7.45423603058
0.0,0.0,0.0,7.47086000443
0.0,0.0,0.0,7.48747801781
0.0,0.0,0.0,7.50413799286
0.0,0.0,0.0,7.52088999748
0.0,0.0,0.0,7.53743195534
0.0,0.0,0.0,7.55468082428
0.0,0.0,0.0,7.57098889351
0.0,0.0,0.0,7.58742499352
0.0,0.0,0.0,7.60428595543
0.0,0.0,0.0,7.62088704109
0.0,0.0,0.0,7.63755989075
0.0,0.0,0.0,7.65428090096
0.0,0.0,0.0,7.6707918644
0.0,0.0,0.0,7.68763494492
0.0,0.0,0.0,7.70413899422
0.0,0.0,0.0,7.72082304955
0.0,0.0,0.0,7.73738694191
0.0,0.0,0.0,7.75411701202
0.0,0.0,0.0,7.77129387856
0.0,0.0,0.0,7.78750395775
0.0,0.0,0.0,7.80416584015
0.0,0.0,0.0,7.82090783119
0.0,0.0,0.0,7.83758282661
0.0,0.0,0.0,7.85411095619
0.0,0.0,0.0,7.8708050251
0.0,0.0,0.0,7.88770985603
0.0,0.0,0.0,7.90449404716
0.0,0.0,0.0,7.92096590996
0.0,0.0,0.0,7.93752503395
0.0,0.0,0.0,7.9543299675
0.0,0.0,0.0,7.97112584114
0.0,0.0,0.0,7.98754000664
0.0,0.0,0.0,8.00529098511
0.0,0.0,0.0,8.02081799507
0.0,0.0,0.0,8.03778004646
0.0,0.0,0.0,8.05403184891
0.0,0.0,0.0,8.07078003883
0.0,0.0,0.0,8.08753299713
0.0,0.0,0.0,8.10414004326
0.0,0.0,0.0,8.12084388733
0.0,0.0,0.0,8.13847088814
0.0,0.0,0.0,8.15417504311
0.0,0.0,0.0,8.17092299461
0.0,0.0,0.0,8.18843483925
0.0,0.0,0.0,8.20520186424
0.0,0.0,0.0,8.22087693214
0.0,0.0,0.0,8.23760390282
0.0,0.0,0.0,8.25531482697
0.0,0.0,0.0,8.27093982697
0.0,0.0,0.0,8.28762698174
0.0,0.0,0.0,8.30416083336
0.0,0.0,0.0,8.32072997093
0.0,0.0,0.0,8.33754897118
0.0,0.0,0.0,8.35422492027
0.0,0.0,0.0,8.37094783783
0.0,0.0,0.0,8.38756990433
0.0,0.0,0.0,8.40413784981
0.0,0.0,0.0,8.42076396942
0.0,0.0,0.0,8.43783283234
0.0,0.0,0.0,8.45398783684
0.0,0.0,0.0,8.47087693214
0.0,0.0,0.0,8.48741984367
0.0,0.0,0.0,8.50410699844
0.0,0.0,0.0,8.52081394196
0.0,0.0,0.0,8.53743696213
0.0,0.0,0.0,8.55428695679
0.0,0.0,0.0,8.57104992867
0.0,0.0,0.0,8.58761692047
0.0,0.0,0.0,8.60417890549
0.0,0.0,0.0,8.62082290649
0.0,0.0,0.0,8.63785195351
0.0,0.0,0.0,8.65497589111
0.0,0.0,0.0,8.6709549427
0.0,0.0,0.0,8.68759202957
0.0,0.0,0.0,8.70419502258
0.0,0.0,0.0,8.72088289261
0.0,0.0,0.0,8.73740386963
0.0,0.0,0.0,8.75438904762
0.0,0.0,0.0,8.77089095116
0.0,0.0,0.0,8.78756904602
0.0,0.0,0.0,8.80442285538
0.0,0.0,0.0,8.82104301453
0.0,0.0,0.0,8.83739805222
0.0,0.0,0.0,8.85432696342
0.0,0.0,0.0,8.87071490288
0.0,0.0,0.0,8.88743400574
0.0,0.0,0.0,8.90410900116
0.0,0.0,0.0,8.92083001137
0.0,0.0,0.0,8.93798089027
0.0,0.0,0.0,8.95457601547
0.0,0.0,0.0,8.9707698822
0.0,0.0,0.0,8.98752498627
0.0,0.0,0.0,9.0040678978
0.0,0.0,0.0,9.02089285851
0.0,0.0,0.0,9.03754997253
0.0,0.0,0.0,9.05487203598
0.0,0.0,0.0,9.07097196579
0.0,0.0,0.0,9.08832097054
0.0,0.0,0.0,9.10415792465
0.0,0.0,0.0,9.12077403069
0.0,0.0,0.0,9.13759589195
0.0,0.0,0.0,9.15424704552
0.0,0.0,0.0,9.17071700096
0.0,0.0,0.0,9.18740105629
0.0,0.0,0.0,9.20548892021
0.0,0.0,0.0,9.22083091736
0.0,0.0,0.0,9.23754000664
0.0,0.0,0.0,9.25498890877
0.0,0.0,0.0,9.27065587044
0.0,0.0,0.0,9.28748297691
0.0,0.0,0.0,9.30410003662
0.0,0.0,0.0,9.32085084915
0.0,0.0,0.0,9.3377020359
0.0,0.0,0.0,9.35422182083
0.0,0.0,0.0,9.37088084221
0.0,0.0,0.0,9.38749885559
0.0,0.0,0.0,9.40409684181
0.0,0.0,0.0,9.42083692551
0.0,0.0,0.0,9.4375
0.0,0.0,0.0,9.45427584648
0.0,0.0,0.0,9.47084903717
0.0,0.0,0.0,9.48742890358
0.0,0.0,0.0,9.50413203239
0.0,0.0,0.0,9.52084589005
0.0,0.0,0.0,9.53747797012
0.0,0.0,0.0,9.55423092842
0.0,0.0,0.0,9.57249188423
0.0,0.0,0.0,9.58860588074
0.0,0.0,0.0,9.60413098335
0.0,0.0,0.0,9.62095785141
0.0,0.0,0.0,9.63749885559
0.0,0.0,0.0,9.65443992615
0.0,0.0,0.0,9.67112588882
0.0,0.0,0.0,9.68750095367
0.0,0.0,0.0,9.70442199707
0.0,0.0,0.0,9.72094798088
0.0,0.0,0.0,9.7376408577
0.0,0.0,0.0,9.75425601006
0.0,0.0,0.0,9.77101182938
0.0,0.0,0.0,9.78757095337
0.0,0.0,0.0,9.80429291725
0.0,0.0,0.0,9.82097887993
0.0,0.0,0.0,9.83768582344
0.0,0.0,0.0,9.8543150425
0.0,0.0,0.0,9.87071204185
0.0,0.0,0.0,9.8877120018
0.0,0.0,0.0,9.9041929245
0.0,0.0,0.0,9.92086291313
0.0,0.0,0.0,9.93748998642
0.0,0.0,0.0,9.954226017
0.0,0.0,0.0,9.97092604637
0.0,0.0,0.0,9.98747897148
0.0,0.0,0.0,10.0041110516
0.0,0.0,0.0,10.0209219456
0.0,0.0,0.0,10.0375888348
0.0,0.0,0.0,10.0542149544
0.0,0.0,0.0,10.071130991
0.0,0.0,0.0,10.0875179768
0.0,0.0,0.0,10.1042628288
0.0,0.0,0.0,10.1207480431
0.0,0.0,0.0,10.137554884
0.0,0.0,0.0,10.1541419029
0.0,0.0,0.0,10.1707808971
0.0,0.0,0.0,10.1876699924
0.0,0.0,0.0,10.2040469646
0.0,0.0,0.0,10.2206740379
0.0,0.0,0.0,10.2376339436
0.0,0.0,0.0,10.2542409897
0.0,0.0,0.0,10.2708518505
0.0,0.0,0.0,10.2874310017
0.0,0.0,0.0,10.3041608334
0.0,0.0,0.0,10.3208348751
0.0,0.0,0.0,10.3377170563
0.0,0.0,0.0,10.3541970253
0.0,0.0,0.0,10.370762825
0.0,0.0,0.0,10.387570858
0.0,0.0,0.0,10.4040749073
0.0,0.0,0.0,10.4208748341
0.0,0.0,0.0,10.4375169277
0.0,0.0,0.0,10.4546189308
0.0,0.0,0.0,10.4707829952
0.0,0.0,0.0,10.4878900051
0.0,0.0,0.0,10.5039658546
0.0,0.0,0.0,10.5208618641
0.0,0.0,0.0,10.5376570225
0.0,0.0,0.0,10.5544228554
0.0,0.0,0.0,10.5707998276
0.0,0.0,0.0,10.5874438286
0.0,0.0,0.0,10.604598999
0.0,0.0,0.0,10.6210780144
0.0,0.0,0.0,10.6376750469
0.0,0.0,0.0,10.6542479992
0.0,0.0,0.0,10.6707139015
0.0,0.0,0.0,10.6875598431
0.0,0.0,0.0,10.7041800022
0.0,0.0,0.0,10.7207930088
0.0,0.0,0.0,10.7375869751
0.0,0.0,0.0,10.7542479038
0.0,0.0,0.0,10.7709870338
0.0,0.0,0.0,10.787637949
0.0,0.0,0.0,10.8041789532
0.0,0.0,0.0,10.820909977
0.0,0.0,0.0,10.8375439644
0.0,0.0,0.0,10.8542530537
0.0,0.0,0.0,10.8707418442
0.0,0.0,0.0,10.8875520229
0.0,0.0,0.0,10.9043488503
0.0,0.0,0.0,10.9207680225
0.0,0.0,0.0,10.9377889633
0.0,0.0,0.0,10.9541418552
0.0,0.0,0.0,10.9709320068
0.0,0.0,0.0,10.9876198769
0.0,0.0,0.0,11.0042350292
0.0,0.0,0.0,11.0210578442
0.0,0.0,0.0,11.0383849144
0.0,0.0,0.0,11.0541980267
0.0,0.0,0.0,11.0707719326
0.0,0.0,0.0,11.0873389244
0.0,0.0,0.0,11.103992939
0.0,0.0,0.0,11.1207380295
0.0,0.0,0.0,11.137337923
0.0,0.0,0.0,11.1542458534
0.0,0.0,0.0,11.1707398891
0.0,0.0,0.0,11.187623024
0.0,0.0,0.0,11.2053790092
0.0,0.0,0.0,11.220831871
0.0,0.0,0.0,11.2374069691
0.0,0.0,0.0,11.2542779446
0.0,0.0,0.0,11.2710750103
0.0,0.0,0.0,11.2874829769
0.0,0.0,0.0,11.304008007
0.0,0.0,0.0,11.3207490444
0.0,0.0,0.0,11.3373718262
0.0,0.0,0.0,11.3540158272
0.0,0.0,0.0,11.3708870411
0.0,0.0,0.0,11.387887001
0.0,0.0,0.0,11.4041550159
0.0,0.0,0.0,11.4208250046
0.0,0.0,0.0,11.4374358654
0.0,0.0,0.0,11.4545068741
0.0,0.0,0.0,11.4710960388
0.0,0.0,0.0,11.4929800034
0.0,0.0,0.0,11.5039789677
0.0,0.0,0.0,11.5224568844
0.0,0.0,0.0,11.5374748707
0.0,0.0,0.0,11.5543379784
0.0,0.0,0.0,11.5706319809
0.0,0.0,0.0,11.5877740383
0.0,0.0,0.0,11.6040780544
0.0,0.0,0.0,11.6209340096
0.0,0.0,0.0,11.6373310089
0.0,0.0,0.0,11.6541399956
0.0,0.0,0.0,11.6706440449
0.0,0.0,0.0,11.687420845
0.0,0.0,0.0,11.7041168213
0.0,0.0,0.0,11.720895052
0.0,0.0,0.0,11.7375078201
0.0,0.0,0.0,11.7543299198
0.0,0.0,0.0,11.7708599567
0.0,0.0,0.0,11.7874350548
0.0,0.0,0.0,11.8044350147
0.0,0.0,0.0,11.8208019733
0.0,0.0,0.0,11.8373799324
0.0,0.0,0.0,11.8543419838
0.0,0.0,0.0,11.8713150024
0.0,0.0,0.0,11.8874258995
0.0,0.0,0.0,11.9041018486
0.0,0.0,0.0,11.9208369255
0.0,0.0,0.0,11.937885046
0.0,0.0,0.0,11.9542188644
0.0,0.0,0.0,11.9710168839
0.0,0.0,0.0,11.987475872
0.0,0.0,0.0,12.0040919781
0.0,0.0,0.0,12.0210878849
0.0,0.0,0.0,12.0377140045
0.0,0.0,0.0,12.0544400215
0.0,0.0,0.0,12.0709760189
0.0,0.0,0.0,12.087417841
0.0,0.0,0.0,12.1040849686
0.0,0.0,0.0,12.1208519936
0.0,0.0,0.0,12.1375050545
0.0,0.0,0.0,12.154145956
0.0,0.0,0.0,12.1707599163
0.0,0.0,0.0,12.1872830391
0.0,0.0,0.0,12.2040159702
0.0,0.0,0.0,12.2208039761
0.0,0.0,0.0,12.2376470566
0.0,0.0,0.0,12.2542309761
0.0,0.0,0.0,12.2707178593
0.0,0.0,0.0,12.2874798775
0.0,0.0,0.0,12.304366827
0.0,0.0,0.0,12.3209028244
0.0,0.0,0.0,12.337501049
0.0,0.0,0.0,12.3541269302
0.0,0.0,0.0,12.3707828522
0.0,0.0,0.0,12.3876488209
0.0,0.0,0.0,12.4043228626
0.0,0.0,0.0,12.4208049774
0.0,0.0,0.0,12.4374859333
0.0,0.0,0.0,12.4541950226
0.0,0.0,0.0,12.4709038734
0.0,0.0,0.0,12.4873189926
0.0,0.0,0.0,12.5042610168
0.0,0.0,0.0,12.5208630562
0.0,0.0,0.0,12.5382628441
0.0,0.0,0.0,12.5548110008
0.0,0.0,0.0,12.5707888603
0.0,0.0,0.0,12.5874779224
0.0,0.0,0.0,12.6042070389
0.0,0.0,0.0,12.6210839748
0.0,0.0,0.0,12.6375639439
0.0,0.0,0.0,12.6564970016
0.0,0.0,0.0,12.6710779667
0.0,0.0,0.0,12.6874530315
0.0,0.0,0.0,12.7041389942
0.0,0.0,0.0,12.7207219601
0.0,0.0,0.0,12.7375109196
0.0,0.0,0.0,12.7540788651
0.0,0.0,0.0,12.7710118294
0.0,0.0,0.0,12.7873530388
0.0,0.0,0.0,12.8053469658
0.0,0.0,0.0,12.8208918571
0.0,0.0,0.0,12.8384449482
0.0,0.0,0.0,12.8541710377
0.0,0.0,0.0,12.8709158897
0.0,0.0,0.0,12.8874928951
0.0,0.0,0.0,12.904091835
0.0,0.0,0.0,12.9214348793
0.0,0.0,0.0,12.9374098778
0.0,0.0,0.0,12.954269886
0.0,0.0,0.0,12.9708659649
0.0,0.0,0.0,12.9874420166
0.0,0.0,0.0,13.0044469833
0.0,0.0,0.0,13.021173954
0.0,0.0,0.0,13.0375540257
0.0,0.0,0.0,13.0542600155
0.0,0.0,0.0,13.0708680153
0.0,0.0,0.0,13.0875389576
0.0,0.0,0.0,13.1041719913
0.0,0.0,0.0,13.120901823
0.0,0.0,0.0,13.1375319958
0.0,0.0,0.0,13.1544530392
0.0,0.0,0.0,13.1706318855
0.0,0.0,0.0,13.1873140335
0.0,0.0,0.0,13.2041149139
0.0,0.0,0.0,13.2208590508
0.0,0.0,0.0,13.2376430035
0.0,0.0,0.0,13.254778862
0.0,0.0,0.0,13.2715220451
0.0,0.0,0.0,13.2875919342
0.0,0.0,0.0,13.3040919304
0.0,0.0,0.0,13.3207249641
0.0,0.0,0.0,13.3374888897
0.0,0.0,0.0,13.3541738987
0.0,0.0,0.0,13.3706848621
0.0,0.0,0.0,13.3874950409
0.0,0.0,0.0,13.4041860104
0.0,0.0,0.0,13.4209349155
0.0,0.0,0.0,13.4375388622
0.0,0.0,0.0,13.4542088509
0.0,0.0,0.0,13.4708459377
0.0,0.0,0.0,13.4876849651
0.0,0.0,0.0,13.5041630268
0.0,0.0,0.0,13.5207278728
0.0,0.0,0.0,13.5374360085
0.0,0.0,0.0,13.5542888641
0.0,0.0,0.0,13.5708839893
0.0,0.0,0.0,13.5875499249
0.0,0.0,0.0,13.6042599678
0.0,0.0,0.0,13.6208479404
0.0,0.0,0.0,13.6390659809
0.0,0.0,0.0,13.6541929245
0.0,0.0,0.0,13.670938015
0.0,0.0,0.0,13.6875448227
0.0,0.0,0.0,13.7040929794
0.0,0.0,0.0,13.720749855
0.0,0.0,0.0,13.737596035
0.0,0.0,0.0,13.7545669079
0.0,0.0,0.0,13.7718009949
0.0,0.0,0.0,13.787539959
0.0,0.0,0.0,13.804158926
0.0,0.0,0.0,13.8210148811
0.0,0.0,0.0,13.837613821
0.0,0.0,0.0,13.8542129993
0.0,0.0,0.0,13.871024847
0.0,0.0,0.0,13.8873419762
0.0,0.0,0.0,13.9042110443
0.0,0.0,0.0,13.9206819534
0.0,0.0,0.0,13.9375228882
0.0,0.0,0.0,13.9541969299
0.0,0.0,0.0,13.970952034
0.0,0.0,0.0,13.9873888493
0.0,0.0,0.0,14.0045518875
0.0,0.0,0.0,14.0207638741
0.0,0.0,0.0,14.0376420021
0.0,0.0,0.0,14.054131031
0.0,0.0,0.0,14.0707788467
0.0,0.0,0.0,14.0873799324
0.0,0.0,0.0,14.1040868759
0.0,0.0,0.0,14.1209259033
0.0,0.0,0.0,14.1374800205
0.0,0.0,0.0,14.1542708874
0.0,0.0,0.0,14.1708009243
0.0,0.0,0.0,14.1875319481
0.0,0.0,0.0,14.20408988
0.0,0.0,0.0,14.2208518982
0.0,0.0,0.0,14.2378339767
0.0,0.0,0.0,14.2541658878
0.0,0.0,0.0,14.2708208561
0.0,0.0,0.0,14.2874660492
0.0,0.0,0.0,14.3040549755
0.0,0.0,0.0,14.3207948208
0.0,0.0,0.0,14.3374340534
0.0,0.0,0.0,14.3542530537
0.0,0.0,0.0,14.3707249165
0.0,0.0,0.0,14.3876700401
0.0,0.0,0.0,14.4041490555
0.0,0.0,0.0,14.4208168983
0.0,0.0,0.0,14.4376759529
0.0,0.0,0.0,14.4547770023
0.0,0.0,0.0,14.4707708359
0.0,0.0,0.0,14.4876098633
0.0,0.0,0.0,14.5041220188
0.0,0.0,0.0,14.5208590031
0.0,0.0,0.0,14.537528038
0.0,0.0,0.0,14.5543298721
0.0,0.0,0.0,14.5709300041
0.0,0.0,0.0,14.5873918533
0.0,0.0,0.0,14.604061842
0.0,0.0,0.0,14.6207909584
0.0,0.0,0.0,14.6374800205
0.0,0.0,0.0,14.6540529728
0.0,0.0,0.0,14.6707630157
0.0,0.0,0.0,14.6874220371
0.0,0.0,0.0,14.7041499615
0.0,0.0,0.0,14.7208428383
0.0,0.0,0.0,14.7374470234
0.0,0.0,0.0,14.7542798519
0.0,0.0,0.0,14.7709589005
0.0,0.0,0.0,14.7876398563
0.0,0.0,0.0,14.8041558266
0.0,0.0,0.0,14.8207540512
0.0,0.0,0.0,14.8374769688
0.0,0.0,0.0,14.8542349339
0.0,0.0,0.0,14.8707158566
0.0,0.0,0.0,14.8874468803
0.0,0.0,0.0,14.9041929245
0.0,0.0,0.0,14.9210820198
0.0,0.0,0.0,14.9374229908
0.0,0.0,0.0,14.9545810223
0.0,0.0,0.0,14.9708499908
0.0,0.0,0.0,14.9875409603
0.0,0.0,0.0,15.0048389435
0.0,0.0,0.0,15.0207979679
0.0,0.0,0.0,15.0376160145
0.0,0.0,0.0,15.0542509556
0.0,0.0,0.0,15.0708968639
0.0,0.0,0.0,15.0875599384
0.0,0.0,0.0,15.1041879654
0.0,0.0,0.0,15.1208460331
0.0,0.0,0.0,15.1373560429
0.0,0.0,0.0,15.1544129848
0.0,0.0,0.0,15.1708400249
0.0,0.0,0.0,15.187417984
0.0,0.0,0.0,15.2040629387
0.0,0.0,0.0,15.2207159996
0.0,0.0,0.0,15.2373559475
0.0,0.0,0.0,15.2556219101
0.0,0.0,0.0,15.2711179256
0.0,0.0,0.0,15.2875640392
0.0,0.0,0.0,15.3040988445
0.0,0.0,0.0,15.3207838535
0.0,0.0,0.0,15.3378858566
0.0,0.0,0.0,15.3541109562
0.0,0.0,0.0,15.3708629608
0.0,0.0,0.0,15.3876349926
0.0,0.0,0.0,15.4040818214
0.0,0.0,0.0,15.4206619263
0.0,0.0,0.0,15.4374649525
0.0,0.0,0.0,15.4541578293
0.0,0.0,0.0,15.4709229469
0.0,0.0,0.0,15.4874210358
0.0,0.0,0.0,15.5040960312
0.0,0.0,0.0,15.5207519531
0.0,0.0,0.0,15.5374419689
0.0,0.0,0.0,15.5543868542
0.0,0.0,0.0,15.5708680153
0.0,0.0,0.0,15.588187933
0.0,0.0,0.0,15.6040840149
0.0,0.0,0.0,15.6207900047
0.0,0.0,0.0,15.6374230385
0.0,0.0,0.0,15.6543118954
0.0,0.0,0.0,15.6712079048
0.0,0.0,0.0,15.687748909
0.0,0.0,0.0,15.7041649818
0.0,0.0,0.0,15.7207398415
0.0,0.0,0.0,15.7375798225
0.0,0.0,0.0,15.7540948391
0.0,0.0,0.0,15.7708950043
0.0,0.0,0.0,15.7873549461
0.0,0.0,0.0,15.8043618202
0.0,0.0,0.0,15.8207349777
0.0,0.0,0.0,15.8376579285
0.0,0.0,0.0,15.8542249203
0.0,0.0,0.0,15.8709158897
0.0,0.0,0.0,15.8874900341
0.0,0.0,0.0,15.9049210548
0.0,0.0,0.0,15.9206879139
0.0,0.0,0.0,15.9377799034
0.0,0.0,0.0,15.9541330338
0.0,0.0,0.0,15.971570015
0.0,0.0,0.0,15.9874930382
0.0,0.0,0.0,16.0048758984
0.0,0.0,0.0,16.0208399296
0.0,0.0,0.0,16.0375289917
0.0,0.0,0.0,16.0544779301
0.0,0.0,0.0,16.0716500282
0.0,0.0,0.0,16.0878620148
0.0,0.0,0.0,16.1040809155
0.0,0.0,0.0,16.1207079887
0.0,0.0,0.0,16.1374158859
0.0,0.0,0.0,16.1550359726
0.0,0.0,0.0,16.1710629463
0.0,0.0,0.0,16.187502861
0.0,0.0,0.0,16.204130888
0.0,0.0,0.0,16.2210638523
0.0,0.0,0.0,16.2375528812
0.0,0.0,0.0,16.2542319298
0.0,0.0,0.0,16.2707798481
0.0,0.0,0.0,16.2875618935
0.0,0.0,0.0,16.3040809631
0.0,0.0,0.0,16.3207259178
0.0,0.0,0.0,16.3378019333
0.0,0.0,0.0,16.3549439907
0.0,0.0,0.0,16.3708820343
0.0,0.0,0.0,16.3879878521
0.0,0.0,0.0,16.404075861
0.0,0.0,0.0,16.4208519459
0.0,0.0,0.0,16.4398179054
0.0,0.0,0.0,16.454818964
0.0,0.0,0.0,16.4716248512
0.0,0.0,0.0,16.4873209
0.0,0.0,0.0,16.5040678978
0.0,0.0,0.0,16.5209200382
0.0,0.0,0.0,16.5374848843
0.0,0.0,0.0,16.5540499687
0.0,0.0,0.0,16.5707550049
0.0,0.0,0.0,16.5878138542
0.0,0.0,0.0,16.6042318344
0.0,0.0,0.0,16.6207108498
0.0,0.0,0.0,16.6378219128
0.0,0.0,0.0,16.6545209885
0.0,0.0,0.0,16.6709749699
0.0,0.0,0.0,16.6876409054
0.0,0.0,0.0,16.7041139603
0.0,0.0,0.0,16.7208340168
0.0,0.0,0.0,16.7372748852
0.0,0.0,0.0,16.7539629936
0.0,0.0,0.0,16.7705478668
0.0,0.0,0.0,16.7872128487
0.0,0.0,0.0,16.8038899899
0.0,0.0,0.0,16.820556879
0.0,0.0,0.0,16.8372540474
0.0,0.0,0.0,16.8539819717
0.0,0.0,0.0,16.8705909252
0.0,0.0,0.0,16.8872020245
0.0,0.0,0.0,16.9043178558
0.0,0.0,0.0,16.9205708504
0.0,0.0,0.0,16.937278986
0.0,0.0,0.0,16.9540259838
0.0,0.0,0.0,16.9715628624
0.0,0.0,0.0,16.9874539375
0.0,0.0,0.0,17.0038349628
0.0,0.0,0.0,17.0205659866
0.0,0.0,0.0,17.0371789932
0.0,0.0,0.0,17.0538740158
0.0,0.0,0.0,17.070515871
0.0,0.0,0.0,17.090212822
0.0,0.0,0.0,17.1040158272
0.0,0.0,0.0,17.1208438873
0.0,0.0,0.0,17.1372430325
0.0,0.0,0.0,17.1539719105
0.0,0.0,0.0,17.1706340313
0.0,0.0,0.0,17.1872808933
0.0,0.0,0.0,17.2039170265
0.0,0.0,0.0,17.2210118771
0.0,0.0,0.0,17.2374179363
0.0,0.0,0.0,17.2541489601
0.0,0.0,0.0,17.2712919712
0.0,0.0,0.0,17.2872459888
0.0,0.0,0.0,17.3039278984
0.0,0.0,0.0,17.3204958439
0.0,0.0,0.0,17.337362051
0.0,0.0,0.0,17.3541169167
0.0,0.0,0.0,17.3708870411
0.0,0.0,0.0,17.3877999783
0.0,0.0,0.0,17.4040038586
0.0,0.0,0.0,17.4211559296
0.0,0.0,0.0,17.4372358322
0.0,0.0,0.0,17.4542000294
0.0,0.0,0.0,17.4707949162
0.0,0.0,0.0,17.4874968529
0.0,0.0,0.0,17.5044229031
0.0,0.0,0.0,17.5205390453
0.0,0.0,0.0,17.5371739864
0.0,0.0,0.0,17.5540449619
0.0,0.0,0.0,17.5706529617
0.0,0.0,0.0,17.5871498585
0.0,0.0,0.0,17.6040170193
0.0,0.0,0.0,17.6206269264
0.0,0.0,0.0,17.6373329163
0.0,0.0,0.0,17.6545648575
0.0,0.0,0.0,17.6708860397
0.0,0.0,0.0,17.6875488758
0.0,0.0,0.0,17.7039840221
0.0,0.0,0.0,17.720813036
0.0,0.0,0.0,17.7374839783
0.0,0.0,0.0,17.754434824
0.0,0.0,0.0,17.7708508968
0.0,0.0,0.0,17.7873668671
0.0,0.0,0.0,17.8041918278
0.0,0.0,0.0,17.8209078312
0.0,0.0,0.0,17.8384239674
0.0,0.0,0.0,17.8569939137
0.0,0.0,0.0,17.8707668781
0.0,0.0,0.0,17.8878259659
Values = 0.3,0.0
0.0,0.0,0.0,17.9042780399
0.0,0.0,0.0,17.9208550453
0.0,0.0,0.0,17.9376249313
0.0,0.0,0.0,17.9542379379
0.0,0.0,0.0,17.9708180428
0.0,0.0,0.0,17.9874520302
0.0,0.0,0.0,18.0040528774
0.0,0.0,0.0,18.0208790302
0.0,0.0,0.0,18.0377929211
0.0,0.0,0.0,18.0542938709
0.000980859015835,0.0,-0.000174532924094,18.0711410046
0.000980859015835,0.0,-0.000174532924094,18.0875689983
Values = 0.3,0.000153373902484
0.000980859015835,0.0,-0.000174532924094,18.1044008732
0.0157363900728,-2.57532602439e-06,-0.000349065849793,18.1208250523
0.0157363900728,-2.57532602439e-06,-0.000349065849793,18.1378629208
0.0157363900728,-2.57532602439e-06,-0.000349065849793,18.1541130543
0.0264405465065,-6.31178164449e-06,-0.00174532925201,18.1707978249
0.0264405465065,-6.31178164449e-06,-0.00174532925201,18.1874279976
0.0264405465065,-6.31178164449e-06,-0.00174532925201,18.2041239738
0.0264405465065,-6.31178164449e-06,-0.00174532925201,18.2208359241
0.0404710736676,-3.07996959845e-05,-0.0031415926536,18.2374448776
0.0404710736676,-3.07996959845e-05,-0.0031415926536,18.2544429302
0.0404710736676,-3.07996959845e-05,-0.0031415926536,18.2708699703
0.0551838863001,-7.70215121279e-05,0.00663225115761,18.287514925
Values = 0.3,0.000355955138249
0.0551838863001,-7.70215121279e-05,0.00663225115761,18.3042190075
0.0551838863001,-7.70215121279e-05,0.00663225115761,18.3208098412
0.0551838863001,-7.70215121279e-05,0.00663225115761,18.3375730515
0.0705787696526,2.50827178899e-05,0.00680678408281,18.3544280529
0.0705787696526,2.50827178899e-05,0.00680678408281,18.3707978725
0.0705787696526,2.50827178899e-05,0.00680678408281,18.3883919716
0.0847369283195,0.000121455735345,0.00820304748438,18.4057948589
0.0847369283195,0.000121455735345,0.00820304748438,18.4207499027
0.0847369283195,0.000121455735345,0.00820304748438,18.4378168583
0.0847369283195,0.000121455735345,0.00820304748438,18.4550218582
0.0985964263579,0.000235148406001,0.0089011791852,18.4708609581
0.0985964263579,0.000235148406001,0.0089011791852,18.4875428677
Values = 0.3,-0.009057474307
0.0985964263579,0.000235148406001,0.0089011791852,18.504709959
0.10311672796,0.000275385483209,0.0089011791852,18.5210428238
0.10311672796,0.000275385483209,0.0089011791852,18.5375108719
0.117359942441,0.000402170235923,0.00925024503556,18.5543398857
0.117359942441,0.000402170235923,0.00925024503556,18.5706748962
0.117359942441,0.000402170235923,0.00925024503556,18.5874848366
0.131560467578,0.000533532319855,0.00959931088597,18.6039960384
0.131560467578,0.000533532319855,0.00959931088597,18.6208479404
0.131560467578,0.000533532319855,0.00959931088597,18.637444973
0.136251316305,0.000578562618242,0.00942477796077,18.654350996
0.136251316305,0.000578562618242,0.00942477796077,18.6708698273
0.136251316305,0.000578562618242,0.00942477796077,18.6875219345
Values = 0.3,-0.0100813370696
0.15083561565,0.000716020471274,0.0089011791852,18.7043819427
0.15083561565,0.000716020471274,0.0089011791852,18.7208418846
0.155569139026,0.000758155523822,0.00907571211039,18.7374899387
0.155569139026,0.000758155523822,0.00907571211039,18.7543408871
0.155569139026,0.000758155523822,0.00907571211039,18.77085495
0.169428532571,0.000883942843325,0.00925024503556,18.7876679897
0.169428532571,0.000883942843325,0.00925024503556,18.8042080402
0.169428532571,0.000883942843325,0.00925024503556,18.8210179806
0.184524586321,0.00102358902264,0.00872664625997,18.8378288746
0.184524586321,0.00102358902264,0.00872664625997,18.8544619083
0.184524586321,0.00102358902264,0.00872664625997,18.8711080551
0.198981044815,0.00114974862464,0.00942477796077,18.8874049187
Values = 0.295807332923,-0.0102386900282
0.198981044815,0.00114974862464,0.00942477796077,18.904050827
0.198981044815,0.00114974862464,0.00942477796077,18.9208338261
0.20367190133,0.00119396021479,0.00959931088597,18.9384799004
0.20367190133,0.00119396021479,0.00959931088597,18.9542210102
0.218170888303,0.00133314477345,0.00907571211039,18.9708108902
0.218170888303,0.00133314477345,0.00907571211039,18.9874229431
0.218170888303,0.00133314477345,0.00907571211039,19.0041790009
0.218170888303,0.00133314477345,0.00907571211039,19.0208969116
0.232200859,0.00146048024458,0.00925024503556,19.0373928547
0.232200859,0.00146048024458,0.00925024503556,19.0541448593
0.232200859,0.00146048024458,0.00925024503556,19.0707728863
0.246785182114,0.0015953926551,0.0089011791852,19.0874688625
Values = 0.305808491637,-0.0111284237766
0.246785182114,0.0015953926551,0.0089011791852,19.1040630341
0.246785182114,0.0015953926551,0.0089011791852,19.1207978725
0.25143341678,0.00163676851751,0.00907571211039,19.1375968456
0.25143341678,0.00163676851751,0.00907571211039,19.1540658474
0.266145696082,0.00177029659514,0.00907571211039,19.1714308262
0.266145696082,0.00177029659514,0.00907571211039,19.1875379086
0.266145696082,0.00177029659514,0.00907571211039,19.2040920258
0.271007144895,0.00181441891644,0.00907571211039,19.2207329273
0.271007144895,0.00181441891644,0.00907571211039,19.2373919487
0.271007144895,0.00181441891644,0.00907571211039,19.2541129589
0.285847357061,0.00194910810778,0.00907571211039,19.2708170414
0.285847357061,0.00194910810778,0.00907571211039,19.2875330448
Values = 0.315805084636,-0.0117841387358
0.285847357061,0.00194910810778,0.00907571211039,19.3044350147
0.300943434954,0.00208611952656,0.00872664625997,19.321007967
0.300943434954,0.00208611952656,0.00872664625997,19.3374550343
0.306018120974,0.00213040564054,0.0089011791852,19.3542518616
0.306018120974,0.00213040564054,0.0089011791852,19.370705843
0.306018120974,0.00213040564054,0.0089011791852,19.38843894
0.321370088678,0.00226705986502,0.00872664625997,19.4040429592
0.321370088678,0.00226705986502,0.00872664625997,19.420801878
0.321370088678,0.00226705986502,0.00872664625997,19.4374368191
0.336679435578,0.00240066251139,0.00872664625997,19.454210043
0.336679435578,0.00240066251139,0.00872664625997,19.4707708359
0.336679435578,0.00240066251139,0.00872664625997,19.4875319004
Values = 0.325815279414,-0.0123912802996
0.352415226682,0.00253798667993,0.00872664625997,19.5040788651
0.352415226682,0.00253798667993,0.00872664625997,19.5207779408
0.352415226682,0.00253798667993,0.00872664625997,19.5375039577
0.357660490384,0.00258376140278,0.00872664625997,19.5540239811
0.357660490384,0.00258376140278,0.00872664625997,19.5708909035
0.37365214801,0.00272331848464,0.00820304748438,19.5876228809
0.37365214801,0.00272331848464,0.00820304748438,19.6043019295
0.37365214801,0.00272331848464,0.00820304748438,19.6210019588
0.37889743496,0.00276634678769,0.00820304748438,19.637460947
0.37889743496,0.00276634678769,0.00820304748438,19.6543319225
0.37889743496,0.00276634678769,0.00820304748438,19.6708040237
0.395017097294,0.00289858010925,0.00820304748438,19.6874358654
Values = 0.33579912894,-0.0127719087572
0.395017097294,0.00289858010925,0.00820304748438,19.704146862
0.411435271893,0.00303326219603,0.00820304748438,19.7206828594
0.411435271893,0.00303326219603,0.00820304748438,19.7375309467
0.411435271893,0.00303326219603,0.00820304748438,19.754201889
0.411435271893,0.00303326219603,0.00820304748438,19.7711918354
0.427853446492,0.00316794428281,0.00872664625997,19.7875268459
0.427853446492,0.00316794428281,0.00872664625997,19.8042168617
0.427853446492,0.00316794428281,0.00872664625997,19.8209378719
0.427853446492,0.00316794428281,0.00872664625997,19.8375189304
0.44410097064,0.00330973427797,0.00837758040959,19.8542158604
0.44410097064,0.00330973427797,0.00837758040959,19.8707568645
0.44410097064,0.00330973427797,0.00837758040959,19.8874099255
Values = 0.345798427989,-0.0143603710483
0.461244078793,0.00345335540497,0.00802851455917,19.9040288925
0.461244078793,0.00345335540497,0.00802851455917,19.9209530354
0.461244078793,0.00345335540497,0.00802851455917,19.937584877
0.466745241191,0.00349752251634,0.00820304748438,19.9543180466
0.466745241191,0.00349752251634,0.00820304748438,19.9708209038
0.484058952587,0.00363955089876,0.00855211333475,19.9876308441
0.484058952587,0.00363955089876,0.00855211333475,20.0041358471
0.484058952587,0.00363955089876,0.00855211333475,20.020772934
0.484058952587,0.00363955089876,0.00855211333475,20.0374519825
0.501031457474,0.00378470522294,0.00837758040959,20.0541269779
0.501031457474,0.00378470522294,0.00837758040959,20.0707910061
0.501031457474,0.00378470522294,0.00837758040959,20.0875229836
Values = 0.355796284606,-0.0160291373348
0.518345143817,0.00392975541588,0.00855211333475,20.1041820049
0.518345143817,0.00392975541588,0.00855211333475,20.1209888458
0.518345143817,0.00392975541588,0.00855211333475,20.1375470161
0.518345143817,0.00392975541588,0.00855211333475,20.1542549133
0.535829382519,0.00407928625234,0.00855211333475,20.1708579063
0.535829382519,0.00407928625234,0.00855211333475,20.1875729561
0.54162903243,0.00412888672493,0.00837758040959,20.2044379711
0.54162903243,0.00412888672493,0.00837758040959,20.2207658291
0.54162903243,0.00412888672493,0.00837758040959,20.2381749153
0.55953974244,0.00427893864865,0.0089011791852,20.2543120384
0.55953974244,0.00427893864865,0.0089011791852,20.2806248665
0.55953974244,0.00427893864865,0.0089011791852,20.2874689102
Values = 0.3657933306,-0.0187891943664
0.577237149655,0.00443647060188,0.0089011791852,20.3042030334
0.577237149655,0.00443647060188,0.0089011791852,20.3208739758
0.577237149655,0.00443647060188,0.0089011791852,20.3375558853
0.577237149655,0.00443647060188,0.0089011791852,20.3542129993
0.595361000417,0.00459779850578,0.00872664625997,20.3709659576
0.595361000417,0.00459779850578,0.00872664625997,20.3876309395
0.595361000417,0.00459779850578,0.00872664625997,20.4041688442
0.613655456741,0.00475745180742,0.00872664625997,20.4207489491
0.613655456741,0.00475745180742,0.00872664625997,20.4375219345
0.613655456741,0.00475745180742,0.00872664625997,20.4551370144
0.613655456741,0.00475745180742,0.00872664625997,20.471102953
0.632035201906,0.00491784941351,0.00872664625997,20.4875588417
Values = 0.375797779491,-0.0213565716714
0.632035201906,0.00491784941351,0.00872664625997,20.5041320324
0.632035201906,0.00491784941351,0.00872664625997,20.5210089684
0.650500235911,0.00507899132402,0.00907571211039,20.5374648571
0.650500235911,0.00507899132402,0.00907571211039,20.5543608665
0.650500235911,0.00507899132402,0.00907571211039,20.5708129406
0.656683657647,0.00513511182042,0.00907571211039,20.5875649452
0.656683657647,0.00513511182042,0.00907571211039,20.604254961
0.656683657647,0.00513511182042,0.00907571211039,20.6208939552
0.675830942884,0.00530889184028,0.0089011791852,20.6375899315
0.675830942884,0.00530889184028,0.0089011791852,20.6541669369
0.68209966303,0.00536469231528,0.00872664625997,20.6709198952
0.68209966303,0.00536469231528,0.00872664625997,20.6873078346
Values = 0.385785479476,-0.0256213331299
0.68209966303,0.00536469231528,0.00872664625997,20.7042069435
0.701076430079,0.00553030005242,0.00837758040959,20.720995903
0.701076430079,0.00553030005242,0.00837758040959,20.7376480103
0.701076430079,0.00553030005242,0.00837758040959,20.7542948723
0.720564988352,0.00569357083609,0.00820304748438,20.7708518505
0.720564988352,0.00569357083609,0.00820304748438,20.7875080109
0.720564988352,0.00569357083609,0.00820304748438,20.8042290211
0.739797707169,0.0058513412806,0.007853981634,20.8207159042
0.739797707169,0.0058513412806,0.007853981634,20.8375239372
0.739797707169,0.0058513412806,0.007853981634,20.854434967
0.739797707169,0.0058513412806,0.007853981634,20.8707499504
0.759456927174,0.00600574760833,0.00767944870878,20.887830019
Values = 0.395793623855,-0.0310158307934
0.759456927174,0.00600574760833,0.00767944870878,20.9042289257
0.759456927174,0.00600574760833,0.00767944870878,20.920789957
0.778902949896,0.0061550852781,0.00820304748438,20.9374289513
0.778902949896,0.0061550852781,0.00820304748438,20.9542729855
0.778902949896,0.0061550852781,0.00820304748438,20.9708869457
0.778902949896,0.0061550852781,0.00820304748438,20.9876329899
0.798775337852,0.00631810307664,0.00767944870878,21.0041480064
0.798775337852,0.00631810307664,0.00767944870878,21.0211210251
0.805427924573,0.00636919227946,0.0071558499332,21.0374670029
0.805427924573,0.00636919227946,0.0071558499332,21.0541729927
0.805427924573,0.00636919227946,0.0071558499332,21.0711050034
0.82483137787,0.00650804284945,0.0071558499332,21.0872788429
Values = 0.405782873561,-0.0410050804997
0.82483137787,0.00650804284945,0.0071558499332,21.1041920185
0.82483137787,0.00650804284945,0.0071558499332,21.1210238934
0.831356055572,0.00655473326089,0.00680678408281,21.1375389099
0.831356055572,0.00655473326089,0.00680678408281,21.1544849873
0.851058071548,0.00668884270084,0.00575958653162,21.1722419262
0.851058071548,0.00668884270084,0.00575958653162,21.1876120567
0.851058071548,0.00668884270084,0.00575958653162,21.2044389248
0.870802862497,0.00680256579037,0.00523598775595,21.2209830284
0.870802862497,0.00680256579037,0.00523598775595,21.2375488281
0.870802862497,0.00680256579037,0.00523598775595,21.2541689873
0.870802862497,0.00680256579037,0.00523598775595,21.270911932
0.890888873962,0.00690773686158,0.00418879020474,21.2877058983
Values = 0.415780825545,-0.0510030324841
0.890888873962,0.00690773686158,0.00418879020474,21.3040599823
0.890888873962,0.00690773686158,0.00418879020474,21.3211419582
0.911273504239,0.00699312430061,0.003490658504,21.3379030228
0.911273504239,0.00699312430061,0.003490658504,21.3549258709
0.911273504239,0.00699312430061,0.003490658504,21.3708729744
0.911273504239,0.00699312430061,0.003490658504,21.3887970448
0.931828772296,0.00706487601328,0.00244346095275,21.4041340351
0.931828772296,0.00706487601328,0.00244346095275,21.4213910103
0.938822702661,0.00708196544305,0.00244346095275,21.437297821
0.938822702661,0.00708196544305,0.00244346095275,21.4542498589
0.938822702661,0.00708196544305,0.00244346095275,21.4708938599
0.959591264171,0.00713271271314,0.00191986217731,21.4874658585
0.959591264171,0.00713271271314,0.00191986217731,21.5042419434
0.959591264171,0.00713271271314,0.00191986217731,21.5208768845
0.979848097818,0.00717160308967,0.00191986217731,21.5377149582
0.979848097818,0.00717160308967,0.00191986217731,21.5552489758
0.979848097818,0.00717160308967,0.00191986217731,21.5744848251
0.986799390206,0.0071849486294,0.00191986217731,21.587239027
0.986799390206,0.0071849486294,0.00191986217731,21.6039409637
0.986799390206,0.0071849486294,0.00191986217731,21.6206359863
1.00761062141,0.00722490337413,0.00174532925201,21.6375110149
1.00761062141,0.00722490337413,0.00174532925201,21.6543488503
1.00761062141,0.00722490337413,0.00174532925201,21.6709480286
1.0285497972,0.00726144916727,0.00226892802751,21.6876130104
1.0285497972,0.00726144916727,0.00226892802751,21.7041699886
1.0285497972,0.00726144916727,0.00226892802751,21.7207708359
1.04927572132,0.00730847487809,0.00157079632676,21.737557888
1.04927572132,0.00730847487809,0.00157079632676,21.7543108463
1.04927572132,0.00730847487809,0.00157079632676,21.7707769871
1.04927572132,0.00730847487809,0.00157079632676,21.7877728939
1.06991638123,0.00734089717753,0.0008726646261,21.8042089939
1.06991638123,0.00734089717753,0.0008726646261,21.820830822
1.06991638123,0.00734089717753,0.0008726646261,21.8375868797
1.09068499683,0.00735902121829,0.0,21.854339838
1.09068499683,0.00735902121829,0.0,21.870803833
1.09068499683,0.00735902121829,0.0,21.8875050545
1.0975083639,0.00735902121829,-0.000523598775309,21.9040629864
1.0975083639,0.00735902121829,-0.000523598775309,21.9208500385
1.0975083639,0.00735902121829,-0.000523598775309,21.9376590252
1.11870344494,0.0073479234988,-0.00191986217731,21.9542520046
1.11870344494,0.0073479234988,-0.00191986217731,21.9708049297
1.12574002926,0.00733441421011,-0.00244346095275,21.9875319004
1.12574002926,0.00733441421011,-0.00244346095275,22.0047228336
1.12574002926,0.00733441421011,-0.00244346095275,22.0208950043
1.14706298769,0.0072823122901,-0.0029670597284,22.037457943
1.14706298769,0.0072823122901,-0.0029670597284,22.0541670322
1.16382280927,0.00723258475249,-0.00261799387804,22.0718100071
1.16382280927,0.00723258475249,-0.00261799387804,22.0875599384
1.16382280927,0.00723258475249,-0.00261799387804,22.1045019627
1.16181845207,0.00723783215938,-0.00226892802751,22.1210529804
1.16181845207,0.00723783215938,-0.00226892802751,22.1375968456
1.16181845207,0.00723783215938,-0.00226892802751,22.1543009281
1.16228755735,0.00723676779144,0.0,22.1709558964
1.16228755735,0.00723676779144,0.0,22.1874439716
1.16228755735,0.00723676779144,0.0,22.2043230534
1.16395075307,0.00723676779144,0.0071558499332,22.220717907
1.16395075307,0.00723676779144,0.0071558499332,22.2375769615
1.16395075307,0.00723676779144,0.0071558499332,22.2542920113
1.16395075307,0.00723676779144,0.0071558499332,22.2707798481
1.16382281821,0.00723585229317,0.00820304748438,22.2875380516
1.16382281821,0.00723585229317,0.00820304748438,22.3041369915
1.16382281821,0.00723585229317,0.00820304748438,22.320909977
1.16356695056,0.00723375335156,0.00802851455917,22.3374350071
1.16356695056,0.00723375335156,0.00802851455917,22.3544518948
1.16356695056,0.00723375335156,0.00802851455917,22.3709518909
1.16356695056,0.00723375335156,0.00802851455917,22.3876469135
1.16356695056,0.00723375335156,0.00802851455917,22.4041359425
1.16356695056,0.00723375335156,0.00802851455917,22.4206440449
1.16356695056,0.00723375335156,0.007853981634,22.4374220371
1.16356695056,0.00723375335156,0.007853981634,22.4541749954
1.16356695056,0.00723375335156,0.007853981634,22.4708590508
1.16360959528,0.00723408828936,0.007853981634,22.4875068665
1.16360959528,0.00723408828936,0.007853981634,22.5040979385
1.16360959528,0.00723408828936,0.007853981634,22.5208480358
1.16360959528,0.00723408828936,0.007853981634,22.5375080109
1.16360959528,0.00723408828936,0.007853981634,22.5542519093
1.16360959528,0.00723408828936,0.007853981634,22.5708470345
1.16360959528,0.00723408828936,0.007853981634,22.5879609585
1.16360959528,0.00723408828936,0.007853981634,22.6041109562
1.16360959528,0.00723408828936,0.007853981634,22.6207869053
1.16360959528,0.00723408828936,0.007853981634,22.6374578476
1.16360959528,0.00723408828936,0.007853981634,22.6542429924
1.16360959528,0.00723408828936,0.007853981634,22.6715149879
1.16360959528,0.00723408828936,0.007853981634,22.6875369549
1.16360959528,0.00723408828936,0.007853981634,22.704376936
1.16360959528,0.00723408828936,0.007853981634,22.720952034
1.16360959528,0.00723408828936,0.007853981634,22.73751688
1.16360959528,0.00723408828936,0.007853981634,22.7542459965
1.16360959528,0.00723408828936,0.007853981634,22.7709329128
1.16360959528,0.00723408828936,0.007853981634,22.7875699997
1.16360959528,0.00723408828936,0.007853981634,22.8041369915
1.16360959528,0.00723408828936,0.007853981634,22.8213529587
1.16360959528,0.00723408828936,0.007853981634,22.8375768661
1.16360959528,0.00723408828936,0.007853981634,22.8541150093
1.16360959528,0.00723408828936,0.007853981634,22.8709409237
1.16360959528,0.00723408828936,0.007853981634,22.8874518871
1.16360959528,0.00723408828936,0.007853981634,22.9040849209
1.16360959528,0.00723408828936,0.007853981634,22.920924902
1.16360959528,0.00723408828936,0.007853981634,22.9374828339
1.16360959528,0.00723408828936,0.007853981634,22.9546158314
1.16360959528,0.00723408828936,0.007853981634,22.9707958698
1.16360959528,0.00723408828936,0.007853981634,22.9875159264
1.16360959528,0.00723408828936,0.007853981634,23.0040898323
1.16360959528,0.00723408828936,0.007853981634,23.0209348202
1.16360959528,0.00723408828936,0.007853981634,23.0374889374
1.16360959528,0.00723408828936,0.007853981634,23.0541958809
1.16360959528,0.00723408828936,0.007853981634,23.0732648373
1.16360959528,0.00723408828936,0.007853981634,23.0875248909
1.16360959528,0.00723408828936,0.007853981634,23.1041989326
1.16360959528,0.00723408828936,0.007853981634,23.1209058762
1.16360959528,0.00723408828936,0.007853981634,23.1379909515
1.16360959528,0.00723408828936,0.007853981634,23.154198885
1.16360959528,0.00723408828936,0.007853981634,23.1707830429
1.16360959528,0.00723408828936,0.007853981634,23.1874699593
1.16360959528,0.00723408828936,0.007853981634,23.2040169239
1.16360959528,0.00723408828936,0.007853981634,23.2210030556
1.16360959528,0.00723408828936,0.007853981634,23.237539053
1.16360959528,0.00723408828936,0.007853981634,23.2541730404
1.16360959528,0.00723408828936,0.007853981634,23.2707970142
1.16360959528,0.00723408828936,0.007853981634,23.2873859406
1.16360959528,0.00723408828936,0.007853981634,23.304199934
1.16360959528,0.00723408828936,0.007853981634,23.320827961
1.16360959528,0.00723408828936,0.007853981634,23.3374269009
1.16360959528,0.00723408828936,0.007853981634,23.3542449474
1.16360959528,0.00723408828936,0.007853981634,23.3708269596
1.16360959528,0.00723408828936,0.007853981634,23.3873708248
1.16360959528,0.00723408828936,0.007853981634,23.4040880203
1.16360959528,0.00723408828936,0.007853981634,23.4218318462
1.16360959528,0.00723408828936,0.007853981634,23.4375479221
1.16360959528,0.00723408828936,0.007853981634,23.4542050362
1.16360959528,0.00723408828936,0.007853981634,23.4707539082
1.16360959528,0.00723408828936,0.007853981634,23.487308979
1.16360959528,0.00723408828936,0.007853981634,23.5043120384
1.16360959528,0.00723408828936,0.007853981634,23.5209038258
1.16360959528,0.00723408828936,0.007853981634,23.5375778675
1.16360959528,0.00723408828936,0.007853981634,23.5541858673
1.16360959528,0.00723408828936,0.007853981634,23.5707929134
1.16360959528,0.00723408828936,0.007853981634,23.5875279903
1.16360959528,0.00723408828936,0.007853981634,23.6044259071
1.16360959528,0.00723408828936,0.007853981634,23.6207900047
1.16360959528,0.00723408828936,0.007853981634,23.6374738216
1.16360959528,0.00723408828936,0.007853981634,23.6544940472
1.16360959528,0.00723408828936,0.007853981634,23.670678854
1.16360959528,0.00723408828936,0.007853981634,23.6876280308
1.16360959528,0.00723408828936,0.007853981634,23.7041618824
1.16360959528,0.00723408828936,0.007853981634,23.7207529545
1.16360959528,0.00723408828936,0.007853981634,23.7375888824
1.16360959528,0.00723408828936,0.007853981634,23.7542879581
1.16360959528,0.00723408828936,0.007853981634,23.7709059715
1.16360959528,0.00723408828936,0.007853981634,23.7874639034
1.16360959528,0.00723408828936,0.007853981634,23.8041789532
1.16360959528,0.00723408828936,0.007853981634,23.820966959
1.16360959528,0.00723408828936,0.007853981634,23.8377130032
1.16360959528,0.00723408828936,0.007853981634,23.8543288708
1.16360959528,0.00723408828936,0.007853981634,23.8709099293
1.16360959528,0.00723408828936,0.007853981634,23.887513876
1.16360959528,0.00723408828936,0.007853981634,23.9040658474
1.16360959528,0.00723408828936,0.007853981634,23.9208610058
1.16360959528,0.00723408828936,0.007853981634,23.9375209808
1.16360959528,0.00723408828936,0.007853981634,23.954447031
1.16360959528,0.00723408828936,0.007853981634,23.9708518982
1.16360959528,0.00723408828936,0.007853981634,23.9880418777
1.16360959528,0.00723408828936,0.007853981634,24.004858017
1.16360959528,0.00723408828936,0.007853981634,24.0209698677
1.16360959528,0.00723408828936,0.007853981634,24.0375669003
1.16360959528,0.00723408828936,0.007853981634,24.0541958809
1.16360959528,0.00723408828936,0.007853981634,24.0708408356
1.16360959528,0.00723408828936,0.007853981634,24.0876839161
1.16360959528,0.00723408828936,0.007853981634,24.1041829586
1.16360959528,0.00723408828936,0.007853981634,24.120926857
1.16360959528,0.00723408828936,0.007853981634,24.1374509335
1.16360959528,0.00723408828936,0.007853981634,24.1543028355
1.16360959528,0.00723408828936,0.007853981634,24.1708488464
