0,0,0
0.0,0.0,0.0
0.0,0.0,0.0
0.0,0.0,0.0
0.0,0.0,0.0
0.0,0.0,0.0
0.0,0.0,0.0
0.0,0.0,0.0
0.0,0.0,0.0
0.0,0.0,0.0
0.0,0.0,0.0
0.0,0.0,0.0
0.0,0.0,0.0
0.0,0.0,0.0
0.0,0.0,0.0
0.0,0.0,0.0
0.0,0.0,0.0
0.0,0.0,0.0
0.0,0.0,0.0
0.0,0.0,0.0
0.0,0.0,0.0
0.0,0.0,0.0
0.0,0.0,0.0
0.0,0.0,0.0
0.0,0.0,0.0
0.0,0.0,0.0
0.0,0.0,0.0
0.0,0.0,0.0
0.0,0.0,0.0
0.0,0.0,0.0
0.0,0.0,0.0
0.0,0.0,0.0
0.0,0.0,0.0
0.0,0.0,0.0
0.0,0.0,0.0
0.0,0.0,0.0
0.0,0.0,0.0
0.0,0.0,0.0
0.0,0.0,0.0
0.0,0.0,0.0
0.0,0.0,0.0
0.0,0.0,0.0
0.0,0.0,0.0
0.0,0.0,0.0
0.0,0.0,0.0
0.0,0.0,0.0
0.0,0.0,0.0
0.0,0.0,0.0
0.0,0.0,0.0
0.0,0.0,0.0
0.0,0.0,0.0
0.0,0.0,0.0
0.0,0.0,0.0
0.0,0.0,0.0
0.0,0.0,0.0
0.0,0.0,0.0
0.0,0.0,0.0
0.0,0.0,0.0
0.0,0.0,0.0
0.0,0.0,0.0
0.0,0.0,0.0
0.0,0.0,0.0
0.0,0.0,0.0
0.0,0.0,0.0
0.0,0.0,0.0
0.0,0.0,0.0
0.0,0.0,0.0
0.0,0.0,0.0
0.0,0.0,0.0
0.0,0.0,0.0
0.0,0.0,0.0
0.0,0.0,0.0
0.0,0.0,0.0
0.0,0.0,0.0
0.0,0.0,0.0
0.0,0.0,0.0
0.0,0.0,0.0
0.0,0.0,0.0
0.0,0.0,0.0
0.0,0.0,0.0
0.0,0.0,0.0
0.0,0.0,0.0
0.0,0.0,0.0
0.0,0.0,0.0
0.0,0.0,0.0
0.0,0.0,0.0
0.0,0.0,0.0
0.0,0.0,0.0
0.0,0.0,0.0
0.0,0.0,0.0
0.0,0.0,0.0
0.0,0.0,0.0
0.0,0.0,0.0
0.0,0.0,0.0
0.0,0.0,0.0
0.0,0.0,0.0
0.0,0.0,0.0
0.0,0.0,0.0
0.0,0.0,0.0
0.0,0.0,0.0
0.0,0.0,0.0
0.0,0.0,0.0
0.0,0.0,0.0
0.0,0.0,0.0
0.0,0.0,0.0
0.0,0.0,0.0
0.0,0.0,0.0
0.0,0.0,0.0
0.0,0.0,0.0
0.0,0.0,0.0
0.0,0.0,0.0
0.0,0.0,0.0
0.0,0.0,0.0
0.0,0.0,0.0
0.0,0.0,0.0
0.0,0.0,0.0
0.0,0.0,0.0
0.0,0.0,0.0
0.0,0.0,0.0
0.0,0.0,0.0
0.0,0.0,0.0
0.0,0.0,0.0
0.0,0.0,0.0
0.0,0.0,0.0
0.0,0.0,0.0
0.0,0.0,0.0
0.0,0.0,0.0
0.0,0.0,0.0
0.0,0.0,0.0
0.0,0.0,0.0
0.0,0.0,0.0
0.0,0.0,0.0
0.0,0.0,0.0
0.0,0.0,0.0
0.0,0.0,0.0
0.0,0.0,0.0
0.0,0.0,0.0
0.0,0.0,0.0
0.0,0.0,0.0
0.0,0.0,0.0
0.0,0.0,0.0
0.0,0.0,0.0
0.0,0.0,0.0
0.0,0.0,0.0
0.0,0.0,0.0
0.0,0.0,0.0
0.0,0.0,0.0
0.0,0.0,0.0
0.0,0.0,0.0
0.0,0.0,0.0
0.0,0.0,0.0
0.0,0.0,0.0
0.0,0.0,0.0
0.0,0.0,0.0
0.0,0.0,0.0
0.0,0.0,0.0
0.0,0.0,0.0
0.0,0.0,0.0
0.0,0.0,0.0
0.0,0.0,0.0
0.0,0.0,0.0
0.0,0.0,0.0
0.0,0.0,0.0
0.0,0.0,0.0
0.0,0.0,0.0
0.0,0.0,0.0
0.0,0.0,0.0
0.0,0.0,0.0
0.0,0.0,0.0
0.0,0.0,0.0
0.0,0.0,0.0
0.0,0.0,0.0
0.0,0.0,0.0
0.0,0.0,0.0
0.0,0.0,0.0
0.0,0.0,0.0
0.0,0.0,0.0
0.0,0.0,0.0
0.0,0.0,0.0
0.0,0.0,0.0
0.0,0.0,0.0
0.0,0.0,0.0
0.0,0.0,0.0
0.0,0.0,0.0
0.0,0.0,0.0
0.0,0.0,0.0
0.0,0.0,0.0
0.0,0.0,0.0
0.0,0.0,0.0
0.0,0.0,0.0
0.0,0.0,0.0
0.0,0.0,0.0
0.0,0.0,0.0
0.0,0.0,0.0
0.0,0.0,0.0
0.0,0.0,0.0
0.0,0.0,0.0
0.0,0.0,0.0
0.0,0.0,0.0
0.0,0.0,0.0
0.0,0.0,0.0
0.0,0.0,0.0
0.0,0.0,0.0
0.0,0.0,0.0
0.0,0.0,0.0
0.0,0.0,0.0
0.0,0.0,0.0
0.0,0.0,0.0
0.0,0.0,0.0
0.0,0.0,0.0
0.0,0.0,0.0
0.0,0.0,0.0
0.0,0.0,0.0
0.0,0.0,0.0
0.0,0.0,0.0
0.0,0.0,0.0
0.0,0.0,0.0
0.0,0.0,0.0
0.0,0.0,0.0
0.0,0.0,0.0
0.0,0.0,0.0
0.0,0.0,0.0
0.0,0.0,0.0
0.0,0.0,0.0
0.0,0.0,0.0
0.0,0.0,0.0
0.0,0.0,0.0
0.0,0.0,0.0
0.0,0.0,0.0
0.0,0.0,0.0
0.0,0.0,0.0
0.0,0.0,0.0
0.0,0.0,0.0
0.0,0.0,0.0
0.0,0.0,0.0
0.0,0.0,0.0
0.0,0.0,0.0
0.0,0.0,0.0
0.0,0.0,0.0
0.0,0.0,0.0
0.0,0.0,0.0
0.0,0.0,0.0
0.0,0.0,0.0
0.0,0.0,0.0
0.0,0.0,0.0
0.0,0.0,0.0
0.0,0.0,0.0
0.0,0.0,0.0
0.0,0.0,0.0
0.0,0.0,0.0
0.0,0.0,0.0
0.0,0.0,0.0
0.0,0.0,0.0
0.0,0.0,0.0
0.0,0.0,0.0
0.0,0.0,0.0
0.0,0.0,0.0
0.0,0.0,0.0
0.0,0.0,0.0
0.0,0.0,0.0
0.0,0.0,0.0
0.0,0.0,0.0
0.0,0.0,0.0
0.0,0.0,0.0
0.0,0.0,0.0
0.0,0.0,0.0
0.0,0.0,0.0
0.0,0.0,0.0
0.0,0.0,0.0
0.0,0.0,0.0
0.0,0.0,0.0
0.0,0.0,0.0
0.0,0.0,0.0
0.0,0.0,0.0
0.0,0.0,0.0
0.0,0.0,0.0
0.0,0.0,0.0
0.0,0.0,0.0
0.0,0.0,0.0
0.0,0.0,0.0
0.0,0.0,0.0
0.0,0.0,0.0
0.0,0.0,0.0
0.0,0.0,0.0
0.0,0.0,0.0
0.0,0.0,0.0
0.0,0.0,0.0
0.0,0.0,0.0
0.0,0.0,0.0
0.0,0.0,0.0
0.0,0.0,0.0
0.0,0.0,0.0
0.0,0.0,0.0
0.0,0.0,0.0
0.0,0.0,0.0
0.0,0.0,0.0
0.0,0.0,0.0
0.0,0.0,0.0
0.0,0.0,0.0
0.0,0.0,0.0
0.0,0.0,0.0
0.0,0.0,0.0
0.0,0.0,0.0
0.0,0.0,0.0
0.0,0.0,0.0
0.0,0.0,0.0
0.0,0.0,0.0
0.0,0.0,0.0
0.0,0.0,0.0
0.0,0.0,0.0
0.0,0.0,0.0
0.0,0.0,0.0
0.0,0.0,0.0
0.0,0.0,0.0
0.0,0.0,0.0
0.0,0.0,0.0
0.0,0.0,0.0
0.0,0.0,0.0
0.0,0.0,0.0
0.0,0.0,0.0
0.0,0.0,0.0
0.0,0.0,0.0
0.0,0.0,0.0
0.0,0.0,0.0
0.0,0.0,0.0
0.0,0.0,0.0
0.0,0.0,0.0
0.0,0.0,0.0
0.0,0.0,0.0
0.0,0.0,0.0
0.0,0.0,0.0
0.0,0.0,0.0
0.0,0.0,0.0
0.0,0.0,0.0
0.0,0.0,0.0
0.0,0.0,0.0
0.0,0.0,0.0
0.0,0.0,0.0
0.0,0.0,0.0
0.0,0.0,0.0
0.0,0.0,0.0
0.0,0.0,0.0
0.0,0.0,0.0
0.0,0.0,0.0
0.0,0.0,0.0
0.0,0.0,0.0
0.0,0.0,0.0
0.0,0.0,0.0
0.0,0.0,0.0
0.0,0.0,0.0
0.0,0.0,0.0
0.0,0.0,0.0
0.0,0.0,0.0
0.0,0.0,0.0
0.0,0.0,0.0
0.0,0.0,0.0
0.0,0.0,0.0
0.000852920883335,7.13947130582e-17,0.0
0.000852920883335,7.13947130582e-17,0.0
0.000852920883335,7.13947130582e-17,0.0
0.000852920883335,7.13947130582e-17,0.0
0.0154378679884,5.11743425413e-17,-0.000349065850399
0.0154378679884,5.11743425413e-17,-0.000349065850399
0.0154378679884,5.11743425413e-17,-0.000349065850399
0.0154378679884,5.11743425413e-17,-0.000349065850399
0.0275066977523,-4.21281649585e-06,-0.00226892802759
0.0275066977523,-4.21281649585e-06,-0.00226892802759
0.0275066977523,-4.21281649585e-06,-0.00226892802759
0.0400446024645,-3.26604687212e-05,-0.00157079632679
0.0449488914932,-4.03641142492e-05,-0.00174532925199
0.0449488914932,-4.03641142492e-05,-0.00174532925199
0.0449488914932,-4.03641142492e-05,-0.00174532925199
0.0449488914932,-4.03641142492e-05,-0.00174532925199
0.0599602761762,-6.65639496525e-05,0.0012217304764
0.065333673731,-5.99991028318e-05,0.00244346095279
0.065333673731,-5.99991028318e-05,0.00244346095279
0.065333673731,-5.99991028318e-05,0.00244346095279
0.07552604786,-3.50943850667e-05,0.00226892802759
0.07552604786,-3.50943850667e-05,0.00226892802759
0.07552604786,-3.50943850667e-05,0.00226892802759
0.0894712684072,-3.45362902026e-06,0.00349065850399
0.0894712684072,-3.45362902026e-06,0.00349065850399
0.0894712684072,-3.45362902026e-06,0.00349065850399
0.0894712684072,-3.45362902026e-06,0.00349065850399
0.103672314597,4.6117574963e-05,0.00349065850399
0.108278059307,6.21947222009e-05,0.00331612557879
0.108278059307,6.21947222009e-05,0.00331612557879
0.108278059307,6.21947222009e-05,0.00331612557879
0.115144034666,8.49632421723e-05,0.00349065850399
0.115144034666,8.49632421723e-05,0.00349065850399
0.113949952704,8.07950928885e-05,0.00331612557879
0.113949952704,8.07950928885e-05,0.00331612557879
0.113949952704,8.07950928885e-05,0.00331612557879
0.117020451001,9.09772881552e-05,0.00541052068118
0.117020451001,9.09772881552e-05,0.00541052068118
0.117020451001,9.09772881552e-05,0.00541052068118
0.117020451001,9.09772881552e-05,0.00541052068118
0.116935160161,9.05158157987e-05,0.00802851455917
0.116935160161,9.05158157987e-05,0.00802851455917
0.116935160161,9.05158157987e-05,0.00802851455917
0.116466068794,8.67496280072e-05,0.00855211333477
0.116466068794,8.67496280072e-05,0.00855211333477
0.116423424309,8.63849186501e-05,0.00855211333477
0.116423424309,8.63849186501e-05,0.00855211333477
0.116423424309,8.63849186501e-05,0.00855211333477
0.116423424309,8.63849186501e-05,0.00907571211037
0.116423424309,8.63849186501e-05,0.00907571211037
0.116423424309,8.63849186501e-05,0.00907571211037
0.116423424309,8.63849186501e-05,0.00907571211037
0.116423424309,8.63849186501e-05,0.00890117918517
0.116423424309,8.63849186501e-05,0.00890117918517
0.116423424309,8.63849186501e-05,0.00890117918517
0.116423424309,8.63849186501e-05,0.00890117918517
0.116423424309,8.63849186501e-05,0.00872664625997
0.116423424309,8.63849186501e-05,0.00872664625997
0.116423424309,8.63849186501e-05,0.00872664625997
0.116423424309,8.63849186501e-05,0.00872664625997
0.116423424309,8.63849186501e-05,0.00872664625997
0.116423424309,8.63849186501e-05,0.00872664625997
0.116423424309,8.63849186501e-05,0.00872664625997
0.116423424309,8.63849186501e-05,0.00872664625997
0.116423424309,8.63849186501e-05,0.00872664625997
0.116423424309,8.63849186501e-05,0.00872664625997
0.116423424309,8.63849186501e-05,0.00907571211037
0.116423424309,8.63849186501e-05,0.00907571211037
0.116423424309,8.63849186501e-05,0.00907571211037
0.116423424309,8.63849186501e-05,0.00907571211037
0.116423424309,8.63849186501e-05,0.00907571211037
0.116423424309,8.63849186501e-05,0.00907571211037
0.116423424309,8.63849186501e-05,0.00907571211037
0.116423424309,8.63849186501e-05,0.00907571211037
0.116423424309,8.63849186501e-05,0.00907571211037
0.116423424309,8.63849186501e-05,0.00907571211037
0.116423424309,8.63849186501e-05,0.00907571211037
0.116423424309,8.63849186501e-05,0.00907571211037
0.116423424309,8.63849186501e-05,0.00907571211037
0.116423424309,8.63849186501e-05,0.00890117918517
0.116423424309,8.63849186501e-05,0.00890117918517
0.116423424309,8.63849186501e-05,0.00890117918517
0.116423424309,8.63849186501e-05,0.00890117918517
0.117276311404,9.39768200101e-05,0.00907571211037
0.122095115929,0.000137712103406,0.00907571211037
0.122095115929,0.000137712103406,0.00907571211037
0.122095115929,0.000137712103406,0.00907571211037
0.122095115929,0.000137712103406,0.00907571211037
0.13663681808,0.000269692029407,0.00890117918517
0.13663681808,0.000269692029407,0.00890117918517
0.13663681808,0.000269692029407,0.00890117918517
0.147937572084,0.000370284722428,0.00907571211037
0.147937572084,0.000370284722428,0.00907571211037
0.15215935658,0.000408601475138,0.00925024503557
0.15215935658,0.000408601475138,0.00925024503557
0.15215935658,0.000408601475138,0.00925024503557
0.166530458596,0.000541541482,0.00872664625997
0.171605144616,0.000585827595976,0.0102974425868
0.171605144616,0.000585827595976,0.0102974425868
0.171605144616,0.000585827595976,0.0102974425868
0.171605144616,0.000585827595976,0.0102974425868
0.18695690655,0.000743917070934,0.0116937059884
0.18695690655,0.000743917070934,0.0116937059884
0.18695690655,0.000743917070934,0.0116937059884
0.18695690655,0.000743917070934,0.0116937059884
0.201327640831,0.000911971872618,0.0127409035396
0.201327640831,0.000911971872618,0.0127409035396
0.201327640831,0.000911971872618,0.0127409035396
0.215527620915,0.00109290223941,0.0129154364648
0.215527620915,0.00109290223941,0.0129154364648
0.215527620915,0.00109290223941,0.0129154364648
0.215527620915,0.00109290223941,0.0129154364648
0.229514356767,0.0012735570827,0.0125663706144
0.229514356767,0.0012735570827,0.0125663706144
0.229514356767,0.0012735570827,0.0125663706144
0.237232681307,0.00137055351513,0.01308996939
0.237232681307,0.00137055351513,0.01308996939
0.237232681307,0.00137055351513,0.01308996939
0.237232681307,0.00137055351513,0.01308996939
0.237531178041,0.00137446105142,0.0132645023152
0.237531178041,0.00137446105142,0.0132645023152
0.237531178041,0.00137446105142,0.0132645023152
0.238426666184,0.00138633995266,0.0134390352404
0.238426666184,0.00138633995266,0.0134390352404
0.238426666184,0.00138633995266,0.0134390352404
0.238426666184,0.00138633995266,0.0134390352404
0.238256097411,0.0013840475349,0.0136135681656
0.238256097411,0.0013840475349,0.0136135681656
0.238256097411,0.0013840475349,0.0136135681656
0.238256097411,0.0013840475349,0.0136135681656
0.237787034394,0.00137766151904,0.0136135681656
0.237787034394,0.00137766151904,0.0136135681656
0.237787034394,0.00137766151904,0.0136135681656
0.237787034394,0.00137766151904,0.0141371669412
0.237787034394,0.00137766151904,0.0141371669412
0.237787034394,0.00137766151904,0.0141371669412
0.237787034394,0.00137766151904,0.0141371669412
0.237787034394,0.00137766151904,0.0141371669412
0.237787034394,0.00137766151904,0.0143116998664
0.237787034394,0.00137766151904,0.0143116998664
0.237787034394,0.00137766151904,0.0143116998664
0.237787034394,0.00137766151904,0.0143116998664
0.237787034394,0.00137766151904,0.0143116998664
0.237787034394,0.00137766151904,0.0143116998664
0.237787034394,0.00137766151904,0.0143116998664
0.237787034394,0.00137766151904,0.0144862327916
0.237787034394,0.00137766151904,0.0144862327916
0.237787034394,0.00137766151904,0.0144862327916
0.237787034394,0.00137766151904,0.0144862327916
0.237787034394,0.00137766151904,0.0144862327916
0.237787034394,0.00137766151904,0.0144862327916
0.237787034394,0.00137766151904,0.0144862327916
0.237787034394,0.00137766151904,0.0144862327916
0.237787034394,0.00137766151904,0.0144862327916
0.237787034394,0.00137766151904,0.0144862327916
0.237787034394,0.00137766151904,0.0144862327916
0.237787034394,0.00137766151904,0.0144862327916
0.237787034394,0.00137766151904,0.0144862327916
0.237787034394,0.00137766151904,0.0144862327916
0.237787034394,0.00137766151904,0.0144862327916
0.237787034394,0.00137766151904,0.0144862327916
0.237787034394,0.00137766151904,0.0144862327916
0.237787034394,0.00137766151904,0.0144862327916
0.237787034394,0.00137766151904,0.0144862327916
0.237787034394,0.00137766151904,0.0144862327916
0.237787034394,0.00137766151904,0.0144862327916
0.237787034394,0.00137766151904,0.0144862327916
0.237787034394,0.00137766151904,0.0144862327916
0.237787034394,0.00137766151904,0.0144862327916
0.237787034394,0.00137766151904,0.0144862327916
0.237787034394,0.00137766151904,0.0144862327916
0.237787034394,0.00137766151904,0.0144862327916
0.237787034394,0.00137766151904,0.0144862327916
0.237787034394,0.00137766151904,0.0144862327916
0.237787034394,0.00137766151904,0.0144862327916
0.237787034394,0.00137766151904,0.0144862327916
0.237787034394,0.00137766151904,0.0144862327916
0.237787034394,0.00137766151904,0.0144862327916
0.237787034394,0.00137766151904,0.0144862327916
0.237787034394,0.00137766151904,0.0144862327916
0.237787034394,0.00137766151904,0.0144862327916
0.237787034394,0.00137766151904,0.0144862327916
0.237787034394,0.00137766151904,0.0144862327916
0.237787034394,0.00137766151904,0.0144862327916
0.237787034394,0.00137766151904,0.0144862327916
0.237787034394,0.00137766151904,0.0144862327916
0.237787034394,0.00137766151904,0.0144862327916
0.237787034394,0.00137766151904,0.0144862327916
0.237787034394,0.00137766151904,0.0144862327916
0.237787034394,0.00137766151904,0.0144862327916
0.237787034394,0.00137766151904,0.0144862327916
0.237787034394,0.00137766151904,0.0144862327916
0.237787034394,0.00137766151904,0.0144862327916
0.237787034394,0.00137766151904,0.0144862327916
0.237787034394,0.00137766151904,0.0144862327916
0.237787034394,0.00137766151904,0.0144862327916
0.237787034394,0.00137766151904,0.0144862327916
0.237787034394,0.00137766151904,0.0144862327916
0.237787034394,0.00137766151904,0.0144862327916
0.237787034394,0.00137766151904,0.0144862327916
0.237787034394,0.00137766151904,0.0144862327916
0.237787034394,0.00137766151904,0.0144862327916
0.237787034394,0.00137766151904,0.0144862327916
0.237787034394,0.00137766151904,0.0144862327916
0.237787034394,0.00137766151904,0.0144862327916
0.237787034394,0.00137766151904,0.0144862327916
0.237787034394,0.00137766151904,0.0144862327916
0.237787034394,0.00137766151904,0.0144862327916
0.237787034394,0.00137766151904,0.0144862327916
0.237787034394,0.00137766151904,0.0144862327916
0.237787034394,0.00137766151904,0.0144862327916
0.237787034394,0.00137766151904,0.0144862327916
0.237787034394,0.00137766151904,0.0144862327916
0.237787034394,0.00137766151904,0.0144862327916
0.237787034394,0.00137766151904,0.0144862327916
0.237787034394,0.00137766151904,0.0144862327916
0.237787034394,0.00137766151904,0.0144862327916
0.237787034394,0.00137766151904,0.0144862327916
0.237787034394,0.00137766151904,0.0144862327916
0.237787034394,0.00137766151904,0.0144862327916
0.237787034394,0.00137766151904,0.0144862327916
0.237787034394,0.00137766151904,0.0144862327916
0.237787034394,0.00137766151904,0.0144862327916
0.237787034394,0.00137766151904,0.0144862327916
0.237787034394,0.00137766151904,0.0144862327916
0.237787034394,0.00137766151904,0.0144862327916
0.237787034394,0.00137766151904,0.0144862327916
0.237787034394,0.00137766151904,0.0144862327916
0.237787034394,0.00137766151904,0.0144862327916
0.237787034394,0.00137766151904,0.0144862327916
0.237787034394,0.00137766151904,0.0144862327916
0.237787034394,0.00137766151904,0.0144862327916
0.237787034394,0.00137766151904,0.0144862327916
0.237787034394,0.00137766151904,0.0144862327916
0.237787034394,0.00137766151904,0.0144862327916
0.237787034394,0.00137766151904,0.0144862327916
0.237787034394,0.00137766151904,0.0144862327916
0.237787034394,0.00137766151904,0.0144862327916
0.237787034394,0.00137766151904,0.0144862327916
0.237787034394,0.00137766151904,0.0144862327916
0.237787034394,0.00137766151904,0.0144862327916
0.237787034394,0.00137766151904,0.0144862327916
0.237787034394,0.00137766151904,0.0144862327916
0.237787034394,0.00137766151904,0.0144862327916
0.237787034394,0.00137766151904,0.0144862327916
0.237787034394,0.00137766151904,0.0144862327916
0.237787034394,0.00137766151904,0.0144862327916
0.237787034394,0.00137766151904,0.0144862327916
0.237787034394,0.00137766151904,0.0144862327916
0.237787034394,0.00137766151904,0.0144862327916
0.237787034394,0.00137766151904,0.0144862327916
0.237787034394,0.00137766151904,0.0144862327916
0.237787034394,0.00137766151904,0.0144862327916
0.237787034394,0.00137766151904,0.0144862327916
0.237787034394,0.00137766151904,0.0144862327916
0.237787034394,0.00137766151904,0.0144862327916
0.237787034394,0.00137766151904,0.0144862327916
0.237787034394,0.00137766151904,0.0144862327916
0.237787034394,0.00137766151904,0.0144862327916
0.237787034394,0.00137766151904,0.0144862327916
0.237787034394,0.00137766151904,0.0144862327916
0.237787034394,0.00137766151904,0.0144862327916
0.237787034394,0.00137766151904,0.0144862327916
0.237787034394,0.00137766151904,0.0144862327916
0.237787034394,0.00137766151904,0.0144862327916
0.237787034394,0.00137766151904,0.0144862327916
0.237787034394,0.00137766151904,0.0144862327916
0.237787034394,0.00137766151904,0.0144862327916
0.237787034394,0.00137766151904,0.0144862327916
0.237787034394,0.00137766151904,0.0144862327916
0.237787034394,0.00137766151904,0.0144862327916
0.237787034394,0.00137766151904,0.0144862327916
0.237787034394,0.00137766151904,0.0144862327916
0.237787034394,0.00137766151904,0.0144862327916
0.237787034394,0.00137766151904,0.0144862327916
0.237787034394,0.00137766151904,0.0144862327916
0.237787034394,0.00137766151904,0.0144862327916
0.237787034394,0.00137766151904,0.0144862327916
0.237787034394,0.00137766151904,0.0144862327916
0.237787034394,0.00137766151904,0.0144862327916
0.237787034394,0.00137766151904,0.0144862327916
0.237787034394,0.00137766151904,0.0144862327916
0.237787034394,0.00137766151904,0.0144862327916
0.237787034394,0.00137766151904,0.0144862327916
0.237787034394,0.00137766151904,0.0144862327916
0.237787034394,0.00137766151904,0.0144862327916
0.238725148925,0.0013912522152,0.0146607657168
0.238725148925,0.0013912522152,0.0146607657168
0.238725148925,0.0013912522152,0.0146607657168
0.238725148925,0.0013912522152,0.0146607657168
0.252882114017,0.00159881903522,0.0144862327916
0.252882114017,0.00159881903522,0.0144862327916
0.252882114017,0.00159881903522,0.0144862327916
0.252882114017,0.00159881903522,0.0144862327916
0.262860241301,0.00174337462173,0.0127409035396
0.262860241301,0.00174337462173,0.0127409035396
0.262860241301,0.00174337462173,0.0127409035396
0.275311875488,0.0019020282767,0.0127409035396
0.275311875488,0.0019020282767,0.0127409035396
0.275311875488,0.0019020282767,0.0127409035396
0.280045202183,0.00196233839896,0.01308996939
0.280045202183,0.00196233839896,0.01308996939
0.293264343262,0.00213538643493,0.0144862327916
0.293264343262,0.00213538643493,0.0144862327916
0.293264343262,0.00213538643493,0.0144862327916
0.297869632777,0.00220210439793,0.0144862327916
0.297869632777,0.00220210439793,0.0144862327916
0.310875311502,0.00239052086753,0.0157079632679
0.310875311502,0.00239052086753,0.0157079632679
0.310875311502,0.00239052086753,0.0157079632679
0.323411701713,0.00258745822219,0.0155334303427
0.323411701713,0.00258745822219,0.0155334303427
0.323411701713,0.00258745822219,0.0155334303427
0.323411701713,0.00258745822219,0.0155334303427
0.335905485205,0.00278154514828,0.0153588974176
0.335905485205,0.00278154514828,0.0153588974176
0.340169586631,0.0028470421949,0.0155334303427
0.340169586631,0.0028470421949,0.0155334303427
0.340169586631,0.0028470421949,0.0155334303427
0.346309876129,0.00294242962615,0.0157079632679
0.346309876129,0.00294242962615,0.0157079632679
0.346309876129,0.00294242962615,0.0157079632679
0.347247973356,0.00295716643501,0.0155334303427
0.347247973356,0.00295716643501,0.0155334303427
0.347247973356,0.00295716643501,0.0155334303427
0.347247973356,0.00295716643501,0.0155334303427
0.347631741449,0.00296312814946,0.0167551608191
0.347631741449,0.00296312814946,0.0167551608191
0.347631741449,0.00296312814946,0.0167551608191
0.352961748722,0.00305244163645,0.0171042266695
0.352961748722,0.00305244163645,0.0171042266695
0.352961748722,0.00305244163645,0.0171042266695
0.352961748722,0.00305244163645,0.0171042266695
0.36311002259,0.00322603694204,0.0158824961931
0.36311002259,0.00322603694204,0.0158824961931
0.36311002259,0.00322603694204,0.0158824961931
0.37121174903,0.00335472340209,0.013962634016
0.37121174903,0.00335472340209,0.013962634016
0.37121174903,0.00335472340209,0.013962634016
0.374793667554,0.00340473966988,0.0141371669412
0.374793667554,0.00340473966988,0.0141371669412
0.374793667554,0.00340473966988,0.0141371669412
0.386520157778,0.00357053006487,0.0153588974176
0.386520157778,0.00357053006487,0.0153588974176
0.390443131089,0.00363078734776,0.0158824961931
0.390443131089,0.00363078734776,0.0158824961931
0.390443131089,0.00363078734776,0.0158824961931
0.402254595424,0.00381839866057,0.0158824961931
0.402254595424,0.00381839866057,0.0158824961931
0.402254595424,0.00381839866057,0.0158824961931
0.412616277133,0.00398298187001,0.0153588974176
0.412616277133,0.00398298187001,0.0153588974176
0.412616277133,0.00398298187001,0.0153588974176
0.423020684611,0.00414279466374,0.0150098315672
0.423020684611,0.00414279466374,0.0150098315672
0.423020684611,0.00414279466374,0.0150098315672
0.426602548795,0.00419656187973,0.0151843644924
0.426602548795,0.00419656187973,0.0151843644924
0.426602548795,0.00419656187973,0.0151843644924
0.437305471903,0.00435909145674,0.0151843644924
0.437305471903,0.00435909145674,0.0151843644924
0.448392165163,0.0045274487875,0.0155334303427
0.448392165163,0.0045274487875,0.0155334303427
0.448392165163,0.0045274487875,0.0155334303427
0.452059282502,0.00458441628116,0.0155334303427
0.452059282502,0.00458441628116,0.0155334303427
0.452059282502,0.00458441628116,0.0155334303427
0.46242102103,0.00474538257141,0.0158824961931
0.46242102103,0.00474538257141,0.0158824961931
0.46242102103,0.00474538257141,0.0158824961931
0.471674045437,0.00489235605473,0.0164060949687
0.471674045437,0.00489235605473,0.0164060949687
0.471674045437,0.00489235605473,0.0164060949687
0.471674045437,0.00489235605473,0.0164060949687
0.481310754365,0.00505047100292,0.0162315620435
0.481310754365,0.00505047100292,0.0162315620435
0.481310754365,0.00505047100292,0.0162315620435
0.490563726904,0.00520067439206,0.0162315620435
0.490563726904,0.00520067439206,0.0162315620435
0.490563726904,0.00520067439206,0.0162315620435
0.490563726904,0.00520067439206,0.0162315620435
0.49998726115,0.00535364650726,0.0158824961931
0.49998726115,0.00535364650726,0.0158824961931
0.49998726115,0.00535364650726,0.0158824961931
0.509282926222,0.00550129728775,0.0158824961931
0.509282926222,0.00550129728775,0.0158824961931
0.509282926222,0.00550129728775,0.0158824961931
0.512480976132,0.00555209457461,0.0158824961931
0.512480976132,0.00555209457461,0.0158824961931
0.512480976132,0.00555209457461,0.0158824961931
0.522075125863,0.0057044864352,0.0157079632679
0.522075125863,0.0057044864352,0.0157079632679
0.522075125863,0.0057044864352,0.0157079632679
0.531669302044,0.00585520379846,0.0158824961931
0.531669302044,0.00585520379846,0.0158824961931
0.531669302044,0.00585520379846,0.0158824961931
0.541135529779,0.00600556376757,0.0158824961931
0.541135529779,0.00600556376757,0.0158824961931
0.541135529779,0.00600556376757,0.0158824961931
0.541135529779,0.00600556376757,0.0158824961931
0.55081496084,0.00615931022248,0.0157079632679
0.55081496084,0.00615931022248,0.0157079632679
0.55081496084,0.00615931022248,0.0157079632679
0.55081496084,0.00615931022248,0.0157079632679
0.55460999053,0.00621892731284,0.0158824961931
0.55460999053,0.00621892731284,0.0158824961931
0.55460999053,0.00621892731284,0.0158824961931
0.555803929163,0.00623789163326,0.0165806278939
0.555803929163,0.00623789163326,0.0165806278939
0.555803929163,0.00623789163326,0.0165806278939
0.555803929163,0.00623789163326,0.0165806278939
0.555718648798,0.00623647750168,0.0174532925199
0.555718648798,0.00623647750168,0.0174532925199
0.555718648798,0.00623647750168,0.0174532925199
0.555590730151,0.0062342446734,0.0176278254451
0.555590730151,0.0062342446734,0.0176278254451
0.555590730151,0.0062342446734,0.0176278254451
0.555590730151,0.0062342446734,0.0176278254451
0.555548090733,0.00623349295531,0.0176278254451
0.555548090733,0.00623349295531,0.0176278254451
0.555548090733,0.00623349295531,0.0176278254451
0.555548090733,0.00623349295531,0.0176278254451
0.555548090733,0.00623349295531,0.0176278254451
0.555548090733,0.00623349295531,0.0176278254451
0.555548090733,0.00623349295531,0.0176278254451
0.555548090733,0.00623349295531,0.0176278254451
0.555548090733,0.00623349295531,0.0176278254451
0.555548090733,0.00623349295531,0.0176278254451
0.555548090733,0.00623349295531,0.0176278254451
0.559556196064,0.00630415445573,0.0176278254451
0.559556196064,0.00630415445573,0.0176278254451
0.559556196064,0.00630415445573,0.0176278254451
0.565397796387,0.006407139834,0.0172787595947
0.565397796387,0.006407139834,0.0172787595947
0.565397796387,0.006407139834,0.0172787595947
0.565397796387,0.006407139834,0.0172787595947
0.572262784581,0.00652577012075,0.0165806278939
0.572262784581,0.00652577012075,0.0165806278939
0.572262784581,0.00652577012075,0.0165806278939
0.579511615561,0.00664597130523,0.0165806278939
0.579511615561,0.00664597130523,0.0165806278939
0.579511615561,0.00664597130523,0.0165806278939
0.579511615561,0.00664597130523,0.0165806278939
0.587229488545,0.0067739502134,0.0169296937443
0.587229488545,0.0067739502134,0.0169296937443
0.587229488545,0.0067739502134,0.0169296937443
0.589489404985,0.00681221356229,0.0167551608191
0.589489404985,0.00681221356229,0.0167551608191
0.596141254061,0.00692367679406,0.0167551608191
0.596141254061,0.00692367679406,0.0167551608191
0.596141254061,0.00692367679406,0.0167551608191
0.598614377435,0.00696511825202,0.0169296937443
0.598614377435,0.00696511825202,0.0169296937443
0.598614377435,0.00696511825202,0.0169296937443
0.605223567023,0.00707702049879,0.0169296937443
0.605223567023,0.00707702049879,0.0169296937443
0.605223567023,0.00707702049879,0.0169296937443
0.612514995536,0.00720047394521,0.0167551608191
0.612514995536,0.00720047394521,0.0167551608191
0.612514995536,0.00720047394521,0.0167551608191
0.615030758969,0.00724262991107,0.0167551608191
0.615030758969,0.00724262991107,0.0167551608191
0.621981088452,0.00735909469811,0.0169296937443
0.621981088452,0.00735909469811,0.0169296937443
0.621981088452,0.00735909469811,0.0169296937443
0.62526436328,0.0074146848465,0.0171042266695
0.62526436328,0.0074146848465,0.0171042266695
0.62526436328,0.0074146848465,0.0171042266695
0.625221723473,0.00741395545446,0.0171042266695
0.625221723473,0.00741395545446,0.0171042266695
0.626245078821,0.00743146086343,0.0176278254451
0.626245078821,0.00743146086343,0.0176278254451
0.626245078821,0.00743146086343,0.0176278254451
0.626202439403,0.00743070914534,0.0172787595947
0.626202439403,0.00743070914534,0.0172787595947
0.626202439403,0.00743070914534,0.0172787595947
0.626202439403,0.00743070914534,0.0174532925199
0.626202439403,0.00743070914534,0.0174532925199
0.626159799854,0.00742996486924,0.0174532925199
0.626159799854,0.00742996486924,0.0174532925199
0.626159799854,0.00742996486924,0.0174532925199
0.626159799854,0.00742996486924,0.0174532925199
0.626159799854,0.00742996486924,0.0174532925199
0.626159799854,0.00742996486924,0.0174532925199
0.626159799854,0.00742996486924,0.0174532925199
0.626159799854,0.00742996486924,0.0174532925199
0.626159799854,0.00742996486924,0.0174532925199
0.626159799854,0.00742996486924,0.0174532925199
0.626159799854,0.00742996486924,0.0174532925199
0.626159799854,0.00742996486924,0.0174532925199
0.626159799854,0.00742996486924,0.0174532925199
0.626159799854,0.00742996486924,0.0174532925199
0.626159799854,0.00742996486924,0.0174532925199
0.626159799854,0.00742996486924,0.0174532925199
0.626159799854,0.00742996486924,0.0174532925199
0.626159799854,0.00742996486924,0.0174532925199
0.626159799854,0.00742996486924,0.0174532925199
0.626159799854,0.00742996486924,0.0174532925199
0.626159799854,0.00742996486924,0.0174532925199
0.626159799854,0.00742996486924,0.0174532925199
0.626159799854,0.00742996486924,0.0174532925199
0.626159799854,0.00742996486924,0.0174532925199
0.626159799854,0.00742996486924,0.0174532925199
0.626159799854,0.00742996486924,0.0174532925199
0.626159799854,0.00742996486924,0.0174532925199
0.626159799854,0.00742996486924,0.0174532925199
0.626159799854,0.00742996486924,0.0174532925199
0.626159799854,0.00742996486924,0.0174532925199
0.626159799854,0.00742996486924,0.0174532925199
0.626159799854,0.00742996486924,0.0174532925199
0.626159799854,0.00742996486924,0.0174532925199
0.626159799854,0.00742996486924,0.0174532925199
0.626159799854,0.00742996486924,0.0174532925199
0.626159799854,0.00742996486924,0.0174532925199
0.626159799854,0.00742996486924,0.0174532925199
0.626159799854,0.00742996486924,0.0174532925199
0.626159799854,0.00742996486924,0.0174532925199
0.626159799854,0.00742996486924,0.0174532925199
0.626159799854,0.00742996486924,0.0174532925199
0.626159799854,0.00742996486924,0.0174532925199
0.626159799854,0.00742996486924,0.0174532925199
0.626159799854,0.00742996486924,0.0174532925199
0.626159799854,0.00742996486924,0.0174532925199
0.626159799854,0.00742996486924,0.0174532925199
0.626159799854,0.00742996486924,0.0174532925199
0.626159799854,0.00742996486924,0.0174532925199
0.626159799854,0.00742996486924,0.0174532925199
0.626159799854,0.00742996486924,0.0174532925199
0.626159799854,0.00742996486924,0.0174532925199
0.626159799854,0.00742996486924,0.0174532925199
0.626159799854,0.00742996486924,0.0174532925199
0.626159799854,0.00742996486924,0.0174532925199
0.626159799854,0.00742996486924,0.0174532925199
0.626159799854,0.00742996486924,0.0174532925199
0.626159799854,0.00742996486924,0.0174532925199
0.626159799854,0.00742996486924,0.0174532925199
0.626159799854,0.00742996486924,0.0174532925199
0.626159799854,0.00742996486924,0.0174532925199
0.626159799854,0.00742996486924,0.0174532925199
0.626159799854,0.00742996486924,0.0174532925199
0.626159799854,0.00742996486924,0.0174532925199
0.626159799854,0.00742996486924,0.0174532925199
0.626159799854,0.00742996486924,0.0174532925199
0.626159799854,0.00742996486924,0.0174532925199
0.626159799854,0.00742996486924,0.0174532925199
0.626159799854,0.00742996486924,0.0174532925199
0.626159799854,0.00742996486924,0.0174532925199
0.626159799854,0.00742996486924,0.0174532925199
0.626159799854,0.00742996486924,0.0174532925199
0.626159799854,0.00742996486924,0.0174532925199
0.626159799854,0.00742996486924,0.0172787595947
0.626159799854,0.00742996486924,0.0172787595947
0.626159799854,0.00742996486924,0.0174532925199
0.626159799854,0.00742996486924,0.0174532925199
0.626159799854,0.00742996486924,0.0174532925199
0.629997359261,0.00749694971786,0.0174532925199
0.629997359261,0.00749694971786,0.0174532925199
0.629997359261,0.00749694971786,0.0174532925199
0.63417603506,0.00756988877524,0.0169296937443
0.63417603506,0.00756988877524,0.0169296937443
0.63417603506,0.00756988877524,0.0169296937443
0.640401465252,0.00767529347219,0.0171042266695
0.640401465252,0.00767529347219,0.0171042266695
0.640401465252,0.00767529347219,0.0171042266695
0.640401465252,0.00767529347219,0.0171042266695
0.645987279861,0.00777084382947,0.0167551608191
0.645987279861,0.00777084382947,0.0167551608191
0.645987279861,0.00777084382947,0.0167551608191
0.645987279861,0.00777084382947,0.0167551608191
0.652127448239,0.00787373296648,0.0167551608191
0.652127448239,0.00787373296648,0.0167551608191
0.654046250857,0.0079058858218,0.0165806278939
0.654046250857,0.0079058858218,0.0165806278939
0.654046250857,0.0079058858218,0.0165806278939
0.659717395094,0.00799992557201,0.0167551608191
0.659717395094,0.00799992557201,0.0167551608191
0.661593557654,0.00803136391943,0.0164060949687
0.661593557654,0.00803136391943,0.0164060949687
0.661593557654,0.00803136391943,0.0164060949687
0.667349998828,0.00812581311414,0.0162315620435
0.667349998828,0.00812581311414,0.0162315620435
0.667349998828,0.00812581311414,0.0162315620435
0.673106456399,0.0082192576189,0.0157079632679
0.673106456399,0.0082192576189,0.0157079632679
0.673106456399,0.0082192576189,0.0157079632679
0.675707544163,0.00826011877072,0.0155334303427
0.675707544163,0.00826011877072,0.0155334303427
0.675707544163,0.00826011877072,0.0155334303427
0.675707544163,0.00826011877072,0.0155334303427
0.676304516753,0.00826939254876,0.0158824961931
0.676304516753,0.00826939254876,0.0158824961931
0.676304516753,0.00826939254876,0.0158824961931
0.676304516753,0.00826939254876,0.0158824961931
0.676304516753,0.00826939254876,0.0153588974176
0.676304516753,0.00826939254876,0.0153588974176
0.676304516753,0.00826939254876,0.0153588974176
0.675750183568,0.0082608779327,0.0151843644924
0.675750183568,0.0082608779327,0.0151843644924
0.675750183568,0.0082608779327,0.0151843644924
0.675750183568,0.0082608779327,0.0151843644924
0.675750183568,0.0082608779327,0.0155334303427
0.675750183568,0.0082608779327,0.0155334303427
0.675750183568,0.0082608779327,0.0155334303427
0.675750183568,0.0082608779327,0.0151843644924
0.675750183568,0.0082608779327,0.0151843644924
0.675750183568,0.0082608779327,0.0151843644924
0.675750183568,0.0082608779327,0.0151843644924
0.675750183568,0.0082608779327,0.0151843644924
0.675750183568,0.0082608779327,0.0151843644924
0.675750183568,0.0082608779327,0.0151843644924
0.675750183568,0.0082608779327,0.0151843644924
0.675750183568,0.0082608779327,0.0151843644924
0.675750183568,0.0082608779327,0.0151843644924
0.675750183568,0.0082608779327,0.0151843644924
0.675750183568,0.0082608779327,0.0151843644924
0.675750183568,0.0082608779327,0.0151843644924
0.675750183568,0.0082608779327,0.0151843644924
0.675750183568,0.0082608779327,0.0151843644924
0.675750183568,0.0082608779327,0.0151843644924
0.675750183568,0.0082608779327,0.0151843644924
0.675750183568,0.0082608779327,0.0151843644924
0.675750183568,0.0082608779327,0.0151843644924
0.675750183568,0.0082608779327,0.0151843644924
0.675750183568,0.0082608779327,0.0151843644924
0.675750183568,0.0082608779327,0.0151843644924
0.675750183568,0.0082608779327,0.0151843644924
0.675750183568,0.0082608779327,0.0151843644924
0.675750183568,0.0082608779327,0.0151843644924
0.675750183568,0.0082608779327,0.0151843644924
0.675750183568,0.0082608779327,0.0151843644924
0.675750183568,0.0082608779327,0.0151843644924
0.675750183568,0.0082608779327,0.0151843644924
0.675750183568,0.0082608779327,0.0151843644924
0.675750183568,0.0082608779327,0.0151843644924
0.675750183568,0.0082608779327,0.0151843644924
0.675750183568,0.0082608779327,0.0151843644924
0.675750183568,0.0082608779327,0.0151843644924
0.675750183568,0.0082608779327,0.0151843644924
0.675750183568,0.0082608779327,0.0151843644924
0.675750183568,0.0082608779327,0.0151843644924
0.675750183568,0.0082608779327,0.0151843644924
0.675750183568,0.0082608779327,0.0151843644924
0.675750183568,0.0082608779327,0.0151843644924
0.675750183568,0.0082608779327,0.0151843644924
0.675750183568,0.0082608779327,0.0151843644924
0.675750183568,0.0082608779327,0.0151843644924
0.675750183568,0.0082608779327,0.0151843644924
0.675750183568,0.0082608779327,0.0151843644924
0.675750183568,0.0082608779327,0.0151843644924
0.675750183568,0.0082608779327,0.0151843644924
0.675750183568,0.0082608779327,0.0151843644924
0.675750183568,0.0082608779327,0.0151843644924
0.675750183568,0.0082608779327,0.0151843644924
0.675750183568,0.0082608779327,0.0151843644924
0.675750183568,0.0082608779327,0.0151843644924
0.675750183568,0.0082608779327,0.0151843644924
0.675750183568,0.0082608779327,0.0151843644924
0.675750183568,0.0082608779327,0.0151843644924
0.675750183568,0.0082608779327,0.0151843644924
0.675750183568,0.0082608779327,0.0151843644924
0.675750183568,0.0082608779327,0.0151843644924
0.675750183568,0.0082608779327,0.0151843644924
0.675750183568,0.0082608779327,0.0151843644924
0.675750183568,0.0082608779327,0.0151843644924
0.675750183568,0.0082608779327,0.0151843644924
0.675750183568,0.0082608779327,0.0151843644924
0.675750183568,0.0082608779327,0.0151843644924
0.675750183568,0.0082608779327,0.0151843644924
0.675750183568,0.0082608779327,0.0151843644924
0.675750183568,0.0082608779327,0.0151843644924
0.675750183568,0.0082608779327,0.0151843644924
0.675750183568,0.0082608779327,0.0151843644924
0.675750183568,0.0082608779327,0.0151843644924
0.675750183568,0.0082608779327,0.0151843644924
0.675750183568,0.0082608779327,0.0151843644924
0.675750183568,0.0082608779327,0.0151843644924
0.675750183568,0.0082608779327,0.0151843644924
0.675750183568,0.0082608779327,0.0151843644924
0.675750183568,0.0082608779327,0.0151843644924
0.675750183568,0.0082608779327,0.0151843644924
0.675750183568,0.0082608779327,0.0153588974176
0.675750183568,0.0082608779327,0.0153588974176
0.675750183568,0.0082608779327,0.0153588974176
0.675750183568,0.0082608779327,0.0153588974176
0.675750183568,0.0082608779327,0.0153588974176
0.675750183568,0.0082608779327,0.0153588974176
0.675750183568,0.0082608779327,0.0153588974176
0.679801079922,0.00832310012698,0.0155334303427
0.679801079922,0.00832310012698,0.0155334303427
0.681080306901,0.00834297250849,0.0153588974176
0.681080306901,0.00834297250849,0.0153588974176
0.681080306901,0.00834297250849,0.0153588974176
0.685514972384,0.00841108943697,0.014835298642
0.685514972384,0.00841108943697,0.014835298642
0.685514972384,0.00841108943697,0.014835298642
0.690930424006,0.00849143517347,0.0144862327916
0.690930424006,0.00849143517347,0.0144862327916
0.690930424006,0.00849143517347,0.0144862327916
0.690930424006,0.00849143517347,0.0144862327916
0.695706279799,0.00856062417214,0.0146607657168
0.695706279799,0.00856062417214,0.0146607657168
0.695706279799,0.00856062417214,0.0146607657168
0.695706279799,0.00856062417214,0.0146607657168
0.700567406367,0.00863189711637,0.0141371669412
0.700567406367,0.00863189711637,0.0141371669412
0.700567406367,0.00863189711637,0.0141371669412
0.705087435326,0.00869580177771,0.0141371669412
0.705087435326,0.00869580177771,0.0141371669412
0.705087435326,0.00869580177771,0.0141371669412
0.705087435326,0.00869580177771,0.0141371669412
0.710204449241,0.00876814667734,0.0141371669412
0.710204449241,0.00876814667734,0.0141371669412
0.711824836981,0.00879105589556,0.0141371669412
0.711824836981,0.00879105589556,0.0141371669412
0.711824836981,0.00879105589556,0.0141371669412
0.713999567895,0.0088218024779,0.0137881010908
0.713999567895,0.0088218024779,0.0137881010908
0.714127493867,0.00882356644592,0.0137881010908
0.714127493867,0.00882356644592,0.0137881010908
0.714127493867,0.00882356644592,0.0137881010908
0.714639197753,0.00883062231796,0.0141371669412
0.714639197753,0.00883062231796,0.0141371669412
0.714639197753,0.00883062231796,0.0141371669412
0.71459655597,0.0088300194438,0.013962634016
0.71459655597,0.0088300194438,0.013962634016
0.71459655597,0.0088300194438,0.013962634016
0.714255420872,0.00882525598972,0.0136135681656
0.714255420872,0.00882525598972,0.0136135681656
0.714255420872,0.00882525598972,0.0136135681656
0.714255420872,0.00882525598972,0.0137881010908
0.714255420872,0.00882525598972,0.0137881010908
0.714255420872,0.00882525598972,0.0137881010908
0.714255420872,0.00882525598972,0.013962634016
0.714255420872,0.00882525598972,0.013962634016
0.714255420872,0.00882525598972,0.013962634016
0.714255420872,0.00882525598972,0.013962634016
0.714255420872,0.00882525598972,0.013962634016
0.714255420872,0.00882525598972,0.013962634016
0.714255420872,0.00882525598972,0.013962634016
0.714255420872,0.00882525598972,0.013962634016
0.714255420872,0.00882525598972,0.013962634016
0.714255420872,0.00882525598972,0.013962634016
0.714255420872,0.00882525598972,0.013962634016
0.714255420872,0.00882525598972,0.013962634016
0.714255420872,0.00882525598972,0.013962634016
0.714255420872,0.00882525598972,0.013962634016
0.714255420872,0.00882525598972,0.013962634016
0.714255420872,0.00882525598972,0.013962634016
0.714255420872,0.00882525598972,0.013962634016
0.714255420872,0.00882525598972,0.013962634016
0.714255420872,0.00882525598972,0.013962634016
0.714255420872,0.00882525598972,0.013962634016
0.714255420872,0.00882525598972,0.013962634016
0.714255420872,0.00882525598972,0.013962634016
0.714255420872,0.00882525598972,0.013962634016
0.714255420872,0.00882525598972,0.013962634016
0.714255420872,0.00882525598972,0.013962634016
0.714255420872,0.00882525598972,0.013962634016
0.714255420872,0.00882525598972,0.013962634016
0.714255420872,0.00882525598972,0.013962634016
0.714255420872,0.00882525598972,0.013962634016
0.714255420872,0.00882525598972,0.013962634016
0.714255420872,0.00882525598972,0.013962634016
0.714255420872,0.00882525598972,0.013962634016
0.714255420872,0.00882525598972,0.013962634016
0.714255420872,0.00882525598972,0.013962634016
0.714255420872,0.00882525598972,0.0137881010908
0.714255420872,0.00882525598972,0.0137881010908
0.714255420872,0.00882525598972,0.0137881010908
0.714255420872,0.00882525598972,0.0137881010908
0.717581496129,0.00887111915801,0.0137881010908
0.717581496129,0.00887111915801,0.0137881010908
0.717581496129,0.00887111915801,0.0137881010908
0.720907571386,0.0089169823263,0.01308996939
0.720907571386,0.0089169823263,0.01308996939
0.720907571386,0.0089169823263,0.01308996939
0.720907571386,0.0089169823263,0.01308996939
0.725726161521,0.00898006112651,0.0125663706144
0.725726161521,0.00898006112651,0.0125663706144
0.725726161521,0.00898006112651,0.0125663706144
0.729947786546,0.00903311442381,0.0129154364648
0.729947786546,0.00903311442381,0.0129154364648
0.729947786546,0.00903311442381,0.0129154364648
0.729947786546,0.00903311442381,0.0129154364648
0.733956180357,0.00908488745816,0.0123918376892
0.733956180357,0.00908488745816,0.0123918376892
0.733956180357,0.00908488745816,0.0123918376892
0.733956180357,0.00908488745816,0.0123918376892
0.738007243497,0.00913509014476,0.0125663706144
0.738007243497,0.00913509014476,0.0125663706144
0.738007243497,0.00913509014476,0.0125663706144
0.74239943923,0.00919028700962,0.0123918376892
0.74239943923,0.00919028700962,0.0123918376892
0.74239943923,0.00919028700962,0.0123918376892
0.74239943923,0.00919028700962,0.0123918376892
0.746706358989,0.00924366039221,0.012217304764
0.746706358989,0.00924366039221,0.012217304764
0.746706358989,0.00924366039221,0.012217304764
0.750970645137,0.00929576106793,0.0123918376892
0.750970645137,0.00929576106793,0.0123918376892
0.750970645137,0.00929576106793,0.0123918376892
0.750970645137,0.00929576106793,0.0123918376892
0.753102783632,0.00932218353456,0.012217304764
0.753102783632,0.00932218353456,0.012217304764
0.753102783632,0.00932218353456,0.012217304764
0.753443926524,0.00932635158862,0.012217304764
0.753443926524,0.00932635158862,0.012217304764
0.753443926524,0.00932635158862,0.012217304764
0.753443926524,0.00932635158862,0.012217304764
0.753486569385,0.00932687259538,0.012217304764
0.753486569385,0.00932687259538,0.012217304764
0.753486569385,0.00932687259538,0.012217304764
0.754979069537,0.00934510783188,0.012217304764
0.754979069537,0.00934510783188,0.012217304764
0.754979069537,0.00934510783188,0.012217304764
0.756130426797,0.00935917501432,0.0118682389136
0.756130426797,0.00935917501432,0.0118682389136
0.756130426797,0.00935917501432,0.0118682389136
0.759243368771,0.00939612188813,0.0116937059884
0.759243368771,0.00939612188813,0.0116937059884
0.760565305753,0.00941158093517,0.0118682389136
0.760565305753,0.00941158093517,0.0118682389136
0.760565305753,0.00941158093517,0.0118682389136
0.76440317942,0.00945713187549,0.0116937059884
0.76440317942,0.00945713187549,0.0116937059884
0.76440317942,0.00945713187549,0.0116937059884
0.767857272823,0.00949752486937,0.0120427718388
0.767857272823,0.00949752486937,0.0120427718388
0.767857272823,0.00949752486937,0.0120427718388
0.771481923722,0.00954117782347,0.0118682389136
0.771481923722,0.00954117782347,0.0118682389136
0.771481923722,0.00954117782347,0.0118682389136
0.7725053567,0.00955332474089,0.0118682389136
0.7725053567,0.00955332474089,0.0118682389136
0.775959443001,0.00959432058717,0.0116937059884
0.775959443001,0.00959432058717,0.0116937059884
0.775959443001,0.00959432058717,0.0116937059884
0.775959443001,0.00959432058717,0.0116937059884
0.77949882266,0.00963571093892,0.0116937059884
0.77949882266,0.00963571093892,0.0116937059884
0.77949882266,0.00963571093892,0.0116937059884
0.783166131706,0.00967859732748,0.0115191730632
0.783166131706,0.00967859732748,0.0115191730632
0.783166131706,0.00967859732748,0.0115191730632
0.783166131706,0.00967859732748,0.0115191730632
0.786790804965,0.00972035241292,0.0116937059884
0.786790804965,0.00972035241292,0.0116937059884
0.786790804965,0.00972035241292,0.0116937059884
0.786790804965,0.00972035241292,0.0116937059884
0.788624459488,0.0097417956072,0.0115191730632
0.788624459488,0.0097417956072,0.0115191730632
0.788624459488,0.0097417956072,0.0115191730632
0.788752389132,0.0097432693161,0.0115191730632
0.788752389132,0.0097432693161,0.0115191730632
0.788752389132,0.0097432693161,0.0115191730632
0.788752389132,0.0097432693161,0.0115191730632
0.788752389132,0.0097432693161,0.0115191730632
0.788752389132,0.0097432693161,0.0115191730632
0.788709745917,0.0097427780798,0.0115191730632
0.788709745917,0.0097427780798,0.0115191730632
0.788709745917,0.0097427780798,0.0115191730632
0.788453886628,0.009739830662,0.0111701072128
0.788453886628,0.009739830662,0.0111701072128
0.788453886628,0.009739830662,0.0111701072128
0.788453886628,0.009739830662,0.0115191730632
0.788453886628,0.009739830662,0.0115191730632
0.788453886628,0.009739830662,0.0115191730632
0.788453886628,0.009739830662,0.0115191730632
0.788453886628,0.009739830662,0.011344640138
0.788453886628,0.009739830662,0.011344640138
0.788453886628,0.009739830662,0.011344640138
0.788453886628,0.009739830662,0.011344640138
0.788453886628,0.009739830662,0.011344640138
0.788453886628,0.009739830662,0.011344640138
0.788453886628,0.009739830662,0.011344640138
0.788453886628,0.009739830662,0.011344640138
0.788453886628,0.009739830662,0.011344640138
0.788453886628,0.009739830662,0.011344640138
0.788453886628,0.009739830662,0.011344640138
0.788453886628,0.009739830662,0.011344640138
0.788453886628,0.009739830662,0.011344640138
0.788453886628,0.009739830662,0.011344640138
0.788453886628,0.009739830662,0.011344640138
0.788453886628,0.009739830662,0.011344640138
0.788453886628,0.009739830662,0.011344640138
0.788453886628,0.009739830662,0.011344640138
0.788453886628,0.009739830662,0.011344640138
0.788453886628,0.009739830662,0.011344640138
0.788453886628,0.009739830662,0.011344640138
0.788453886628,0.009739830662,0.011344640138
0.788453886628,0.009739830662,0.011344640138
0.788453886628,0.009739830662,0.011344640138
0.788453886628,0.009739830662,0.011344640138
0.788453886628,0.009739830662,0.011344640138
0.788453886628,0.009739830662,0.011344640138
0.788453886628,0.009739830662,0.011344640138
0.788453886628,0.009739830662,0.011344640138
0.788453886628,0.009739830662,0.011344640138
0.788453886628,0.009739830662,0.011344640138
0.788453886628,0.009739830662,0.011344640138
0.788453886628,0.009739830662,0.011344640138
0.788453886628,0.009739830662,0.011344640138
0.788453886628,0.009739830662,0.011344640138
0.788453886628,0.009739830662,0.011344640138
0.788453886628,0.009739830662,0.011344640138
0.788453886628,0.009739830662,0.011344640138
0.788453886628,0.009739830662,0.011344640138
0.788453886628,0.009739830662,0.011344640138
0.788453886628,0.009739830662,0.011344640138
0.788453886628,0.009739830662,0.011344640138
0.788453886628,0.009739830662,0.011344640138
0.788453886628,0.009739830662,0.011344640138
0.788453886628,0.009739830662,0.011344640138
0.788453886628,0.009739830662,0.011344640138
0.788453886628,0.009739830662,0.011344640138
0.788453886628,0.009739830662,0.011344640138
0.788453886628,0.009739830662,0.011344640138
0.788453886628,0.009739830662,0.011344640138
0.788453886628,0.009739830662,0.011344640138
0.788453886628,0.009739830662,0.011344640138
0.788453886628,0.009739830662,0.011344640138
0.788453886628,0.009739830662,0.011344640138
0.788453886628,0.009739830662,0.011344640138
0.788453886628,0.009739830662,0.011344640138
0.788453886628,0.009739830662,0.011344640138
0.788453886628,0.009739830662,0.011344640138
0.788453886628,0.009739830662,0.011344640138
0.788453886628,0.009739830662,0.011344640138
0.788453886628,0.009739830662,0.011344640138
0.788453886628,0.009739830662,0.011344640138
0.788453886628,0.009739830662,0.011344640138
0.788453886628,0.009739830662,0.011344640138
0.788453886628,0.009739830662,0.011344640138
0.788453886628,0.009739830662,0.011344640138
0.788453886628,0.009739830662,0.011344640138
0.788453886628,0.009739830662,0.011344640138
0.788453886628,0.009739830662,0.011344640138
0.788453886628,0.009739830662,0.011344640138
0.788453886628,0.009739830662,0.011344640138
0.788453886628,0.009739830662,0.011344640138
0.788453886628,0.009739830662,0.011344640138
0.788453886628,0.009739830662,0.011344640138
0.788453886628,0.009739830662,0.011344640138
0.788453886628,0.009739830662,0.011344640138
0.788453886628,0.009739830662,0.011344640138
0.788453886628,0.009739830662,0.011344640138
0.788453886628,0.009739830662,0.011344640138
0.788453886628,0.009739830662,0.011344640138
0.788453886628,0.009739830662,0.011344640138
0.788453886628,0.009739830662,0.011344640138
0.788453886628,0.009739830662,0.011344640138
0.788453886628,0.009739830662,0.011344640138
0.788453886628,0.009739830662,0.011344640138
0.788453886628,0.009739830662,0.011344640138
0.788453886628,0.009739830662,0.011344640138
0.788453886628,0.009739830662,0.011344640138
0.788453886628,0.009739830662,0.011344640138
0.788453886628,0.009739830662,0.011344640138
0.788453886628,0.009739830662,0.011344640138
0.788453886628,0.009739830662,0.011344640138
0.788453886628,0.009739830662,0.011344640138
0.788453886628,0.009739830662,0.011344640138
0.788453886628,0.009739830662,0.011344640138
0.788453886628,0.009739830662,0.011344640138
0.788453886628,0.009739830662,0.011344640138
0.788453886628,0.009739830662,0.011344640138
0.788453886628,0.009739830662,0.011344640138
0.788453886628,0.009739830662,0.011344640138
0.788453886628,0.009739830662,0.011344640138
0.788453886628,0.009739830662,0.011344640138
0.788453886628,0.009739830662,0.011344640138
0.788453886628,0.009739830662,0.011344640138
0.788453886628,0.009739830662,0.011344640138
0.788453886628,0.009739830662,0.011344640138
0.788453886628,0.009739830662,0.011344640138
0.788453886628,0.009739830662,0.011344640138
0.788453886628,0.009739830662,0.011344640138
0.788453886628,0.009739830662,0.011344640138
0.788453886628,0.009739830662,0.011344640138
0.788453886628,0.009739830662,0.011344640138
0.788453886628,0.009739830662,0.011344640138
0.788453886628,0.009739830662,0.011344640138
0.788453886628,0.009739830662,0.011344640138
0.788453886628,0.009739830662,0.011344640138
0.788453886628,0.009739830662,0.011344640138
0.788453886628,0.009739830662,0.011344640138
0.788453886628,0.009739830662,0.011344640138
0.788453886628,0.009739830662,0.011344640138
0.788453886628,0.009739830662,0.011344640138
0.788453886628,0.009739830662,0.011344640138
0.788453886628,0.009739830662,0.011344640138
0.788453886628,0.009739830662,0.011344640138
0.788453886628,0.009739830662,0.011344640138
0.788453886628,0.009739830662,0.011344640138
0.788453886628,0.009739830662,0.011344640138
0.788453886628,0.009739830662,0.011344640138
0.788453886628,0.009739830662,0.011344640138
0.788453886628,0.009739830662,0.011344640138
0.788453886628,0.009739830662,0.011344640138
0.788453886628,0.009739830662,0.011344640138
0.788453886628,0.009739830662,0.011344640138
0.788453886628,0.009739830662,0.011344640138
0.788453886628,0.009739830662,0.011344640138
0.788453886628,0.009739830662,0.011344640138
0.788453886628,0.009739830662,0.011344640138
0.788453886628,0.009739830662,0.011344640138
0.788453886628,0.009739830662,0.011344640138
0.788453886628,0.009739830662,0.011344640138
0.788453886628,0.009739830662,0.011344640138
0.788453886628,0.009739830662,0.011344640138
0.788453886628,0.009739830662,0.011344640138
0.788453886628,0.009739830662,0.011344640138
0.788453886628,0.009739830662,0.011344640138
0.788453886628,0.009739830662,0.011344640138
0.788453886628,0.009739830662,0.011344640138
0.788453886628,0.009739830662,0.011344640138
0.788453886628,0.009739830662,0.011344640138
0.788453886628,0.009739830662,0.011344640138
0.788453886628,0.009739830662,0.011344640138
0.788453886628,0.009739830662,0.011344640138
0.788453886628,0.009739830662,0.011344640138
0.788453886628,0.009739830662,0.011344640138
0.788453886628,0.009739830662,0.011344640138
0.788453886628,0.009739830662,0.011344640138
0.788453886628,0.009739830662,0.011344640138
0.788453886628,0.009739830662,0.011344640138
0.788453886628,0.009739830662,0.011344640138
0.788453886628,0.009739830662,0.011344640138
0.788453886628,0.009739830662,0.011344640138
0.788453886628,0.009739830662,0.011344640138
0.788453886628,0.009739830662,0.011344640138
0.788453886628,0.009739830662,0.011344640138
0.788453886628,0.009739830662,0.011344640138
0.788453886628,0.009739830662,0.011344640138
0.788453886628,0.009739830662,0.011344640138
0.788453886628,0.009739830662,0.011344640138
0.788453886628,0.009739830662,0.011344640138
0.788453886628,0.009739830662,0.011344640138
0.788453886628,0.009739830662,0.011344640138
0.788453886628,0.009739830662,0.011344640138
0.788453886628,0.009739830662,0.0115191730632
0.788453886628,0.009739830662,0.0115191730632
0.788453886628,0.009739830662,0.0115191730632
0.788752389132,0.0097432693161,0.011344640138
0.788752389132,0.0097432693161,0.011344640138
0.788752389132,0.0097432693161,0.011344640138
0.78977582833,0.00975488036362,0.011344640138
0.78977582833,0.00975488036362,0.011344640138
0.78977582833,0.00975488036362,0.011344640138
0.791950636625,0.00977955383961,0.0108210413624
0.791950636625,0.00977955383961,0.0108210413624
0.792974081762,0.00979062901405,0.0108210413624
0.792974081762,0.00979062901405,0.0108210413624
0.792974081762,0.00979062901405,0.0108210413624
0.796001773625,0.00982339307178,0.0108210413624
0.796001773625,0.00982339307178,0.0108210413624
0.796001773625,0.00982339307178,0.0108210413624
0.798730960657,0.0098529268703,0.0108210413624
0.798730960657,0.0098529268703,0.0108210413624
0.798730960657,0.0098529268703,0.0108210413624
0.801588078331,0.00988384506563,0.010471975512
0.801588078331,0.00988384506563,0.010471975512
0.801588078331,0.00988384506563,0.010471975512
0.80252623986,0.00989366982932,0.0106465084372
0.80252623986,0.00989366982932,0.0106465084372
0.80517014475,0.00992181924861,0.0106465084372
0.80517014475,0.00992181924861,0.0106465084372
0.80517014475,0.00992181924861,0.0106465084372
0.806150948178,0.00993226177513,0.010471975512
0.806150948178,0.00993226177513,0.010471975512
0.806150948178,0.00993226177513,0.010471975512
0.809050720176,0.00996262922655,0.010471975512
0.809050720176,0.00996262922655,0.010471975512
0.811737273645,0.00999076377712,0.0106465084372
0.811737273645,0.00999076377712,0.0106465084372
0.811737273645,0.00999076377712,0.0106465084372
0.812675433445,0.0100007522807,0.0106465084372
0.812675433445,0.0100007522807,0.0106465084372
0.812675433445,0.0100007522807,0.0106465084372
0.815234051081,0.0100279936543,0.0102974425868
0.815234051081,0.0100279936543,0.0102974425868
0.815234051081,0.0100279936543,0.0102974425868
0.818091184552,0.0100574158621,0.0101229096616
0.818091184552,0.0100574158621,0.0101229096616
0.818091184552,0.0100574158621,0.0101229096616
0.821118898551,0.0100880661843,0.00994837673637
0.821118898551,0.0100880661843,0.00994837673637
0.821118898551,0.0100880661843,0.00994837673637
0.821118898551,0.0100880661843,0.00994837673637
