0,0,0,0.0627748966217
0,0,0,0.0794808864594
0,0,0,0.0962028503418
0.0,0.0,0.0,0.00758695602417
0.0,0.0,0.0,0.0242040157318
0.0,0.0,0.0,0.0409209728241
0.0,0.0,0.0,0.0576088428497
0.0,0.0,0.0,0.0743780136108
0.0,0.0,0.0,0.0907690525055
0.0,0.0,0.0,0.107319831848
0.0,0.0,0.0,0.12409901619
0.0,0.0,0.0,0.14075088501
0.0,0.0,0.0,0.157440900803
0.0,0.0,0.0,0.174268007278
0.0,0.0,0.0,0.191126823425
0.0,0.0,0.0,0.207723855972
0.0,0.0,0.0,0.224308013916
0.0,0.0,0.0,0.240967035294
0.0,0.0,0.0,0.257730960846
0.0,0.0,0.0,0.274374961853
0.0,0.0,0.0,0.290884971619
0.0,0.0,0.0,0.308575868607
0.0,0.0,0.0,0.324408054352
0.0,0.0,0.0,0.340945959091
0.0,0.0,0.0,0.35862493515
0.0,0.0,0.0,0.374407052994
0.0,0.0,0.0,0.390898942947
0.0,0.0,0.0,0.407608032227
0.0,0.0,0.0,0.424592018127
0.0,0.0,0.0,0.441462993622
0.0,0.0,0.0,0.457691907883
0.0,0.0,0.0,0.474509000778
0.0,0.0,0.0,0.491078853607
0.0,0.0,0.0,0.507807016373
0.0,0.0,0.0,0.524663925171
0.0,0.0,0.0,0.540994882584
0.0,0.0,0.0,0.557680845261
0.0,0.0,0.0,0.574460983276
0.0,0.0,0.0,0.5909678936
0.0,0.0,0.0,0.607632875443
0.0,0.0,0.0,0.624322891235
0.0,0.0,0.0,0.641032934189
0.0,0.0,0.0,0.657408952713
0.0,0.0,0.0,0.67414188385
0.0,0.0,0.0,0.691345930099
0.0,0.0,0.0,0.707818984985
0.0,0.0,0.0,0.724509000778
0.0,0.0,0.0,0.740989923477
0.0,0.0,0.0,0.758100986481
0.0,0.0,0.0,0.774505853653
0.0,0.0,0.0,0.791260957718
0.0,0.0,0.0,0.807737827301
0.0,0.0,0.0,0.824880838394
0.0,0.0,0.0,0.841351032257
0.0,0.0,0.0,0.858093976974
0.0,0.0,0.0,0.874469995499
0.0,0.0,0.0,0.891301870346
0.0,0.0,0.0,0.907634019852
0.0,0.0,0.0,0.924872875214
0.0,0.0,0.0,0.940940856934
0.0,0.0,0.0,0.957821846008
0.0,0.0,0.0,0.974308013916
0.0,0.0,0.0,0.991153001785
0.0,0.0,0.0,1.00770282745
0.0,0.0,0.0,1.02439403534
0.0,0.0,0.0,1.04094791412
0.0,0.0,0.0,1.05814099312
0.0,0.0,0.0,1.07436585426
0.0,0.0,0.0,1.09278988838
0.0,0.0,0.0,1.10753703117
0.0,0.0,0.0,1.12455582619
0.0,0.0,0.0,1.14100503922
0.0,0.0,0.0,1.15788388252
0.0,0.0,0.0,1.17430400848
0.0,0.0,0.0,1.19087600708
0.0,0.0,0.0,1.20773100853
0.0,0.0,0.0,1.2245490551
0.0,0.0,0.0,1.24110603333
0.0,0.0,0.0,1.25792098045
0.0,0.0,0.0,1.27425098419
0.0,0.0,0.0,1.29120588303
0.0,0.0,0.0,1.30779290199
0.0,0.0,0.0,1.3243458271
0.0,0.0,0.0,1.34092497826
0.0,0.0,0.0,1.35774493217
0.0,0.0,0.0,1.37441492081
0.0,0.0,0.0,1.39116191864
0.0,0.0,0.0,1.40762090683
0.0,0.0,0.0,1.42445087433
0.0,0.0,0.0,1.44092392921
0.0,0.0,0.0,1.45779585838
0.0,0.0,0.0,1.47517085075
0.0,0.0,0.0,1.49120402336
0.0,0.0,0.0,1.5077278614
0.0,0.0,0.0,1.52417397499
0.0,0.0,0.0,1.54097604752
0.0,0.0,0.0,1.55794596672
0.0,0.0,0.0,1.57443404198
0.0,0.0,0.0,1.5914978981
0.0,0.0,0.0,1.6076669693
0.0,0.0,0.0,1.62450289726
0.0,0.0,0.0,1.64107990265
0.0,0.0,0.0,1.65831398964
0.0,0.0,0.0,1.67444992065
0.0,0.0,0.0,1.69140386581
0.0,0.0,0.0,1.70773386955
0.0,0.0,0.0,1.72519302368
0.0,0.0,0.0,1.7410428524
0.0,0.0,0.0,1.75751399994
0.0,0.0,0.0,1.77436184883
0.0,0.0,0.0,1.79125595093
0.0,0.0,0.0,1.80766105652
0.0,0.0,0.0,1.82457089424
0.0,0.0,0.0,1.84076690674
0.0,0.0,0.0,1.85760688782
0.0,0.0,0.0,1.8743019104
0.0,0.0,0.0,1.89107084274
0.0,0.0,0.0,1.90766000748
0.0,0.0,0.0,1.92450284958
0.0,0.0,0.0,1.94074487686
0.0,0.0,0.0,1.95773291588
0.0,0.0,0.0,1.97459197044
0.0,0.0,0.0,1.99103403091
0.0,0.0,0.0,2.00768899918
0.0,0.0,0.0,2.02455997467
0.0,0.0,0.0,2.04096603394
0.0,0.0,0.0,2.05788493156
0.0,0.0,0.0,2.07428002357
0.0,0.0,0.0,2.09133291245
0.0,0.0,0.0,2.10766005516
0.0,0.0,0.0,2.12514305115
0.0,0.0,0.0,2.14092302322
0.0,0.0,0.0,2.15794491768
0.0,0.0,0.0,2.17441987991
0.0,0.0,0.0,2.19108104706
0.0,0.0,0.0,2.20760083199
0.0,0.0,0.0,2.22451901436
0.0,0.0,0.0,2.24096989632
0.0,0.0,0.0,2.25775003433
0.0,0.0,0.0,2.27434587479
0.0,0.0,0.0,2.2920088768
0.0,0.0,0.0,2.30833292007
0.0,0.0,0.0,2.32433390617
0.0,0.0,0.0,2.34103894234
0.0,0.0,0.0,2.35791492462
0.0,0.0,0.0,2.37437391281
0.0,0.0,0.0,2.3913090229
0.0,0.0,0.0,2.40751600266
0.0,0.0,0.0,2.42449688911
0.0,0.0,0.0,2.44105005264
0.0,0.0,0.0,2.45790505409
0.0,0.0,0.0,2.47439289093
0.0,0.0,0.0,2.49135088921
0.0,0.0,0.0,2.50755786896
0.0,0.0,0.0,2.52461504936
0.0,0.0,0.0,2.54102182388
0.0,0.0,0.0,2.5580868721
0.0,0.0,0.0,2.57421302795
0.0,0.0,0.0,2.59120893478
0.0,0.0,0.0,2.60771298409
0.0,0.0,0.0,2.62464284897
0.0,0.0,0.0,2.64110684395
0.0,0.0,0.0,2.65834283829
0.0,0.0,0.0,2.67429304123
0.0,0.0,0.0,2.69128394127
0.0,0.0,0.0,2.70760703087
0.0,0.0,0.0,2.72515487671
0.0,0.0,0.0,2.74096703529
0.0,0.0,0.0,2.75776791573
0.0,0.0,0.0,2.77444601059
0.0,0.0,0.0,2.79229998589
0.0,0.0,0.0,2.80761289597
0.0,0.0,0.0,2.82442903519
0.0,0.0,0.0,2.84113693237
0.0,0.0,0.0,2.85760998726
0.0,0.0,0.0,2.87424492836
0.0,0.0,0.0,2.89110994339
0.0,0.0,0.0,2.90762996674
0.0,0.0,0.0,2.92415595055
0.0,0.0,0.0,2.94240689278
0.0,0.0,0.0,2.95771789551
0.0,0.0,0.0,2.9746029377
0.0,0.0,0.0,2.9936029911
0.0,0.0,0.0,3.0077290535
0.0,0.0,0.0,3.0249569416
0.0,0.0,0.0,3.04100990295
0.0,0.0,0.0,3.05790090561
0.0,0.0,0.0,3.07482194901
0.0,0.0,0.0,3.09125995636
0.0,0.0,0.0,3.10937595367
0.0,0.0,0.0,3.12713885307
0.0,0.0,0.0,3.14143705368
0.0,0.0,0.0,3.15799283981
0.0,0.0,0.0,3.1746070385
0.0,0.0,0.0,3.19289898872
0.0,0.0,0.0,3.2092859745
0.0,0.0,0.0,3.22453999519
0.0,0.0,0.0,3.24087190628
0.0,0.0,0.0,3.25803399086
0.0,0.0,0.0,3.27433896065
0.0,0.0,0.0,3.29478597641
0.0,0.0,0.0,3.30761599541
0.0,0.0,0.0,3.32439899445
0.0,0.0,0.0,3.34088301659
0.0,0.0,0.0,3.35964488983
0.0,0.0,0.0,3.37471795082
0.0,0.0,0.0,3.39119005203
0.0,0.0,0.0,3.40762400627
0.0,0.0,0.0,3.42552185059
0.0,0.0,0.0,3.44496798515
0.0,0.0,0.0,3.45804286003
0.0,0.0,0.0,3.47438883781
0.0,0.0,0.0,3.49304199219
0.0,0.0,0.0,3.50798487663
0.0,0.0,0.0,3.52519989014
0.0,0.0,0.0,3.5411939621
0.0,0.0,0.0,3.55835103989
0.0,0.0,0.0,3.57513999939
0.0,0.0,0.0,3.59137105942
0.0,0.0,0.0,3.60779094696
0.0,0.0,0.0,3.62457299232
0.0,0.0,0.0,3.64211797714
0.0,0.0,0.0,3.6581120491
0.0,0.0,0.0,3.67489004135
0.0,0.0,0.0,3.69388985634
0.0,0.0,0.0,3.70766091347
0.0,0.0,0.0,3.72461104393
0.0,0.0,0.0,3.74097585678
0.0,0.0,0.0,3.75790095329
0.0,0.0,0.0,3.77442002296
0.0,0.0,0.0,3.79133605957
0.0,0.0,0.0,3.8078019619
0.0,0.0,0.0,3.82563900948
0.0,0.0,0.0,3.84149384499
0.0,0.0,0.0,3.8577940464
0.0,0.0,0.0,3.87441301346
0.0,0.0,0.0,3.89127397537
0.0,0.0,0.0,3.9081799984
0.0,0.0,0.0,3.92609882355
0.0,0.0,0.0,3.9410378933
0.0,0.0,0.0,3.95795297623
0.0,0.0,0.0,3.97498583794
0.0,0.0,0.0,3.99364089966
0.0,0.0,0.0,4.00761198997
0.0,0.0,0.0,4.02503800392
0.0,0.0,0.0,4.04110503197
0.0,0.0,0.0,4.05954694748
0.0,0.0,0.0,4.07491493225
0.0,0.0,0.0,4.09148597717
0.0,0.0,0.0,4.10767793655
0.0,0.0,0.0,4.12667894363
0.0,0.0,0.0,4.14098787308
0.0,0.0,0.0,4.15790605545
0.0,0.0,0.0,4.1746108532
0.0,0.0,0.0,4.19110989571
0.0,0.0,0.0,4.20779800415
0.0,0.0,0.0,4.22443199158
0.0,0.0,0.0,4.24106192589
0.0,0.0,0.0,4.25962305069
0.0,0.0,0.0,4.27451705933
0.0,0.0,0.0,4.29104185104
0.0,0.0,0.0,4.30845999718
0.0,0.0,0.0,4.32582592964
0.0,0.0,0.0,4.34178304672
0.0,0.0,0.0,4.3580288887
0.0,0.0,0.0,4.37494897842
0.0,0.0,0.0,4.39119195938
0.0,0.0,0.0,4.40756702423
0.0,0.0,0.0,4.42516183853
0.0,0.0,0.0,4.44090199471
0.0,0.0,0.0,4.45796585083
0.0,0.0,0.0,4.4744720459
0.0,0.0,0.0,4.49143099785
0.0,0.0,0.0,4.50762987137
0.0,0.0,0.0,4.53348994255
0.0,0.0,0.0,4.54440593719
0.0,0.0,0.0,4.55931186676
0.0,0.0,0.0,4.57485890388
0.0,0.0,0.0,4.59144091606
0.0,0.0,0.0,4.60755586624
0.0,0.0,0.0,4.6248319149
0.0,0.0,0.0,4.64093589783
0.0,0.0,0.0,4.65759682655
0.0,0.0,0.0,4.6750190258
0.0,0.0,0.0,4.69211483002
0.0,0.0,0.0,4.70762896538
0.0,0.0,0.0,4.72423005104
0.0,0.0,0.0,4.74109792709
0.0,0.0,0.0,4.75757598877
0.0,0.0,0.0,4.77431583405
0.0,0.0,0.0,4.79181599617
0.0,0.0,0.0,4.80763792992
0.0,0.0,0.0,4.82592797279
0.0,0.0,0.0,4.84201598167
0.0,0.0,0.0,4.85763287544
0.0,0.0,0.0,4.87450385094
0.0,0.0,0.0,4.8916208744
0.0,0.0,0.0,4.90759897232
0.0,0.0,0.0,4.92422890663
0.0,0.0,0.0,4.94095683098
0.0,0.0,0.0,4.95757102966
0.0,0.0,0.0,4.97434091568
0.0,0.0,0.0,4.99117588997
0.0,0.0,0.0,5.00752782822
0.0,0.0,0.0,5.02446198463
0.0,0.0,0.0,5.04095888138
0.0,0.0,0.0,5.05756402016
0.0,0.0,0.0,5.07429790497
0.0,0.0,0.0,5.09175086021
0.0,0.0,0.0,5.10758495331
0.0,0.0,0.0,5.12428498268
0.0,0.0,0.0,5.14089488983
0.0,0.0,0.0,5.15757584572
0.0,0.0,0.0,5.17425203323
0.0,0.0,0.0,5.19160795212
0.0,0.0,0.0,5.20762705803
0.0,0.0,0.0,5.22423291206
0.0,0.0,0.0,5.24074101448
0.0,0.0,0.0,5.25786185265
0.0,0.0,0.0,5.27452301979
0.0,0.0,0.0,5.29127597809
0.0,0.0,0.0,5.30818200111
0.0,0.0,0.0,5.32505297661
0.0,0.0,0.0,5.34105801582
0.0,0.0,0.0,5.35844802856
0.0,0.0,0.0,5.37431693077
0.0,0.0,0.0,5.39106583595
0.0,0.0,0.0,5.4076499939
0.0,0.0,0.0,5.42669796944
0.0,0.0,0.0,5.44274401665
0.0,0.0,0.0,5.45796895027
0.0,0.0,0.0,5.47436189651
0.0,0.0,0.0,5.49109005928
0.0,0.0,0.0,5.50765395164
0.0,0.0,0.0,5.5269138813
0.0,0.0,0.0,5.54105305672
0.0,0.0,0.0,5.55794882774
0.0,0.0,0.0,5.57422590256
0.0,0.0,0.0,5.59084892273
0.0,0.0,0.0,5.60763597488
0.0,0.0,0.0,5.62450289726
0.0,0.0,0.0,5.64088082314
0.0,0.0,0.0,5.65794491768
0.0,0.0,0.0,5.67467188835
0.0,0.0,0.0,5.69132184982
0.0,0.0,0.0,5.70861196518
0.0,0.0,0.0,5.72528195381
0.0,0.0,0.0,5.74106502533
0.0,0.0,0.0,5.75797200203
0.0,0.0,0.0,5.7742099762
0.0,0.0,0.0,5.79123282433
0.0,0.0,0.0,5.80781602859
0.0,0.0,0.0,5.82851290703
0.0,0.0,0.0,5.84084105492
0.0,0.0,0.0,5.86084198952
0.0,0.0,0.0,5.87452292442
0.0,0.0,0.0,5.89137196541
0.0,0.0,0.0,5.90755486488
Actuacion(lineal,angular) = 0.040004825592,0.0
0.0,0.0,0.0,5.92509102821
0.0,0.0,0.0,5.94085097313
0.0,0.0,0.0,5.9576728344
0.0,0.0,0.0,5.97460484505
0.0,0.0,0.0,5.99122691154
0.0,0.0,0.0,6.00788998604
0.0,0.0,0.0,6.02507686615
0.0,0.0,0.0,6.04083490372
0.0,0.0,0.0,6.05795884132
0.0,0.0,0.0,6.07437086105
0.0,0.0,-0.000174532925201,6.09233999252
0.0,0.0,-0.000174532925201,6.10763382912
Actuacion(lineal,angular) = 0.0800270557404,0.000230052186118
0.0,0.0,-0.000174532925201,6.12457585335
0.00076762878331,-1.33976498385e-07,-0.000174532925201,6.14097905159
0.00076762878331,-1.33976498385e-07,-0.000174532925201,6.1576590538
0.00076762878331,-1.33976498385e-07,-0.000174532925201,6.17433786392
0.00076762878331,-1.33976498385e-07,-0.000174532925201,6.19115400314
0.00208965613234,-3.64713801175e-07,-0.000349065850399,6.20770192146
0.00272934675587,-5.88007961743e-07,-0.000349065850399,6.22472000122
0.00272934675587,-5.88007961743e-07,-0.000349065850399,6.24094104767
0.00272934675587,-5.88007961743e-07,-0.000349065850399,6.26173686981
0.00272934675587,-5.88007961743e-07,-0.000349065850399,6.27436590195
0.00507487904215,-1.40675321715e-06,-0.000349065850399,6.2912838459
0.00605573799822,-1.74913759666e-06,-0.000349065850399,6.30768990517
Actuacion(lineal,angular) = 0.120049476624,0.000526657087698
0.00605573799822,-1.74913759666e-06,-0.000349065850399,6.32486701012
0.00605573799822,-1.74913759666e-06,-0.000349065850399,6.34102892876
0.00605573799822,-1.74913759666e-06,-0.000349065850399,6.35786604881
0.00887037674175,-2.73163190318e-06,-0.000174532925201,6.37439084053
0.00887037674175,-2.73163190318e-06,-0.000174532925201,6.39148783684
0.00887037674175,-2.73163190318e-06,-0.000174532925201,6.40832304955
0.0121114760491,-3.29731045194e-06,-0.000174532925201,6.42471599579
0.0121114760491,-3.29731045194e-06,-0.000174532925201,6.44097089767
0.0121114760491,-3.29731045194e-06,-0.000174532925201,6.45778799057
0.0121114760491,-3.29731045194e-06,-0.000174532925201,6.47452282906
0.0164613724878,-4.05651060941e-06,0.000174532925197,6.49126982689
0.0164613724878,-4.05651060941e-06,0.000174532925197,6.50773501396
Actuacion(lineal,angular) = 0.160027456284,-0.000192104809439
0.0164613724878,-4.05651060941e-06,0.000174532925197,6.52463388443
0.0216641897969,-3.14844767598e-06,0.0003490658504,6.54095482826
0.0216641897969,-3.14844767598e-06,0.0003490658504,6.5578148365
0.0216641897969,-3.14844767598e-06,0.0003490658504,6.57450294495
0.0216641897969,-3.14844767598e-06,0.0003490658504,6.59102296829
0.027591989575,-1.07925512143e-06,0.0003490658504,6.60776591301
0.027591989575,-1.07925512143e-06,0.0003490658504,6.62585783005
0.027591989575,-1.07925512143e-06,0.0003490658504,6.64106893539
0.0337756656024,1.07925509736e-06,0.000174532925197,6.65871500969
0.0337756656024,1.07925509736e-06,0.000174532925197,6.67534589767
0.0361211979959,1.48862773125e-06,0.0003490658504,6.69493985176
0.0361211979959,1.48862773125e-06,0.0003490658504,6.70849895477
Actuacion(lineal,angular) = 0.200018072128,-0.000488748096037
0.0361211979959,1.48862773125e-06,0.0003490658504,6.72659087181
0.0429445646468,3.87043211061e-06,0.0,6.740847826
0.045290097076,3.87043211063e-06,0.000174532925197,6.75997591019
0.045290097076,3.87043211063e-06,0.000174532925197,6.77476882935
0.045290097076,3.87043211063e-06,0.000174532925197,6.79105401039
0.045290097076,3.87043211063e-06,0.000174532925197,6.80928587914
0.0534354913878,5.29207162119e-06,0.0,6.82465195656
0.0534354913878,5.29207162119e-06,0.0,6.84119296074
0.0534354913878,5.29207162119e-06,0.0,6.85897088051
0.0534354913878,5.29207162119e-06,0.0,6.87434887886
0.0620499923095,5.29207162116e-06,0.0003490658504,6.89312386513
0.0620499923095,5.29207162116e-06,0.0003490658504,6.90760993958
Actuacion(lineal,angular) = 0.240004682541,-0.000469402120253
0.0620499923095,5.29207162116e-06,0.0003490658504,6.9242169857
0.071090953122,8.4479624238e-06,0.0003490658504,6.94147491455
0.071090953122,8.4479624238e-06,0.0003490658504,6.95794200897
0.071090953122,8.4479624238e-06,0.0003490658504,6.97448396683
0.071090953122,8.4479624238e-06,0.0003490658504,6.99130392075
0.0805583743503,1.17527160002e-05,0.000523598775597,7.00820589066
0.0805583743503,1.17527160002e-05,0.000523598775597,7.02446603775
0.0805583743503,1.17527160002e-05,0.000523598775597,7.04137396812
0.0913478220455,1.7402058119e-05,0.000174532925197,7.05808591843
0.0913478220455,1.7402058119e-05,0.000174532925197,7.0746178627
0.0913478220455,1.7402058119e-05,0.000174532925197,7.09107804298
0.0913478220455,1.7402058119e-05,0.000174532925197,7.10847401619
Actuacion(lineal,angular) = 0.279962301254,-0.000280781804871
0.102521085447,1.93521604843e-05,0.000698131700797,7.12441897392
0.106231290385,2.1942372589e-05,0.000698131700797,7.14099001884
0.106231290385,2.1942372589e-05,0.000698131700797,7.15782284737
0.106231290385,2.1942372589e-05,0.000698131700797,7.17443704605
0.106231290385,2.1942372589e-05,0.000698131700797,7.19085502625
0.118001595707,3.01595971971e-05,0.000523598775597,7.20763802528
0.118001595707,3.01595971971e-05,0.000523598775597,7.22451686859
0.118001595707,3.01595971971e-05,0.000523598775597,7.24098801613
0.130710115127,3.68137630129e-05,0.000698131700797,7.25874686241
0.130710115127,3.68137630129e-05,0.000698131700797,7.2741959095
0.13493207247,3.97612457528e-05,0.000698131700797,7.29105091095
0.13493207247,3.97612457528e-05,0.000698131700797,7.30762982368
Actuacion(lineal,angular) = 0.3,-0.00112031885973
0.13493207247,3.97612457528e-05,0.000698131700797,7.32449197769
0.148365573109,4.91395999251e-05,0.00122173047639,7.34107804298
0.152843404405,5.4610305609e-05,0.00139626340159,7.35799789429
0.152843404405,5.4610305609e-05,0.00139626340159,7.37424302101
0.152843404405,5.4610305609e-05,0.00139626340159,7.39129185677
0.152843404405,5.4610305609e-05,0.00139626340159,7.40756797791
0.166447479233,7.36051897482e-05,0.00174532925199,7.4242348671
0.166447479233,7.36051897482e-05,0.00174532925199,7.44112491608
0.166447479233,7.36051897482e-05,0.00174532925199,7.45771002769
0.180563298353,9.82419667894e-05,0.00209439510239,7.47537302971
0.180563298353,9.82419667894e-05,0.00209439510239,7.49118995667
0.180563298353,9.82419667894e-05,0.00209439510239,7.50772690773
Actuacion(lineal,angular) = 0.3,-0.00325024477394
0.180563298353,9.82419667894e-05,0.00209439510239,7.52489304543
0.194892337765,0.000128252680638,0.00244346095279,7.54100298882
0.199839264121,0.000140340326081,0.00261799387799,7.5597038269
0.199839264121,0.000140340326081,0.00261799387799,7.57440686226
0.199839264121,0.000140340326081,0.00261799387799,7.59104895592
0.199839264121,0.000140340326081,0.00261799387799,7.60754799843
0.214168285856,0.000177853702965,0.00296705972839,7.62463593483
0.214168285856,0.000177853702965,0.00296705972839,7.64138102531
0.214168285856,0.000177853702965,0.00296705972839,7.65826797485
0.228454647767,0.000220242316445,0.00296705972839,7.67447686195
0.228454647767,0.000220242316445,0.00296705972839,7.69434905052
0.228454647767,0.000220242316445,0.00296705972839,7.70777797699
Actuacion(lineal,angular) = 0.3,-0.00488742445704
0.228454647767,0.000220242316445,0.00296705972839,7.72461104393
0.242826301391,0.000262883996274,0.00279252680319,7.74084186554
0.247559993836,0.000276102993668,0.00279252680319,7.75794792175
0.247559993836,0.000276102993668,0.00279252680319,7.77484202385
0.247559993836,0.000276102993668,0.00279252680319,7.79103803635
0.247559993836,0.000276102993668,0.00279252680319,7.80768895149
0.262102238195,0.000316712706379,0.00314159265359,7.82486605644
0.266793279904,0.000331450097034,0.00314159265359,7.84092903137
0.266793279904,0.000331450097034,0.00314159265359,7.85936284065
0.266793279904,0.000331450097034,0.00314159265359,7.87500596046
0.266793279904,0.000331450097034,0.00314159265359,7.89128184319
0.281420800869,0.00037740396062,0.00349065850399,7.90832090378
Actuacion(lineal,angular) = 0.3,-0.00557304230153
0.281420800869,0.00037740396062,0.00349065850399,7.92468500137
0.281420800869,0.00037740396062,0.00349065850399,7.9412548542
0.295792430196,0.000427570614501,0.00383972435439,7.96007704735
0.295792430196,0.000427570614501,0.00383972435439,7.97434592247
0.295792430196,0.000427570614501,0.00383972435439,7.99319505692
0.295792430196,0.000427570614501,0.00383972435439,8.00750994682
0.310547852704,0.000484227648105,0.00418879020479,8.02424097061
0.310547852704,0.000484227648105,0.00418879020479,8.04094600677
0.310547852704,0.000484227648105,0.00418879020479,8.05813694
0.324748860825,0.000543713039732,0.00453785605518,8.07432794571
0.324748860825,0.000543713039732,0.00453785605518,8.09113883972
0.324748860825,0.000543713039732,0.00453785605518,8.10751605034
Actuacion(lineal,angular) = 0.3,-0.00809440081198
0.324748860825,0.000543713039732,0.00453785605518,8.12474298477
0.339418948973,0.000610284245012,0.00488692190558,8.14131903648
0.344365831025,0.000634459463727,0.00506145483078,8.15767502785
0.344365831025,0.000634459463727,0.00506145483078,8.17444300652
0.344365831025,0.000634459463727,0.00506145483078,8.1911740303
0.344365831025,0.000634459463727,0.00506145483078,8.20754098892
0.359035882305,0.000708711899723,0.00471238898038,8.22421693802
0.359035882305,0.000708711899723,0.00471238898038,8.24115800858
0.359035882305,0.000708711899723,0.00471238898038,8.25768685341
0.373748604182,0.000778044481379,0.00506145483078,8.27430891991
0.373748604182,0.000778044481379,0.00506145483078,8.29110193253
0.373748604182,0.000778044481379,0.00506145483078,8.30755805969
Actuacion(lineal,angular) = 0.3,-0.00954536235347
0.373748604182,0.000778044481379,0.00506145483078,8.32464885712
0.388376009964,0.00085208106727,0.00558505360638,8.34079504013
0.388376009964,0.00085208106727,0.00558505360638,8.35977292061
0.388376009964,0.00085208106727,0.00558505360638,8.37414884567
0.403301892629,0.000935443788852,0.00593411945678,8.39091992378
0.403301892629,0.000935443788852,0.00593411945678,8.40755701065
0.408248746652,0.000964799356136,0.00575958653158,8.42464184761
0.408248746652,0.000964799356136,0.00575958653158,8.44144701958
0.408248746652,0.000964799356136,0.00575958653158,8.45994400978
0.423089323867,0.00105027588995,0.00575958653158,8.47451686859
0.423089323867,0.00105027588995,0.00575958653158,8.49094700813
0.423089323867,0.00105027588995,0.00575958653158,8.50768089294
Actuacion(lineal,angular) = 0.3,-0.0114059515115
0.423089323867,0.00105027588995,0.00575958653158,8.52423405647
0.438313709113,0.00113796302378,0.00628318530718,8.54107403755
0.438313709113,0.00113796302378,0.00628318530718,8.55782294273
0.438313709113,0.00113796302378,0.00628318530718,8.57412791252
0.438313709113,0.00113796302378,0.00628318530718,8.59132504463
0.452983658728,0.00123013824864,0.00593411945678,8.60758805275
0.452983658728,0.00123013824864,0.00593411945678,8.62464785576
0.452983658728,0.00123013824864,0.00593411945678,8.64109587669
0.468208028438,0.00132048253761,0.00593411945678,8.66050386429
0.468208028438,0.00132048253761,0.00593411945678,8.67457604408
0.468208028438,0.00132048253761,0.00593411945678,8.69094491005
0.468208028438,0.00132048253761,0.00593411945678,8.70755887032
Actuacion(lineal,angular) = 0.3,-0.0126325463467
0.482963299922,0.00140804310899,0.00610865238198,8.72435593605
0.482963299922,0.00140804310899,0.00610865238198,8.74099588394
0.482963299922,0.00140804310899,0.00610865238198,8.75774598122
0.498187653632,0.00150104455035,0.00645771823238,8.77447986603
0.503177136761,0.00153326567442,0.00663225115758,8.79135799408
0.503177136761,0.00153326567442,0.00663225115758,8.80748486519
0.503177136761,0.00153326567442,0.00663225115758,8.82483100891
0.503177136761,0.00153326567442,0.00663225115758,8.84124183655
0.518188214158,0.00163282436962,0.00663225115758,8.85765004158
0.523305626907,0.00166676483389,0.00680678408278,8.87432694435
0.523305626907,0.00166676483389,0.00680678408278,8.8913128376
0.523305626907,0.00166676483389,0.00680678408278,8.90753889084
Actuacion(lineal,angular) = 0.3,-0.015515418214
0.523305626907,0.00166676483389,0.00680678408278,8.92421102524
0.538316686698,0.00176894345481,0.00698131700798,8.94092583656
0.538316686698,0.00176894345481,0.00698131700798,8.95995092392
0.538316686698,0.00176894345481,0.00698131700798,8.97425103188
0.553583598457,0.00187552833714,0.00698131700798,8.99117803574
0.553583598457,0.00187552833714,0.00698131700798,9.00792098045
0.553583598457,0.00187552833714,0.00698131700798,9.02420091629
0.553583598457,0.00187552833714,0.00698131700798,9.04075884819
0.568296125152,0.00197824281872,0.00715584993318,9.05784487724
0.568296125152,0.00197824281872,0.00715584993318,9.07443594933
0.568296125152,0.00197824281872,0.00715584993318,9.09113097191
0.568296125152,0.00197824281872,0.00715584993318,9.10773205757
Actuacion(lineal,angular) = 0.3,-0.0176251074538
0.583690952932,0.00208840777645,0.00680678408278,9.12459588051
0.583690952932,0.00208840777645,0.00680678408278,9.14108490944
0.583690952932,0.00208840777645,0.00680678408278,9.15767788887
0.598787302836,0.00219116695771,0.00698131700798,9.17459201813
0.598787302836,0.00219116695771,0.00698131700798,9.19115304947
0.598787302836,0.00219116695771,0.00698131700798,9.20773887634
0.598787302836,0.00219116695771,0.00698131700798,9.22445893288
0.614267439619,0.00229924045572,0.00750491578358,9.24102401733
0.619299531115,0.00233700658765,0.00750491578358,9.2576918602
0.619299531115,0.00233700658765,0.00750491578358,9.27420902252
0.619299531115,0.00233700658765,0.00750491578358,9.29095482826
0.619299531115,0.00233700658765,0.00750491578358,9.30762386322
Actuacion(lineal,angular) = 0.3,-0.0204383345366
0.634267871071,0.00244934482755,0.00733038285837,9.32431387901
0.634267871071,0.00244934482755,0.00733038285837,9.3409678936
0.634267871071,0.00244934482755,0.00733038285837,9.3576939106
0.649705324288,0.00256250929694,0.00767944870877,9.37470602989
0.654609474755,0.00260017120927,0.00785398163397,9.39131784439
0.654609474755,0.00260017120927,0.00785398163397,9.40775084496
0.654609474755,0.00260017120927,0.00785398163397,9.42465090752
0.654609474755,0.00260017120927,0.00785398163397,9.4410378933
0.67017480079,0.0027224235078,0.00837758040957,9.45772790909
0.67017480079,0.0027224235078,0.00837758040957,9.47442293167
0.67017480079,0.0027224235078,0.00837758040957,9.49113893509
0.68518568156,0.00284818131054,0.00855211333477,9.50963687897
Actuacion(lineal,angular) = 0.263614943361,-0.024985787308
0.68518568156,0.00284818131054,0.00855211333477,9.52414798737
0.68518568156,0.00284818131054,0.00855211333477,9.5411529541
0.68518568156,0.00284818131054,0.00855211333477,9.55846405029
0.700622985,0.00298020609786,0.00872664625997,9.57441782951
0.700622985,0.00298020609786,0.00872664625997,9.59097790718
0.700622985,0.00298020609786,0.00872664625997,9.60752701759
0.715122087914,0.00310673785208,0.00907571211037,9.62857794762
0.715122087914,0.00310673785208,0.00907571211037,9.64093995094
0.715122087914,0.00310673785208,0.00907571211037,9.65780591965
0.715122087914,0.00310673785208,0.00907571211037,9.67434382439
0.729024125747,0.00323291220949,0.00942477796077,9.69097185135
0.733970847163,0.00327953534093,0.00942477796077,9.70877790451
Actuacion(lineal,angular) = 0.218393531221,-0.0317407361166
0.733970847163,0.00327953534093,0.00942477796077,9.7242398262
0.733970847163,0.00327953534093,0.00942477796077,9.74097490311
0.733970847163,0.00327953534093,0.00942477796077,9.75763487816
0.747105245403,0.00340332779336,0.00872664625997,9.77474689484
0.747105245403,0.00340332779336,0.00872664625997,9.79103684425
0.747105245403,0.00340332779336,0.00872664625997,9.8077378273
0.759685349403,0.00351311269776,0.00837758040957,9.82587695122
0.759685349403,0.00351311269776,0.00837758040957,9.84110689163
0.763139557762,0.00354205128305,0.00837758040957,9.85802602768
0.763139557762,0.00354205128305,0.00837758040957,9.87448883057
0.763139557762,0.00354205128305,0.00837758040957,9.89119100571
0.77529325384,0.00364387223129,0.00837758040957,9.90748596191
Actuacion(lineal,angular) = 0.186820816719,-0.0355349797013
0.77529325384,0.00364387223129,0.00837758040957,9.92474889755
0.77908861858,0.00367566894846,0.00820304748437,9.94098591805
0.77908861858,0.00367566894846,0.00820304748437,9.95786499977
0.77908861858,0.00367566894846,0.00820304748437,9.97456884384
0.789238035606,0.00375892696574,0.00802851455917,9.99151086807
0.792265807158,0.00378323599603,0.00802851455917,10.007694006
0.792265807158,0.00378323599603,0.00802851455917,10.0242500305
0.792265807158,0.00378323599603,0.00802851455917,10.0412609577
0.792265807158,0.00378323599603,0.00802851455917,10.0576879978
0.80241523856,0.00386472260461,0.00802851455917,10.0743050575
0.80241523856,0.00386472260461,0.00802851455917,10.0910289288
0.80241523856,0.00386472260461,0.00802851455917,10.1075029373
Actuacion(lineal,angular) = 0.157099130604,-0.0416270330812
0.80241523856,0.00386472260461,0.00802851455917,10.1244928837
0.812095578594,0.0039424430254,0.00837758040957,10.1414179802
0.812095578594,0.0039424430254,0.00837758040957,10.1582260132
0.812095578594,0.0039424430254,0.00837758040957,10.1745150089
0.821178867242,0.00401854078672,0.00802851455917,10.190942049
0.821178867242,0.00401854078672,0.00802851455917,10.2076649666
0.821178867242,0.00401854078672,0.00802851455917,10.2242088318
0.821178867242,0.00401854078672,0.00802851455917,10.2409348488
0.829793090533,0.0040877016898,0.00802851455917,10.2577660084
0.829793090533,0.0040877016898,0.00802851455917,10.2743639946
0.829793090533,0.0040877016898,0.00802851455917,10.2908890247
0.838151445805,0.00415480830863,0.00820304748437,10.307667017
Actuacion(lineal,angular) = 0.134098504858,-0.0489128054349
0.838151445805,0.00415480830863,0.00820304748437,10.3246309757
0.838151445805,0.00415480830863,0.00820304748437,10.3411569595
0.838151445805,0.00415480830863,0.00820304748437,10.3579750061
0.846296566191,0.00422162461661,0.00802851455917,10.3744130135
0.846296566191,0.00422162461661,0.00802851455917,10.3909468651
0.846296566191,0.00422162461661,0.00802851455917,10.4077329636
0.846296566191,0.00422162461661,0.00802851455917,10.4242908955
0.853716738728,0.00428119885986,0.00767944870877,10.4410099983
0.853716738728,0.00428119885986,0.00767944870877,10.4580750465
0.853716738728,0.00428119885986,0.00767944870877,10.4743199348
0.861008997249,0.00433720048602,0.00767944870877,10.4910969734
0.861008997249,0.00433720048602,0.00767944870877,10.5087218285
Actuacion(lineal,angular) = 0.112081578703,-0.0579122229987
0.861008997249,0.00433720048602,0.00767944870877,10.5242979527
0.861008997249,0.00433720048602,0.00767944870877,10.5414559841
0.868215966196,0.00439254712241,0.00802851455917,10.5579068661
0.868215966196,0.00439254712241,0.00802851455917,10.5743379593
0.870561423032,0.00441137806137,0.00802851455917,10.5910968781
0.870561423032,0.00441137806137,0.00802851455917,10.6083519459
0.870561423032,0.00441137806137,0.00802851455917,10.6260738373
0.876830189486,0.00446170802549,0.00802851455917,10.6410830021
0.876830189486,0.00446170802549,0.00802851455917,10.6579420567
0.876830189486,0.00446170802549,0.00802851455917,10.6745710373
0.883056311271,0.0045116956089,0.00802851455917,10.6909890175
0.883056311271,0.0045116956089,0.00802851455917,10.7076630592
Actuacion(lineal,angular) = 0.0943318168016,-0.0693896299759
0.883056311271,0.0045116956089,0.00802851455917,10.7243859768
0.883056311271,0.0045116956089,0.00802851455917,10.7408668995
0.888941275697,0.00455894414665,0.00750491578358,10.7577610016
0.888941275697,0.00455894414665,0.00750491578358,10.7743690014
0.890945583326,0.00457398658903,0.00750491578358,10.7917230129
0.890945583326,0.00457398658903,0.00750491578358,10.8086440563
0.890945583326,0.00457398658903,0.00750491578358,10.8257260323
0.896404123253,0.00461495324062,0.00698131700798,10.841739893
0.896404123253,0.00461495324062,0.00698131700798,10.8576939106
0.896404123253,0.00461495324062,0.00698131700798,10.8744778633
0.901649458858,0.00465157318622,0.00733038285837,10.8911368847
0.901649458858,0.00465157318622,0.00733038285837,10.9077079296
Actuacion(lineal,angular) = 0.0793669364306,-0.0812597964175
0.901649458858,0.00465157318622,0.00733038285837,10.9244120121
0.906766846664,0.00468908627,0.00733038285837,10.9425640106
0.906766846664,0.00468908627,0.00733038285837,10.9577758312
0.906766846664,0.00468908627,0.00733038285837,10.9744939804
0.908259418108,0.0047000275861,0.00715584993318,10.9910259247
0.908259418108,0.0047000275861,0.00715584993318,11.0076889992
0.908259418108,0.0047000275861,0.00715584993318,11.0247590542
0.912694493147,0.00473176485924,0.00680678408278,11.0422890186
0.912694493147,0.00473176485924,0.00680678408278,11.0577478409
0.914187070115,0.0047419246653,0.00680678408278,11.0748729706
0.914187070115,0.0047419246653,0.00680678408278,11.0910329819
0.914187070115,0.0047419246653,0.00680678408278,11.1076889038
Actuacion(lineal,angular) = 0.0689731048203,-0.0927405111407
0.918622155963,0.0047721138033,0.00663225115758,11.1241729259
0.918622155963,0.0047721138033,0.00663225115758,11.1408338547
0.918622155963,0.0047721138033,0.00663225115758,11.1576969624
0.923099892118,0.00480181170953,0.00645771823238,11.174590826
0.923099892118,0.00480181170953,0.00645771823238,11.1909239292
0.923099892118,0.00480181170953,0.00645771823238,11.207613945
0.927364407613,0.00482935113182,0.00645771823238,11.2245309353
0.927364407613,0.00482935113182,0.00645771823238,11.2412550449
0.927364407613,0.00482935113182,0.00645771823238,11.2576060295
0.928686407417,0.00483788835273,0.00628318530718,11.2743449211
0.928686407417,0.00483788835273,0.00628318530718,11.2908468246
0.928686407417,0.00483788835273,0.00628318530718,11.3075728416
Actuacion(lineal,angular) = 0.0570682817885,-0.111217025384
0.931245119559,0.00485396542683,0.00628318530718,11.3243219852
0.931245119559,0.00485396542683,0.00628318530718,11.3421459198
0.931245119559,0.00485396542683,0.00628318530718,11.3577709198
0.93504054257,0.00487781308675,0.00610865238198,11.3745238781
0.93504054257,0.00487781308675,0.00610865238198,11.3912169933
0.938580098194,0.0048994352706,0.00575958653158,11.4094560146
0.938580098194,0.0048994352706,0.00575958653158,11.4245738983
0.938580098194,0.0048994352706,0.00575958653158,11.4420919418
0.939731522289,0.00490606707064,0.00593411945678,11.4576489925
0.939731522289,0.00490606707064,0.00593411945678,11.4749469757
0.939731522289,0.00490606707064,0.00593411945678,11.4910969734
0.94310050046,0.00492605922422,0.00575958653158,11.5076098442
Actuacion(lineal,angular) = 0.0475606012034,-0.132992630354
0.94310050046,0.00492605922422,0.00575958653158,11.5246150494
0.946341546058,0.00494472651321,0.00558505360638,11.5427310467
0.946341546058,0.00494472651321,0.00558505360638,11.5583589077
0.946341546058,0.00494472651321,0.00558505360638,11.5751199722
0.946341546058,0.00494472651321,0.00558505360638,11.5911169052
0.949454658729,0.00496211359514,0.00541052068118,11.607722044
0.949454658729,0.00496211359514,0.00541052068118,11.6246299744
0.950478148808,0.00496765126342,0.00541052068118,11.6432528496
0.950478148808,0.00496765126342,0.00541052068118,11.6620998383
0.950478148808,0.00496765126342,0.00541052068118,11.6750528812
0.953250101105,0.004982649115,0.00488692190558,11.6909239292
0.953250101105,0.004982649115,0.00488692190558,11.7082798481
Actuacion(lineal,angular) = 0.0378535873358,-0.165663896123
0.953250101105,0.004982649115,0.00488692190558,11.7255978584
0.955766187666,0.00499494513141,0.00488692190558,11.742110014
0.955766187666,0.00499494513141,0.00488692190558,11.7576479912
0.955766187666,0.00499494513141,0.00488692190558,11.7752170563
0.955766187666,0.00499494513141,0.00488692190558,11.7910120487
0.958324919762,0.00500744955489,0.00471238898038,11.8091289997
0.958324919762,0.00500744955489,0.00471238898038,11.8254859447
0.958324919762,0.00500744955489,0.00471238898038,11.8423039913
0.958324919762,0.00500744955489,0.00471238898038,11.8578648567
0.960713071719,0.00501870353916,0.00436332312999,11.8771519661
0.960713071719,0.00501870353916,0.00436332312999,11.8909640312
0.960713071719,0.00501870353916,0.00436332312999,11.9077038765
0.962845353629,0.00502800743318,0.00436332312999,11.9243609905
0.962845353629,0.00502800743318,0.00436332312999,11.9408860207
0.962845353629,0.00502800743318,0.00436332312999,11.9578549862
0.962845353629,0.00502800743318,0.00436332312999,11.9742820263
0.964849698625,0.00503675309356,0.00366519142919,11.9909029007
0.964849698625,0.00503675309356,0.00366519142919,12.0077090263
0.965617322264,0.00503956659374,0.00366519142919,12.0243170261
0.965617322264,0.00503956659374,0.00366519142919,12.0410890579
0.965617322264,0.00503956659374,0.00366519142919,12.0583238602
0.967706964392,0.00504722556646,0.00314159265359,12.0743248463
0.967706964392,0.00504722556646,0.00314159265359,12.0912849903
0.967706964392,0.00504722556646,0.00314159265359,12.1079959869
Actuacion(lineal,angular) = 0.0114384535034,-0.105682836095
0.9686025269,0.00505003906831,0.00331612557879,12.1249668598
0.9686025269,0.00505003906831,0.00331612557879,12.1415660381
0.970948046433,0.00505781713414,0.00296705972839,12.1578528881
0.970948046433,0.00505781713414,0.00296705972839,12.1748900414
0.970948046433,0.00505781713414,0.00296705972839,12.1911048889
0.972483297265,0.00506237232842,0.00261799387799,12.2078168392
0.972483297265,0.00506237232842,0.00261799387799,12.2245838642
0.972483297265,0.00506237232842,0.00261799387799,12.2409908772
0.973080339837,0.00506393538579,0.00244346095279,12.2583179474
0.973080339837,0.00506393538579,0.00244346095279,12.274502039
0.973080339837,0.00506393538579,0.00244346095279,12.2911088467
0.973208277588,0.00506424799731,0.00209439510239,12.309032917
Actuacion(lineal,angular) = 0.00577547905097,-0.0457404714021
0.973208277588,0.00506424799731,0.00209439510239,12.3254899979
0.973208277588,0.00506424799731,0.00209439510239,12.3419289589
0.973208277588,0.00506424799731,0.00209439510239,12.3581340313
0.973208277588,0.00506424799731,0.00209439510239,12.3761849403
0.973208277588,0.00506424799731,0.00209439510239,12.3909728527
0.973634737094,0.00506514117332,0.00191986217719,12.4089708328
0.973634737094,0.00506514117332,0.00191986217719,12.4257788658
0.973634737094,0.00506514117332,0.00191986217719,12.442127943
0.97367738306,0.0050652230478,0.00191986217719,12.4575889111
0.97367738306,0.0050652230478,0.00191986217719,12.4758689404
0.97367738306,0.0050652230478,0.00191986217719,12.4910829067
0.97367738306,0.0050652230478,0.00209439510239,12.5078680515
0.97367738306,0.0050652230478,0.00209439510239,12.5244028568
0.97367738306,0.0050652230478,0.00209439510239,12.5409810543
0.97367738306,0.0050652230478,0.00209439510239,12.5585379601
0.97367738306,0.0050652230478,0.00209439510239,12.5758199692
0.97367738306,0.0050652230478,0.00191986217719,12.5919480324
0.97367738306,0.0050652230478,0.00191986217719,12.6083369255
0.97367738306,0.0050652230478,0.00191986217719,12.6256918907
0.97367738306,0.0050652230478,0.00209439510239,12.6418569088
0.97367738306,0.0050652230478,0.00209439510239,12.6585988998
0.97367738306,0.0050652230478,0.00209439510239,12.6761498451
0.97367738306,0.0050652230478,0.00209439510239,12.6907968521
0.97367738306,0.0050652230478,0.00209439510239,12.7086849213
0.97367738306,0.0050652230478,0.00226892802759,12.7251460552
0.97367738306,0.0050652230478,0.00226892802759,12.7409830093
0.97367738306,0.0050652230478,0.00226892802759,12.757570982
0.97367738306,0.0050652230478,0.00226892802759,12.7744128704
0.97367738306,0.0050652230478,0.00226892802759,12.7909598351
0.97367738306,0.0050652230478,0.00226892802759,12.8079359531
0.97367738306,0.0050652230478,0.00209439510239,12.8243689537
0.97367738306,0.0050652230478,0.00209439510239,12.8410830498
0.97367738306,0.0050652230478,0.00209439510239,12.8575508595
0.97367738306,0.0050652230478,0.00209439510239,12.8742380142
0.97367738306,0.0050652230478,0.00209439510239,12.8909080029
0.97367738306,0.0050652230478,0.00209439510239,12.9075388908
0.97367738306,0.0050652230478,0.00209439510239,12.9244470596
0.97367738306,0.0050652230478,0.00226892802759,12.9410588741
0.97367738306,0.0050652230478,0.00226892802759,12.9582278728
0.97367738306,0.0050652230478,0.00226892802759,12.97438097
0.97367738306,0.0050652230478,0.00226892802759,12.991147995
0.97367738306,0.0050652230478,0.00226892802759,13.0077028275
0.97367738306,0.0050652230478,0.00226892802759,13.0253539085
0.97367738306,0.0050652230478,0.00226892802759,13.0409538746
0.973549445257,0.00506493276563,0.00226892802759,13.0579278469
0.973549445257,0.00506493276563,0.00226892802759,13.0743730068
0.973549445257,0.00506493276563,0.00226892802759,13.0909278393
0.973464153388,0.00506473924419,0.00226892802759,13.1077468395
0.973464153388,0.00506473924419,0.00226892802759,13.1243019104
0.973421507454,0.00506464248347,0.00244346095279,13.1410880089
0.973421507454,0.00506464248347,0.00244346095279,13.1578018665
0.973421507454,0.00506464248347,0.00244346095279,13.1750500202
0.973421507454,0.00506464248347,0.00244346095279,13.1909320354
0.973421507454,0.00506464248347,0.00244346095279,13.2085068226
0.973421507454,0.00506464248347,0.00244346095279,13.2246499062
0.973421507454,0.00506464248347,0.00244346095279,13.2410728931
0.973421507454,0.00506464248347,0.00244346095279,13.257848978
0.973421507454,0.00506464248347,0.00244346095279,13.2745709419
0.973421507454,0.00506464248347,0.00244346095279,13.2947449684
0.973421507454,0.00506464248347,0.00244346095279,13.3075919151
0.973421507454,0.00506464248347,0.00244346095279,13.3246159554
0.973421507454,0.00506464248347,0.00244346095279,13.3408029079
0.973421507454,0.00506464248347,0.00244346095279,13.3577890396
0.973421507454,0.00506464248347,0.00244346095279,13.3747630119
0.973421507454,0.00506464248347,0.00244346095279,13.3914718628
0.973421507454,0.00506464248347,0.00244346095279,13.4078469276
0.973421507454,0.00506464248347,0.00244346095279,13.4242579937
0.973421507454,0.00506464248347,0.00244346095279,13.4410450459
0.973421507454,0.00506464248347,0.00244346095279,13.4579670429
0.973421507454,0.00506464248347,0.00244346095279,13.4745328426
0.973421507454,0.00506464248347,0.00244346095279,13.491549015
0.973421507454,0.00506464248347,0.00244346095279,13.507794857
0.973421507454,0.00506464248347,0.00244346095279,13.5246179104
0.973421507454,0.00506464248347,0.00244346095279,13.5410778522
0.973421507454,0.00506464248347,0.00244346095279,13.5575859547
0.973421507454,0.00506464248347,0.00244346095279,13.5755038261
0.973421507454,0.00506464248347,0.00244346095279,13.5911810398
0.973421507454,0.00506464248347,0.00244346095279,13.6075818539
0.973421507454,0.00506464248347,0.00244346095279,13.6247088909
0.973421507454,0.00506464248347,0.00244346095279,13.6408338547
0.973421507454,0.00506464248347,0.00244346095279,13.6576700211
0.973421507454,0.00506464248347,0.00244346095279,13.6744229794
0.973421507454,0.00506464248347,0.00244346095279,13.6918449402
0.973421507454,0.00506464248347,0.00244346095279,13.7078318596
0.973421507454,0.00506464248347,0.00244346095279,13.7246348858
0.973421507454,0.00506464248347,0.00244346095279,13.7413249016
0.973421507454,0.00506464248347,0.00244346095279,13.7578430176
0.973421507454,0.00506464248347,0.00244346095279,13.7756769657
0.973421507454,0.00506464248347,0.00244346095279,13.7910289764
0.973421507454,0.00506464248347,0.00244346095279,13.8087370396
0.973421507454,0.00506464248347,0.00244346095279,13.8247790337
0.973421507454,0.00506464248347,0.00244346095279,13.8411009312
0.973421507454,0.00506464248347,0.00244346095279,13.8578720093
0.973421507454,0.00506464248347,0.00244346095279,13.8749320507
0.973421507454,0.00506464248347,0.00244346095279,13.8915529251
0.973421507454,0.00506464248347,0.00244346095279,13.9083359241
Actuacion(lineal,angular) = 0.00425867939788,0.0142871517745
0.973421507454,0.00506464248347,0.00244346095279,13.9244608879
0.973421507454,0.00506464248347,0.00244346095279,13.9417979717
0.973421507454,0.00506464248347,0.00244346095279,13.9579148293
0.973421507454,0.00506464248347,0.00244346095279,13.9752349854
0.973421507454,0.00506464248347,0.00244346095279,13.9924440384
0.973421507454,0.00506464248347,0.00244346095279,14.0076818466
0.973421507454,0.00506464248347,0.00244346095279,14.0249679089
0.973421507454,0.00506464248347,0.00244346095279,14.041852951
0.973421507454,0.00506464248347,0.00244346095279,14.0577828884
0.973421507454,0.00506464248347,0.00244346095279,14.0745019913
0.973421507454,0.00506464248347,0.00244346095279,14.0909190178
0.973421507454,0.00506464248347,0.00244346095279,14.1076049805
Actuacion(lineal,angular) = 0.00784112903368,0.0742538351622
0.973421507454,0.00506464248347,0.00244346095279,14.1243109703
0.973421507454,0.00506464248347,0.00226892802759,14.1411418915
0.973421507454,0.00506464248347,0.00226892802759,14.1576828957
0.973421507454,0.00506464248347,0.00226892802759,14.1749789715
0.973421507454,0.00506464248347,0.00226892802759,14.1910920143
0.973421507454,0.00506464248347,0.00226892802759,14.2078700066
0.973421507454,0.00506464248347,0.00226892802759,14.2243180275
0.973421507454,0.00506464248347,0.00226892802759,14.2411580086
0.973421507454,0.00506464248347,0.00226892802759,14.2580258846
0.973421507454,0.00506464248347,0.00226892802759,14.2746989727
0.973421507454,0.00506464248347,0.00226892802759,14.2909729481
0.973421507454,0.00506464248347,0.00244346095279,14.3075919151
Actuacion(lineal,angular) = 0.016905117646,0.134290756663
0.973421507454,0.00506464248347,0.00244346095279,14.3244488239
0.973421507454,0.00506464248347,0.00244346095279,14.3424808979
0.97346415337,0.00506474668731,0.00244346095279,14.3577680588
0.97346415337,0.00506474668731,0.00244346095279,14.3747549057
0.97346415337,0.00506474668731,0.00244346095279,14.3909509182
0.97346415337,0.00506474668731,0.00244346095279,14.4075620174
0.973592091121,0.00506505929883,0.00244346095279,14.4243450165
0.973592091121,0.00506505929883,0.00244346095279,14.4411070347
0.973592091121,0.00506505929883,0.00244346095279,14.4604380131
0.97401855029,0.00506610133723,0.00244346095279,14.4748549461
0.97401855029,0.00506610133723,0.00244346095279,14.4912848473
0.97401855029,0.00506610133723,0.00244346095279,14.5078380108
Actuacion(lineal,angular) = 0.0200662967416,0.194284190616
0.97401855029,0.00506610133723,0.00244346095279,14.5244629383
0.974231779874,0.00506662235643,0.00261799387799,14.5413868427
0.974231779874,0.00506662235643,0.00261799387799,14.5579919815
0.974231779874,0.00506662235643,0.00261799387799,14.5746898651
0.974359717568,0.00506695729729,0.00279252680319,14.5913908482
0.974359717568,0.00506695729729,0.00279252680319,14.6076478958
0.974359717568,0.00506695729729,0.00279252680319,14.6245028973
0.974359717568,0.00506695729729,0.00296705972839,14.641094923
0.974359717568,0.00506695729729,0.00296705972839,14.657695055
0.974445009281,0.00506721036364,0.00314159265359,14.6747708321
0.974445009281,0.00506721036364,0.00314159265359,14.6911919117
0.974445009281,0.00506721036364,0.00314159265359,14.708480835
Actuacion(lineal,angular) = 0.0089501262259,0.254282702884
0.974445009281,0.00506721036364,0.00314159265359,14.7244279385
0.974530300948,0.0050674783162,0.00314159265359,14.7410569191
0.974530300948,0.0050674783162,0.00314159265359,14.7577090263
0.974530300948,0.0050674783162,0.00314159265359,14.776501894
0.974530300948,0.0050674783162,0.00314159265359,14.7927360535
0.974530300948,0.0050674783162,0.00314159265359,14.8089668751
0.974530300948,0.0050674783162,0.00314159265359,14.8250639439
0.974530300948,0.0050674783162,0.00314159265359,14.8409838676
0.974530300948,0.0050674783162,0.00314159265359,14.8578178883
0.974530300948,0.0050674783162,0.00314159265359,14.8742489815
0.974530300948,0.0050674783162,0.00314159265359,14.8914299011
0.974530300948,0.0050674783162,0.00314159265359,14.9076218605
Actuacion(lineal,angular) = 0.00474076107359,0.314275493106
0.974487655115,0.00506734433992,0.00314159265359,14.9241678715
0.974487655115,0.00506734433992,0.00314159265359,14.9411940575
0.974487655115,0.00506734433992,0.00314159265359,14.9576058388
0.974487655115,0.00506734433992,0.00331612557879,14.9743928909
0.974487655115,0.00506734433992,0.00331612557879,14.9925260544
0.974487655115,0.00506734433992,0.00331612557879,15.0075340271
0.974487655115,0.00506734433992,0.00331612557879,15.0243320465
0.974359717686,0.00506692008178,0.00331612557879,15.0413849354
0.974359717686,0.00506692008178,0.00331612557879,15.0586619377
0.974359717686,0.00506692008178,0.00331612557879,15.0764079094
0.974317071876,0.00506677866241,0.00331612557879,15.0920250416
0.974317071876,0.00506677866241,0.00331612557879,15.1091179848
Actuacion(lineal,angular) = 0.00280682833199,0.374272503337
0.974317071876,0.00506677866241,0.00331612557879,15.1253619194
0.974317071876,0.00506677866241,0.00331612557879,15.1432249546
0.974274426066,0.00506663724303,0.00331612557879,15.1587908268
0.974274426066,0.00506663724303,0.00331612557879,15.1756980419
0.974274426066,0.00506663724303,0.00331612557879,15.1917748451
0.974189134447,0.00506635440427,0.00349065850399,15.2093918324
0.974189134447,0.00506635440427,0.00349065850399,15.2250978947
0.974189134447,0.00506635440427,0.00349065850399,15.2430438995
0.974189134447,0.00506635440427,0.00331612557879,15.2587518692
0.974189134447,0.00506635440427,0.00331612557879,15.2754490376
0.974189134447,0.00506635440427,0.00331612557879,15.2909200191
0.974146488637,0.00506621298489,0.00349065850399,15.3086559772
Actuacion(lineal,angular) = 0.00179773131108,0.434195126971
0.974146488637,0.00506621298489,0.00349065850399,15.3254749775
0.974146488637,0.00506621298489,0.00349065850399,15.3433320522
0.974146488637,0.00506621298489,0.00349065850399,15.3583960533
0.974146488637,0.00506621298489,0.00349065850399,15.3754248619
0.974018551284,0.00506576639747,0.00366519142919,15.3915200233
0.974018551284,0.00506576639747,0.00366519142919,15.4090049267
0.974018551284,0.00506576639747,0.00366519142919,15.4251220226
0.973847968253,0.0050651411752,0.00383972435439,15.4409270287
0.973847968253,0.0050651411752,0.00383972435439,15.4575958252
0.973847968253,0.0050651411752,0.00383972435439,15.4745359421
0.973805322523,0.00506497742655,0.00453785605518,15.4910340309
0.973805322523,0.00506497742655,0.00453785605518,15.5096268654
Actuacion(lineal,angular) = 0.00121904811252,0.494219173869
0.973805322523,0.00506497742655,0.00453785605518,15.5246539116
0.973805322523,0.00506497742655,0.00453785605518,15.5442368984
0.973762676918,0.00506478390561,0.00453785605518,15.5575399399
0.973762676918,0.00506478390561,0.00453785605518,15.5744488239
0.973762676918,0.00506478390561,0.00453785605518,15.5911200047
0.973720031313,0.00506459038466,0.00471238898038,15.611456871
0.973720031313,0.00506459038466,0.00471238898038,15.624573946
0.973720031313,0.00506459038466,0.00471238898038,15.6420588493
0.973720031313,0.00506459038466,0.00471238898038,15.6577699184
0.97350680346,0.00506358556464,0.00488692190558,15.6743619442
0.97350680346,0.00506358556464,0.00488692190558,15.6911439896
0.97350680346,0.00506358556464,0.00488692190558,15.7083148956
0.973464157925,0.00506337715758,0.00523598775598,15.7244009972
0.973464157925,0.00506337715758,0.00523598775598,15.7422449589
0.973464157925,0.00506337715758,0.00523598775598,15.7582688332
0.973421512465,0.00506315386444,0.00558505360638,15.7765119076
0.973421512465,0.00506315386444,0.00558505360638,15.7909078598
0.973421512465,0.00506315386444,0.00575958653158,15.8078830242
0.973421512465,0.00506315386444,0.00575958653158,15.8242628574
0.973421512465,0.00506315386444,0.00575958653158,15.8410539627
0.973421512465,0.00506315386444,0.00575958653158,15.8594038486
0.973421512465,0.00506315386444,0.00575958653158,15.8753938675
0.973421512465,0.00506315386444,0.00575958653158,15.8917729855
0.973421512465,0.00506315386444,0.00575958653158,15.9089319706
0.973421512465,0.00506315386444,0.00575958653158,15.9258248806
0.973421512465,0.00506315386444,0.00575958653158,15.9417920113
0.973421512465,0.00506315386444,0.00593411945678,15.9589960575
0.973421512465,0.00506315386444,0.00593411945678,15.9751489162
0.973421512465,0.00506315386444,0.00593411945678,15.9909210205
0.973378867172,0.0050629007992,0.00610865238198,16.0078518391
0.973378867172,0.0050629007992,0.00610865238198,16.0240578651
0.973378867172,0.0050629007992,0.00610865238198,16.0413198471
0.973378867172,0.0050629007992,0.00610865238198,16.0575890541
0.973378867172,0.0050629007992,0.00610865238198,16.0743980408
0.973378867172,0.0050629007992,0.00610865238198,16.0911049843
0.973378867172,0.0050629007992,0.00610865238198,16.107681036
0.973378867172,0.0050629007992,0.00610865238198,16.1243188381
0.973336221924,0.00506264029096,0.00610865238198,16.1409268379
0.973336221924,0.00506264029096,0.00610865238198,16.1579248905
0.973336221924,0.00506264029096,0.00610865238198,16.1752779484
0.973336221924,0.00506264029096,0.00628318530718,16.1913130283
0.973336221924,0.00506264029096,0.00628318530718,16.2093288898
0.973336221924,0.00506264029096,0.00628318530718,16.2252080441
0.973336221924,0.00506264029096,0.00628318530718,16.2416360378
0.973336221924,0.00506264029096,0.00628318530718,16.2589569092
0.973336221924,0.00506264029096,0.00628318530718,16.2757189274
0.973336221924,0.00506264029096,0.00628318530718,16.2920498848
0.973250931519,0.00506210438849,0.00541052068118,16.3099410534
0.973250931519,0.00506210438849,0.00541052068118,16.3243179321
0.973250931519,0.00506210438849,0.00541052068118,16.34116292
0.973250931519,0.00506210438849,0.00506145483078,16.3577308655
0.973250931519,0.00506210438849,0.00506145483078,16.3742418289
0.973250931519,0.00506210438849,0.00506145483078,16.3911180496
0.973250931519,0.00506210438849,0.00506145483078,16.4077038765
0.973250931519,0.00506210438849,0.00506145483078,16.4242939949
0.973250931519,0.00506210438849,0.00506145483078,16.4411458969
0.973250931519,0.00506210438849,0.00506145483078,16.4578149319
0.973250931519,0.00506210438849,0.00506145483078,16.4750039577
0.973250931519,0.00506210438849,0.00506145483078,16.4914159775
0.973250931519,0.00506210438849,0.00506145483078,16.508191824
0.973250931519,0.00506210438849,0.00506145483078,16.5246858597
0.973250931519,0.00506210438849,0.00506145483078,16.5409319401
0.973250931519,0.00506210438849,0.00506145483078,16.557518959
0.973250931519,0.00506210438849,0.00506145483078,16.5745680332
0.973250931519,0.00506210438849,0.00506145483078,16.5910918713
0.973250931519,0.00506210438849,0.00506145483078,16.6084518433
0.973250931519,0.00506210438849,0.00506145483078,16.6249449253
0.973250931519,0.00506210438849,0.00506145483078,16.641315937
0.973250931519,0.00506210438849,0.00506145483078,16.6579179764
0.973250931519,0.00506210438849,0.00506145483078,16.674808979
0.973250931519,0.00506210438849,0.00506145483078,16.6913878918
0.973250931519,0.00506210438849,0.00506145483078,16.7088940144
0.973250931519,0.00506210438849,0.00506145483078,16.7242729664
0.973250931519,0.00506210438849,0.00506145483078,16.7419769764
0.973250931519,0.00506210438849,0.00506145483078,16.7576608658
0.973250931519,0.00506210438849,0.00506145483078,16.7747149467
0.973250931519,0.00506210438849,0.00506145483078,16.7911279202
0.973250931519,0.00506210438849,0.00506145483078,16.8079810143
0.973250931519,0.00506210438849,0.00506145483078,16.8244168758
0.973250931519,0.00506210438849,0.00506145483078,16.8412179947
0.973250931519,0.00506210438849,0.00506145483078,16.8578538895
0.973250931519,0.00506210438849,0.00506145483078,16.8752839565
0.973250931519,0.00506210438849,0.00506145483078,16.8920049667
0.973250931519,0.00506210438849,0.00506145483078,16.9083878994
0.973250931519,0.00506210438849,0.00506145483078,16.9244248867
0.973250931519,0.00506210438849,0.00506145483078,16.941642046
0.973250931519,0.00506210438849,0.00506145483078,16.9580490589
0.973250931519,0.00506210438849,0.00506145483078,16.9756839275
0.973250931519,0.00506210438849,0.00506145483078,16.9912178516
0.973250931519,0.00506210438849,0.00506145483078,17.0083808899
0.973250931519,0.00506210438849,0.00506145483078,17.024574995
0.973250931519,0.00506210438849,0.00506145483078,17.0413548946
0.973250931519,0.00506210438849,0.00506145483078,17.0575239658
0.973250931519,0.00506210438849,0.00506145483078,17.0745089054
0.973250931519,0.00506210438849,0.00506145483078,17.0908529758
0.973250931519,0.00506210438849,0.00506145483078,17.1084878445
Actuacion(lineal,angular) = 0.000864415077047,0.554224552592
0.973250931519,0.00506210438849,0.00506145483078,17.1242690086
0.973250931519,0.00506210438849,0.00506145483078,17.1408760548
0.973250931519,0.00506210438849,0.00506145483078,17.158246994
0.973250931519,0.00506210438849,0.00506145483078,17.1745548248
0.973250931519,0.00506210438849,0.00506145483078,17.1909358501
0.973250931519,0.00506210438849,0.00506145483078,17.2093799114
0.973250931519,0.00506210438849,0.00506145483078,17.2247579098
0.973250931519,0.00506210438849,0.00506145483078,17.2411780357
0.973250931519,0.00506210438849,0.00506145483078,17.2577118874
0.973250931519,0.00506210438849,0.00506145483078,17.2750329971
0.973250931519,0.00506210438849,0.00488692190558,17.2914049625
0.973250931519,0.00506210438849,0.00488692190558,17.3083410263
Actuacion(lineal,angular) = 0.000634968602344,0.614246167621
0.973250931519,0.00506210438849,0.00488692190558,17.3243558407
0.973080349379,0.00506127076026,0.00488692190558,17.341796875
0.973080349379,0.00506127076026,0.00488692190558,17.3579888344
0.973080349379,0.00506127076026,0.00488692190558,17.3747138977
0.973080349379,0.00506127076026,0.00506145483078,17.3918669224
0.973080349379,0.00506127076026,0.00506145483078,17.4082489014
0.973080349379,0.00506127076026,0.00506145483078,17.4242830276
0.972952412885,0.00506062320995,0.00628318530718,17.4410738945
0.972952412885,0.00506062320995,0.00628318530718,17.4577059746
0.972952412885,0.00506062320995,0.00645771823238,17.4744508266
0.972952412885,0.00506062320995,0.00645771823238,17.4912228584
0.972952412885,0.00506062320995,0.00645771823238,17.5076758862
Actuacion(lineal,angular) = 0.000480110265724,0.674237455806
0.972952412885,0.00506062320995,0.00698131700798,17.5243480206
0.972952412885,0.00506062320995,0.00698131700798,17.5412859917
0.972952412885,0.00506062320995,0.00698131700798,17.5581328869
0.972952412885,0.00506062320995,0.00680678408278,17.5749628544
0.972952412885,0.00506062320995,0.00680678408278,17.5920748711
0.972952412885,0.00506062320995,0.00715584993318,17.6077430248
0.972952412885,0.00506062320995,0.00715584993318,17.6247649193
0.972952412885,0.00506062320995,0.00715584993318,17.6412940025
0.972781833076,0.00505940254559,0.00750491578358,17.6577270031
0.972781833076,0.00505940254559,0.00750491578358,17.6746628284
0.972781833076,0.00505940254559,0.00750491578358,17.6909990311
0.97256860886,0.00505780228577,0.00907571211037,17.7083790302
Actuacion(lineal,angular) = 0.000429027862426,0.7
0.97256860886,0.00505780228577,0.00907571211037,17.7243058681
0.97256860886,0.00505780228577,0.00907571211037,17.7415790558
0.97256860886,0.00505780228577,0.00907571211037,17.7577660084
0.972312743133,0.00505548005833,0.0111701072128,17.7747559547
0.972312743133,0.00505548005833,0.0111701072128,17.791000843
0.972312743133,0.00505548005833,0.0111701072128,17.8078989983
0.972099526215,0.00505309830343,0.01308996939,17.8245699406
0.972099526215,0.00505309830343,0.01308996939,17.8424799442
0.972099526215,0.00505309830343,0.01308996939,17.8581228256
0.971971599043,0.00505142364502,0.0136135681656,17.8750989437
0.971971599043,0.00505142364502,0.0136135681656,17.8913388252
0.971971599043,0.00505142364502,0.0136135681656,17.9083199501
Actuacion(lineal,angular) = 0.000429027862426,0.7
0.971630462304,0.00504677926984,0.0158824961931,17.9244949818
0.971630462304,0.00504677926984,0.0158824961931,17.9436199665
0.971630462304,0.00504677926984,0.0158824961931,17.9576740265
0.971246696314,0.00504068359542,0.0195476876223,17.9747149944
0.971246696314,0.00504068359542,0.0195476876223,17.9912159443
0.971204058418,0.00503985001696,0.0207694180987,18.0079488754
0.971204058418,0.00503985001696,0.0207694180987,18.0248708725
0.971204058418,0.00503985001696,0.0207694180987,18.0410249233
0.970777689954,0.00503099331853,0.0253072741539,18.0577878952
0.970777689954,0.00503099331853,0.0253072741539,18.0744688511
0.970735057565,0.00502991417859,0.0263544717051,18.0914950371
0.970735057565,0.00502991417859,0.0263544717051,18.1077079773
0.970735057565,0.00502991417859,0.0263544717051,18.1243460178
0.970564532625,0.00502541904313,0.0296705972839,18.1413388252
0.970564532625,0.00502541904313,0.0296705972839,18.1575410366
0.970564532625,0.00502541904313,0.0296705972839,18.1745948792
0.970266141708,0.00501656300745,0.0350811179651,18.1916549206
0.970266141708,0.00501656300745,0.0350811179651,18.2086188793
0.970266141708,0.00501656300745,0.0350811179651,18.2243669033
0.969925183268,0.00500459689497,0.0417133691227,18.2422988415
0.969925183268,0.00500459689497,0.0417133691227,18.2591710091
0.969925183268,0.00500459689497,0.0417133691227,18.2757618427
0.969925183268,0.00500459689497,0.0417133691227,18.2912199497
0.969541702742,0.0049885913459,0.047298422729,18.307915926
0.969541702742,0.0049885913459,0.047298422729,18.3246190548
0.969541702742,0.0049885913459,0.047298422729,18.342238903
0.969030522536,0.00496439528242,0.0514872129338,18.3610048294
0.969030522536,0.00496439528242,0.0514872129338,18.3747019768
0.969030522536,0.00496439528242,0.0514872129338,18.390914917
0.969030522536,0.00496439528242,0.0514872129338,18.4078650475
0.968391679575,0.00493147394295,0.0556760031386,18.4242990017
0.968391679575,0.00493147394295,0.0556760031386,18.4417550564
0.968391679575,0.00493147394295,0.0556760031386,18.457805872
0.968136199793,0.00491723513416,0.0567232006898,18.4747338295
0.968136199793,0.00491723513416,0.0567232006898,18.4922299385
0.967667847785,0.00489064017981,0.0614355896702,18.5084199905
0.967667847785,0.00489064017981,0.0614355896702,18.5243859291
0.967667847785,0.00489064017981,0.0614355896702,18.5413248539
0.967582716606,0.00488540350568,0.0631809189222,18.5580859184
0.967582716606,0.00488540350568,0.0631809189222,18.5747759342
0.967199668014,0.0048611698896,0.0698131700798,18.5910029411
0.967199668014,0.0048611698896,0.0698131700798,18.607945919
0.967199668014,0.0048611698896,0.0698131700798,18.6243908405
0.967199668014,0.0048611698896,0.0780162175641,18.6414299011
0.967199668014,0.0048611698896,0.0780162175641,18.6576750278
0.967199668014,0.0048611698896,0.0780162175641,18.6746380329
0.967199668014,0.0048611698896,0.0780162175641,18.691890955
0.967157151687,0.00485784618058,0.0846484687217,18.7081279755
0.967157151687,0.00485784618058,0.0846484687217,18.7245419025
0.967157151687,0.00485784618058,0.0846484687217,18.7423069477
0.967157151687,0.00485784618058,0.0846484687217,18.7578568459
0.967157151687,0.00485784618058,0.0839503370209,18.7745859623
0.967157151687,0.00485784618058,0.0839503370209,18.7908089161
0.967157151687,0.00485784618058,0.0839503370209,18.8093268871
0.967157151687,0.00485784618058,0.0836012711705,18.8242378235
0.967157151687,0.00485784618058,0.0836012711705,18.8412899971
0.967157151687,0.00485784618058,0.0836012711705,18.8579368591
0.967157151687,0.00485784618058,0.0836012711705,18.8747010231
0.967157151687,0.00485784618058,0.0836012711705,18.8910770416
0.967157151687,0.00485784618058,0.0836012711705,18.9080228806
0.967157151687,0.00485784618058,0.0836012711705,18.9243228436
0.967157151687,0.00485784618058,0.0836012711705,18.9426648617
0.967157151687,0.00485784618058,0.0836012711705,18.9577460289
0.967157151687,0.00485784618058,0.0836012711705,18.9744739532
0.967157151687,0.00485784618058,0.0836012711705,18.9909000397
0.967157151687,0.00485784618058,0.0836012711705,19.0088338852
0.967157151687,0.00485784618058,0.0836012711705,19.0256109238
0.967157151687,0.00485784618058,0.0836012711705,19.0419490337
0.967157151687,0.00485784618058,0.0836012711705,19.0580298901
0.967157151687,0.00485784618058,0.0836012711705,19.0747289658
0.967157151687,0.00485784618058,0.0836012711705,19.0916259289
0.967157151687,0.00485784618058,0.0836012711705,19.1078848839
0.967157151687,0.00485784618058,0.0836012711705,19.1242718697
0.967157151687,0.00485784618058,0.0836012711705,19.1419029236
0.967157151687,0.00485784618058,0.0836012711705,19.157834053
0.967157151687,0.00485784618058,0.0836012711705,19.1748478413
0.967157151687,0.00485784618058,0.0836012711705,19.1910219193
0.967157151687,0.00485784618058,0.0836012711705,19.20896101
0.967157151687,0.00485784618058,0.0836012711705,19.2246880531
0.967157151687,0.00485784618058,0.0836012711705,19.2414779663
0.967157151687,0.00485784618058,0.0836012711705,19.258245945
0.967157151687,0.00485784618058,0.0836012711705,19.2750098705
0.967157151687,0.00485784618058,0.0836012711705,19.2910120487
0.967157151687,0.00485784618058,0.0836012711705,19.3082339764
0.967157151687,0.00485784618058,0.0836012711705,19.3244509697
0.967157151687,0.00485784618058,0.0836012711705,19.3411710262
0.967157151687,0.00485784618058,0.0836012711705,19.358494997
0.967157151687,0.00485784618058,0.0836012711705,19.3765950203
0.967157151687,0.00485784618058,0.0836012711705,19.3924820423
0.967157151687,0.00485784618058,0.0836012711705,19.4092340469
0.967157151687,0.00485784618058,0.0836012711705,19.4241709709
0.967157151687,0.00485784618058,0.0836012711705,19.4411020279
0.967157151687,0.00485784618058,0.0836012711705,19.457780838
0.967157151687,0.00485784618058,0.0836012711705,19.4764258862
0.967157151687,0.00485784618058,0.0836012711705,19.4912419319
0.967157151687,0.00485784618058,0.0836012711705,19.5078530312
0.967157151687,0.00485784618058,0.0836012711705,19.5242550373
0.967157151687,0.00485784618058,0.0836012711705,19.5410048962
0.967157151687,0.00485784618058,0.0836012711705,19.5575919151
0.967157151687,0.00485784618058,0.0836012711705,19.5743420124
0.967157151687,0.00485784618058,0.0836012711705,19.5909149647
0.967157151687,0.00485784618058,0.0836012711705,19.6078300476
0.967157151687,0.00485784618058,0.0836012711705,19.6243629456
0.967157151687,0.00485784618058,0.0836012711705,19.6410310268
0.967157151687,0.00485784618058,0.0836012711705,19.6577489376
0.967157151687,0.00485784618058,0.0836012711705,19.6755709648
0.967157151687,0.00485784618058,0.0836012711705,19.6911849976
0.967157151687,0.00485784618058,0.0836012711705,19.7078239918
0.967157151687,0.00485784618058,0.0836012711705,19.7244598866
0.967157151687,0.00485784618058,0.0836012711705,19.7413699627
0.967157151687,0.00485784618058,0.0836012711705,19.7583398819
0.967157151687,0.00485784618058,0.0836012711705,19.7761888504
0.967157151687,0.00485784618058,0.0836012711705,19.790984869
0.967157151687,0.00485784618058,0.0836012711705,19.8078680038
0.967157151687,0.00485784618058,0.0836012711705,19.8244969845
0.967157151687,0.00485784618058,0.0836012711705,19.841354847
0.967157151687,0.00485784618058,0.0836012711705,19.8577170372
0.967157151687,0.00485784618058,0.0836012711705,19.8747529984
0.967157151687,0.00485784618058,0.0836012711705,19.8918149471
0.967157151687,0.00485784618058,0.0836012711705,19.9086110592
Actuacion(lineal,angular) = 0.000429027862426,0.7
0.967157151687,0.00485784618058,0.0836012711705,19.9242520332
0.967157151687,0.00485784618058,0.0836012711705,19.9413788319
0.967157151687,0.00485784618058,0.0836012711705,19.957679987
0.967157151687,0.00485784618058,0.0836012711705,19.9748399258
0.967157151687,0.00485784618058,0.0836012711705,19.9920568466
0.967157151687,0.00485784618058,0.0836012711705,20.007930994
0.967157151687,0.00485784618058,0.0836012711705,20.024312973
0.967157151687,0.00485784618058,0.0836012711705,20.041549921
0.967157151687,0.00485784618058,0.0836012711705,20.0578389168
0.967157151687,0.00485784618058,0.0836012711705,20.0749189854
0.967157151687,0.00485784618058,0.0836012711705,20.0912249088
0.967157151687,0.00485784618058,0.0836012711705,20.1088759899
Actuacion(lineal,angular) = 0.000429027862426,0.7
0.967114654587,0.00485428506867,0.0836012711705,20.1243059635
0.967114654587,0.00485428506867,0.0836012711705,20.1413578987
0.967114654587,0.00485428506867,0.0836012711705,20.1576929092
0.966987163285,0.00484360173293,0.0837758040957,20.174546957
0.966987163285,0.00484360173293,0.0837758040957,20.1908729076
0.966987163285,0.00484360173293,0.0837758040957,20.2075719833
0.966732184414,0.00482219055891,0.0909316540289,20.2242720127
0.966732184414,0.00482219055891,0.0909316540289,20.2413170338
0.966647244704,0.00481444549198,0.0923279174305,20.2578518391
0.966647244704,0.00481444549198,0.0923279174305,20.2751410007
0.966647244704,0.00481444549198,0.0923279174305,20.2916238308
0.96634999386,0.00478692269056,0.0963421747101,20.3083348274
Actuacion(lineal,angular) = 0.000429027862426,0.7
0.96634999386,0.00478692269056,0.0963421747101,20.3247368336
0.96634999386,0.00478692269056,0.0963421747101,20.3413629532
0.966180200736,0.0047705136518,0.10105456369,20.3577389717
0.966180200736,0.0047705136518,0.10105456369,20.375084877
0.966180200736,0.0047705136518,0.10105456369,20.3912389278
0.966180200736,0.0047705136518,0.10105456369,20.4077270031
0.966052915302,0.00475760691316,0.108210413624,20.4257340431
0.966052915302,0.00475760691316,0.108210413624,20.4413249493
0.966052915302,0.00475760691316,0.108210413624,20.4582169056
0.96575613906,0.00472536669611,0.11379546723,20.4745879173
0.96575613906,0.00472536669611,0.11379546723,20.4910190105
0.96575613906,0.00472536669611,0.11379546723,20.5078928471
Actuacion(lineal,angular) = 0.000429027862426,0.7
0.96575613906,0.00472536669611,0.11379546723,20.5243399143
0.965544287953,0.00470115439838,0.11815879036,20.5419619083
0.965544287953,0.00470115439838,0.11815879036,20.5576858521
0.965544287953,0.00470115439838,0.11815879036,20.5744199753
0.965205498441,0.00466093609573,0.123743843966,20.590939045
0.965205498441,0.00466093609573,0.123743843966,20.6077458858
0.965205498441,0.00466093609573,0.123743843966,20.6242539883
0.965078538588,0.00464514491206,0.125140107368,20.6410439014
0.965078538588,0.00464514491206,0.125140107368,20.657531023
0.964613100426,0.00458659397412,0.127583568321,20.6760890484
0.964613100426,0.00458659397412,0.127583568321,20.6908860207
0.964613100426,0.00458659397412,0.127583568321,20.7077319622
0.96452850157,0.00457574160285,0.128630765872,20.7241289616
0.96452850157,0.00457574160285,0.128630765872,20.7412610054
0.96452850157,0.00457574160285,0.128630765872,20.7575728893
0.964147858069,0.00452650729626,0.132645023152,20.7741179466
0.964147858069,0.00452650729626,0.132645023152,20.7911589146
0.964147858069,0.00452650729626,0.132645023152,20.8083369732
0.963894229539,0.0044926660251,0.138753675534,20.8245379925
0.963894229539,0.0044926660251,0.138753675534,20.8412458897
0.963894229539,0.0044926660251,0.138753675534,20.8576378822
0.963809757181,0.00448086937221,0.14433872914,20.8762869835
0.963809757181,0.00448086937221,0.14433872914,20.8909778595
0.963809757181,0.00448086937221,0.14433872914,20.90782094
0.963809757181,0.00448086937221,0.14433872914,20.9245219231
0.963640946869,0.00445633287402,0.148527519345,20.9413690567
0.963640946869,0.00445633287402,0.148527519345,20.9577379227
0.963640946869,0.00445633287402,0.148527519345,20.9744620323
0.963598770355,0.00445002202606,0.153239908325,20.9911689758
0.963598770355,0.00445002202606,0.153239908325,21.0082759857
0.963598770355,0.00445002202606,0.153239908325,21.0247428417
0.963598770355,0.00445002202606,0.153239908325,21.0415399075
0.963303746213,0.00440445532102,0.159174027782,21.0578069687
0.963303746213,0.00440445532102,0.159174027782,21.0762779713
0.963345853149,0.00441121483545,0.161442955809,21.0911719799
0.963345853149,0.00441121483545,0.161442955809,21.1085000038
0.963345853149,0.00441121483545,0.161442955809,21.1243889332
0.963093304205,0.00437008462813,0.168598805743,21.1412420273
0.963093304205,0.00437008462813,0.168598805743,21.1576018333
0.963093304205,0.00437008462813,0.168598805743,21.1747159958
0.962967180126,0.00434861645755,0.176452787377,21.1908659935
0.962967180126,0.00434861645755,0.176452787377,21.2078828812
0.962967180126,0.00434861645755,0.176452787377,21.2243199348
0.962883212405,0.00433364440789,0.179070781255,21.2412059307
0.962883212405,0.00433364440789,0.179070781255,21.2579219341
0.962757320051,0.00431085667029,0.189717289692,21.275375843
0.962757320051,0.00431085667029,0.189717289692,21.2910399437
0.962757320051,0.00431085667029,0.189717289692,21.3090510368
0.96271543918,0.00430281442534,0.191811684794,21.3248300552
0.96271543918,0.00430281442534,0.191811684794,21.341313839
0.96271543918,0.00430281442534,0.191811684794,21.3580069542
0.96271543918,0.00430281442534,0.190415421393,21.3744249344
0.96271543918,0.00430281442534,0.190415421393,21.3912160397
0.96271543918,0.00430281442534,0.190415421393,21.4084858894
0.96271543918,0.00430281442534,0.190764487243,21.4242370129
0.96271543918,0.00430281442534,0.190764487243,21.441783905
0.96271543918,0.00430281442534,0.190764487243,21.4584448338
0.96271543918,0.00430281442534,0.190764487243,21.4745228291
0.96271543918,0.00430281442534,0.190764487243,21.4908249378
0.96271543918,0.00430281442534,0.190764487243,21.5092668533
0.96271543918,0.00430281442534,0.190764487243,21.5243060589
0.96271543918,0.00430281442534,0.190764487243,21.5412449837
0.96271543918,0.00430281442534,0.190764487243,21.5576369762
0.96271543918,0.00430281442534,0.190764487243,21.5746209621
0.96271543918,0.00430281442534,0.190764487243,21.5911400318
0.96271543918,0.00430281442534,0.190764487243,21.6079599857
0.96271543918,0.00430281442534,0.190764487243,21.6242539883
0.96271543918,0.00430281442534,0.190764487243,21.6410410404
0.96271543918,0.00430281442534,0.190764487243,21.6576359272
0.96271543918,0.00430281442534,0.190764487243,21.674628973
0.96271543918,0.00430281442534,0.190764487243,21.6909630299
0.96271543918,0.00430281442534,0.190764487243,21.7077958584
0.96271543918,0.00430281442534,0.190764487243,21.7242488861
0.96271543918,0.00430281442534,0.190764487243,21.7438778877
0.96271543918,0.00430281442534,0.190764487243,21.7575628757
0.96271543918,0.00430281442534,0.190764487243,21.7744698524
0.96271543918,0.00430281442534,0.190764487243,21.7910649776
0.96271543918,0.00430281442534,0.190764487243,21.8078348637
0.96271543918,0.00430281442534,0.190764487243,21.8244888783
0.96271543918,0.00430281442534,0.190764487243,21.8412480354
0.96271543918,0.00430281442534,0.190764487243,21.8578510284
0.96271543918,0.00430281442534,0.190764487243,21.8744609356
0.96271543918,0.00430281442534,0.190764487243,21.8909878731
0.96271543918,0.00430281442534,0.190764487243,21.9076499939
0.96271543918,0.00430281442534,0.190764487243,21.9243509769
0.96271543918,0.00430281442534,0.190764487243,21.9444909096
0.96271543918,0.00430281442534,0.190764487243,21.9576108456
0.96271543918,0.00430281442534,0.190764487243,21.9743640423
0.96271543918,0.00430281442534,0.190764487243,21.9909188747
0.96271543918,0.00430281442534,0.190764487243,22.0088088512
0.96271543918,0.00430281442534,0.190764487243,22.0246059895
0.96271543918,0.00430281442534,0.190764487243,22.0445859432
0.96271543918,0.00430281442534,0.190764487243,22.0575499535
0.96271543918,0.00430281442534,0.190764487243,22.0762219429
0.96271543918,0.00430281442534,0.190764487243,22.0922329426
0.96271543918,0.00430281442534,0.190764487243,22.1081278324
Actuacion(lineal,angular) = 0.000429027862426,0.7
0.96271543918,0.00430281442534,0.190764487243,22.1249148846
0.96271543918,0.00430281442534,0.190764487243,22.1420528889
0.96271543918,0.00430281442534,0.190764487243,22.1579508781
0.96271543918,0.00430281442534,0.190764487243,22.1744110584
0.96271543918,0.00430281442534,0.190764487243,22.1908528805
0.96271543918,0.00430281442534,0.190764487243,22.2077698708
0.96271543918,0.00430281442534,0.190764487243,22.2242610455
0.96271543918,0.00430281442534,0.190764487243,22.2412428856
0.96271543918,0.00430281442534,0.190764487243,22.2580440044
0.962673566754,0.00429472832727,0.190764487243,22.2743878365
0.962673566754,0.00429472832727,0.190764487243,22.2911429405
0.962673566754,0.00429472832727,0.190764487243,22.3100750446
Actuacion(lineal,angular) = 0.000664391641188,0.605041483967
0.962422332195,0.00424621173884,0.191288086019,22.3250238895
0.962422332195,0.00424621173884,0.191288086019,22.3455250263
0.962422332195,0.00424621173884,0.191288086019,22.357642889
0.962380464008,0.00423810371752,0.193207948196,22.374557972
0.962380464008,0.00423810371752,0.193207948196,22.3911309242
0.962380464008,0.00423810371752,0.193207948196,22.4087488651
0.96204564366,0.00417259661776,0.198967534727,22.4247498512
0.96204564366,0.00417259661776,0.198967534727,22.4412579536
0.96204564366,0.00417259661776,0.198967534727,22.4577078819
0.961836620221,0.00413045009942,0.202458193231,22.4758338928
0.961836620221,0.00413045009942,0.202458193231,22.4909288883
0.961836620221,0.00413045009942,0.202458193231,22.5097768307
0.961836620221,0.00413045009942,0.202458193231,22.5243480206
0.961544195156,0.00407042385408,0.205076187109,22.5442650318
0.961544195156,0.00407042385408,0.205076187109,22.5576639175
0.961544195156,0.00407042385408,0.205076187109,22.5756959915
0.96125192824,0.00400963224828,0.207345115137,22.5908179283
0.96125192824,0.00400963224828,0.207345115137,22.6075999737
0.96125192824,0.00400963224828,0.207345115137,22.6243510246
0.96125192824,0.00400963224828,0.207345115137,22.6420309544
0.960918067405,0.00393939844104,0.209614043165,22.6575379372
0.960918067405,0.00393939844104,0.209614043165,22.674382925
0.960918067405,0.00393939844104,0.209614043165,22.6909379959
0.960709504516,0.00389502898352,0.211708438267,22.7084238529
0.960709504516,0.00389502898352,0.211708438267,22.7241489887
0.960709504516,0.00389502898352,0.211708438267,22.741008997
0.960584422814,0.00386814527974,0.212930168743,22.7576899529
0.960584422814,0.00386814527974,0.212930168743,22.7744209766
0.960417691129,0.00383209661333,0.216246294322,22.7917149067
0.960417691129,0.00383209661333,0.216246294322,22.8076319695
0.960417691129,0.00383209661333,0.216246294322,22.8243470192
0.960292732708,0.00380464558553,0.216944426023,22.8414428234
0.960292732708,0.00380464558553,0.216944426023,22.857749939
0.960292732708,0.00380464558553,0.216944426023,22.8749089241
0.960084500666,0.00375874848797,0.218166156499,22.891810894
0.960084500666,0.00375874848797,0.218166156499,22.9079558849
0.960084500666,0.00375874848797,0.218166156499,22.924394846
0.95983468969,0.00370336672795,0.219562419901,22.941108942
0.95983468969,0.00370336672795,0.219562419901,22.957711935
0.95983468969,0.00370336672795,0.219562419901,22.9743919373
0.959584956285,0.00364763622012,0.221656815003,22.9909889698
0.959584956285,0.00364763622012,0.221656815003,23.007694006
0.959584956285,0.00364763622012,0.221656815003,23.0243530273
0.959501750907,0.00362888507824,0.222529479629,23.0412590504
0.959501750907,0.00362888507824,0.222529479629,23.0576100349
0.95933537294,0.00359123758799,0.224274808881,23.0744228363
0.95933537294,0.00359123758799,0.224274808881,23.0909459591
0.95933537294,0.00359123758799,0.224274808881,23.1076760292
0.95933537294,0.00359123758799,0.22287854548,23.1243629456
0.95933537294,0.00359123758799,0.22287854548,23.1409029961
0.95933537294,0.00359123758799,0.22287854548,23.1576309204
0.95933537294,0.00359123758799,0.22287854548,23.174973011
0.95933537294,0.00359123758799,0.22287854548,23.1910078526
0.95933537294,0.00359123758799,0.22287854548,23.2076928616
0.95933537294,0.00359123758799,0.22287854548,23.2245240211
0.95933537294,0.00359123758799,0.22287854548,23.2409670353
0.95933537294,0.00359123758799,0.22287854548,23.2575109005
0.95933537294,0.00359123758799,0.22287854548,23.2746078968
0.95933537294,0.00359123758799,0.22287854548,23.2908730507
0.95933537294,0.00359123758799,0.22287854548,23.3076310158
0.95933537294,0.00359123758799,0.22287854548,23.3244578838
0.95933537294,0.00359123758799,0.22287854548,23.3414568901
0.95933537294,0.00359123758799,0.22287854548,23.3576688766
0.95933537294,0.00359123758799,0.22287854548,23.3745369911
0.95933537294,0.00359123758799,0.22287854548,23.3910858631
0.95933537294,0.00359123758799,0.22287854548,23.4077699184
0.95933537294,0.00359123758799,0.22287854548,23.4245238304
0.95933537294,0.00359123758799,0.22287854548,23.4465298653
0.95933537294,0.00359123758799,0.22287854548,23.4575409889
0.95933537294,0.00359123758799,0.22287854548,23.4746279716
0.95933537294,0.00359123758799,0.22287854548,23.4912698269
0.95933537294,0.00359123758799,0.22287854548,23.5077869892
0.95933537294,0.00359123758799,0.22287854548,23.5244300365
0.95933537294,0.00359123758799,0.22287854548,23.5444018841
0.95933537294,0.00359123758799,0.22287854548,23.557585001
0.95933537294,0.00359123758799,0.22287854548,23.5747878551
0.95933537294,0.00359123758799,0.22287854548,23.5914330482
0.95933537294,0.00359123758799,0.22287854548,23.6079640388
0.95933537294,0.00359123758799,0.22287854548,23.6245319843
0.95933537294,0.00359123758799,0.22287854548,23.6431529522
0.95933537294,0.00359123758799,0.22287854548,23.658110857
0.95933537294,0.00359123758799,0.22287854548,23.6816089153
0.95933537294,0.00359123758799,0.22287854548,23.691108942
0.95933537294,0.00359123758799,0.22287854548,23.7079360485
Actuacion(lineal,angular) = 0.000500379191027,0.665007881252
0.95933537294,0.00359123758799,0.22287854548,23.7247078419
0.95933537294,0.00359123758799,0.22287854548,23.7410359383
0.95933537294,0.00359123758799,0.22287854548,23.7580020428
0.95933537294,0.00359123758799,0.22287854548,23.7743139267
0.95933537294,0.00359123758799,0.22287854548,23.790861845
0.95933537294,0.00359123758799,0.22287854548,23.8075749874
0.959293781736,0.00358181119679,0.222704012554,23.8251419067
0.959293781736,0.00358181119679,0.222704012554,23.8409700394
0.959293781736,0.00358181119679,0.222704012554,23.8575658798
0.959252188888,0.00357239206476,0.222704012554,23.8765618801
0.959252188888,0.00357239206476,0.222704012554,23.8908219337
0.959252188888,0.00357239206476,0.222704012554,23.908149004
Actuacion(lineal,angular) = 0.000429027862426,0.7
0.959127410343,0.00354413466868,0.222529479629,23.9248728752
0.959127410343,0.00354413466868,0.222529479629,23.9411940575
0.958877843393,0.00348766343331,0.222529479629,23.957559824
0.958877843393,0.00348766343331,0.222529479629,23.9744000435
0.958877843393,0.00348766343331,0.222529479629,23.9909398556
0.958503492968,0.00340295658026,0.224449341806,24.0076489449
0.958503492968,0.00340295658026,0.224449341806,24.0287959576
0.958503492968,0.00340295658026,0.224449341806,24.041082859
0.958129305858,0.00331753118253,0.228289066161,24.0577130318
0.958129305858,0.00331753118253,0.228289066161,24.0744128227
0.958004687077,0.00328857733593,0.228812664936,24.0914590359
0.958004687077,0.00328857733593,0.228812664936,24.1079008579
Actuacion(lineal,angular) = 0.000429027862426,0.7
0.958004687077,0.00328857733593,0.228812664936,24.1243400574
0.957672410801,0.00321119308826,0.232128790515,24.1415400505
0.957672410801,0.00321119308826,0.232128790515,24.1574459076
0.957672410801,0.00321119308826,0.232128790515,24.1745200157
0.957423397426,0.00315232882074,0.235095850244,24.1909649372
0.957423397426,0.00315232882074,0.235095850244,24.2076559067
0.957423397426,0.00315232882074,0.235095850244,24.224396944
0.957423397426,0.00315232882074,0.235095850244,24.2410058975
0.957340451551,0.00313246120578,0.239982772149,24.2577278614
0.957340451551,0.00313246120578,0.239982772149,24.2744669914
0.957340451551,0.00313246120578,0.239982772149,24.2909908295
0.957133332067,0.00308177939047,0.244520628204,24.3077340126
Actuacion(lineal,angular) = 0.000429027862426,0.7
0.957133332067,0.00308177939047,0.244520628204,24.3244800568
0.957133332067,0.00308177939047,0.244520628204,24.3409759998
0.957133332067,0.00308177939047,0.244520628204,24.3576848507
0.956719557336,0.00297853705314,0.24905848426,24.3744599819
0.956719557336,0.00297853705314,0.24905848426,24.3910748959
0.956719557336,0.00297853705314,0.24905848426,24.407848835
0.956430245954,0.00290495381049,0.253596340315,24.4310288429
0.956430245954,0.00290495381049,0.253596340315,24.4408910275
0.956430245954,0.00290495381049,0.253596340315,24.4576458931
0.956223835601,0.0028514571434,0.254818070791,24.4743888378
0.956223835601,0.0028514571434,0.254818070791,24.491050005
0.955811145921,0.00274395953355,0.259006860996,24.5076508522
Actuacion(lineal,angular) = 0.000429027862426,0.7
0.955811145921,0.00274395953355,0.259006860996,24.5245049
0.955811145921,0.00274395953355,0.259006860996,24.5412659645
0.955687475188,0.00271119193389,0.260577657323,24.5575768948
0.955687475188,0.00271119193389,0.260577657323,24.5744030476
0.955357824231,0.00262329374538,0.265115513378,24.5910630226
0.955357824231,0.00262329374538,0.265115513378,24.607642889
0.955357824231,0.00262329374538,0.265115513378,24.6241500378
