0,0,0,0.0452201366425
0,0,0,0.0617380142212
0,0,0,0.0785069465637
0.0,0.0,0.0,0.00531005859375
0.0,0.0,0.0,0.0220160484314
0.0,0.0,0.0,0.0383870601654
0.0,0.0,0.0,0.0550200939178
0.0,0.0,0.0,0.0718801021576
0.0,0.0,0.0,0.08864402771
0.0,0.0,0.0,0.105092048645
0.0,0.0,0.0,0.121798038483
0.0,0.0,0.0,0.13874912262
0.0,0.0,0.0,0.155505180359
0.0,0.0,0.0,0.17210817337
0.0,0.0,0.0,0.188988208771
0.0,0.0,0.0,0.205381155014
0.0,0.0,0.0,0.222622156143
0.0,0.0,0.0,0.239123106003
0.0,0.0,0.0,0.255601167679
0.0,0.0,0.0,0.272150039673
0.0,0.0,0.0,0.288820028305
0.0,0.0,0.0,0.305380105972
0.0,0.0,0.0,0.323270082474
0.0,0.0,0.0,0.339349985123
0.0,0.0,0.0,0.355775117874
0.0,0.0,0.0,0.371982097626
0.0,0.0,0.0,0.388786077499
0.0,0.0,0.0,0.405508995056
0.0,0.0,0.0,0.421883106232
0.0,0.0,0.0,0.438975095749
0.0,0.0,0.0,0.455627202988
0.0,0.0,0.0,0.472072124481
0.0,0.0,0.0,0.488873004913
0.0,0.0,0.0,0.505436182022
0.0,0.0,0.0,0.522076129913
0.0,0.0,0.0,0.539636135101
0.0,0.0,0.0,0.55565404892
0.0,0.0,0.0,0.572344064713
0.0,0.0,0.0,0.588623046875
0.0,0.0,0.0,0.605298995972
0.0,0.0,0.0,0.622014045715
0.0,0.0,0.0,0.638638019562
0.0,0.0,0.0,0.655604124069
0.0,0.0,0.0,0.672104120255
0.0,0.0,0.0,0.689049005508
0.0,0.0,0.0,0.705126047134
0.0,0.0,0.0,0.721843004227
0.0,0.0,0.0,0.739202022552
0.0,0.0,0.0,0.75544500351
0.0,0.0,0.0,0.772055149078
0.0,0.0,0.0,0.78870511055
0.0,0.0,0.0,0.805447101593
0.0,0.0,0.0,0.822057008743
0.0,0.0,0.0,0.838690042496
0.0,0.0,0.0,0.855758190155
0.0,0.0,0.0,0.872110128403
0.0,0.0,0.0,0.889386177063
0.0,0.0,0.0,0.905447006226
0.0,0.0,0.0,0.922216176987
0.0,0.0,0.0,0.938943147659
0.0,0.0,0.0,0.958067178726
0.0,0.0,0.0,0.972397089005
0.0,0.0,0.0,0.988834142685
0.0,0.0,0.0,1.00507497787
0.0,0.0,0.0,1.021723032
0.0,0.0,0.0,1.03856015205
0.0,0.0,0.0,1.05550098419
0.0,0.0,0.0,1.0721321106
0.0,0.0,0.0,1.08880710602
0.0,0.0,0.0,1.10524010658
0.0,0.0,0.0,1.12200403214
0.0,0.0,0.0,1.13883900642
0.0,0.0,0.0,1.15551114082
0.0,0.0,0.0,1.17175912857
0.0,0.0,0.0,1.18864297867
0.0,0.0,0.0,1.20539498329
0.0,0.0,0.0,1.22197604179
0.0,0.0,0.0,1.23861908913
0.0,0.0,0.0,1.25540399551
0.0,0.0,0.0,1.2719771862
0.0,0.0,0.0,1.28902816772
0.0,0.0,0.0,1.30566620827
0.0,0.0,0.0,1.32204008102
0.0,0.0,0.0,1.33843016624
0.0,0.0,0.0,1.35551118851
0.0,0.0,0.0,1.3719689846
0.0,0.0,0.0,1.38868403435
0.0,0.0,0.0,1.40566110611
0.0,0.0,0.0,1.42213606834
0.0,0.0,0.0,1.43846797943
0.0,0.0,0.0,1.4556620121
0.0,0.0,0.0,1.47183418274
0.0,0.0,0.0,1.48894500732
0.0,0.0,0.0,1.50555300713
0.0,0.0,0.0,1.52220010757
0.0,0.0,0.0,1.53872203827
0.0,0.0,0.0,1.55543017387
0.0,0.0,0.0,1.57183599472
0.0,0.0,0.0,1.58870506287
0.0,0.0,0.0,1.60530114174
0.0,0.0,0.0,1.62230801582
0.0,0.0,0.0,1.63860416412
0.0,0.0,0.0,1.65546512604
0.0,0.0,0.0,1.67214012146
0.0,0.0,0.0,1.68866109848
0.0,0.0,0.0,1.70576906204
0.0,0.0,0.0,1.72212815285
0.0,0.0,0.0,1.73903107643
0.0,0.0,0.0,1.75563120842
0.0,0.0,0.0,1.77193212509
0.0,0.0,0.0,1.78861808777
0.0,0.0,0.0,1.80580711365
0.0,0.0,0.0,1.82185220718
0.0,0.0,0.0,1.83857297897
0.0,0.0,0.0,1.85559010506
0.0,0.0,0.0,1.87207698822
0.0,0.0,0.0,1.88868498802
0.0,0.0,0.0,1.90528702736
0.0,0.0,0.0,1.922342062
0.0,0.0,0.0,1.93872618675
0.0,0.0,0.0,1.95682501793
0.0,0.0,0.0,1.97195506096
0.0,0.0,0.0,1.98874521255
0.0,0.0,0.0,2.00550913811
0.0,0.0,0.0,2.02243900299
0.0,0.0,0.0,2.03853011131
0.0,0.0,0.0,2.05553197861
0.0,0.0,0.0,2.0720281601
0.0,0.0,0.0,2.08872914314
0.0,0.0,0.0,2.1052210331
0.0,0.0,0.0,2.12256598473
0.0,0.0,0.0,2.13875198364
0.0,0.0,0.0,2.15568304062
0.0,0.0,0.0,2.17206406593
0.0,0.0,0.0,2.18872404099
0.0,0.0,0.0,2.20514702797
0.0,0.0,0.0,2.22417807579
0.0,0.0,0.0,2.23942303658
0.0,0.0,0.0,2.25522112846
0.0,0.0,0.0,2.27188420296
0.0,0.0,0.0,2.2890291214
0.0,0.0,0.0,2.30543518066
0.0,0.0,0.0,2.32205700874
0.0,0.0,0.0,2.33843016624
0.0,0.0,0.0,2.35555505753
0.0,0.0,0.0,2.37201404572
0.0,0.0,0.0,2.38869214058
0.0,0.0,0.0,2.40539813042
0.0,0.0,0.0,2.42213511467
0.0,0.0,0.0,2.43846917152
0.0,0.0,0.0,2.45526099205
0.0,0.0,0.0,2.47190117836
0.0,0.0,0.0,2.48861813545
0.0,0.0,0.0,2.50510215759
0.0,0.0,0.0,2.5220811367
0.0,0.0,0.0,2.53865098953
0.0,0.0,0.0,2.55527019501
0.0,0.0,0.0,2.57205700874
0.0,0.0,0.0,2.58873915672
0.0,0.0,0.0,2.60543203354
0.0,0.0,0.0,2.6220240593
0.0,0.0,0.0,2.63877010345
0.0,0.0,0.0,2.65530920029
0.0,0.0,0.0,2.67198109627
0.0,0.0,0.0,2.68864011765
0.0,0.0,0.0,2.70514202118
0.0,0.0,0.0,2.72218513489
0.0,0.0,0.0,2.73936510086
0.0,0.0,0.0,2.75560307503
0.0,0.0,0.0,2.77183198929
0.0,0.0,0.0,2.78862309456
0.0,0.0,0.0,2.80576300621
0.0,0.0,0.0,2.82209205627
0.0,0.0,0.0,2.83859419823
0.0,0.0,0.0,2.85679602623
0.0,0.0,0.0,2.87189698219
0.0,0.0,0.0,2.89039611816
0.0,0.0,0.0,2.90515112877
0.0,0.0,0.0,2.92194318771
0.0,0.0,0.0,2.93868803978
0.0,0.0,0.0,2.95660400391
0.0,0.0,0.0,2.97270607948
0.0,0.0,0.0,2.98859214783
0.0,0.0,0.0,3.00524020195
0.0,0.0,0.0,3.0219039917
0.0,0.0,0.0,3.03909420967
0.0,0.0,0.0,3.05561614037
0.0,0.0,0.0,3.07194805145
0.0,0.0,0.0,3.08869719505
0.0,0.0,0.0,3.10574698448
0.0,0.0,0.0,3.12186908722
0.0,0.0,0.0,3.13865399361
0.0,0.0,0.0,3.15545415878
0.0,0.0,0.0,3.17286515236
0.0,0.0,0.0,3.18962597847
0.0,0.0,0.0,3.20539212227
0.0,0.0,0.0,3.2220749855
0.0,0.0,0.0,3.23908019066
0.0,0.0,0.0,3.25544905663
0.0,0.0,0.0,3.27204012871
0.0,0.0,0.0,3.28889918327
0.0,0.0,0.0,3.30557012558
0.0,0.0,0.0,3.32233810425
0.0,0.0,0.0,3.33875703812
0.0,0.0,0.0,3.35636806488
0.0,0.0,0.0,3.37216520309
0.0,0.0,0.0,3.38907599449
0.0,0.0,0.0,3.40738916397
0.0,0.0,0.0,3.42348098755
0.0,0.0,0.0,3.43891501427
0.0,0.0,0.0,3.45565009117
0.0,0.0,0.0,3.47228312492
0.0,0.0,0.0,3.49012804031
0.0,0.0,0.0,3.50549221039
0.0,0.0,0.0,3.52292108536
0.0,0.0,0.0,3.54001617432
0.0,0.0,0.0,3.55662107468
0.0,0.0,0.0,3.57299113274
0.0,0.0,0.0,3.5890481472
0.0,0.0,0.0,3.60557413101
0.0,0.0,0.0,3.62207818031
0.0,0.0,0.0,3.6401591301
0.0,0.0,0.0,3.65550518036
0.0,0.0,0.0,3.67287707329
0.0,0.0,0.0,3.68857002258
0.0,0.0,0.0,3.70638918877
0.0,0.0,0.0,3.72199010849
0.0,0.0,0.0,3.74032521248
0.0,0.0,0.0,3.75533914566
0.0,0.0,0.0,3.77308917046
0.0,0.0,0.0,3.78859901428
0.0,0.0,0.0,3.80637121201
0.0,0.0,0.0,3.82265710831
0.0,0.0,0.0,3.84047913551
0.0,0.0,0.0,3.85646319389
0.0,0.0,0.0,3.87203812599
0.0,0.0,0.0,3.88866400719
0.0,0.0,0.0,3.90539216995
0.0,0.0,0.0,3.92201709747
0.0,0.0,0.0,3.93862605095
0.0,0.0,0.0,3.95597505569
0.0,0.0,0.0,3.97203016281
0.0,0.0,0.0,3.99002814293
0.0,0.0,0.0,4.0053191185
0.0,0.0,0.0,4.02195811272
0.0,0.0,0.0,4.03955817223
0.0,0.0,0.0,4.0555870533
0.0,0.0,0.0,4.07214212418
0.0,0.0,0.0,4.08893013
0.0,0.0,0.0,4.1052801609
0.0,0.0,0.0,4.12206220627
0.0,0.0,0.0,4.13863611221
0.0,0.0,0.0,4.15545320511
0.0,0.0,0.0,4.17185807228
0.0,0.0,0.0,4.18869113922
0.0,0.0,0.0,4.20634913445
0.0,0.0,0.0,4.22225308418
0.0,0.0,0.0,4.2396261692
0.0,0.0,0.0,4.25558114052
0.0,0.0,0.0,4.2718770504
0.0,0.0,0.0,4.28873705864
0.0,0.0,0.0,4.30575799942
0.0,0.0,0.0,4.32193017006
0.0,0.0,0.0,4.33882904053
0.0,0.0,0.0,4.35524511337
0.0,0.0,0.0,4.37321400642
0.0,0.0,0.0,4.38954901695
0.0,0.0,0.0,4.40669298172
0.0,0.0,0.0,4.42217803001
0.0,0.0,0.0,4.4388051033
0.0,0.0,0.0,4.45595097542
0.0,0.0,0.0,4.471804142
0.0,0.0,0.0,4.48944807053
0.0,0.0,0.0,4.50536704063
0.0,0.0,0.0,4.52247905731
0.0,0.0,0.0,4.53994011879
0.0,0.0,0.0,4.55608606339
0.0,0.0,0.0,4.57203412056
0.0,0.0,0.0,4.58886313438
0.0,0.0,0.0,4.60520100594
0.0,0.0,0.0,4.62204003334
0.0,0.0,0.0,4.63893008232
0.0,0.0,0.0,4.6557161808
0.0,0.0,0.0,4.67261719704
0.0,0.0,0.0,4.68928217888
0.0,0.0,0.0,4.70524311066
0.0,0.0,0.0,4.72187709808
0.0,0.0,0.0,4.73969316483
0.0,0.0,0.0,4.7553730011
0.0,0.0,0.0,4.77192521095
0.0,0.0,0.0,4.78916406631
0.0,0.0,0.0,4.80578899384
