0.0,0.0,0.0,0.0609610080719
0.0,0.0,0.0,0.077644109726
0.0,0.0,0.0,0.0944499969482
0.0,0.0,0.0,0.110865116119
0.0,0.0,0.0,0.127551078796
0.0,0.0,0.0,0.145347118378
0.0,0.0,0.0,0.161468029022
0.0,0.0,0.0,0.177747011185
0.0,0.0,0.0,0.194823980331
0.0,0.0,0.0,0.211225032806
0.0,0.0,0.0,0.227879047394
0.0,0.0,0.0,0.244994163513
0.0,0.0,0.0,0.261240959167
0.0,0.0,0.0,0.27777504921
0.0,0.0,0.0,0.296602010727
0.0,0.0,0.0,0.311351060867
0.0,0.0,0.0,0.327773094177
0.0,0.0,0.0,0.344393014908
0.0,0.0,0.0,0.3612241745
0.0,0.0,0.0,0.378139019012
0.0,0.0,0.0,0.39534497261
0.0,0.0,0.0,0.411143064499
0.0,0.0,0.0,0.427803993225
0.0,0.0,0.0,0.444401979446
0.0,0.0,0.0,0.461438179016
0.0,0.0,0.0,0.477962017059
0.0,0.0,0.0,0.494528055191
0.0,0.0,0.0,0.510996103287
0.0,0.0,0.0,0.527729988098
0.0,0.0,0.0,0.544492959976
0.0,0.0,0.0,0.561064004898
0.0,0.0,0.0,0.577727079391
0.0,0.0,0.0,0.594413042068
0.0,0.0,0.0,0.61111998558
0.0,0.0,0.0,0.62774515152
0.0,0.0,0.0,0.644381046295
0.0,0.0,0.0,0.6610891819
0.0,0.0,0.0,0.677525043488
0.0,0.0,0.0,0.694275140762
0.0,0.0,0.0,0.711339950562
0.0,0.0,0.0,0.727790117264
0.0,0.0,0.0,0.744589090347
0.0,0.0,0.0,0.761080026627
0.0,0.0,0.0,0.778100013733
0.0,0.0,0.0,0.794574975967
0.0,0.0,0.0,0.81152510643
0.0,0.0,0.0,0.827991008759
0.0,0.0,0.0,0.844673156738
0.0,0.0,0.0,0.861124992371
0.0,0.0,0.0,0.878082036972
0.0,0.0,0.0,0.894433021545
0.0,0.0,0.0,0.91129899025
0.0,0.0,0.0,0.927853107452
0.0,0.0,0.0,0.944427967072
0.0,0.0,0.0,0.9610850811
0.0,0.0,0.0,0.978194952011
0.0,0.0,0.0,0.994759082794
0.0,0.0,0.0,1.01146316528
0.0,0.0,0.0,1.02774214745
0.0,0.0,0.0,1.0443880558
0.0,0.0,0.0,1.06097197533
0.0,0.0,0.0,1.07809710503
0.0,0.0,0.0,1.09430003166
0.0,0.0,0.0,1.1110970974
0.0,0.0,0.0,1.12769818306
0.0,0.0,0.0,1.14453315735
0.0,0.0,0.0,1.1611969471
0.0,0.0,0.0,1.18046307564
0.0,0.0,0.0,1.19443702698
0.0,0.0,0.0,1.21135210991
0.0,0.0,0.0,1.22782206535
0.0,0.0,0.0,1.24462103844
0.0,0.0,0.0,1.26102900505
0.0,0.0,0.0,1.27812314034
0.0,0.0,0.0,1.29446601868
0.0,0.0,0.0,1.31478404999
0.0,0.0,0.0,1.32762002945
0.0,0.0,0.0,1.34462714195
0.0,0.0,0.0,1.36133599281
0.0,0.0,0.0,1.37794303894
0.0,0.0,0.0,1.39444112778
0.0,0.0,0.0,1.41128015518
0.0,0.0,0.0,1.42770814896
0.0,0.0,0.0,1.44515109062
0.0,0.0,0.0,1.46117305756
0.0,0.0,0.0,1.47790408134
0.0,0.0,0.0,1.49430704117
0.0,0.0,0.0,1.5113761425
0.0,0.0,0.0,1.52781414986
0.0,0.0,0.0,1.54483413696
0.0,0.0,0.0,1.56135511398
0.0,0.0,0.0,1.57790398598
0.0,0.0,0.0,1.59460616112
0.0,0.0,0.0,1.61135816574
0.0,0.0,0.0,1.6277680397
0.0,0.0,0.0,1.64487910271
0.0,0.0,0.0,1.66126894951
0.0,0.0,0.0,1.67800116539
0.0,0.0,0.0,1.69455814362
0.0,0.0,0.0,1.71152496338
0.0,0.0,0.0,1.72774910927
0.0,0.0,0.0,1.74492001534
0.0,0.0,0.0,1.76130104065
0.0,0.0,0.0,1.77799296379
0.0,0.0,0.0,1.79451417923
0.0,0.0,0.0,1.81155204773
0.0,0.0,0.0,1.8280351162
0.0,0.0,0.0,1.84487199783
0.0,0.0,0.0,1.8611831665
0.0,0.0,0.0,1.87811303139
0.0,0.0,0.0,1.89447903633
0.0,0.0,0.0,1.91232299805
0.0,0.0,0.0,1.92756700516
0.0,0.0,0.0,1.94485998154
0.0,0.0,0.0,1.96121716499
0.0,0.0,0.0,1.97808408737
0.0,0.0,0.0,1.99462199211
0.0,0.0,0.0,2.01139616966
0.0,0.0,0.0,2.0276761055
0.0,0.0,0.0,2.04433298111
0.0,0.0,0.0,2.06090497971
0.0,0.0,0.0,2.07779097557
0.0,0.0,0.0,2.09433913231
0.0,0.0,0.0,2.11109113693
0.0,0.0,0.0,2.12758517265
0.0,0.0,0.0,2.14461112022
0.0,0.0,0.0,2.16113615036
0.0,0.0,0.0,2.1789829731
0.0,0.0,0.0,2.19458913803
0.0,0.0,0.0,2.21131110191
0.0,0.0,0.0,2.22793102264
0.0,0.0,0.0,2.24460506439
0.0,0.0,0.0,2.26120495796
0.0,0.0,0.0,2.27825903893
0.0,0.0,0.0,2.29444217682
0.0,0.0,0.0,2.31134605408
0.0,0.0,0.0,2.32769608498
0.0,0.0,0.0,2.34438800812
0.0,0.0,0.0,2.36100697517
0.0,0.0,0.0,2.37797999382
0.0,0.0,0.0,2.39532399178
0.0,0.0,0.0,2.4131269455
0.0,0.0,0.0,2.42760705948
0.0,0.0,0.0,2.4446439743
0.0,0.0,0.0,2.46119403839
0.0,0.0,0.0,2.477902174
0.0,0.0,0.0,2.49451804161
0.0,0.0,0.0,2.51141405106
0.0,0.0,0.0,2.52805113792
0.0,0.0,0.0,2.54433107376
0.0,0.0,0.0,2.56109714508
0.0,0.0,0.0,2.57790112495
0.0,0.0,0.0,2.59464097023
0.0,0.0,0.0,2.61259198189
0.0,0.0,0.0,2.6276910305
0.0,0.0,0.0,2.64459013939
0.0,0.0,0.0,2.66106796265
0.0,0.0,0.0,2.67778396606
0.0,0.0,0.0,2.6945810318
0.0,0.0,0.0,2.71217107773
0.0,0.0,0.0,2.72790718079
0.0,0.0,0.0,2.74480700493
0.0,0.0,0.0,2.7610001564
0.0,0.0,0.0,2.77780008316
0.0,0.0,0.0,2.79436206818
0.0,0.0,0.0,2.81156802177
0.0,0.0,0.0,2.8278491497
0.0,0.0,0.0,2.84460401535
0.0,0.0,0.0,2.86111998558
0.0,0.0,0.0,2.87802505493
0.0,0.0,0.0,2.89448595047
0.0,0.0,0.0,2.91130208969
0.0,0.0,0.0,2.92774605751
0.0,0.0,0.0,2.94469213486
0.0,0.0,0.0,2.96105313301
0.0,0.0,0.0,2.97769212723
0.0,0.0,0.0,2.99439096451
0.0,0.0,0.0,3.01188397408
0.0,0.0,0.0,3.02778911591
0.0,0.0,0.0,3.04444813728
0.0,0.0,0.0,3.06149697304
0.0,0.0,0.0,3.07812714577
0.0,0.0,0.0,3.09457707405
0.0,0.0,0.0,3.11155509949
0.0,0.0,0.0,3.12892413139
0.0,0.0,0.0,3.14452195168
0.0,0.0,0.0,3.16104912758
0.0,0.0,0.0,3.17844200134
0.0,0.0,0.0,3.19436097145
0.0,0.0,0.0,3.21174001694
0.0,0.0,0.0,3.22766900063
0.0,0.0,0.0,3.2445909977
0.0,0.0,0.0,3.26133799553
0.0,0.0,0.0,3.27766799927
0.0,0.0,0.0,3.29441404343
0.0,0.0,0.0,3.31109309196
0.0,0.0,0.0,3.32771396637
0.0,0.0,0.0,3.34435415268
0.0,0.0,0.0,3.36106014252
0.0,0.0,0.0,3.3782351017
0.0,0.0,0.0,3.39434194565
0.0,0.0,0.0,3.41102194786
0.0,0.0,0.0,3.42773914337
0.0,0.0,0.0,3.44437217712
0.0,0.0,0.0,3.46104001999
0.0,0.0,0.0,3.47827196121
0.0,0.0,0.0,3.49439096451
0.0,0.0,0.0,3.5112490654
0.0,0.0,0.0,3.527739048
0.0,0.0,0.0,3.54435110092
0.0,0.0,0.0,3.56115198135
0.0,0.0,0.0,3.57855510712
0.0,0.0,0.0,3.59436511993
0.0,0.0,0.0,3.61099600792
0.0,0.0,0.0,3.62771010399
0.0,0.0,0.0,3.64436817169
0.0,0.0,0.0,3.66103005409
0.0,0.0,0.0,3.67819905281
0.0,0.0,0.0,3.69441008568
0.0,0.0,0.0,3.7110619545
0.0,0.0,0.0,3.72766113281
0.0,0.0,0.0,3.74434113503
0.0,0.0,0.0,3.76104211807
0.0,0.0,0.0,3.77821302414
0.0,0.0,0.0,3.79438900948
0.0,0.0,0.0,3.81113409996
0.0,0.0,0.0,3.82771396637
0.0,0.0,0.0,3.84433817863
0.0,0.0,0.0,3.86102604866
0.0,0.0,0.0,3.87818002701
0.0,0.0,0.0,3.89438009262
0.0,0.0,0.0,3.91102814674
0.0,0.0,0.0,3.927724123
0.0,0.0,0.0,3.94460606575
0.0,0.0,0.0,3.96112298965
0.0,0.0,0.0,3.97776913643
0.0,0.0,0.0,3.99433112144
0.0,0.0,0.0,4.01159405708
0.0,0.0,0.0,4.02762103081
0.0,0.0,0.0,4.0444111824
0.0,0.0,0.0,4.06097698212
0.0,0.0,0.0,4.07794308662
0.0,0.0,0.0,4.0946559906
0.0,0.0,0.0,4.11548495293
0.0,0.0,0.0,4.12778496742
0.0,0.0,0.0,4.14458703995
0.0,0.0,0.0,4.16103506088
0.0,0.0,0.0,4.17954111099
0.0,0.0,0.0,4.1945681572
0.0,0.0,0.0,4.21193695068
0.0,0.0,0.0,4.22773003578
0.0,0.0,0.0,4.24483704567
0.0,0.0,0.0,4.26232504845
0.0,0.0,0.0,4.27800297737
0.0,0.0,0.0,4.29444503784
0.0,0.0,0.0,4.31097817421
0.0,0.0,0.0,4.32818818092
0.0,0.0,0.0,4.34816002846
0.0,0.0,0.0,4.36102199554
0.0,0.0,0.0,4.37821102142
0.0,0.0,0.0,4.39468312263
0.0,0.0,0.0,4.41306495667
0.0,0.0,0.0,4.42798995972
0.0,0.0,0.0,4.44450306892
0.0,0.0,0.0,4.46386098862
0.0,0.0,0.0,4.47800302505
0.0,0.0,0.0,4.49435400963
0.0,0.0,0.0,4.51190710068
0.0,0.0,0.0,4.52803611755
0.0,0.0,0.0,4.54469108582
Actuacion(lineal,angular) = 0.0398158073425,0.0
0.0,0.0,0.0,4.56246805191
0.0,0.0,0.0,4.57782816887
0.0,0.0,0.0,4.5947740078
0.0,0.0,0.0,4.61249804497
0.0,0.0,0.0,4.62784314156
0.0,0.0,0.0,4.64466500282
0.0,0.0,0.0,4.66113996506
0.0,0.0,0.0,4.67803215981
0.0,0.0,0.0,4.69432616234
0.0,0.0,0.0,4.71114611626
4.26460441666e-05,-1.61851055561e-17,0.0,4.72768306732
4.26460441666e-05,-1.61851055561e-17,0.0,4.7465441227
Actuacion(lineal,angular) = 0.0798148155212,2.13345287561e-17
4.26460441666e-05,-1.61851055561e-17,0.0,4.76109004021
4.26460441666e-05,-1.61851055561e-17,0.0,4.7778711319
0.000597044618335,-1.47451495458e-17,0.0,4.7947511673
0.000597044618335,-1.47451495458e-17,0.0,4.81378412247
0.000597044618335,-1.47451495458e-17,0.0,4.82772302628
0.000597044618335,-1.47451495458e-17,0.0,4.84583210945
0.00187642594334,-7.66530935947e-17,0.0,4.86214995384
0.00187642594334,-7.66530935947e-17,0.0,4.88133907318
0.00187642594334,-7.66530935947e-17,0.0,4.89548301697
0.00379549793084,4.48859699409e-17,0.0,4.91401600838
0.00379549793084,4.48859699409e-17,0.0,4.92855715752
0.00379549793084,4.48859699409e-17,0.0,4.94557905197
Actuacion(lineal,angular) = 0.119790840149,-9.01018080069e-17
0.00379549793084,4.48859699409e-17,0.0,4.96110296249
0.00665278289001,2.08166817117e-17,0.000349065850397,4.98016095161
0.00665278289001,2.08166817117e-17,0.000349065850397,4.99603009224
0.00665278289001,2.08166817117e-17,0.000349065850397,5.01342916489
0.0102776964233,1.26533357649e-06,0.000349065850397,5.02861809731
0.0102776964233,1.26533357649e-06,0.000349065850397,5.04547095299
0.0102776964233,1.26533357649e-06,0.000349065850397,5.06122517586
0.0102776964233,1.26533357649e-06,0.000349065850397,5.08024597168
0.0146275926633,2.78373386825e-06,0.000349065850397,5.09608101845
0.0163760803677,3.39407124045e-06,0.000349065850397,5.12277603149
0.0163760803677,3.39407124045e-06,0.000349065850397,5.12783718109
0.0163760803677,3.39407124045e-06,0.000349065850397,5.14469599724
Actuacion(lineal,angular) = 0.159766435623,-0.000528993147118
0.0163760803677,3.39407124045e-06,0.000349065850397,5.16123795509
0.0211950830649,5.0762205833e-06,0.000523598775598,5.17825818062
0.0229009245977,5.96939720292e-06,0.000698131700795,5.19460105896
0.0229009245977,5.96939720292e-06,0.000698131700795,5.21149802208
0.0229009245977,5.96939720292e-06,0.000698131700795,5.22824001312
0.0229009245977,5.96939720292e-06,0.000698131700795,5.24444913864
0.0289566613937,1.01970997187e-05,0.000872664625996,5.26132702827
0.0289566613937,1.01970997187e-05,0.000872664625996,5.27784109116
0.0289566613937,1.01970997187e-05,0.000872664625996,5.29450106621
0.0356520877784,1.60399629637e-05,0.00122173047639,5.31116199493
0.0356520877784,1.60399629637e-05,0.00122173047639,5.32780218124
0.0356520877784,1.60399629637e-05,0.00122173047639,5.34709811211
Actuacion(lineal,angular) = 0.199795246124,-0.00192125141445
0.0356520877784,1.60399629637e-05,0.00122173047639,5.36103916168
0.0425180957651,2.44283783458e-05,0.00139626340159,5.38023209572
0.0425180957651,2.44283783458e-05,0.00139626340159,5.3955321312
0.0425180957651,2.44283783458e-05,0.00139626340159,5.41285896301
0.0502796682376,3.52655849707e-05,0.00157079632679,5.42886900902
0.0502796682376,3.52655849707e-05,0.00157079632679,5.44620394707
0.0502796682376,3.52655849707e-05,0.00157079632679,5.46377301216
0.0502796682376,3.52655849707e-05,0.00157079632679,5.48032712936
0.0590220965063,4.8998170477e-05,0.00157079632679,5.49595308304
0.0590220965063,4.8998170477e-05,0.00157079632679,5.51139497757
0.0590220965063,4.8998170477e-05,0.00157079632679,5.52783894539
0.0679351087411,6.29987088712e-05,0.00139626340159,5.54690599442
Actuacion(lineal,angular) = 0.239787054062,-0.00243497007972
0.0679351087411,6.29987088712e-05,0.00139626340159,5.56193900108
0.0679351087411,6.29987088712e-05,0.00139626340159,5.57942914963
0.0679351087411,6.29987088712e-05,0.00139626340159,5.59554505348
0.0770187072942,7.56818133277e-05,0.00174532925199,5.6122610569
0.0770187072942,7.56818133277e-05,0.00174532925199,5.62847495079
0.0770187072942,7.56818133277e-05,0.00174532925199,5.64627099037
0.0770187072942,7.56818133277e-05,0.00174532925199,5.66105413437
0.0869125744716,9.29498866616e-05,0.00174532925199,5.67945814133
0.0869125744716,9.29498866616e-05,0.00174532925199,5.69456601143
0.0869125744716,9.29498866616e-05,0.00174532925199,5.71196699142
0.0974887773165,0.000111408861605,0.00157079632679,5.72783303261
0.10115633259,0.000117169848695,0.00157079632679,5.74453210831
Actuacion(lineal,angular) = 0.279792881012,-0.00257124882861
0.10115633259,0.000117169848695,0.00157079632679,5.76235198975
0.10115633259,0.000117169848695,0.00157079632679,5.78082704544
0.10115633259,0.000117169848695,0.00157079632679,5.79483914375
0.11267075031,0.00013525666863,0.00174532925199,5.81337118149
0.116380950501,0.00014173219613,0.00174532925199,5.82866001129
0.116380950501,0.00014173219613,0.00174532925199,5.84620809555
0.116380950501,0.00014173219613,0.00174532925199,5.86109900475
0.116380950501,0.00014173219613,0.00174532925199,5.8777050972
0.128662992515,0.000163168425097,0.00209439510239,5.89436507225
0.128662992515,0.000163168425097,0.00209439510239,5.91115117073
0.128662992515,0.000163168425097,0.00209439510239,5.92781710625
0.141712653409,0.000190499610923,0.00191986217719,5.94484400749
Actuacion(lineal,angular) = 0.3,-0.00337260799273
0.141712653409,0.000190499610923,0.00191986217719,5.9610619545
0.141712653409,0.000190499610923,0.00191986217719,5.97815704346
0.141712653409,0.000190499610923,0.00191986217719,5.9944729805
0.155060840633,0.000216126322195,0.00226892802759,6.0111811161
0.15949601781,0.000226189437268,0.00226892802759,6.02767801285
0.15949601781,0.000226189437268,0.00226892802759,6.04451417923
0.15949601781,0.000226189437268,0.00226892802759,6.06101799011
0.15949601781,0.000226189437268,0.00226892802759,6.07799601555
0.173483884292,0.000257926954036,0.00209439510239,6.09444999695
0.173483884292,0.000257926954036,0.00209439510239,6.11142110825
0.173483884292,0.000257926954036,0.00209439510239,6.12776112556
0.187770277754,0.000287848350284,0.00209439510239,6.14450216293
Actuacion(lineal,angular) = 0.3,-0.00362384347461
0.192461332324,0.000297673286365,0.00226892802759,6.1616590023
0.192461332324,0.000297673286365,0.00226892802759,6.17911911011
0.192461332324,0.000297673286365,0.00226892802759,6.19437003136
0.192461332324,0.000297673286365,0.00226892802759,6.2112660408
0.206705074412,0.000329991367465,0.00226892802759,6.22779607773
0.211694648736,0.000341312371922,0.00226892802759,6.24475097656
0.211694648736,0.000341312371922,0.00226892802759,6.26119804382
0.211694648736,0.000341312371922,0.00226892802759,6.27783417702
0.211694648736,0.000341312371922,0.00226892802759,6.29435515404
0.225725161152,0.000373146649412,0.00209439510239,6.3112859726
0.230544153573,0.000383239538295,0.00209439510239,6.32767105103
0.230544153573,0.000383239538295,0.00209439510239,6.3466091156
Actuacion(lineal,angular) = 0.3,-0.00386305855287
0.230544153573,0.000383239538295,0.00209439510239,6.36116409302
0.230544153573,0.000383239538295,0.00209439510239,6.37792897224
0.24512906869,0.000413786157749,0.00226892802759,6.39437508583
0.24512906869,0.000413786157749,0.00226892802759,6.41110897064
0.24512906869,0.000413786157749,0.00226892802759,6.42782902718
0.259671332319,0.000446781563901,0.00226892802759,6.44463515282
0.259671332319,0.000446781563901,0.00226892802759,6.46104311943
0.259671332319,0.000446781563901,0.00226892802759,6.47787213326
0.259671332319,0.000446781563901,0.00226892802759,6.49468803406
0.27442682562,0.000480260773663,0.00261799387799,6.51128196716
0.27442682562,0.000480260773663,0.00261799387799,6.52801203728
0.27442682562,0.000480260773663,0.00261799387799,6.5468211174
Actuacion(lineal,angular) = 0.3,-0.0049942926361
0.288627909661,0.000517439209682,0.00279252680319,6.56131505966
0.288627909661,0.000517439209682,0.00279252680319,6.57792210579
0.288627909661,0.000517439209682,0.00279252680319,6.59447312355
0.288627909661,0.000517439209682,0.00279252680319,6.61098599434
0.303468675165,0.000558882552861,0.00314159265359,6.62784910202
0.303468675165,0.000558882552861,0.00314159265359,6.64458417892
0.303468675165,0.000558882552861,0.00314159265359,6.66149902344
0.303468675165,0.000558882552861,0.00314159265359,6.67790007591
0.317669737793,0.00060349665366,0.00314159265359,6.69448399544
0.317669737793,0.00060349665366,0.00314159265359,6.71104097366
0.317669737793,0.00060349665366,0.00314159265359,6.72773909569
0.332595779594,0.000650388351197,0.00349065850399,6.74460196495
Actuacion(lineal,angular) = 0.3,-0.00623497503508
0.332595779594,0.000650388351197,0.00349065850399,6.76149201393
0.332595779594,0.000650388351197,0.00349065850399,6.777739048
0.332595779594,0.000650388351197,0.00349065850399,6.79458498955
0.347351220979,0.000701894767347,0.00401425727959,6.81107401848
0.352212830844,0.000721410624963,0.00401425727959,6.82758617401
0.352212830844,0.000721410624963,0.00401425727959,6.84439301491
0.352212830844,0.000721410624963,0.00401425727959,6.86283397675
0.366882951837,0.000780300581276,0.00401425727959,6.87827897072
0.366882951837,0.000780300581276,0.00401425727959,6.89458703995
0.371744561701,0.000799816438892,0.00418879020478,6.91170215607
0.371744561701,0.000799816438892,0.00418879020478,6.92826008797
0.371744561701,0.000799816438892,0.00418879020478,6.94452214241
Actuacion(lineal,angular) = 0.3,-0.00822769827174
0.386627900543,0.000862159987474,0.00418879020478,6.96110296249
0.386627900543,0.000862159987474,0.00418879020478,6.97767710686
0.386627900543,0.000862159987474,0.00418879020478,6.99468708038
0.386627900543,0.000862159987474,0.00418879020478,7.01173400879
0.401340656705,0.000923788996817,0.00471238898038,7.02856612206
0.401340656705,0.000923788996817,0.00471238898038,7.04468202591
0.401340656705,0.000923788996817,0.00471238898038,7.06122016907
0.401340656705,0.000923788996817,0.00471238898038,7.07791304588
0.416437188717,0.000994930254516,0.00471238898038,7.09517502785
0.416437188717,0.000994930254516,0.00471238898038,7.11111617088
0.416437188717,0.000994930254516,0.00471238898038,7.12822508812
0.431107265023,0.00106406187217,0.00488692190558,7.14468216896
Actuacion(lineal,angular) = 0.3,-0.00978102456889
0.431107265023,0.00106406187217,0.00488692190558,7.16108512878
0.431107265023,0.00106406187217,0.00488692190558,7.17777705193
0.431107265023,0.00106406187217,0.00488692190558,7.19448113441
0.445947911179,0.00113658752831,0.00506145483078,7.21119904518
0.445947911179,0.00113658752831,0.00506145483078,7.22775101662
0.445947911179,0.00113658752831,0.00506145483078,7.24658799171
0.461044417438,0.00121299846536,0.00523598775598,7.26102495193
0.461044417438,0.00121299846536,0.00523598775598,7.27779316902
0.461044417438,0.00121299846536,0.00523598775598,7.29473209381
0.461044417438,0.00121299846536,0.00523598775598,7.31160211563
0.475671810076,0.00128958801403,0.00541052068118,7.32785105705
0.475671810076,0.00128958801403,0.00541052068118,7.34657216072
Actuacion(lineal,angular) = 0.3,-0.0117329541586
0.475671810076,0.00128958801403,0.00541052068118,7.36103916168
0.491194742943,0.00137357598288,0.00541052068118,7.37767004967
0.491194742943,0.00137357598288,0.00541052068118,7.39427399635
0.496269547918,0.00140103358809,0.00558505360638,7.41130113602
0.496269547918,0.00140103358809,0.00558505360638,7.42794418335
0.496269547918,0.00140103358809,0.00558505360638,7.44456195831
0.5113660121,0.00148534902649,0.00593411945678,7.46127200127
0.5113660121,0.00148534902649,0.00593411945678,7.47802615166
0.5113660121,0.00148534902649,0.00593411945678,7.49475598335
0.5113660121,0.00148534902649,0.00593411945678,7.51122498512
0.52646244593,0.00157493411975,0.00575958653158,7.5277531147
0.531494595675,0.00160391754213,0.00558505360638,7.54444909096
Actuacion(lineal,angular) = 0.3,-0.0135706415708
0.531494595675,0.00160391754213,0.00558505360638,7.56121110916
0.531494595675,0.00160391754213,0.00558505360638,7.57777094841
0.531494595675,0.00160391754213,0.00558505360638,7.59453606606
0.546718995993,0.00168894751815,0.00575958653158,7.61117696762
0.546718995993,0.00168894751815,0.00575958653158,7.62759613991
0.546718995993,0.00168894751815,0.00575958653158,7.64452004433
0.561943381239,0.00177663465198,0.00628318530718,7.6611430645
0.561943381239,0.00177663465198,0.00628318530718,7.67845106125
0.561943381239,0.00177663465198,0.00628318530718,7.69441103935
0.561943381239,0.00177663465198,0.00628318530718,7.71136713028
0.577380944497,0.00187363299907,0.00680678408278,7.72770404816
0.582370416076,0.00190759577932,0.00698131700798,7.74446201324
Actuacion(lineal,angular) = 0.3,-0.0168269475616
0.582370416076,0.00190759577932,0.00698131700798,7.76115918159
0.582370416076,0.00190759577932,0.00698131700798,7.77796411514
0.582370416076,0.00190759577932,0.00698131700798,7.79440999031
0.597679972839,0.00201447838478,0.00715584993318,7.81115317345
0.597679972839,0.00201447838478,0.00715584993318,7.82783007622
0.597679972839,0.00201447838478,0.00715584993318,7.84563398361
0.612989510715,0.00212403301033,0.00698131700798,7.86112809181
0.61797897629,0.00215886661713,0.00715584993318,7.87780213356
0.61797897629,0.00215886661713,0.00715584993318,7.89476108551
0.61797897629,0.00215886661713,0.00715584993318,7.91156816483
0.61797897629,0.00215886661713,0.00715584993318,7.92768216133
0.633203224262,0.00226781091051,0.00733038285837,7.94622015953
Actuacion(lineal,angular) = 0.3,-0.0195079103832
0.638405901865,0.00230594921234,0.00750491578357,7.9614880085
0.638405901865,0.00230594921234,0.00750491578357,7.97768902779
0.638405901865,0.00230594921234,0.00750491578357,7.99426603317
0.638405901865,0.00230594921234,0.00750491578357,8.01121306419
0.653544821194,0.00241956766011,0.00698131700798,8.02760100365
0.658662221783,0.00245529443631,0.00715584993318,8.0446600914
0.658662221783,0.00245529443631,0.00715584993318,8.06099700928
0.658662221783,0.00245529443631,0.00715584993318,8.07817912102
0.658662221783,0.00245529443631,0.00715584993318,8.09439110756
0.673971759659,0.00256484906186,0.00733038285837,8.11121296883
0.673971759659,0.00256484906186,0.00733038285837,8.12771511078
0.673971759659,0.00256484906186,0.00733038285837,8.14455699921
Actuacion(lineal,angular) = 0.259322386212,-0.0229523227024
0.689238633283,0.00267676309513,0.00767944870877,8.1610751152
0.689238633283,0.00267676309513,0.00767944870877,8.1776881218
0.689238633283,0.00267676309513,0.00767944870877,8.19450116158
0.689238633283,0.00267676309513,0.00767944870877,8.21117401123
0.704931914778,0.00279728121459,0.00767944870877,8.22779512405
0.704931914778,0.00279728121459,0.00767944870877,8.24453997612
0.704931914778,0.00279728121459,0.00767944870877,8.26127099991
0.719175273525,0.0029066645078,0.00767944870877,8.27788305283
0.719175273525,0.0029066645078,0.00767944870877,8.29446816444
0.719175273525,0.0029066645078,0.00767944870877,8.31146407127
0.719175273525,0.0029066645078,0.00767944870877,8.32781195641
0.727789520433,0.00297281847555,0.00575958653158,8.34446310997
Actuacion(lineal,angular) = 0.22288291693,-0.0264250791186
0.727789520433,0.00297281847555,0.00575958653158,8.36099410057
0.727789520433,0.00297281847555,0.00575958653158,8.37793016434
0.727789520433,0.00297281847555,0.00575958653158,8.39427399635
0.735423035724,0.00301678485357,-0.0132645023152,8.41148495674
0.735423035724,0.00301678485357,-0.0132645023152,8.42770195007
0.735423035724,0.00301678485357,-0.0132645023152,8.44452309608
0.742160517939,0.00292741026334,-0.0216420827247,8.46128201485
0.742160517939,0.00292741026334,-0.0216420827247,8.47771906853
0.742160517939,0.00292741026334,-0.0216420827247,8.49437212944
0.742160517939,0.00292741026334,-0.0216420827247,8.51131105423
0.747063664527,0.00282127938891,-0.0263544717051,8.52772307396
0.749237857509,0.0027639664118,-0.0277507351067,8.54441404343
Actuacion(lineal,angular) = 0.2023509493,0.0225169071336
0.749237857509,0.0027639664118,-0.0277507351067,8.56097102165
0.749237857509,0.0027639664118,-0.0277507351067,8.57785701752
0.754353412424,0.00262196954981,-0.0410152374219,8.59427809715
0.754353412424,0.00262196954981,-0.0410152374219,8.61124897003
0.755844768673,0.00256076689594,-0.0455530934771,8.62778306007
0.755844768673,0.00256076689594,-0.0455530934771,8.64454913139
0.755844768673,0.00256076689594,-0.0455530934771,8.66159009933
0.759721532905,0.00238404603868,-0.054279739737,8.67800307274
0.759721532905,0.00238404603868,-0.054279739737,8.69515895844
0.759721532905,0.00238404603868,-0.054279739737,8.71129608154
0.759721532905,0.00238404603868,-0.054279739737,8.72769904137
0.763681773833,0.0021688738304,-0.0582939970166,8.74465799332
Actuacion(lineal,angular) = 0.191368175889,0.0683395185016
0.763681773833,0.0021688738304,-0.0582939970166,8.76109004021
0.763681773833,0.0021688738304,-0.0582939970166,8.77795314789
0.769556931323,0.00182599894449,-0.063879050623,8.79426312447
0.769556931323,0.00182599894449,-0.063879050623,8.81110215187
0.769556931323,0.00182599894449,-0.063879050623,8.82773303986
0.769556931323,0.00182599894449,-0.063879050623,8.84456515312
0.774153310284,0.00153198660231,-0.0713839664066,8.8612241745
0.774153310284,0.00153198660231,-0.0713839664066,8.87788200378
0.774153310284,0.00153198660231,-0.0713839664066,8.8946390152
0.774153310284,0.00153198660231,-0.0713839664066,8.91128015518
0.778662278415,0.0012095707449,-0.0832522053201,8.92762804031
0.778662278415,0.0012095707449,-0.0832522053201,8.94439196587
Actuacion(lineal,angular) = 0.177524127311,0.114234981342
0.778662278415,0.0012095707449,-0.0832522053201,8.96120810509
0.797786531928,-0.000386254089728,-0.0932005820565,8.97778105736
0.797786531928,-0.000386254089728,-0.0932005820565,8.99436306953
0.797786531928,-0.000386254089728,-0.0932005820565,9.01127195358
0.797786531928,-0.000386254089728,-0.0932005820565,9.02879810333
0.805217199753,-0.00108080886992,-0.0961676417849,9.0443789959
0.805217199753,-0.00108080886992,-0.0961676417849,9.06128096581
0.805217199753,-0.00108080886992,-0.0961676417849,9.0777990818
0.818715980544,-0.00238297148951,-0.0905825881785,9.09445595741
0.818715980544,-0.00238297148951,-0.0905825881785,9.11111807823
0.821179310376,-0.00260671857981,-0.0879645943005,9.12980914116
0.821179310376,-0.00260671857981,-0.0879645943005,9.14446806908
Actuacion(lineal,angular) = 0.143062982384,0.154127855513
0.821179310376,-0.00260671857981,-0.0879645943005,9.16128206253
0.831502231744,-0.0035171195398,-0.0780162175641,9.17779016495
0.831502231744,-0.0035171195398,-0.0780162175641,9.19450902939
0.831502231744,-0.0035171195398,-0.0780162175641,9.21150803566
0.831502231744,-0.0035171195398,-0.0780162175641,9.22816610336
0.840685758324,-0.00423504068848,-0.0680678408278,9.24452805519
0.842642933564,-0.00436846751061,-0.0661479786506,9.26127314568
0.842642933564,-0.00436846751061,-0.0661479786506,9.2781059742
0.842642933564,-0.00436846751061,-0.0661479786506,9.29452705383
0.842642933564,-0.00436846751061,-0.0661479786506,9.31133103371
0.853025811426,-0.00505627736984,-0.067369709127,9.32791996002
0.853025811426,-0.00505627736984,-0.067369709127,9.34445810318
Actuacion(lineal,angular) = 0.118632120863,0.151189559449
0.853025811426,-0.00505627736984,-0.067369709127,9.36107802391
0.860471939353,-0.00555868115544,-0.063879050623,9.37782001495
0.860471939353,-0.00555868115544,-0.063879050623,9.39437699318
0.860471939353,-0.00555868115544,-0.063879050623,9.41133618355
0.860471939353,-0.00555868115544,-0.063879050623,9.42774701118
0.869494461017,-0.00613581649381,-0.0509636141582,9.44465517998
0.869494461017,-0.00613581649381,-0.0509636141582,9.46121406555
0.869494461017,-0.00613581649381,-0.0509636141582,9.47794318199
0.875925652803,-0.00646385732549,-0.0328121899375,9.49591112137
0.875925652803,-0.00646385732549,-0.0328121899375,9.51117396355
0.875925652803,-0.00646385732549,-0.0328121899375,9.52786302567
0.875925652803,-0.00646385732549,-0.0328121899375,9.54457998276
Actuacion(lineal,angular) = 0.0992610800122,0.126853608362
0.883896170449,-0.00672548136272,-0.0127409035396,9.56104898453
0.883896170449,-0.00672548136272,-0.0127409035396,9.57792615891
0.883896170449,-0.00672548136272,-0.0127409035396,9.59441900253
0.891017481782,-0.00681621821334,0.00453785605518,9.61115717888
0.891017481782,-0.00681621821334,0.00453785605518,9.6279270649
0.893021825221,-0.0068071227289,0.00907571211037,9.64448404312
0.893021825221,-0.0068071227289,0.00907571211037,9.66123104095
0.893021825221,-0.0068071227289,0.00907571211037,9.67778611183
0.887861866393,-0.00685395431554,0.0174532925199,9.69541811943
0.887861866393,-0.00685395431554,0.0174532925199,9.71125197411
0.887861866393,-0.00685395431554,0.0174532925199,9.72775697708
0.887861866393,-0.00685395431554,0.0174532925199,9.74457001686
Actuacion(lineal,angular) = 0.0899613678888,0.0650402104598
0.881551213146,-0.00696410717771,0.0195476876223,9.76102113724
0.881551213146,-0.00696410717771,0.0195476876223,9.77776408195
0.881551213146,-0.00696410717771,0.0195476876223,9.79431200027
0.885047520671,-0.00689575374394,0.0244346095279,9.81129312515
0.885047520671,-0.00689575374394,0.0244346095279,9.82793617249
0.885047520671,-0.00689575374394,0.0244346095279,9.84442996979
0.885047520671,-0.00689575374394,0.0244346095279,9.86111998558
0.888458185781,-0.00681239888405,0.0315904594611,9.87789916992
0.888458185781,-0.00681239888405,0.0315904594611,9.89447617531
0.888458185781,-0.00681239888405,0.0315904594611,9.91116714478
0.888458185781,-0.00681239888405,0.0315904594611,9.92771601677
0.891399294668,-0.0067194569836,0.0256563400043,9.94460511208
Actuacion(lineal,angular) = 0.088769128664,0.0472626105259
0.891399294668,-0.0067194569836,0.0256563400043,9.96095609665
0.891399294668,-0.0067194569836,0.0256563400043,9.97766900063
0.89463932736,-0.00663631135895,0.0214675497995,9.99437117577
0.89463932736,-0.00663631135895,0.0214675497995,10.0114431381
0.89463932736,-0.00663631135895,0.0214675497995,10.0279750824
0.89463932736,-0.00663631135895,0.0214675497995,10.0444741249
0.8976238626,-0.00657223085581,0.0331612557879,10.0611190796
0.8976238626,-0.00657223085581,0.0331612557879,10.078400135
0.8976238626,-0.00657223085581,0.0331612557879,10.09446311
0.900692689659,-0.00647042737727,0.0459021593275,10.1112201214
0.900692689659,-0.00647042737727,0.0459021593275,10.127820015
0.900692689659,-0.00647042737727,0.0459021593275,10.1444211006
Actuacion(lineal,angular) = 0.0793251600076,0.0266516860911
0.900692689659,-0.00647042737727,0.0459021593275,10.1612019539
0.903759970607,-0.00632953358982,0.0443313630007,10.1778330803
0.903759970607,-0.00632953358982,0.0443313630007,10.1943371296
0.903759970607,-0.00632953358982,0.0443313630007,10.2121310234
0.906657052504,-0.00620101780019,0.0376991118431,10.2278110981
0.906657052504,-0.00620101780019,0.0376991118431,10.2447969913
0.90746675162,-0.00617047839349,0.0368264472171,10.2611329556
0.90746675162,-0.00617047839349,0.0368264472171,10.2777471542
0.90746675162,-0.00617047839349,0.0368264472171,10.29479599
0.91709822287,-0.00581562509554,0.0434586983747,10.3112859726
0.91709822287,-0.00581562509554,0.0434586983747,10.3279051781
0.917992944221,-0.00577671717255,0.047298422729,10.3446011543
Actuacion(lineal,angular) = 0.0653399116864,0.0377279518754
0.917992944221,-0.00577671717255,0.047298422729,10.3615071774
0.917992944221,-0.00577671717255,0.047298422729,10.3778591156
0.923147344626,-0.00553274019918,0.0574213323906,10.3956489563
0.923147344626,-0.00553274019918,0.0574213323906,10.4113030434
0.923147344626,-0.00553274019918,0.0574213323906,10.4287209511
0.923147344626,-0.00553274019918,0.0574213323906,10.4447481632
0.928682193038,-0.00521457206292,0.0680678408278,10.4612259865
0.928682193038,-0.00521457206292,0.0680678408278,10.4778840542
0.928682193038,-0.00521457206292,0.0680678408278,10.4951989651
0.93391550944,-0.00485780034288,0.0757472895366,10.5116050243
0.93391550944,-0.00485780034288,0.0757472895366,10.5285871029
0.93391550944,-0.00485780034288,0.0757472895366,10.5445580482
Actuacion(lineal,angular) = 0.0525172015274,-0.00483017948176
0.93391550944,-0.00485780034288,0.0757472895366,10.560986042
0.937274886367,-0.00460284885185,0.0832522053201,10.5780720711
0.937274886367,-0.00460284885185,0.0832522053201,10.5948879719
0.937274886367,-0.00460284885185,0.0832522053201,10.6111791134
0.942544680669,-0.00416311045297,0.0823795406941,10.6297211647
0.942544680669,-0.00416311045297,0.0823795406941,10.6458230019
0.942544680669,-0.00416311045297,0.0823795406941,10.6614351273
0.942544680669,-0.00416311045297,0.0823795406941,10.6778190136
0.947602349609,-0.00374551693036,0.068242373753,10.6950850487
0.947602349609,-0.00374551693036,0.068242373753,10.7119941711
0.947602349609,-0.00374551693036,0.068242373753,10.7280390263
0.947602349609,-0.00374551693036,0.068242373753,10.744407177
Actuacion(lineal,angular) = 0.0419251551229,0.00508777550256
0.953984366748,-0.00330931558814,0.0600393262686,10.7616000175
0.953984366748,-0.00330931558814,0.0600393262686,10.7778589725
0.953984366748,-0.00330931558814,0.0600393262686,10.7945840359
0.95721962623,-0.00311483905448,0.0575958653158,10.8112139702
0.95721962623,-0.00311483905448,0.0575958653158,10.8278160095
0.95721962623,-0.00311483905448,0.0575958653158,10.8444149494
0.95721962623,-0.00311483905448,0.0575958653158,10.8611440659
0.961562309809,-0.0028644414948,0.0556760031386,10.8792619705
0.961562309809,-0.0028644414948,0.0556760031386,10.8973021507
0.962413909084,-0.00281697879884,0.0544542726622,10.91112113
0.962413909084,-0.00281697879884,0.0544542726622,10.9287409782
0.962413909084,-0.00281697879884,0.0544542726622,10.9454600811
0.966416695228,-0.0025987942896,0.051661745859,10.9612159729
0.966416695228,-0.0025987942896,0.051661745859,10.978274107
0.966416695228,-0.0025987942896,0.051661745859,10.9952790737
0.967055532434,-0.0025657614515,0.051661745859,11.0113780499
0.967055532434,-0.0025657614515,0.051661745859,11.0284650326
0.968248028551,-0.00250410015371,0.0488692190558,11.0445051193
0.968248028551,-0.00250410015371,0.0488692190558,11.0609900951
0.968248028551,-0.00250410015371,0.0488692190558,11.0782830715
0.969568477601,-0.00243951942106,0.0495673507566,11.094627142
0.969568477601,-0.00243951942106,0.0495673507566,11.111533165
0.969568477601,-0.00243951942106,0.0495673507566,11.127696991
0.969568477601,-0.00243951942106,0.0495673507566,11.1448130608
Actuacion(lineal,angular) = 0.0060455186404,0.0650598948339
0.9714425989,-0.00234654803965,0.0500909495322,11.1610410213
0.9714425989,-0.00234654803965,0.0500909495322,11.1785070896
0.9714425989,-0.00234654803965,0.0500909495322,11.1945390701
0.973827781906,-0.00222697193171,0.0486946861306,11.2114350796
0.973827781906,-0.00222697193171,0.0486946861306,11.2278730869
0.973827781906,-0.00222697193171,0.0486946861306,11.2449200153
0.973827781906,-0.00222697193171,0.0486946861306,11.260985136
0.975914961093,-0.00212525698908,0.0495673507566,11.2776801586
0.975914961093,-0.00212525698908,0.0495673507566,11.2943179607
0.975914961093,-0.00212525698908,0.0495673507566,11.3116049767
0.977022396406,-0.0020703193546,0.0502654824574,11.3279521465
0.977022396406,-0.0020703193546,0.0502654824574,11.3446810246
Actuacion(lineal,angular) = 0.0126554981121,0.125073713575
0.977022396406,-0.0020703193546,0.0502654824574,11.3611190319
0.977405726029,-0.00205103486189,0.0509636141582,11.3780341148
0.977405726029,-0.00205103486189,0.0509636141582,11.3948440552
0.977448316703,-0.00204886240606,0.0506145483078,11.4120290279
0.977448316703,-0.00204886240606,0.0506145483078,11.4281339645
0.977448316703,-0.00204886240606,0.0506145483078,11.444396019
0.977448316703,-0.00204886240606,0.0506145483078,11.4611141682
0.977789048141,-0.002031601696,0.0513126800086,11.477905035
0.977789048141,-0.002031601696,0.0513126800086,11.4959521294
0.977959407794,-0.00202285240537,0.0511381470834,11.5112509727
0.977959407794,-0.00202285240537,0.0511381470834,11.5281050205
0.977959407794,-0.00202285240537,0.0511381470834,11.5461571217
0.97821494956,-0.00200977306969,0.0520108117094,11.5619990826
0.97821494956,-0.00200977306969,0.0520108117094,11.5777971745
0.97821494956,-0.00200977306969,0.0520108117094,11.5945341587
0.978470479814,-0.00199647073676,0.0520108117094,11.6112780571
0.978470479814,-0.00199647073676,0.0520108117094,11.6280720234
0.97851306819,-0.00199425368127,0.0521853446346,11.6443481445
0.97851306819,-0.00199425368127,0.0521853446346,11.6610770226
0.97851306819,-0.00199425368127,0.0521853446346,11.6776649952
0.978896360083,-0.0019742332845,0.0520108117094,11.695235014
0.978896360083,-0.0019742332845,0.0520108117094,11.7110950947
0.978896360083,-0.0019742332845,0.0520108117094,11.7280430794
0.978896360083,-0.0019742332845,0.0520108117094,11.7442700863
0.979407420592,-0.00194762861863,0.0521853446346,11.7616331577
0.979407420592,-0.00194762861863,0.0521853446346,11.7777750492
0.979407420592,-0.00194762861863,0.0521853446346,11.7944140434
0.980046240414,-0.00191426129069,0.052534410485,11.8111600876
0.980046240414,-0.00191426129069,0.052534410485,11.8279080391
0.980046240414,-0.00191426129069,0.052534410485,11.8447470665
0.980046240414,-0.00191426129069,0.052534410485,11.8612101078
0.980599874132,-0.00188514968342,0.0527089434102,11.8778131008
0.980599874132,-0.00188514968342,0.0527089434102,11.8944540024
0.980599874132,-0.00188514968342,0.0527089434102,11.9112651348
0.98115350276,-0.00185594144928,0.0527089434102,11.9277510643
0.98115350276,-0.00185594144928,0.0527089434102,11.9445540905
0.98115350276,-0.00185594144928,0.0527089434102,11.9611861706
0.98115350276,-0.00185594144928,0.0527089434102,11.9780509472
0.981664544571,-0.00182898000238,0.0528834763354,11.994423151
0.981664544571,-0.00182898000238,0.0528834763354,12.0112299919
0.98183489027,-0.00181996312234,0.0528834763354,12.0285489559
0.98183489027,-0.00181996312234,0.0528834763354,12.0447251797
0.98183489027,-0.00181996312234,0.0528834763354,12.0613620281
0.982473686642,-0.0017861498222,0.0532325421858,12.0778510571
0.982473686642,-0.0017861498222,0.0532325421858,12.094630003
0.982473686642,-0.0017861498222,0.0532325421858,12.1113140583
0.98294212863,-0.00176118988348,0.053407075111,12.127808094
0.98294212863,-0.00176118988348,0.053407075111,12.144436121
0.98294212863,-0.00176118988348,0.053407075111,12.1610980034
0.982984713869,-0.00175891336558,0.0535816080362,12.1776540279
0.982984713869,-0.00175891336558,0.0535816080362,12.1945660114
0.982984713869,-0.00175891336558,0.0530580092606,12.2137329578
0.982984713869,-0.00175891336558,0.0530580092606,12.2278900146
0.982984713869,-0.00175891336558,0.0530580092606,12.2445299625
0.982984713869,-0.00175891336558,0.0530580092606,12.2613620758
0.982984713869,-0.00175891336558,0.0530580092606,12.2779130936
0.982984713869,-0.00175891336558,0.0530580092606,12.2945530415
0.982984713869,-0.00175891336558,0.0530580092606,12.31153512
0.982984713869,-0.00175891336558,0.0530580092606,12.327684164
0.982984713869,-0.00175891336558,0.0530580092606,12.3445320129
0.982984713869,-0.00175891336558,0.0530580092606,12.3612241745
0.982984713869,-0.00175891336558,0.0530580092606,12.3777699471
0.982984713869,-0.00175891336558,0.0530580092606,12.3951530457
0.982984713869,-0.00175891336558,0.0530580092606,12.4111990929
0.982984713869,-0.00175891336558,0.0530580092606,12.4281849861
0.982984713869,-0.00175891336558,0.0530580092606,12.4450910091
0.982984713869,-0.00175891336558,0.0530580092606,12.4617710114
0.982984713869,-0.00175891336558,0.0530580092606,12.4784359932
0.982984713869,-0.00175891336558,0.0530580092606,12.4955830574
0.982984713869,-0.00175891336558,0.0530580092606,12.5115170479
0.982984713869,-0.00175891336558,0.0530580092606,12.5280110836
0.982984713869,-0.00175891336558,0.0530580092606,12.5444760323
0.982984713869,-0.00175891336558,0.0530580092606,12.5611610413
0.982984713869,-0.00175891336558,0.0530580092606,12.5780551434
0.982984713869,-0.00175891336558,0.0530580092606,12.5944540501
0.982984713869,-0.00175891336558,0.0530580092606,12.6112520695
0.982984713869,-0.00175891336558,0.0530580092606,12.6277880669
0.982984713869,-0.00175891336558,0.0530580092606,12.6442780495
0.982984713869,-0.00175891336558,0.0530580092606,12.6611399651
0.982984713869,-0.00175891336558,0.0530580092606,12.6778490543
0.982984713869,-0.00175891336558,0.0530580092606,12.6945619583
0.982984713869,-0.00175891336558,0.0530580092606,12.7123291492
0.982984713869,-0.00175891336558,0.0530580092606,12.728618145
0.982984713869,-0.00175891336558,0.0530580092606,12.7443840504
0.982984713869,-0.00175891336558,0.0530580092606,12.7638411522
0.982984713869,-0.00175891336558,0.0530580092606,12.7777211666
0.982984713869,-0.00175891336558,0.0530580092606,12.7953569889
0.982984713869,-0.00175891336558,0.0530580092606,12.8113670349
0.982984713869,-0.00175891336558,0.0530580092606,12.8279590607
0.982984713869,-0.00175891336558,0.0530580092606,12.844686985
0.982984713869,-0.00175891336558,0.0530580092606,12.8613021374
0.982984713869,-0.00175891336558,0.0530580092606,12.8778860569
0.982984713869,-0.00175891336558,0.0530580092606,12.8954541683
0.982984713869,-0.00175891336558,0.0530580092606,12.9110860825
0.982984713869,-0.00175891336558,0.0530580092606,12.9276280403
0.982984713869,-0.00175891336558,0.0530580092606,12.9459090233
0.982984713869,-0.00175891336558,0.0530580092606,12.9616661072
0.982984713869,-0.00175891336558,0.0530580092606,12.9784359932
0.982984713869,-0.00175891336558,0.0530580092606,12.9945039749
0.982984713869,-0.00175891336558,0.0530580092606,13.0113711357
0.982984713869,-0.00175891336558,0.0530580092606,13.027889967
0.982984713869,-0.00175891336558,0.0530580092606,13.0444850922
0.982984713869,-0.00175891336558,0.0530580092606,13.0610501766
0.982984713869,-0.00175891336558,0.0530580092606,13.0778779984
0.982984713869,-0.00175891336558,0.0530580092606,13.0946609974
0.982984713869,-0.00175891336558,0.0530580092606,13.1114470959
0.982984713869,-0.00175891336558,0.0530580092606,13.1282479763
0.982984713869,-0.00175891336558,0.0530580092606,13.1446969509
0.982984713869,-0.00175891336558,0.0530580092606,13.1620249748
0.982984713869,-0.00175891336558,0.0530580092606,13.1780941486
0.982984713869,-0.00175891336558,0.0530580092606,13.1948661804
0.982984713869,-0.00175891336558,0.0530580092606,13.211794138
0.982984713869,-0.00175891336558,0.0530580092606,13.2280781269
0.982984713869,-0.00175891336558,0.0530580092606,13.2443301678
0.982984713869,-0.00175891336558,0.0530580092606,13.2619819641
0.982984713869,-0.00175891336558,0.0530580092606,13.2776761055
0.982984713869,-0.00175891336558,0.0530580092606,13.2946341038
0.982984713869,-0.00175891336558,0.0530580092606,13.3113889694
0.982984713869,-0.00175891336558,0.0530580092606,13.3284480572
0.982984713869,-0.00175891336558,0.0530580092606,13.3443391323
0.982984713869,-0.00175891336558,0.0530580092606,13.3613581657
0.982984713869,-0.00175891336558,0.0530580092606,13.3778040409
0.982984713869,-0.00175891336558,0.0530580092606,13.3944070339
0.982984713869,-0.00175891336558,0.0530580092606,13.4116561413
0.982984713869,-0.00175891336558,0.0530580092606,13.428027153
0.982984713869,-0.00175891336558,0.0530580092606,13.4447131157
0.982984713869,-0.00175891336558,0.0530580092606,13.4626030922
0.982984713869,-0.00175891336558,0.0530580092606,13.4777021408
0.982984713869,-0.00175891336558,0.0530580092606,13.4945821762
0.982984713869,-0.00175891336558,0.0530580092606,13.5110981464
0.982984713869,-0.00175891336558,0.0530580092606,13.5283141136
0.982984713869,-0.00175891336558,0.0530580092606,13.5445401669
0.982984713869,-0.00175891336558,0.0530580092606,13.5611581802
0.982984713869,-0.00175891336558,0.0530580092606,13.5778830051
0.982984713869,-0.00175891336558,0.0530580092606,13.5946481228
0.982984713869,-0.00175891336558,0.0530580092606,13.6114439964
0.982984713869,-0.00175891336558,0.0530580092606,13.6280400753
0.982984713869,-0.00175891336558,0.0530580092606,13.6445300579
0.982984713869,-0.00175891336558,0.0530580092606,13.6610510349
0.982984713869,-0.00175891336558,0.0530580092606,13.6778931618
0.982984713869,-0.00175891336558,0.0530580092606,13.6945390701
0.982984713869,-0.00175891336558,0.0530580092606,13.7110500336
0.982984713869,-0.00175891336558,0.0530580092606,13.7278251648
0.982984713869,-0.00175891336558,0.0530580092606,13.744505167
0.982984713869,-0.00175891336558,0.0530580092606,13.760997057
0.982984713869,-0.00175891336558,0.0530580092606,13.7777609825
0.982984713869,-0.00175891336558,0.0530580092606,13.7945561409
0.982984713869,-0.00175891336558,0.0530580092606,13.8113059998
0.982984713869,-0.00175891336558,0.0530580092606,13.8279969692
0.982984713869,-0.00175891336558,0.0530580092606,13.844408989
0.982984713869,-0.00175891336558,0.0530580092606,13.8611700535
0.982984713869,-0.00175891336558,0.0530580092606,13.8780770302
0.982984713869,-0.00175891336558,0.0530580092606,13.8943011761
0.982984713869,-0.00175891336558,0.0530580092606,13.9111340046
0.982984713869,-0.00175891336558,0.0530580092606,13.9279110432
0.982984713869,-0.00175891336558,0.0530580092606,13.9443781376
0.982984713869,-0.00175891336558,0.0530580092606,13.9613490105
0.982984713869,-0.00175891336558,0.0530580092606,13.9785130024
0.982984713869,-0.00175891336558,0.0530580092606,13.9953711033
0.982984713869,-0.00175891336558,0.0530580092606,14.0117089748
0.982984713869,-0.00175891336558,0.0530580092606,14.0277891159
0.982984713869,-0.00175891336558,0.0530580092606,14.0444619656
0.982984713869,-0.00175891336558,0.0530580092606,14.0613291264
0.982984713869,-0.00175891336558,0.0530580092606,14.0776510239
0.982984713869,-0.00175891336558,0.0530580092606,14.0945630074
0.982984713869,-0.00175891336558,0.0530580092606,14.111798048
0.982984713869,-0.00175891336558,0.0530580092606,14.1277880669
0.982984713869,-0.00175891336558,0.0530580092606,14.1445431709
0.982984713869,-0.00175891336558,0.0530580092606,14.1611330509
0.982984713869,-0.00175891336558,0.0530580092606,14.1782469749
0.982984713869,-0.00175891336558,0.0530580092606,14.1959540844
0.982984713869,-0.00175891336558,0.0530580092606,14.2114500999
0.982984713869,-0.00175891336558,0.0530580092606,14.2280299664
0.982984713869,-0.00175891336558,0.0530580092606,14.2447230816
0.982984713869,-0.00175891336558,0.0530580092606,14.2633600235
0.982984713869,-0.00175891336558,0.0530580092606,14.2779560089
0.982984713869,-0.00175891336558,0.0530580092606,14.2951190472
0.982984713869,-0.00175891336558,0.0530580092606,14.3112339973
0.982984713869,-0.00175891336558,0.0530580092606,14.3280751705
0.982984713869,-0.00175891336558,0.0530580092606,14.3453221321
0.982984713869,-0.00175891336558,0.0530580092606,14.36165905
0.982984713869,-0.00175891336558,0.0530580092606,14.3779230118
0.982984713869,-0.00175891336558,0.0530580092606,14.3946580887
0.982984713869,-0.00175891336558,0.0530580092606,14.4112291336
0.982984713869,-0.00175891336558,0.0530580092606,14.4282221794
0.982984713869,-0.00175891336558,0.0530580092606,14.4446110725
0.982984713869,-0.00175891336558,0.0530580092606,14.4612469673
0.982984713869,-0.00175891336558,0.0530580092606,14.4779109955
0.982984713869,-0.00175891336558,0.0530580092606,14.4958291054
0.982984713869,-0.00175891336558,0.0530580092606,14.5113761425
0.982984713869,-0.00175891336558,0.0530580092606,14.527848959
0.982984713869,-0.00175891336558,0.0530580092606,14.5444841385
0.982984713869,-0.00175891336558,0.0530580092606,14.5612840652
0.982984713869,-0.00175891336558,0.0530580092606,14.5778419971
0.982984713869,-0.00175891336558,0.0530580092606,14.5948729515
0.982984713869,-0.00175891336558,0.0530580092606,14.6114411354
0.982984713869,-0.00175891336558,0.0530580092606,14.6279630661
0.982984713869,-0.00175891336558,0.0530580092606,14.6445441246
0.982984713869,-0.00175891336558,0.0530580092606,14.6612551212
0.982984713869,-0.00175891336558,0.0530580092606,14.6776611805
0.982984713869,-0.00175891336558,0.0530580092606,14.6946649551
0.982984713869,-0.00175891336558,0.0530580092606,14.7110581398
0.982984713869,-0.00175891336558,0.0530580092606,14.7279400826
0.982984713869,-0.00175891336558,0.0530580092606,14.7444930077
0.982984713869,-0.00175891336558,0.0530580092606,14.7611711025
0.982984713869,-0.00175891336558,0.0530580092606,14.7781031132
0.982984713869,-0.00175891336558,0.0530580092606,14.7947640419
0.982984713869,-0.00175891336558,0.0530580092606,14.8114271164
0.982984713869,-0.00175891336558,0.0530580092606,14.8280949593
0.982984713869,-0.00175891336558,0.0530580092606,14.8444340229
0.982984713869,-0.00175891336558,0.0530580092606,14.861027956
0.982984713869,-0.00175891336558,0.0530580092606,14.8778171539
0.982984713869,-0.00175891336558,0.0530580092606,14.894796133
0.982984713869,-0.00175891336558,0.0530580092606,14.9115581512
0.982984713869,-0.00175891336558,0.0530580092606,14.9279770851
0.982984713869,-0.00175891336558,0.0530580092606,14.9447650909
0.982984713869,-0.00175891336558,0.0530580092606,14.9611990452
0.982984713869,-0.00175891336558,0.0530580092606,14.9776749611
0.982984713869,-0.00175891336558,0.0530580092606,14.9943230152
0.982984713869,-0.00175891336558,0.0530580092606,15.0112099648
0.982984713869,-0.00175891336558,0.0530580092606,15.0300700665
0.982984713869,-0.00175891336558,0.0530580092606,15.0443091393
0.982984713869,-0.00175891336558,0.0530580092606,15.0616669655
0.982984713869,-0.00175891336558,0.0530580092606,15.0776970387
0.982984713869,-0.00175891336558,0.0530580092606,15.0944180489
0.982984713869,-0.00175891336558,0.0530580092606,15.1112439632
0.982984713869,-0.00175891336558,0.0530580092606,15.1276521683
0.982984713869,-0.00175891336558,0.0530580092606,15.144217968
0.982984713869,-0.00175891336558,0.0530580092606,15.1617920399
0.982984713869,-0.00175891336558,0.0530580092606,15.178632021
0.982984713869,-0.00175891336558,0.0530580092606,15.1942090988
0.982984713869,-0.00175891336558,0.0530580092606,15.2109630108
0.982984713869,-0.00175891336558,0.0530580092606,15.227658987
0.982984713869,-0.00175891336558,0.0530580092606,15.2450060844
0.982984713869,-0.00175891336558,0.0530580092606,15.2612581253
0.982984713869,-0.00175891336558,0.0530580092606,15.2798810005
0.982984713869,-0.00175891336558,0.0530580092606,15.2956531048
0.982984713869,-0.00175891336558,0.0530580092606,15.3114991188
0.982984713869,-0.00175891336558,0.0530580092606,15.3284330368
0.982984713869,-0.00175891336558,0.0530580092606,15.3443729877
0.982984713869,-0.00175891336558,0.0530580092606,15.3612220287
0.982984713869,-0.00175891336558,0.0530580092606,15.3778960705
0.982984713869,-0.00175891336558,0.0530580092606,15.394742012
0.982984713869,-0.00175891336558,0.0530580092606,15.4111261368
0.982984713869,-0.00175891336558,0.0530580092606,15.4281561375
0.982984713869,-0.00175891336558,0.0530580092606,15.4443480968
0.982984713869,-0.00175891336558,0.0530580092606,15.4642820358
0.982984713869,-0.00175891336558,0.0530580092606,15.4777841568
0.982984713869,-0.00175891336558,0.0530580092606,15.4943780899
0.982984713869,-0.00175891336558,0.0530580092606,15.5111651421
0.982984713869,-0.00175891336558,0.0530580092606,15.5278789997
0.982984713869,-0.00175891336558,0.0530580092606,15.5444099903
0.982984713869,-0.00175891336558,0.0530580092606,15.5619721413
0.982984713869,-0.00175891336558,0.0530580092606,15.5777180195
0.982984713869,-0.00175891336558,0.0530580092606,15.5946211815
0.982984713869,-0.00175891336558,0.0530580092606,15.6116490364
0.982984713869,-0.00175891336558,0.0530580092606,15.6278131008
0.982984713869,-0.00175891336558,0.0530580092606,15.6447660923
0.982984713869,-0.00175891336558,0.0530580092606,15.6616549492
0.982984713869,-0.00175891336558,0.0530580092606,15.6780610085
0.982984713869,-0.00175891336558,0.0530580092606,15.694630146
0.982984713869,-0.00175891336558,0.0530580092606,15.7113251686
0.982984713869,-0.00175891336558,0.0530580092606,15.7284049988
0.982984713869,-0.00175891336558,0.0530580092606,15.7448489666
0.982984713869,-0.00175891336558,0.0530580092606,15.7613191605
0.982984713869,-0.00175891336558,0.0530580092606,15.7782981396
0.982984713869,-0.00175891336558,0.0530580092606,15.7945461273
0.982984713869,-0.00175891336558,0.0530580092606,15.811424017
0.982984713869,-0.00175891336558,0.0530580092606,15.8277189732
0.982984713869,-0.00175891336558,0.0530580092606,15.8444831371
0.982984713869,-0.00175891336558,0.0530580092606,15.8610920906
0.982984713869,-0.00175891336558,0.0530580092606,15.877712965
0.982984713869,-0.00175891336558,0.0530580092606,15.8944201469
0.982984713869,-0.00175891336558,0.0530580092606,15.9111449718
0.982984713869,-0.00175891336558,0.0530580092606,15.9277479649
0.982984713869,-0.00175891336558,0.0530580092606,15.9443659782
0.982984713869,-0.00175891336558,0.0530580092606,15.9610950947
0.982984713869,-0.00175891336558,0.0530580092606,15.9776060581
0.982984713869,-0.00175891336558,0.0530580092606,15.9946939945
0.982984713869,-0.00175891336558,0.0530580092606,16.0110461712
0.982984713869,-0.00175891336558,0.0530580092606,16.0276341438
0.982984713869,-0.00175891336558,0.0530580092606,16.0443000793
0.982984713869,-0.00175891336558,0.0530580092606,16.061177969
0.982984713869,-0.00175891336558,0.0530580092606,16.077671051
0.982984713869,-0.00175891336558,0.0530580092606,16.094588995
0.982984713869,-0.00175891336558,0.0530580092606,16.1129610538
0.982984713869,-0.00175891336558,0.0530580092606,16.1279091835
0.982984713869,-0.00175891336558,0.0530580092606,16.1445729733
Actuacion(lineal,angular) = 0.0106038527569,0.185085958753
0.982984713869,-0.00175891336558,0.0530580092606,16.1611411572
0.982984713869,-0.00175891336558,0.0530580092606,16.1777801514
0.982984713869,-0.00175891336558,0.0530580092606,16.1944520473
0.982984713869,-0.00175891336558,0.0530580092606,16.2136640549
0.982984713869,-0.00175891336558,0.0530580092606,16.2277710438
0.982984713869,-0.00175891336558,0.0530580092606,16.2454299927
0.982984713869,-0.00175891336558,0.0530580092606,16.2612280846
0.982984713869,-0.00175891336558,0.0530580092606,16.2780220509
0.982984713869,-0.00175891336558,0.0530580092606,16.2952370644
0.982984713869,-0.00175891336558,0.0530580092606,16.3123970032
0.982984713869,-0.00175891336558,0.0530580092606,16.3283350468
0.982984713869,-0.00175891336558,0.0530580092606,16.3443281651
Actuacion(lineal,angular) = 0.00455992608299,0.245212215696
0.982984713869,-0.00175891336558,0.0530580092606,16.361148119
0.982984713869,-0.00175891336558,0.0528834763354,16.3776509762
0.982984713869,-0.00175891336558,0.0528834763354,16.3958761692
0.982984713869,-0.00175891336558,0.0528834763354,16.4111821651
0.982984713869,-0.00175891336558,0.0528834763354,16.427888155
0.982984713869,-0.00175891336558,0.0528834763354,16.4442930222
0.982984713869,-0.00175891336558,0.0528834763354,16.4635660648
0.982984713869,-0.00175891336558,0.0528834763354,16.4780220985
0.982984713869,-0.00175891336558,0.0528834763354,16.4969160557
0.982984713869,-0.00175891336558,0.0527089434102,16.5114691257
0.982984713869,-0.00175891336558,0.0527089434102,16.5290660858
0.982984713869,-0.00175891336558,0.0527089434102,16.5446391106
Actuacion(lineal,angular) = 0.00236774061981,0.305082053457
0.982984713869,-0.00175891336558,0.0527089434102,16.5624649525
0.982984713869,-0.00175891336558,0.0527089434102,16.5784301758
0.982984713869,-0.00175891336558,0.0527089434102,16.5956799984
0.982984713869,-0.00175891336558,0.0527089434102,16.6129779816
0.982942127051,-0.00176116015282,0.0528834763354,16.6323020458
0.982942127051,-0.00176116015282,0.0528834763354,16.6455600262
0.982942127051,-0.00176116015282,0.0528834763354,16.6625781059
0.982942127051,-0.00176116015282,0.0528834763354,16.6782820225
0.982942127051,-0.00176116015282,0.0530580092606,16.6959190369
0.982942127051,-0.00176116015282,0.0530580092606,16.7117371559
0.982942127051,-0.00176116015282,0.0530580092606,16.7351939678
0.982942127051,-0.00176116015282,0.0530580092606,16.7446100712
Actuacion(lineal,angular) = 0.00138178890771,0.365073913846
0.982942127051,-0.00176116015282,0.0530580092606,16.7614681721
0.982942127051,-0.00176116015282,0.0530580092606,16.7777869701
0.982942127051,-0.00176116015282,0.0530580092606,16.7952959538
0.982942127051,-0.00176116015282,0.0530580092606,16.8114869595
0.982942127051,-0.00176116015282,0.0530580092606,16.8291010857
0.982942127051,-0.00176116015282,0.0530580092606,16.8450219631
0.982942127051,-0.00176116015282,0.0530580092606,16.8611741066
0.982942127051,-0.00176116015282,0.0530580092606,16.8786971569
0.982942127051,-0.00176116015282,0.0530580092606,16.8957841396
0.982942127051,-0.00176116015282,0.0530580092606,16.9116690159
0.982942127051,-0.00176116015282,0.0530580092606,16.9318900108
0.982942127051,-0.00176116015282,0.0530580092606,16.9443330765
Actuacion(lineal,angular) = 0.000875601870667,0.425036091123
0.982942127051,-0.00176116015282,0.0530580092606,16.9613831043
0.982942127051,-0.00176116015282,0.0530580092606,16.9785411358
0.982942127051,-0.00176116015282,0.0530580092606,16.9955060482
0.982984713082,-0.00175889850011,0.0532325421858,17.0113301277
0.982984713082,-0.00175889850011,0.0532325421858,17.0280630589
0.982984713082,-0.00175889850011,0.0532325421858,17.0454959869
0.982984713082,-0.00175889850011,0.0532325421858,17.0613880157
0.982984713082,-0.00175889850011,0.0532325421858,17.0777151585
0.983069884352,-0.00175436032944,0.0532325421858,17.0945570469
0.983069884352,-0.00175436032944,0.0532325421858,17.1112570763
0.983069884352,-0.00175436032944,0.0535816080362,17.1323831081
0.983069884352,-0.00175436032944,0.0535816080362,17.1443681717
Actuacion(lineal,angular) = 0.000588064379657,0.485347813878
0.983069884352,-0.00175436032944,0.0535816080362,17.1613759995
0.983069884352,-0.00175436032944,0.0535816080362,17.1778731346
0.983069884352,-0.00175436032944,0.0535816080362,17.1949021816
0.983069884352,-0.00175436032944,0.0535816080362,17.2111680508
0.983069884352,-0.00175436032944,0.0535816080362,17.2280700207
0.983069884352,-0.00175436032944,0.0535816080362,17.2444281578
0.982984714671,-0.00175892823022,0.0535816080362,17.2614490986
0.982984714671,-0.00175892823022,0.0535816080362,17.2779829502
0.982984714671,-0.00175892823022,0.0535816080362,17.2947130203
0.983027299512,-0.00175664427983,0.0537561409614,17.3112139702
0.983027299512,-0.00175664427983,0.0537561409614,17.3283679485
0.983027299512,-0.00175664427983,0.0537561409614,17.3455541134
Actuacion(lineal,angular) = 0.000414439845066,0.545390457425
0.983027299512,-0.00175664427983,0.0537561409614,17.3614530563
0.982942130629,-0.00176122704545,0.0537561409614,17.3777871132
0.982942130629,-0.00176122704545,0.0537561409614,17.3958690166
0.982942130629,-0.00176122704545,0.0537561409614,17.4112501144
0.982942130629,-0.00176122704545,0.0537561409614,17.4290261269
0.982942130629,-0.00176122704545,0.0537561409614,17.4443809986
0.982942130629,-0.00176122704545,0.0537561409614,17.461151123
0.982942130629,-0.00176122704545,0.0537561409614,17.4783270359
0.983027299512,-0.00175664427983,0.0539306738866,17.4943611622
0.983027299512,-0.00175664427983,0.0539306738866,17.5110559464
0.982984715471,-0.00175894309499,0.0539306738866,17.5288300514
0.982984715471,-0.00175894309499,0.0539306738866,17.5444979668
Actuacion(lineal,angular) = 0.00030356867763,0.605028337751
0.982984715471,-0.00175894309499,0.0539306738866,17.5613131523
0.982899547389,-0.00176354072532,0.0541052068118,17.5787169933
0.982899547389,-0.00176354072532,0.0541052068118,17.5945370197
0.982899547389,-0.00176354072532,0.0541052068118,17.6115219593
0.98285696375,-0.00176584697277,0.0541052068118,17.62855196
0.98285696375,-0.00176584697277,0.0541052068118,17.6445441246
0.982771796472,-0.00177045946766,0.054279739737,17.6611499786
0.982771796472,-0.00177045946766,0.054279739737,17.6779429913
0.982771796472,-0.00177045946766,0.054279739737,17.695661068
0.982856962944,-0.00176583210835,0.055152404363,17.711630106
0.982856962944,-0.00176583210835,0.055152404363,17.7280211449
0.982856962944,-0.00176583210835,0.055152404363,17.744464159
Actuacion(lineal,angular) = 0.000228310813987,0.665302581106
0.982856962944,-0.00176583210835,0.055152404363,17.7610681057
0.98251631334,-0.0017846388256,0.056025068989,17.7776629925
0.98251631334,-0.0017846388256,0.056025068989,17.7943000793
0.98251631334,-0.0017846388256,0.056025068989,17.8122620583
0.982388575942,-0.00179180281919,0.057770398241,17.8278021812
0.982388575942,-0.00179180281919,0.057770398241,17.8445429802
0.982388575942,-0.00179180281919,0.057770398241,17.8613259792
0.982388575942,-0.00179180281919,0.057770398241,17.8777961731
0.982346001042,-0.00179426512799,0.0602138591938,17.8947520256
0.982346001042,-0.00179426512799,0.0602138591938,17.9112920761
0.982346001042,-0.00179426512799,0.0602138591938,17.9278140068
0.982346001042,-0.00179426512799,0.0602138591938,17.9445309639
Actuacion(lineal,angular) = 0.00019601530713,0.7
0.982303432285,-0.00179683145944,0.064751715249,17.9634730816
0.982303432285,-0.00179683145944,0.064751715249,17.9777710438
0.982303432285,-0.00179683145944,0.064751715249,17.9943871498
0.982260875613,-0.00179959093469,0.0698131700798,18.0113790035
0.982260875613,-0.00179959093469,0.0698131700798,18.0277590752
0.982260875613,-0.00179959093469,0.0698131700798,18.0444321632
0.982260875613,-0.00179959093469,0.0698131700798,18.0612399578
0.982133249131,-0.00180851544767,0.0766199541625,18.0777461529
0.982133249131,-0.00180851544767,0.0766199541625,18.0945119858
0.982175770057,-0.00180525110586,0.0790634151153,18.111533165
0.982175770057,-0.00180525110586,0.0790634151153,18.1297080517
0.982175770057,-0.00180525110586,0.0790634151153,18.1442871094
Actuacion(lineal,angular) = 0.00019601530713,0.7
0.982048231588,-0.00181535579641,0.0876155284501,18.1613559723
0.982048231588,-0.00181535579641,0.0876155284501,18.1779470444
0.982048231588,-0.00181535579641,0.0876155284501,18.1959881783
0.981665889421,-0.00184894088994,0.0986111027377,18.2111780643
0.981665889421,-0.00184894088994,0.0986111027377,18.2281570435
0.981665889421,-0.00184894088994,0.100530964915,18.2445809841
0.981665889421,-0.00184894088994,0.100530964915,18.2614560127
0.981665889421,-0.00184894088994,0.100530964915,18.2777311802
0.981623458696,-0.00185322092006,0.10471975512,18.2951791286
0.981623458696,-0.00185322092006,0.10471975512,18.3113210201
0.981623458696,-0.00185322092006,0.10471975512,18.3278551102
0.981326571723,-0.00188442499829,0.108734012399,18.3462131023
Actuacion(lineal,angular) = 0.00019601530713,0.7
0.981326571723,-0.00188442499829,0.108734012399,18.3611211777
0.981326571723,-0.00188442499829,0.108734012399,18.3778431416
0.981326571723,-0.00188442499829,0.108734012399,18.3946399689
0.98111460078,-0.00190756471565,0.116064395258,18.4116070271
0.98111460078,-0.00190756471565,0.116064395258,18.4280610085
0.98111460078,-0.00190756471565,0.116064395258,18.4450850487
0.98111460078,-0.00190756471565,0.116064395258,18.464204073
0.98102988253,-0.00191744187962,0.12287117934,18.477627039
