0.0,0.0,0.0
0.0,0.0,0.0
0.0,0.0,0.0
0.0,0.0,0.0
0.000127938128603,2.97725549691e-08,-0.000698131700797
0.000298522246162,-9.67607828448e-08,-0.00104719755119
0.000341168266946,-1.41419607703e-07,-0.00104719755119
0.000383814279285,-1.93521566598e-07,-0.0012217304764
0.000511752316304,-3.49827443282e-07,-0.0012217304764
0.000724982241598,-6.99654797458e-07,-0.00209439510239
0.000767628175994,-7.96415519312e-07,-0.00244346095279
0.000895565944104,-1.10158392121e-06,-0.00296705972839
0.000980857634272,-1.36209337445e-06,-0.00349065850399
0.00115144065087,-1.98731558247e-06,-0.00453785605518
0.001620541135,-4.35422352805e-06,-0.00698131700798
0.00255870774321,-1.34793485118e-05,-0.0134390352404
0.00439214987773,-4.80355678074e-05,-0.0270526034059
0.00716212756477,-0.000152264983094,-0.0492182849062
0.010907486782,-0.000386888786218,-0.0788888821901
0.0150264555648,-0.000767222328898,-0.110479341651
0.0188354989197,-0.00123786851542,-0.140149938935
0.0225033024241,-0.00179663655407,-0.165282680164
0.0267417946359,-0.00256232446147,-0.196000474999
0.0310369245181,-0.00348126326917,-0.228812664936
