0.0,0.0,0.0,0.0496070384979
0.0,0.0,0.0,0.0665719509125
0.0,0.0,0.0,0.0829050540924
0.0,0.0,0.0,0.100548028946
0.0,0.0,0.0,0.116330862045
0.0,0.0,0.0,0.133024930954
0.0,0.0,0.0,0.149710893631
0.0,0.0,0.0,0.166347026825
0.0,0.0,0.0,0.183027982712
0.0,0.0,0.0,0.199688911438
0.0,0.0,0.0,0.217489004135
0.0,0.0,0.0,0.233054876328
0.0,0.0,0.0,0.249662876129
0.0,0.0,0.0,0.266281843185
0.0,0.0,0.0,0.283030033112
0.0,0.0,0.0,0.299692869186
0.0,0.0,0.0,0.316303014755
0.0,0.0,0.0,0.332993984222
0.0,0.0,0.0,0.349695920944
0.0,0.0,0.0,0.36649107933
0.0,0.0,0.0,0.382966995239
0.0,0.0,0.0,0.399662971497
0.0,0.0,0.0,0.416655063629
0.0,0.0,0.0,0.433109998703
0.0,0.0,0.0,0.449960947037
0.0,0.0,0.0,0.466626882553
0.0,0.0,0.0,0.483234882355
0.0,0.0,0.0,0.499892950058
0.0,0.0,0.0,0.516623020172
0.0,0.0,0.0,0.533259868622
0.0,0.0,0.0,0.54990196228
0.0,0.0,0.0,0.566498041153
0.0,0.0,0.0,0.583220005035
0.0,0.0,0.0,0.599761962891
0.0,0.0,0.0,0.616529941559
0.0,0.0,0.0,0.63302397728
0.0,0.0,0.0,0.651999950409
0.0,0.0,0.0,0.666527032852
0.0,0.0,0.0,0.69213104248
0.0,0.0,0.0,0.703315973282
0.0,0.0,0.0,0.716907024384
0.0,0.0,0.0,0.733240842819
0.0,0.0,0.0,0.750544071198
0.0,0.0,0.0,0.76650094986
0.0,0.0,0.0,0.78333902359
0.0,0.0,0.0,0.800811052322
0.0,0.0,0.0,0.81670999527
0.0,0.0,0.0,0.833245992661
0.0,0.0,0.0,0.850600004196
0.0,0.0,0.0,0.866654872894
0.0,0.0,0.0,0.883491039276
0.0,0.0,0.0,0.899780035019
0.0,0.0,0.0,0.916755914688
0.0,0.0,0.0,0.933158874512
0.0,0.0,0.0,0.951144933701
0.0,0.0,0.0,0.966616868973
0.0,0.0,0.0,0.983401060104
0.0,0.0,0.0,0.999866008759
0.0,0.0,0.0,1.01671791077
0.0,0.0,0.0,1.03334188461
0.0,0.0,0.0,1.0500729084
0.0,0.0,0.0,1.06649684906
0.0,0.0,0.0,1.08345985413
0.0,0.0,0.0,1.09978699684
0.0,0.0,0.0,1.11656403542
0.0,0.0,0.0,1.13312101364
0.0,0.0,0.0,1.14994001389
0.0,0.0,0.0,1.16655707359
0.0,0.0,0.0,1.18324494362
0.0,0.0,0.0,1.20001101494
0.0,0.0,0.0,1.21715593338
0.0,0.0,0.0,1.23688197136
0.0,0.0,0.0,1.25054907799
0.0,0.0,0.0,1.266507864
0.0,0.0,0.0,1.28691601753
0.0,0.0,0.0,1.29994988441
0.0,0.0,0.0,1.31673502922
0.0,0.0,0.0,1.33313202858
0.0,0.0,0.0,1.34988093376
0.0,0.0,0.0,1.36672902107
0.0,0.0,0.0,1.38337087631
0.0,0.0,0.0,1.39992690086
0.0,0.0,0.0,1.41655492783
0.0,0.0,0.0,1.43311405182
0.0,0.0,0.0,1.45021486282
0.0,0.0,0.0,1.46674895287
0.0,0.0,0.0,1.4831199646
0.0,0.0,0.0,1.49984788895
0.0,0.0,0.0,1.51651191711
0.0,0.0,0.0,1.53331303596
0.0,0.0,0.0,1.55023503304
0.0,0.0,0.0,1.56712388992
0.0,0.0,0.0,1.58319592476
0.0,0.0,0.0,1.59988903999
0.0,0.0,0.0,1.6169719696
0.0,0.0,0.0,1.63307189941
0.0,0.0,0.0,1.65071487427
0.0,0.0,0.0,1.66700291634
0.0,0.0,0.0,1.68323087692
0.0,0.0,0.0,1.7001209259
0.0,0.0,0.0,1.71693086624
0.0,0.0,0.0,1.73312592506
0.0,0.0,0.0,1.74994397163
0.0,0.0,0.0,1.76657795906
0.0,0.0,0.0,1.78322696686
0.0,0.0,0.0,1.79992794991
0.0,0.0,0.0,1.81663584709
0.0,0.0,0.0,1.83317685127
0.0,0.0,0.0,1.85020589828
0.0,0.0,0.0,1.86650800705
0.0,0.0,0.0,1.88321995735
0.0,0.0,0.0,1.89990186691
0.0,0.0,0.0,1.91649603844
0.0,0.0,0.0,1.93301486969
0.0,0.0,0.0,1.9497718811
0.0,0.0,0.0,1.96682691574
0.0,0.0,0.0,1.98341989517
0.0,0.0,0.0,2.00003695488
0.0,0.0,0.0,2.0165848732
0.0,0.0,0.0,2.03311800957
0.0,0.0,0.0,2.05002689362
0.0,0.0,0.0,2.06663990021
0.0,0.0,0.0,2.08328700066
0.0,0.0,0.0,2.09987592697
0.0,0.0,0.0,2.1164560318
0.0,0.0,0.0,2.13418984413
0.0,0.0,0.0,2.15001296997
0.0,0.0,0.0,2.16657400131
0.0,0.0,0.0,2.18319392204
0.0,0.0,0.0,2.2001979351
0.0,0.0,0.0,2.21694803238
0.0,0.0,0.0,2.2331700325
0.0,0.0,0.0,2.25000190735
0.0,0.0,0.0,2.26667785645
0.0,0.0,0.0,2.28323793411
0.0,0.0,0.0,2.30001306534
0.0,0.0,0.0,2.31654596329
0.0,0.0,0.0,2.33325791359
0.0,0.0,0.0,2.34996390343
0.0,0.0,0.0,2.36641287804
0.0,0.0,0.0,2.38314390182
0.0,0.0,0.0,2.39999198914
0.0,0.0,0.0,2.41645002365
0.0,0.0,0.0,2.43316602707
0.0,0.0,0.0,2.44968485832
0.0,0.0,0.0,2.46662402153
0.0,0.0,0.0,2.48319387436
0.0,0.0,0.0,2.50069189072
0.0,0.0,0.0,2.51653599739
0.0,0.0,0.0,2.53312587738
0.0,0.0,0.0,2.55211186409
0.0,0.0,0.0,2.56642198563
0.0,0.0,0.0,2.58329701424
0.0,0.0,0.0,2.59981703758
0.0,0.0,0.0,2.61672186852
0.0,0.0,0.0,2.63333106041
0.0,0.0,0.0,2.64992189407
0.0,0.0,0.0,2.66661691666
0.0,0.0,0.0,2.68323397636
0.0,0.0,0.0,2.70024085045
0.0,0.0,0.0,2.71663403511
0.0,0.0,0.0,2.73411202431
0.0,0.0,0.0,2.74983501434
0.0,0.0,0.0,2.76769804955
0.0,0.0,0.0,2.78314685822
0.0,0.0,0.0,2.79986095428
0.0,0.0,0.0,2.8165500164
0.0,0.0,0.0,2.83314299583
0.0,0.0,0.0,2.84985089302
0.0,0.0,0.0,2.86659693718
0.0,0.0,0.0,2.8832859993
0.0,0.0,0.0,2.89986991882
0.0,0.0,0.0,2.91693305969
0.0,0.0,0.0,2.93316793442
0.0,0.0,0.0,2.95023298264
0.0,0.0,0.0,2.96648788452
0.0,0.0,0.0,2.98332691193
0.0,0.0,0.0,2.99980401993
0.0,0.0,0.0,3.01676988602
0.0,0.0,0.0,3.03324389458
0.0,0.0,0.0,3.05013298988
0.0,0.0,0.0,3.06675195694
0.0,0.0,0.0,3.08315086365
0.0,0.0,0.0,3.09981894493
0.0,0.0,0.0,3.11668086052
0.0,0.0,0.0,3.13328099251
0.0,0.0,0.0,3.14985895157
0.0,0.0,0.0,3.16663789749
0.0,0.0,0.0,3.18322086334
0.0,0.0,0.0,3.19987893105
0.0,0.0,0.0,3.21658301353
0.0,0.0,0.0,3.23347306252
0.0,0.0,0.0,3.25034499168
0.0,0.0,0.0,3.26676487923
0.0,0.0,0.0,3.28397202492
0.0,0.0,0.0,3.29996705055
0.0,0.0,0.0,3.31664991379
0.0,0.0,0.0,3.33323502541
0.0,0.0,0.0,3.34983587265
0.0,0.0,0.0,3.36691784859
0.0,0.0,0.0,3.38453102112
0.0,0.0,0.0,3.40086388588
0.0,0.0,0.0,3.4179649353
0.0,0.0,0.0,3.4332048893
0.0,0.0,0.0,3.4499809742
0.0,0.0,0.0,3.46672105789
0.0,0.0,0.0,3.48323488235
0.0,0.0,0.0,3.50072097778
0.0,0.0,0.0,3.51673388481
0.0,0.0,0.0,3.53341293335
0.0,0.0,0.0,3.54999494553
0.0,0.0,0.0,3.56671595573
0.0,0.0,0.0,3.58344388008
0.0,0.0,0.0,3.60011386871
0.0,0.0,0.0,3.61678600311
0.0,0.0,0.0,3.63415384293
0.0,0.0,0.0,3.65149593353
0.0,0.0,0.0,3.66650104523
0.0,0.0,0.0,3.68318200111
0.0,0.0,0.0,3.70018696785
0.0,0.0,0.0,3.71791291237
0.0,0.0,0.0,3.73400998116
0.0,0.0,0.0,3.7502219677
0.0,0.0,0.0,3.7681620121
0.0,0.0,0.0,3.78558206558
0.0,0.0,0.0,3.80011987686
0.0,0.0,0.0,3.81682896614
0.0,0.0,0.0,3.83312392235
0.0,0.0,0.0,3.85104203224
0.0,0.0,0.0,3.86737203598
0.0,0.0,0.0,3.88334798813
0.0,0.0,0.0,3.89986586571
0.0,0.0,0.0,3.91672897339
0.0,0.0,0.0,3.9334590435
0.0,0.0,0.0,3.95005488396
0.0,0.0,0.0,3.9666428566
0.0,0.0,0.0,3.98337697983
0.0,0.0,0.0,4.00032186508
0.0,0.0,0.0,4.01679587364
0.0,0.0,0.0,4.03320407867
0.0,0.0,0.0,4.05085396767
0.0,0.0,0.0,4.0666809082
0.0,0.0,0.0,4.08329391479
0.0,0.0,0.0,4.09972596169
0.0,0.0,0.0,4.11659789085
0.0,0.0,0.0,4.1336710453
0.0,0.0,0.0,4.15084195137
0.0,0.0,0.0,4.16668105125
0.0,0.0,0.0,4.18330788612
0.0,0.0,0.0,4.20035004616
0.0,0.0,0.0,4.21646690369
0.0,0.0,0.0,4.23335504532
0.0,0.0,0.0,4.25058507919
0.0,0.0,0.0,4.26658987999
0.0,0.0,0.0,4.28318190575
0.0,0.0,0.0,4.29997205734
0.0,0.0,0.0,4.3167078495
0.0,0.0,0.0,4.33310294151
0.0,0.0,0.0,4.34993886948
0.0,0.0,0.0,4.36660385132
0.0,0.0,0.0,4.38327288628
0.0,0.0,0.0,4.40000295639
0.0,0.0,0.0,4.4165699482
0.0,0.0,0.0,4.4332139492
0.0,0.0,0.0,4.4499130249
0.0,0.0,0.0,4.46673202515
0.0,0.0,0.0,4.48345589638
0.0,0.0,0.0,4.50052785873
0.0,0.0,0.0,4.51663684845
0.0,0.0,0.0,4.53318285942
0.0,0.0,0.0,4.5498020649
0.0,0.0,0.0,4.56736087799
0.0,0.0,0.0,4.58314299583
0.0,0.0,0.0,4.60024094582
0.0,0.0,0.0,4.61665201187
0.0,0.0,0.0,4.63508701324
0.0,0.0,0.0,4.65120506287
0.0,0.0,0.0,4.66909885406
0.0,0.0,0.0,4.68500995636
0.0,0.0,0.0,4.70143795013
0.0,0.0,0.0,4.71659898758
0.0,0.0,0.0,4.73310899734
0.0,0.0,0.0,4.74996805191
0.0,0.0,0.0,4.76756501198
0.0,0.0,0.0,4.78611397743
0.0,0.0,0.0,4.79971289635
0.0,0.0,0.0,4.81652784348
0.0,0.0,0.0,4.83317089081
0.0,0.0,0.0,4.8498339653
0.0,0.0,0.0,4.86651587486
0.0,0.0,0.0,4.8831038475
0.0,0.0,0.0,4.8998029232
0.0,0.0,0.0,4.91646289825
0.0,0.0,0.0,4.93314886093
0.0,0.0,0.0,4.94981384277
0.0,0.0,0.0,4.96641993523
0.0,0.0,0.0,4.98313093185
0.0,0.0,0.0,4.999781847
0.0,0.0,0.0,5.01646304131
0.0,0.0,0.0,5.03316187859
0.0,0.0,0.0,5.04985404015
0.0,0.0,0.0,5.06667304039
0.0,0.0,0.0,5.08314704895
0.0,0.0,0.0,5.0998749733
0.0,0.0,0.0,5.11652398109
0.0,0.0,0.0,5.13306593895
0.0,0.0,0.0,5.14974403381
0.0,0.0,0.0,5.16637706757
0.0,0.0,0.0,5.18305206299
0.0,0.0,0.0,5.19998002052
0.0,0.0,0.0,5.21646785736
0.0,0.0,0.0,5.23303198814
0.0,0.0,0.0,5.24973988533
0.0,0.0,0.0,5.26650285721
0.0,0.0,0.0,5.28318095207
0.0,0.0,0.0,5.29983592033
0.0,0.0,0.0,5.31646800041
0.0,0.0,0.0,5.33312988281
0.0,0.0,0.0,5.34981894493
0.0,0.0,0.0,5.36651992798
0.0,0.0,0.0,5.38312005997
0.0,0.0,0.0,5.39982104301
0.0,0.0,0.0,5.41645598412
0.0,0.0,0.0,5.43317198753
0.0,0.0,0.0,5.44980502129
0.0,0.0,0.0,5.46649503708
0.0,0.0,0.0,5.48337006569
0.0,0.0,0.0,5.50016093254
0.0,0.0,0.0,5.51772403717
0.0,0.0,0.0,5.53314495087
0.0,0.0,0.0,5.55018806458
0.0,0.0,0.0,5.56662797928
0.0,0.0,0.0,5.58317089081
0.0,0.0,0.0,5.600689888
0.0,0.0,0.0,5.61664485931
0.0,0.0,0.0,5.63308787346
0.0,0.0,0.0,5.65502095222
0.0,0.0,0.0,5.66652107239
0.0,0.0,0.0,5.68319892883
0.0,0.0,0.0,5.69973897934
0.0,0.0,0.0,5.71655607224
0.0,0.0,0.0,5.73316502571
0.0,0.0,0.0,5.74990391731
0.0,0.0,0.0,5.76668000221
0.0,0.0,0.0,5.78338003159
0.0,0.0,0.0,5.79972600937
0.0,0.0,0.0,5.8164999485
0.0,0.0,0.0,5.83314394951
0.0,0.0,0.0,5.84977698326
0.0,0.0,0.0,5.86651301384
0.0,0.0,0.0,5.88376188278
0.0,0.0,0.0,5.90048193932
0.0,0.0,0.0,5.91644406319
0.0,0.0,0.0,5.93348884583
0.0,0.0,0.0,5.94992399216
0.0,0.0,0.0,5.96698307991
0.0,0.0,0.0,5.98319292068
0.0,0.0,0.0,6.00056886673
0.0,0.0,0.0,6.01693797112
0.0,0.0,0.0,6.03485393524
0.0,0.0,0.0,6.0505759716
0.0,0.0,0.0,6.06689405441
0.0,0.0,0.0,6.08343696594
0.0,0.0,0.0,6.10061693192
0.0,0.0,0.0,6.1165099144
0.0,0.0,0.0,6.13416600227
0.0,0.0,0.0,6.15041995049
0.0,0.0,0.0,6.1669678688
0.0,0.0,0.0,6.18352389336
0.0,0.0,0.0,6.20020604134
0.0,0.0,0.0,6.2168970108
0.0,0.0,0.0,6.23363184929
0.0,0.0,0.0,6.25003004074
0.0,0.0,0.0,6.26670002937
0.0,0.0,0.0,6.28361701965
0.0,0.0,0.0,6.30144000053
0.0,0.0,0.0,6.31817698479
0.0,0.0,0.0,6.33427095413
0.0,0.0,0.0,6.35010385513
0.0,0.0,0.0,6.36670684814
0.0,0.0,0.0,6.38330197334
0.0,0.0,0.0,6.40039896965
0.0,0.0,0.0,6.41667485237
0.0,0.0,0.0,6.43361997604
0.0,0.0,0.0,6.44999098778
0.0,0.0,0.0,6.46687102318
0.0,0.0,0.0,6.48340892792
0.0,0.0,0.0,6.50004005432
0.0,0.0,0.0,6.51652789116
0.0,0.0,0.0,6.53311395645
0.0,0.0,0.0,6.54996204376
0.0,0.0,0.0,6.56686592102
0.0,0.0,0.0,6.58321285248
0.0,0.0,0.0,6.60052490234
0.0,0.0,0.0,6.61666202545
0.0,0.0,0.0,6.63317298889
0.0,0.0,0.0,6.65026497841
0.0,0.0,0.0,6.66703486443
0.0,0.0,0.0,6.68348693848
0.0,0.0,0.0,6.70044088364
0.0,0.0,0.0,6.71665000916
0.0,0.0,0.0,6.73344802856
0.0,0.0,0.0,6.74992799759
0.0,0.0,0.0,6.76697802544
0.0,0.0,0.0,6.78341507912
0.0,0.0,0.0,6.80012106895
0.0,0.0,0.0,6.816395998
0.0,0.0,0.0,6.83324384689
0.0,0.0,0.0,6.84996795654
0.0,0.0,0.0,6.86664700508
0.0,0.0,0.0,6.88335084915
0.0,0.0,0.0,6.89992785454
0.0,0.0,0.0,6.91681790352
0.0,0.0,0.0,6.93316793442
0.0,0.0,0.0,6.95015287399
0.0,0.0,0.0,6.96696186066
0.0,0.0,0.0,6.9832880497
0.0,0.0,0.0,7.00044488907
0.0,0.0,0.0,7.01661705971
0.0,0.0,0.0,7.03348398209
0.0,0.0,0.0,7.05058884621
0.0,0.0,0.0,7.06679487228
0.0,0.0,0.0,7.08407497406
0.0,0.0,0.0,7.09986400604
0.0,0.0,0.0,7.11671590805
0.0,0.0,0.0,7.13320589066
0.0,0.0,0.0,7.15001106262
0.0,0.0,0.0,7.16699695587
0.0,0.0,0.0,7.1840839386
0.0,0.0,0.0,7.19996094704
0.0,0.0,0.0,7.21671104431
0.0,0.0,0.0,7.23313593864
0.0,0.0,0.0,7.24995088577
0.0,0.0,0.0,7.26687002182
0.0,0.0,0.0,7.28339195251
0.0,0.0,0.0,7.30001497269
0.0,0.0,0.0,7.31676697731
0.0,0.0,0.0,7.33329606056
0.0,0.0,0.0,7.35022997856
0.0,0.0,0.0,7.36665797234
0.0,0.0,0.0,7.38334584236
0.0,0.0,0.0,7.39987397194
0.0,0.0,0.0,7.41663384438
0.0,0.0,0.0,7.43334293365
0.0,0.0,0.0,7.45054388046
0.0,0.0,0.0,7.46672701836
0.0,0.0,0.0,7.4831829071
0.0,0.0,0.0,7.50017786026
0.0,0.0,0.0,7.51681494713
0.0,0.0,0.0,7.53338289261
0.0,0.0,0.0,7.55132389069
0.0,0.0,0.0,7.567029953
0.0,0.0,0.0,7.58330607414
0.0,0.0,0.0,7.59992098808
0.0,0.0,0.0,7.61678600311
0.0,0.0,0.0,7.63348293304
0.0,0.0,0.0,7.64992499352
0.0,0.0,0.0,7.6666560173
0.0,0.0,0.0,7.68323302269
0.0,0.0,0.0,7.70086288452
0.0,0.0,0.0,7.71687793732
0.0,0.0,0.0,7.7361779213
0.0,0.0,0.0,7.75136184692
0.0,0.0,0.0,7.76676297188
0.0,0.0,0.0,7.7831530571
0.0,0.0,0.0,7.80007386208
0.0,0.0,0.0,7.81647586823
0.0,0.0,0.0,7.8333799839
0.0,0.0,0.0,7.84999799728
0.0,0.0,0.0,7.86676287651
0.0,0.0,0.0,7.88347291946
0.0,0.0,0.0,7.90063500404
0.0,0.0,0.0,7.91714787483
0.0,0.0,0.0,7.9336938858
0.0,0.0,0.0,7.95095205307
0.0,0.0,0.0,7.96800088882
0.0,0.0,0.0,7.98392295837
0.0,0.0,0.0,8.00148105621
0.0,0.0,0.0,8.01692986488
0.0,0.0,0.0,8.0335278511
0.0,0.0,0.0,8.04993391037
0.0,0.0,0.0,8.06684803963
0.0,0.0,0.0,8.08329892159
0.0,0.0,0.0,8.10072588921
0.0,0.0,0.0,8.11669301987
0.0,0.0,0.0,8.13339495659
0.0,0.0,0.0,8.14995884895
0.0,0.0,0.0,8.16654896736
0.0,0.0,0.0,8.18410992622
0.0,0.0,0.0,8.20001101494
0.0,0.0,0.0,8.21665287018
0.0,0.0,0.0,8.23331904411
0.0,0.0,0.0,8.25007295609
0.0,0.0,0.0,8.26734304428
0.0,0.0,0.0,8.28361487389
0.0,0.0,0.0,8.30073285103
0.0,0.0,0.0,8.31764698029
0.0,0.0,0.0,8.33579087257
0.0,0.0,0.0,8.35109496117
0.0,0.0,0.0,8.36825203896
0.0,0.0,0.0,8.38447904587
0.0,0.0,0.0,8.40014791489
0.0,0.0,0.0,8.41766405106
0.0,0.0,0.0,8.43444299698
0.0,0.0,0.0,8.45057892799
0.0,0.0,0.0,8.46682286263
0.0,0.0,0.0,8.4832508564
0.0,0.0,0.0,8.50035095215
0.0,0.0,0.0,8.5167620182
0.0,0.0,0.0,8.53380703926
0.0,0.0,0.0,8.55015587807
0.0,0.0,0.0,8.56676101685
0.0,0.0,0.0,8.5833170414
0.0,0.0,0.0,8.60021090508
0.0,0.0,0.0,8.61670804024
0.0,0.0,0.0,8.63356685638
0.0,0.0,0.0,8.65009999275
0.0,0.0,0.0,8.66674494743
0.0,0.0,0.0,8.68339586258
0.0,0.0,0.0,8.70058703423
0.0,0.0,0.0,8.7165620327
0.0,0.0,0.0,8.73325991631
0.0,0.0,0.0,8.74999094009
0.0,0.0,0.0,8.76653194427
0.0,0.0,0.0,8.78322005272
0.0,0.0,0.0,8.80002784729
0.0,0.0,0.0,8.81680893898
0.0,0.0,0.0,8.83387088776
0.0,0.0,0.0,8.84993696213
0.0,0.0,0.0,8.86640000343
0.0,0.0,0.0,8.88329291344
0.0,0.0,0.0,8.90048503876
0.0,0.0,0.0,8.91685295105
0.0,0.0,0.0,8.93360590935
0.0,0.0,0.0,8.95031690598
0.0,0.0,0.0,8.96707606316
0.0,0.0,0.0,8.98358798027
0.0,0.0,0.0,9.00038290024
0.0,0.0,0.0,9.01690387726
0.0,0.0,0.0,9.03322291374
0.0,0.0,0.0,9.05022192001
0.0,0.0,0.0,9.06676197052
0.0,0.0,0.0,9.08392596245
0.0,0.0,0.0,9.10110998154
0.0,0.0,0.0,9.11691498756
0.0,0.0,0.0,9.13346290588
0.0,0.0,0.0,9.14996790886
0.0,0.0,0.0,9.16687107086
0.0,0.0,0.0,9.18406391144
0.0,0.0,0.0,9.2006790638
0.0,0.0,0.0,9.21701192856
0.0,0.0,0.0,9.23381304741
0.0,0.0,0.0,9.24987506866
0.0,0.0,0.0,9.26649594307
0.0,0.0,0.0,9.28310990334
0.0,0.0,0.0,9.30053091049
0.0,0.0,0.0,9.31678390503
0.0,0.0,0.0,9.33395695686
0.0,0.0,0.0,9.34997987747
0.0,0.0,0.0,9.36779785156
0.0,0.0,0.0,9.38313603401
0.0,0.0,0.0,9.39992403984
0.0,0.0,0.0,9.41664791107
0.0,0.0,0.0,9.43327593803
0.0,0.0,0.0,9.45107507706
0.0,0.0,0.0,9.46670103073
0.0,0.0,0.0,9.48336291313
0.0,0.0,0.0,9.50104784966
0.0,0.0,0.0,9.51670503616
0.0,0.0,0.0,9.53369498253
0.0,0.0,0.0,9.55096793175
0.0,0.0,0.0,9.5667090416
0.0,0.0,0.0,9.58421492577
0.0,0.0,0.0,9.60226297379
0.0,0.0,0.0,9.61729001999
0.0,0.0,0.0,9.63365507126
0.0,0.0,0.0,9.64990091324
0.0,0.0,0.0,9.66860890388
0.0,0.0,0.0,9.68331289291
0.0,0.0,0.0,9.70203185081
0.0,0.0,0.0,9.71772384644
0.0,0.0,0.0,9.73356103897
0.0,0.0,0.0,9.75002884865
0.0,0.0,0.0,9.76692485809
0.0,0.0,0.0,9.78374099731
0.0,0.0,0.0,9.8005759716
0.0,0.0,0.0,9.81664800644
0.0,0.0,0.0,9.83328604698
0.0,0.0,0.0,9.8499648571
0.0,0.0,0.0,9.86666107178
0.0,0.0,0.0,9.88325285912
0.0,0.0,0.0,9.90035295486
0.0,0.0,0.0,9.91677284241
0.0,0.0,0.0,9.93328285217
0.0,0.0,0.0,9.95093607903
0.0,0.0,0.0,9.96666884422
0.0,0.0,0.0,9.98314785957
0.0,0.0,0.0,10.0005528927
0.0,0.0,0.0,10.0165159702
0.0,0.0,0.0,10.0349199772
0.0,0.0,0.0,10.0531289577
0.0,0.0,0.0,10.0668439865
0.0,0.0,0.0,10.0833120346
0.0,0.0,0.0,10.1001410484
0.0,0.0,0.0,10.1165590286
0.0,0.0,0.0,10.1334009171
0.0,0.0,0.0,10.1499450207
0.0,0.0,0.0,10.1667449474
0.0,0.0,0.0,10.1834988594
0.0,0.0,0.0,10.2001669407
0.0,0.0,0.0,10.216534853
0.0,0.0,0.0,10.2334558964
0.0,0.0,0.0,10.2500710487
0.0,0.0,0.0,10.2666869164
0.0,0.0,0.0,10.2831408978
0.0,0.0,0.0,10.3001868725
0.0,0.0,0.0,10.3167369366
0.0,0.0,0.0,10.3332178593
0.0,0.0,0.0,10.3498849869
0.0,0.0,0.0,10.3668189049
0.0,0.0,0.0,10.3833229542
0.0,0.0,0.0,10.4000248909
0.0,0.0,0.0,10.4164860249
0.0,0.0,0.0,10.4340519905
0.0,0.0,0.0,10.4506208897
0.0,0.0,0.0,10.4693069458
0.0,0.0,0.0,10.4831750393
0.0,0.0,0.0,10.5009698868
0.0,0.0,0.0,10.5166599751
0.0,0.0,0.0,10.5341720581
0.0,0.0,0.0,10.5507459641
0.0,0.0,0.0,10.5668690205
0.0,0.0,0.0,10.5832078457
0.0,0.0,0.0,10.6002969742
0.0,0.0,0.0,10.6165618896
0.0,0.0,0.0,10.6332979202
0.0,0.0,0.0,10.6500408649
0.0,0.0,0.0,10.6671888828
0.0,0.0,0.0,10.6832220554
0.0,0.0,0.0,10.7011399269
0.0,0.0,0.0,10.7171149254
0.0,0.0,0.0,10.7337229252
0.0,0.0,0.0,10.7505860329
Actuacion(lineal,angular) = 0.0397865772247,0.0
0.0,0.0,0.0,10.771089077
0.0,0.0,0.0,10.7832529545
0.0,0.0,0.0,10.799998045
0.0,0.0,0.0,10.8166089058
0.0,0.0,0.0,10.8332419395
0.0,0.0,0.0,10.8499360085
0.0,0.0,0.0001745329252,10.8686468601
0.0,0.0,0.0001745329252,10.8836870193
0.0,0.0,0.0001745329252,10.9007709026
0.0,0.0,0.0001745329252,10.916903019
0.0,0.0,0.000349065850398,10.9334669113
0.0,0.0,0.000349065850398,10.9500470161
0.0,0.0,0.000349065850398,10.9670538902
0.0,0.0,0.000349065850398,10.9832119942
0.000810274789805,2.82839270401e-07,0.0001745329252,11.0000288486
0.000810274789805,2.82839270401e-07,0.0001745329252,11.0165128708
0.000810274789805,2.82839270401e-07,0.0001745329252,11.0335879326
0.0012793812685,3.6471379741e-07,0.0001745329252,11.049793005
0.0012793812685,3.6471379741e-07,0.0001745329252,11.0674510002
0.0012793812685,3.6471379741e-07,0.0001745329252,11.0832760334
0.00144996544256,3.94486352666e-07,0.0001745329252,11.1002058983
0.00144996544256,3.94486352666e-07,0.0001745329252,11.1166110039
0.00204701005181,4.98690295952e-07,0.0,11.1333990097
0.00204701005181,4.98690295952e-07,0.0,11.1499638557
0.00204701005181,4.98690295952e-07,0.0,11.1668720245
0.00204701005181,4.98690295952e-07,0.0,11.1830558777
0.00255876258181,4.98690296291e-07,0.0,11.1998970509
0.00255876258181,4.98690296291e-07,0.0,11.2165949345
0.00277199280264,4.98690296163e-07,0.0,11.2333099842
0.00277199280264,4.98690296163e-07,0.0,11.2501409054
0.00277199280264,4.98690296163e-07,0.0,11.2668969631
0.00332639137681,4.98690296041e-07,0.0,11.2840409279
0.00332639137681,4.98690296041e-07,0.0,11.3002610207
0.00345432950931,4.98690295856e-07,0.0,11.3178479671
0.00345432950931,4.98690295856e-07,0.0,11.3334000111
0.00345432950931,4.98690295856e-07,0.0,11.3508939743
0.00388078995098,4.98690296139e-07,0.000349065850398,11.3667619228
0.00388078995098,4.98690296139e-07,0.000349065850398,11.3845310211
0.00388078995098,4.98690296139e-07,0.000349065850398,11.4018769264
0.00400872807568,5.4334912823e-07,0.000349065850398,11.4170229435
0.00400872807568,5.4334912823e-07,0.000349065850398,11.4352068901
0.00456312661607,7.36870734129e-07,0.000523598775596,11.4506590366
0.00456312661607,7.36870734129e-07,0.000523598775596,11.4668660164
0.00456312661607,7.36870734129e-07,0.000523598775596,11.4842619896
0.00494694096096,9.37835473664e-07,0.000523598775596,11.5017869473
0.00494694096096,9.37835473664e-07,0.000523598775596,11.5178098679
0.00494694096096,9.37835473664e-07,0.000523598775596,11.5347409248
0.00494694096096,9.37835473664e-07,0.000523598775596,11.5503408909
0.00494694096096,9.37835473664e-07,0.000523598775596,11.5669388771
0.00494694096096,9.37835473664e-07,0.000523598775596,11.5834548473
0.00494694096096,9.37835473664e-07,0.000523598775596,11.6008019447
0.00494694096096,9.37835473664e-07,0.000523598775596,11.616519928
0.00494694096096,9.37835473664e-07,0.000523598775596,11.6336359978
0.00494694096096,9.37835473664e-07,0.000523598775596,11.6497938633
0.00494694096096,9.37835473664e-07,0.000523598775596,11.6665558815
0.00494694096096,9.37835473664e-07,0.000523598775596,11.6831898689
0.00494694096096,9.37835473664e-07,0.000523598775596,11.7001140118
0.00494694096096,9.37835473664e-07,0.000523598775596,11.7165179253
0.00494694096096,9.37835473664e-07,0.000523598775596,11.7334470749
0.00494694096096,9.37835473664e-07,0.000523598775596,11.7500660419
0.00494694096096,9.37835473664e-07,0.000523598775596,11.7669508457
0.00494694096096,9.37835473664e-07,0.000523598775596,11.78332901
0.00494694096096,9.37835473664e-07,0.000523598775596,11.8002538681
0.00494694096096,9.37835473664e-07,0.000523598775596,11.8173530102
0.00494694096096,9.37835473664e-07,0.000523598775596,11.8350908756
0.00494694096096,9.37835473664e-07,0.000523598775596,11.8499500751
0.00494694096096,9.37835473664e-07,0.000523598775596,11.8683378696
0.00494694096096,9.37835473664e-07,0.000523598775596,11.8834080696
0.00494694096096,9.37835473664e-07,0.000523598775596,11.9005079269
0.00494694096096,9.37835473664e-07,0.000523598775596,11.9166929722
0.00494694096096,9.37835473664e-07,0.000523598775596,11.9335010052
0.00494694096096,9.37835473664e-07,0.000523598775596,11.9523780346
0.00494694096096,9.37835473664e-07,0.000523598775596,11.9683048725
0.00494694096096,9.37835473664e-07,0.000523598775596,11.9842269421
0.00494694096096,9.37835473664e-07,0.000523598775596,12.0015089512
0.00494694096096,9.37835473664e-07,0.000523598775596,12.016479969
0.00494694096096,9.37835473664e-07,0.000523598775596,12.0337460041
0.00494694096096,9.37835473664e-07,0.000523598775596,12.0498888493
0.00494694096096,9.37835473664e-07,0.000523598775596,12.0670540333
0.00494694096096,9.37835473664e-07,0.000523598775596,12.0846669674
0.00494694096096,9.37835473664e-07,0.000523598775596,12.1001799107
0.00494694096096,9.37835473664e-07,0.000523598775596,12.1167910099
0.00494694096096,9.37835473664e-07,0.000523598775596,12.1340298653
0.00494694096096,9.37835473664e-07,0.000523598775596,12.1502718925
0.00494694096096,9.37835473664e-07,0.000523598775596,12.1670789719
0.00494694096096,9.37835473664e-07,0.000523598775596,12.1839179993
0.00494694096096,9.37835473664e-07,0.000523598775596,12.2007188797
0.00494694096096,9.37835473664e-07,0.000523598775596,12.2170548439
0.00494694096096,9.37835473664e-07,0.000523598775596,12.2335178852
0.00494694096096,9.37835473664e-07,0.000523598775596,12.2497980595
0.00494694096096,9.37835473664e-07,0.000523598775596,12.2668950558
0.00494694096096,9.37835473664e-07,0.000523598775596,12.2836589813
0.00494694096096,9.37835473664e-07,0.000523598775596,12.3011369705
0.00494694096096,9.37835473664e-07,0.000523598775596,12.3168468475
0.00494694096096,9.37835473664e-07,0.000523598775596,12.3337478638
0.00494694096096,9.37835473664e-07,0.000523598775596,12.3504970074
0.00494694096096,9.37835473664e-07,0.000523598775596,12.3673150539
0.00494694096096,9.37835473664e-07,0.000523598775596,12.3836889267
0.00494694096096,9.37835473664e-07,0.000523598775596,12.400236845
0.00494694096096,9.37835473664e-07,0.000523598775596,12.4166600704
0.00494694096096,9.37835473664e-07,0.000523598775596,12.4334080219
0.00494694096096,9.37835473664e-07,0.000523598775596,12.4501709938
0.00494694096096,9.37835473664e-07,0.000523598775596,12.4670748711
0.00494694096096,9.37835473664e-07,0.000523598775596,12.4844999313
0.00494694096096,9.37835473664e-07,0.000523598775596,12.5014488697
0.00494694096096,9.37835473664e-07,0.000523598775596,12.5173280239
0.00494694096096,9.37835473664e-07,0.000523598775596,12.5337150097
0.00494694096096,9.37835473664e-07,0.000523598775596,12.5500850677
0.00494694096096,9.37835473664e-07,0.000523598775596,12.5671319962
0.00494694096096,9.37835473664e-07,0.000523598775596,12.583220005
0.00494694096096,9.37835473664e-07,0.000523598775596,12.600910902
0.00494694096096,9.37835473664e-07,0.000523598775596,12.616699934
0.00494694096096,9.37835473664e-07,0.000523598775596,12.633687973
0.00494694096096,9.37835473664e-07,0.000523598775596,12.6512889862
0.00494694096096,9.37835473664e-07,0.000523598775596,12.6667740345
0.00494694096096,9.37835473664e-07,0.000523598775596,12.6832849979
0.00494694096096,9.37835473664e-07,0.000523598775596,12.7004849911
0.00494694096096,9.37835473664e-07,0.000523598775596,12.7166440487
0.00494694096096,9.37835473664e-07,0.000523598775596,12.7334699631
0.00494694096096,9.37835473664e-07,0.000523598775596,12.7509109974
0.00494694096096,9.37835473664e-07,0.000523598775596,12.7668249607
0.00494694096096,9.37835473664e-07,0.000523598775596,12.784126997
0.00494694096096,9.37835473664e-07,0.000523598775596,12.8015739918
0.00494694096096,9.37835473664e-07,0.000523598775596,12.8176898956
0.00494694096096,9.37835473664e-07,0.000523598775596,12.8335938454
0.00494694096096,9.37835473664e-07,0.000523598775596,12.8499250412
0.00494694096096,9.37835473664e-07,0.000523598775596,12.8670039177
0.00494694096096,9.37835473664e-07,0.000523598775596,12.8832929134
0.00494694096096,9.37835473664e-07,0.000523598775596,12.9005599022
0.00494694096096,9.37835473664e-07,0.000523598775596,12.9165539742
0.00494694096096,9.37835473664e-07,0.000523598775596,12.9338128567
0.00494694096096,9.37835473664e-07,0.000523598775596,12.9499778748
0.00494694096096,9.37835473664e-07,0.000523598775596,12.9670269489
0.00494694096096,9.37835473664e-07,0.000523598775596,12.9838988781
0.00494694096096,9.37835473664e-07,0.000523598775596,12.9999248981
0.00494694096096,9.37835473664e-07,0.000523598775596,13.0164699554
0.00494694096096,9.37835473664e-07,0.000523598775596,13.0335290432
0.00494694096096,9.37835473664e-07,0.000523598775596,13.0504319668
0.00494694096096,9.37835473664e-07,0.000523598775596,13.0668070316
0.00494694096096,9.37835473664e-07,0.000523598775596,13.0834519863
0.00494694096096,9.37835473664e-07,0.000523598775596,13.1011939049
0.00494694096096,9.37835473664e-07,0.000523598775596,13.1170098782
0.00494694096096,9.37835473664e-07,0.000523598775596,13.1334228516
0.00494694096096,9.37835473664e-07,0.000523598775596,13.1499938965
0.00494694096096,9.37835473664e-07,0.000523598775596,13.1669168472
0.00494694096096,9.37835473664e-07,0.000523598775596,13.1837370396
0.00494694096096,9.37835473664e-07,0.000523598775596,13.200729847
0.00494694096096,9.37835473664e-07,0.000523598775596,13.2167129517
0.00494694096096,9.37835473664e-07,0.000523598775596,13.233412981
0.00494694096096,9.37835473664e-07,0.000523598775596,13.2502770424
0.00494694096096,9.37835473664e-07,0.000523598775596,13.2669119835
0.00494694096096,9.37835473664e-07,0.000523598775596,13.284101963
0.00494694096096,9.37835473664e-07,0.000523598775596,13.3002989292
0.00494694096096,9.37835473664e-07,0.000523598775596,13.316493988
0.00494694096096,9.37835473664e-07,0.000523598775596,13.3334159851
0.00494694096096,9.37835473664e-07,0.000523598775596,13.3499288559
0.00494694096096,9.37835473664e-07,0.000523598775596,13.3667590618
0.00494694096096,9.37835473664e-07,0.000523598775596,13.3834290504
0.00494694096096,9.37835473664e-07,0.000523598775596,13.3999049664
0.00494694096096,9.37835473664e-07,0.000523598775596,13.4163498878
0.00494694096096,9.37835473664e-07,0.000523598775596,13.4333980083
0.00494694096096,9.37835473664e-07,0.000523598775596,13.4501008987
0.00494694096096,9.37835473664e-07,0.000523598775596,13.4677760601
0.00494694096096,9.37835473664e-07,0.000523598775596,13.4833788872
0.00494694096096,9.37835473664e-07,0.000523598775596,13.5014379025
0.00494694096096,9.37835473664e-07,0.000523598775596,13.5165970325
0.00494694096096,9.37835473664e-07,0.000523598775596,13.5332939625
0.00494694096096,9.37835473664e-07,0.000523598775596,13.5506060123
0.00494694096096,9.37835473664e-07,0.000523598775596,13.5670268536
0.00494694096096,9.37835473664e-07,0.000523598775596,13.5838110447
0.00494694096096,9.37835473664e-07,0.000523598775596,13.6012060642
0.00494694096096,9.37835473664e-07,0.000523598775596,13.616549015
0.00494694096096,9.37835473664e-07,0.000523598775596,13.6368000507
0.00494694096096,9.37835473664e-07,0.000523598775596,13.6502549648
0.00494694096096,9.37835473664e-07,0.000523598775596,13.6683030128
0.00494694096096,9.37835473664e-07,0.000523598775596,13.6833920479
0.00494694096096,9.37835473664e-07,0.000523598775596,13.7000229359
0.00494694096096,9.37835473664e-07,0.000523598775596,13.7164719105
0.00494694096096,9.37835473664e-07,0.000523598775596,13.7337698936
0.00494694096096,9.37835473664e-07,0.000523598775596,13.7502398491
0.00494694096096,9.37835473664e-07,0.000523598775596,13.7673718929
0.00494694096096,9.37835473664e-07,0.000523598775596,13.7834150791
0.00494694096096,9.37835473664e-07,0.000523598775596,13.8002009392
0.00494694096096,9.37835473664e-07,0.000523598775596,13.8164889812
0.00494694096096,9.37835473664e-07,0.000523598775596,13.8336679935
0.00494694096096,9.37835473664e-07,0.000523598775596,13.8498859406
0.00494694096096,9.37835473664e-07,0.000523598775596,13.8692159653
0.00494694096096,9.37835473664e-07,0.000523598775596,13.8834290504
0.00494694096096,9.37835473664e-07,0.000523598775596,13.9001300335
0.00494694096096,9.37835473664e-07,0.000523598775596,13.9166049957
0.00494694096096,9.37835473664e-07,0.000523598775596,13.9338860512
0.00494694096096,9.37835473664e-07,0.000523598775596,13.9503269196
0.00494694096096,9.37835473664e-07,0.000523598775596,13.9689600468
0.00494694096096,9.37835473664e-07,0.000523598775596,13.984349966
0.00494694096096,9.37835473664e-07,0.000523598775596,14.0015769005
0.00494694096096,9.37835473664e-07,0.000523598775596,14.0169019699
0.00494694096096,9.37835473664e-07,0.000523598775596,14.0335919857
0.00494694096096,9.37835473664e-07,0.000523598775596,14.0502610207
0.00494694096096,9.37835473664e-07,0.000523598775596,14.0683860779
0.00494694096096,9.37835473664e-07,0.000523598775596,14.0853099823
0.00494694096096,9.37835473664e-07,0.000523598775596,14.1006159782
0.00494694096096,9.37835473664e-07,0.000523598775596,14.1167359352
0.00494694096096,9.37835473664e-07,0.000523598775596,14.1334550381
0.00494694096096,9.37835473664e-07,0.000523598775596,14.1502540112
0.00494694096096,9.37835473664e-07,0.000523598775596,14.1666538715
0.00494694096096,9.37835473664e-07,0.000523598775596,14.1834049225
0.00494694096096,9.37835473664e-07,0.000523598775596,14.2003979683
0.00494694096096,9.37835473664e-07,0.000523598775596,14.2166728973
0.00494694096096,9.37835473664e-07,0.000523598775596,14.2337229252
0.00494694096096,9.37835473664e-07,0.000523598775596,14.2498948574
0.00494694096096,9.37835473664e-07,0.000523598775596,14.2689180374
0.00494694096096,9.37835473664e-07,0.000523598775596,14.2835788727
0.00494694096096,9.37835473664e-07,0.000523598775596,14.3016350269
0.00494694096096,9.37835473664e-07,0.000523598775596,14.3168339729
0.00494694096096,9.37835473664e-07,0.000523598775596,14.3392388821
0.00494694096096,9.37835473664e-07,0.000523598775596,14.3498599529
0.00494694096096,9.37835473664e-07,0.000523598775596,14.3666899204
0.00494694096096,9.37835473664e-07,0.000523598775596,14.3831930161
0.00494694096096,9.37835473664e-07,0.000523598775596,14.40082407
0.00494694096096,9.37835473664e-07,0.000523598775596,14.4164719582
0.00494694096096,9.37835473664e-07,0.000523598775596,14.4333720207
0.00494694096096,9.37835473664e-07,0.000523598775596,14.4499459267
0.00494694096096,9.37835473664e-07,0.000523598775596,14.4670388699
0.00494694096096,9.37835473664e-07,0.000523598775596,14.4831888676
0.00494694096096,9.37835473664e-07,0.000523598775596,14.5003390312
0.00494694096096,9.37835473664e-07,0.000523598775596,14.5168070793
0.00494694096096,9.37835473664e-07,0.000523598775596,14.533454895
0.00494694096096,9.37835473664e-07,0.000523598775596,14.5501220226
0.00494694096096,9.37835473664e-07,0.000523598775596,14.5669620037
0.00494694096096,9.37835473664e-07,0.000523598775596,14.5831818581
0.00494694096096,9.37835473664e-07,0.000523598775596,14.6011369228
0.00494694096096,9.37835473664e-07,0.000523598775596,14.6165928841
0.00494694096096,9.37835473664e-07,0.000523598775596,14.6334929466
0.00494694096096,9.37835473664e-07,0.000523598775596,14.6498348713
0.00494694096096,9.37835473664e-07,0.000523598775596,14.6691119671
0.00494694096096,9.37835473664e-07,0.000523598775596,14.6833069324
0.00494694096096,9.37835473664e-07,0.000523598775596,14.700371027
0.00494694096096,9.37835473664e-07,0.000523598775596,14.7164840698
0.00494694096096,9.37835473664e-07,0.000523598775596,14.7336030006
0.00494694096096,9.37835473664e-07,0.000523598775596,14.7498619556
0.00494694096096,9.37835473664e-07,0.000523598775596,14.7669789791
0.00494694096096,9.37835473664e-07,0.000523598775596,14.7832648754
0.00494694096096,9.37835473664e-07,0.000523598775596,14.80042696
0.00494694096096,9.37835473664e-07,0.000523598775596,14.8167600632
0.00494694096096,9.37835473664e-07,0.000523598775596,14.8341889381
0.00494694096096,9.37835473664e-07,0.000523598775596,14.8501598835
0.00494694096096,9.37835473664e-07,0.000523598775596,14.8670048714
0.00494694096096,9.37835473664e-07,0.000523598775596,14.8833498955
0.00494694096096,9.37835473664e-07,0.000523598775596,14.9020240307
0.00494694096096,9.37835473664e-07,0.000523598775596,14.916561842
0.00494694096096,9.37835473664e-07,0.000523598775596,14.9345710278
0.00494694096096,9.37835473664e-07,0.000523598775596,14.9516918659
0.00494694096096,9.37835473664e-07,0.000523598775596,14.9696998596
0.00494694096096,9.37835473664e-07,0.000523598775596,14.9839859009
0.00494694096096,9.37835473664e-07,0.000523598775596,15.0019440651
0.00494694096096,9.37835473664e-07,0.000523598775596,15.0164909363
0.00494694096096,9.37835473664e-07,0.000523598775596,15.0333828926
0.00494694096096,9.37835473664e-07,0.000523598775596,15.0499129295
0.00494694096096,9.37835473664e-07,0.000523598775596,15.0673120022
0.00494694096096,9.37835473664e-07,0.000523598775596,15.0835649967
0.00494694096096,9.37835473664e-07,0.000523598775596,15.1041960716
0.00494694096096,9.37835473664e-07,0.000523598775596,15.1166510582
0.00494694096096,9.37835473664e-07,0.000523598775596,15.1334979534
0.00494694096096,9.37835473664e-07,0.000523598775596,15.1500718594
0.00494694096096,9.37835473664e-07,0.000523598775596,15.1684749126
0.00494694096096,9.37835473664e-07,0.000523598775596,15.1841628551
0.00494694096096,9.37835473664e-07,0.000523598775596,15.2006540298
0.00494694096096,9.37835473664e-07,0.000523598775596,15.2165369987
0.00494694096096,9.37835473664e-07,0.000523598775596,15.2362170219
0.00494694096096,9.37835473664e-07,0.000523598775596,15.2498369217
0.00494694096096,9.37835473664e-07,0.000523598775596,15.267608881
0.00494694096096,9.37835473664e-07,0.000523598775596,15.2832400799
0.00494694096096,9.37835473664e-07,0.000523598775596,15.300082922
0.00494694096096,9.37835473664e-07,0.000523598775596,15.3166670799
0.00494694096096,9.37835473664e-07,0.000523598775596,15.3332619667
0.00494694096096,9.37835473664e-07,0.000523598775596,15.3498048782
0.00494694096096,9.37835473664e-07,0.000523598775596,15.3666338921
0.00494694096096,9.37835473664e-07,0.000523598775596,15.3830580711
0.00494694096096,9.37835473664e-07,0.000523598775596,15.4010760784
0.00494694096096,9.37835473664e-07,0.000523598775596,15.4166400433
0.00494694096096,9.37835473664e-07,0.000523598775596,15.4343328476
0.00494694096096,9.37835473664e-07,0.000523598775596,15.454005003
0.00494694096096,9.37835473664e-07,0.000523598775596,15.4703969955
0.00494694096096,9.37835473664e-07,0.000523598775596,15.4830949306
0.00494694096096,9.37835473664e-07,0.000523598775596,15.5029540062
0.00494694096096,9.37835473664e-07,0.000523598775596,15.5166358948
0.00494694096096,9.37835473664e-07,0.000523598775596,15.5357019901
0.00494694096096,9.37835473664e-07,0.000523598775596,15.5500910282
0.00494694096096,9.37835473664e-07,0.000523598775596,15.5669789314
0.00494694096096,9.37835473664e-07,0.000523598775596,15.5832738876
0.00494694096096,9.37835473664e-07,0.000523598775596,15.6006789207
0.00494694096096,9.37835473664e-07,0.000523598775596,15.6169190407
0.00494694096096,9.37835473664e-07,0.000523598775596,15.6338038445
0.00494694096096,9.37835473664e-07,0.000523598775596,15.6502518654
0.00494694096096,9.37835473664e-07,0.000523598775596,15.6667950153
0.00494694096096,9.37835473664e-07,0.000523598775596,15.6868069172
0.00494694096096,9.37835473664e-07,0.000523598775596,15.7007398605
0.00494694096096,9.37835473664e-07,0.000523598775596,15.7164959908
0.00494694096096,9.37835473664e-07,0.000523598775596,15.7341048717
0.00494694096096,9.37835473664e-07,0.000523598775596,15.7499608994
0.00494694096096,9.37835473664e-07,0.000523598775596,15.7669119835
0.00494694096096,9.37835473664e-07,0.000523598775596,15.7833449841
0.00494694096096,9.37835473664e-07,0.000523598775596,15.7999198437
0.00494694096096,9.37835473664e-07,0.000523598775596,15.8165040016
0.00494694096096,9.37835473664e-07,0.000523598775596,15.83365798
0.00494694096096,9.37835473664e-07,0.000523598775596,15.8498928547
0.00494694096096,9.37835473664e-07,0.000523598775596,15.8679459095
0.00494694096096,9.37835473664e-07,0.000523598775596,15.8831708431
0.00494694096096,9.37835473664e-07,0.000523598775596,15.9010620117
0.00494694096096,9.37835473664e-07,0.000523598775596,15.916697979
0.00494694096096,9.37835473664e-07,0.000523598775596,15.9353370667
0.00494694096096,9.37835473664e-07,0.000523598775596,15.9498939514
0.00494694096096,9.37835473664e-07,0.000523598775596,15.966780901
0.00494694096096,9.37835473664e-07,0.000523598775596,15.983232975
0.00494694096096,9.37835473664e-07,0.000523598775596,16.0008368492
0.00494694096096,9.37835473664e-07,0.000523598775596,16.0166180134
0.00494694096096,9.37835473664e-07,0.000523598775596,16.0358979702
0.00494694096096,9.37835473664e-07,0.000523598775596,16.0498659611
0.00494694096096,9.37835473664e-07,0.000523598775596,16.0667059422
0.00494694096096,9.37835473664e-07,0.000523598775596,16.0839319229
0.00494694096096,9.37835473664e-07,0.000523598775596,16.1000678539
0.00494694096096,9.37835473664e-07,0.000523598775596,16.1164999008
0.00494694096096,9.37835473664e-07,0.000523598775596,16.1354980469
0.00494694096096,9.37835473664e-07,0.000523598775596,16.1499390602
0.00494694096096,9.37835473664e-07,0.000523598775596,16.1668748856
0.00494694096096,9.37835473664e-07,0.000523598775596,16.1831550598
0.00494694096096,9.37835473664e-07,0.000523598775596,16.1997959614
0.00494694096096,9.37835473664e-07,0.000523598775596,16.2166209221
0.00494694096096,9.37835473664e-07,0.000523598775596,16.2404689789
0.00494694096096,9.37835473664e-07,0.000523598775596,16.2498998642
0.00494694096096,9.37835473664e-07,0.000523598775596,16.2672870159
0.00494694096096,9.37835473664e-07,0.000523598775596,16.2830579281
0.00494694096096,9.37835473664e-07,0.000523598775596,16.2998859882
0.00494694096096,9.37835473664e-07,0.000523598775596,16.3165500164
0.00494694096096,9.37835473664e-07,0.000523598775596,16.3346619606
0.00494694096096,9.37835473664e-07,0.000523598775596,16.3499338627
Actuacion(lineal,angular) = 0.0797597885132,-0.00131852471464
0.00494694096096,9.37835473664e-07,0.000523598775596,16.3672008514
0.00494694096096,9.37835473664e-07,0.000523598775596,16.3831470013
0.00494694096096,9.37835473664e-07,0.000523598775596,16.400097847
0.00494694096096,9.37835473664e-07,0.000523598775596,16.41660285
0.00494694096096,9.37835473664e-07,0.000523598775596,16.4330918789
0.00494694096096,9.37835473664e-07,0.000523598775596,16.4498920441
0.00494694096096,9.37835473664e-07,0.000523598775596,16.4666180611
0.00494694096096,9.37835473664e-07,0.000523598775596,16.4846310616
0.00494694096096,9.37835473664e-07,0.000698131700798,16.5018398762
0.00494694096096,9.37835473664e-07,0.000698131700798,16.5164608955
0.00494694096096,9.37835473664e-07,0.000698131700798,16.5333528519
0.00516017112983,1.0866982383e-06,0.000872664625998,16.5500240326
0.00516017112983,1.0866982383e-06,0.000872664625998,16.5667970181
0.00516017112983,1.0866982383e-06,0.000872664625998,16.5832660198
0.00746305663797,3.09634546928e-06,0.000872664625998,16.60019207
0.00746305663797,3.09634546928e-06,0.000872664625998,16.6166779995
0.00746305663797,3.09634546928e-06,0.000872664625998,16.6350939274
0.0101497563975,5.44093390509e-06,0.000872664625998,16.6498529911
0.0101497563975,5.44093390509e-06,0.000872664625998,16.6685509682
0.0101497563975,5.44093390509e-06,0.000872664625998,16.6832299232
0.0101497563975,5.44093390509e-06,0.000872664625998,16.6997680664
0.0131349783524,8.04603216721e-06,0.000872664625998,16.7165920734
0.0131349783524,8.04603216721e-06,0.000872664625998,16.7332959175
0.0131349783524,8.04603216721e-06,0.000872664625998,16.7498788834
0.0131349783524,8.04603216721e-06,0.000872664625998,16.7666890621
0.0155231559164,1.01301107767e-05,0.000872664625998,16.783370018
0.0155231559164,1.01301107767e-05,0.000872664625998,16.8000278473
0.0155231559164,1.01301107767e-05,0.000872664625998,16.8165609837
0.0179966255363,1.22886207652e-05,0.0010471975512,16.8333380222
0.0179966255363,1.22886207652e-05,0.0010471975512,16.8500008583
0.0186789618688,1.30031619628e-05,0.0010471975512,16.8683300018
0.0186789618688,1.30031619628e-05,0.0010471975512,16.8833899498
0.0186789618688,1.30031619628e-05,0.0010471975512,16.901720047
0.0213656611782,1.58166679287e-05,0.0013962634016,16.9165229797
0.0213656611782,1.58166679287e-05,0.0013962634016,16.9356360435
0.0213656611782,1.58166679287e-05,0.0013962634016,16.9498970509
0.0213656611782,1.58166679287e-05,0.0013962634016,16.9666910172
0.0237964833262,1.92107381356e-05,0.0015707963268,16.9833068848
0.0237964833262,1.92107381356e-05,0.0015707963268,17.0001630783
0.0247346951404,2.06844790192e-05,0.0015707963268,17.0171940327
0.0247346951404,2.06844790192e-05,0.0015707963268,17.0333349705
0.0247346951404,2.06844790192e-05,0.0015707963268,17.0497250557
0.0271655166589,2.4502807672e-05,0.001745329252,17.0691208839
0.0271655166589,2.4502807672e-05,0.001745329252,17.0838079453
0.0278478523264,2.5693709281e-05,0.00191986217719,17.0999698639
0.0278478523264,2.5693709281e-05,0.00191986217719,17.1166200638
0.0278478523264,2.5693709281e-05,0.00191986217719,17.13367486
0.0280184361886,2.60212071887e-05,0.00209439510239,17.1501810551
0.0280184361886,2.60212071887e-05,0.00209439510239,17.1667850018
0.0280184361886,2.60212071887e-05,0.00209439510239,17.1831119061
0.0280184361886,2.60212071887e-05,0.00209439510239,17.1998100281
0.0280184361886,2.60212071887e-05,0.00209439510239,17.2164590359
0.0280184361886,2.60212071887e-05,0.00209439510239,17.2352478504
0.0277625604848,2.54853015845e-05,0.00226892802759,17.2497980595
0.0277625604848,2.54853015845e-05,0.00226892802759,17.2677850723
0.0277625604848,2.54853015845e-05,0.00226892802759,17.283290863
0.0276346226817,2.5195019419e-05,0.00244346095279,17.2998969555
0.0276346226817,2.5195019419e-05,0.00244346095279,17.3168950081
0.0275493308479,2.49866117387e-05,0.00261799387799,17.3337869644
0.0275493308479,2.49866117387e-05,0.00261799387799,17.3502058983
0.0275493308479,2.49866117387e-05,0.00261799387799,17.3682990074
0.0275493308479,2.49866117387e-05,0.00261799387799,17.3832628727
0.0275493308479,2.49866117387e-05,0.00261799387799,17.4000110626
0.0275493308479,2.49866117387e-05,0.00261799387799,17.4168150425
0.0275493308479,2.49866117387e-05,0.00261799387799,17.4332089424
0.0275493308479,2.49866117387e-05,0.00261799387799,17.4499979019
0.0275493308479,2.49866117387e-05,0.00261799387799,17.4669389725
0.0275493308479,2.49866117387e-05,0.00261799387799,17.4830920696
0.0275493308479,2.49866117387e-05,0.00261799387799,17.5004229546
0.0275493308479,2.49866117387e-05,0.00261799387799,17.5164339542
0.0275493308479,2.49866117387e-05,0.00261799387799,17.533069849
0.0275493308479,2.49866117387e-05,0.00261799387799,17.549998045
0.0275493308479,2.49866117387e-05,0.00261799387799,17.5664980412
0.0275493308479,2.49866117387e-05,0.00261799387799,17.5832560062
0.0275493308479,2.49866117387e-05,0.00261799387799,17.5999078751
0.0275493308479,2.49866117387e-05,0.00261799387799,17.6165020466
0.0275493308479,2.49866117387e-05,0.00261799387799,17.6333119869
0.0275493308479,2.49866117387e-05,0.00261799387799,17.6497659683
0.0275493308479,2.49866117387e-05,0.00261799387799,17.666727066
0.0275493308479,2.49866117387e-05,0.00261799387799,17.683068037
0.0275493308479,2.49866117387e-05,0.00261799387799,17.6997299194
0.0275493308479,2.49866117387e-05,0.00261799387799,17.7164890766
0.0275493308479,2.49866117387e-05,0.00261799387799,17.7334389687
0.0275493308479,2.49866117387e-05,0.00261799387799,17.7500040531
0.0275493308479,2.49866117387e-05,0.00261799387799,17.7670750618
0.0275493308479,2.49866117387e-05,0.00261799387799,17.7834539413
0.0275493308479,2.49866117387e-05,0.00261799387799,17.7999799252
0.0275493308479,2.49866117387e-05,0.00261799387799,17.8168270588
0.0275493308479,2.49866117387e-05,0.00261799387799,17.8332560062
0.0275493308479,2.49866117387e-05,0.00261799387799,17.8497879505
0.0275493308479,2.49866117387e-05,0.00261799387799,17.8667519093
0.0275493308479,2.49866117387e-05,0.00261799387799,17.8830869198
0.0275493308479,2.49866117387e-05,0.00261799387799,17.8999989033
0.0275493308479,2.49866117387e-05,0.00261799387799,17.9174768925
0.0275493308479,2.49866117387e-05,0.00261799387799,17.9339849949
0.0275493308479,2.49866117387e-05,0.00261799387799,17.9500150681
0.0275493308479,2.49866117387e-05,0.00261799387799,17.9665708542
0.0275493308479,2.49866117387e-05,0.00261799387799,17.9832448959
0.0275493308479,2.49866117387e-05,0.00261799387799,18.0002250671
0.0275493308479,2.49866117387e-05,0.00261799387799,18.0164749622
0.0275493308479,2.49866117387e-05,0.00261799387799,18.0333619118
0.0275493308479,2.49866117387e-05,0.00261799387799,18.0497379303
0.0275493308479,2.49866117387e-05,0.00261799387799,18.0666649342
0.0275493308479,2.49866117387e-05,0.00261799387799,18.0836770535
0.0275493308479,2.49866117387e-05,0.00261799387799,18.0998749733
0.0275493308479,2.49866117387e-05,0.00261799387799,18.1164939404
0.0275493308479,2.49866117387e-05,0.00261799387799,18.1349098682
0.0275493308479,2.49866117387e-05,0.00261799387799,18.1500339508
0.0275493308479,2.49866117387e-05,0.00261799387799,18.1671988964
0.0275493308479,2.49866117387e-05,0.00261799387799,18.1830999851
0.0275493308479,2.49866117387e-05,0.00261799387799,18.201048851
0.0275493308479,2.49866117387e-05,0.00261799387799,18.2166850567
0.0275493308479,2.49866117387e-05,0.00261799387799,18.2332789898
0.0275493308479,2.49866117387e-05,0.00261799387799,18.2500698566
0.0275493308479,2.49866117387e-05,0.00261799387799,18.2673449516
0.0275493308479,2.49866117387e-05,0.00261799387799,18.2832419872
0.0275493308479,2.49866117387e-05,0.00261799387799,18.299893856
0.0275493308479,2.49866117387e-05,0.00261799387799,18.3166499138
0.0275493308479,2.49866117387e-05,0.00261799387799,18.3334560394
0.0275493308479,2.49866117387e-05,0.00261799387799,18.3500490189
0.0275493308479,2.49866117387e-05,0.00261799387799,18.3668410778
0.0275493308479,2.49866117387e-05,0.00261799387799,18.3833110332
0.0275493308479,2.49866117387e-05,0.00261799387799,18.4003000259
0.0275493308479,2.49866117387e-05,0.00261799387799,18.4164369106
0.0275493308479,2.49866117387e-05,0.00261799387799,18.4331629276
0.0275493308479,2.49866117387e-05,0.00261799387799,18.4497749805
0.0275493308479,2.49866117387e-05,0.00261799387799,18.4667010307
0.0275493308479,2.49866117387e-05,0.00261799387799,18.4837529659
0.0275493308479,2.49866117387e-05,0.00261799387799,18.5004899502
0.0275493308479,2.49866117387e-05,0.00261799387799,18.516630888
0.0275493308479,2.49866117387e-05,0.00261799387799,18.5354790688
0.0275493308479,2.49866117387e-05,0.00261799387799,18.5499339104
0.0275493308479,2.49866117387e-05,0.00261799387799,18.5666868687
0.0275493308479,2.49866117387e-05,0.00261799387799,18.5831708908
0.0275493308479,2.49866117387e-05,0.00261799387799,18.5998198986
0.0275493308479,2.49866117387e-05,0.00261799387799,18.6165819168
0.0275493308479,2.49866117387e-05,0.00261799387799,18.6350998878
0.0275493308479,2.49866117387e-05,0.00261799387799,18.6499509811
0.0275493308479,2.49866117387e-05,0.00261799387799,18.6666669846
0.0275493308479,2.49866117387e-05,0.00261799387799,18.683120966
0.0275493308479,2.49866117387e-05,0.00261799387799,18.7000880241
0.0275493308479,2.49866117387e-05,0.00261799387799,18.7165598869
0.0275493308479,2.49866117387e-05,0.00261799387799,18.733383894
0.0275493308479,2.49866117387e-05,0.00261799387799,18.7499909401
0.0275493308479,2.49866117387e-05,0.00261799387799,18.766753912
0.0275493308479,2.49866117387e-05,0.00261799387799,18.7834398746
0.0275493308479,2.49866117387e-05,0.00261799387799,18.8008098602
0.0275493308479,2.49866117387e-05,0.00261799387799,18.8165359497
0.0275493308479,2.49866117387e-05,0.00261799387799,18.8333468437
0.0275493308479,2.49866117387e-05,0.00261799387799,18.8497970104
0.0275493308479,2.49866117387e-05,0.00261799387799,18.866601944
0.0275493308479,2.49866117387e-05,0.00261799387799,18.8831000328
0.0275493308479,2.49866117387e-05,0.00261799387799,18.8997900486
0.0275493308479,2.49866117387e-05,0.00261799387799,18.9168050289
0.0275493308479,2.49866117387e-05,0.00261799387799,18.9334049225
0.0275493308479,2.49866117387e-05,0.00261799387799,18.9497048855
