0.0,0.0,0.0
0.0,0.0,0.0
0.0,0.0,0.0
0.0,0.0,0.0
0.0,0.0,0.0
0.0,0.0,0.0
0.0,0.0,0.0
0.0,0.0,0.0
0.0,0.0,0.0
0.0,0.0,0.0
0.0,0.0,0.0
0.0,0.0,0.0
0.0,0.0,0.0
0.0,0.0,0.0
0.0,0.0,0.0
0.0,0.0,0.0
0.0,0.0,0.0
0.0,0.0,0.0
0.0,0.0,0.0
0.0,0.0,0.000174532925199
0.0,0.0,0.000698131700796
0.0,0.0,0.000698131700796
0.0,0.0,0.000698131700796
0.0,0.0,0.00191986217719
0.0,0.0,0.00191986217719
0.0,0.0,0.00191986217719
0.0,0.0,0.00191986217719
-8.52919311457e-05,-1.63748953814e-07,0.00506145483078
-8.52919311457e-05,-1.63748953814e-07,0.00506145483078
-8.52919311457e-05,-1.63748953814e-07,0.00506145483078
-8.52919311457e-05,-1.63748953814e-07,0.00506145483078
-0.000170582926961,-5.95449163089e-07,0.0120427718388
-0.000170582926961,-5.95449163089e-07,0.0120427718388
-0.000170582926961,-5.95449163089e-07,0.0120427718388
-0.0001279399752,-8.18849971387e-08,0.0207694180987
-0.0001279399752,-8.18849971387e-08,0.0207694180987
-0.0001279399752,-8.18849971387e-08,0.0228638132011
-0.0001279399752,-8.18849971387e-08,0.0228638132011
-0.0001279399752,-8.18849971387e-08,0.0228638132011
-0.000213209771116,-2.03181747282e-06,0.0296705972839
-0.000213209771116,-2.03181747282e-06,0.0296705972839
-0.000213209771116,-2.03181747282e-06,0.0296705972839
-0.000213209771116,-2.03181747282e-06,0.0296705972839
-4.27006753486e-05,3.02877434923e-06,0.0385717764691
-4.27006753486e-05,3.02877434923e-06,0.0385717764691
-4.27006753486e-05,3.02877434923e-06,0.0385717764691
8.51422969292e-05,7.9623518376e-06,0.0488692190558
8.51422969292e-05,7.9623518376e-06,0.0488692190558
8.51422969292e-05,7.9623518376e-06,0.0488692190558
8.51422969292e-05,7.9623518376e-06,0.0488692190558
0.000383308211459,2.25450979193e-05,0.0570722665402
0.000383308211459,2.25450979193e-05,0.0570722665402
0.000383308211459,2.25450979193e-05,0.0570722665402
0.000511038037678,2.98428538505e-05,0.0661479786506
0.000511038037678,2.98428538505e-05,0.0661479786506
0.000511038037678,2.98428538505e-05,0.0661479786506
0.000511038037678,2.98428538505e-05,0.0661479786506
0.000723801928299,4.3937318179e-05,0.0753982236862
0.000808851693303,5.03620987299e-05,0.0788888821901
0.000808851693303,5.03620987299e-05,0.0788888821901
0.000808851693303,5.03620987299e-05,0.0788888821901
0.000808851693303,5.03620987299e-05,0.0788888821901
0.0012764992043,8.73310114336e-05,0.0937241808321
0.00148879357969,0.00010728659353,0.0984365698125
0.00148879357969,0.00010728659353,0.0984365698125
0.00148879357969,0.00010728659353,0.0984365698125
0.00148879357969,0.00010728659353,0.0984365698125
0.0023375855001,0.000191109675517,0.114668131856
0.0023375855001,0.000191109675517,0.114668131856
0.0023375855001,0.000191109675517,0.114668131856
0.00293070921321,0.000259421733194,0.132470490226
0.00293070921321,0.000259421733194,0.132470490226
0.00293070921321,0.000259421733194,0.132470490226
0.00293070921321,0.000259421733194,0.132470490226
0.00339570567335,0.000321382907409,0.154112572951
0.00360640872006,0.000354114439403,0.160570291183
0.00360640872006,0.000354114439403,0.160570291183
0.00398528583089,0.000415479141128,0.174009326424
0.00398528583089,0.000415479141128,0.174009326424
0.00398528583089,0.000415479141128,0.174009326424
0.00398528583089,0.000415479141128,0.174009326424
0.00432130204397,0.00047454647439,0.194429678672
0.00432130204397,0.00047454647439,0.194429678672
0.00432130204397,0.00047454647439,0.194429678672
0.00465604210974,0.000540462585386,0.220435084527
0.00465604210974,0.000540462585386,0.220435084527
0.00465604210974,0.000540462585386,0.220435084527
0.00465604210974,0.000540462585386,0.220435084527
0.00503056912329,0.000624385215532,0.245567825756
0.00503056912329,0.000624385215532,0.245567825756
0.00503056912329,0.000624385215532,0.245567825756
0.00503056912329,0.000624385215532,0.245567825756
0.00560970206804,0.000769531033874,0.274540291339
0.00560970206804,0.000769531033874,0.274540291339
0.00560970206804,0.000769531033874,0.274540291339
0.00655382784351,0.00103544630053,0.304210888623
0.00655382784351,0.00103544630053,0.304210888623
0.00655382784351,0.00103544630053,0.304210888623
0.00655382784351,0.00103544630053,0.304210888623
0.00757102514879,0.0013548016184,0.344353461418
0.00757102514879,0.0013548016184,0.344353461418
0.00757102514879,0.0013548016184,0.344353461418
0.00885558392614,0.00181549921185,0.379609112309
0.00885558392614,0.00181549921185,0.379609112309
0.00905363419221,0.00189451325609,0.391128285372
0.00905363419221,0.00189451325609,0.391128285372
0.00905363419221,0.00189451325609,0.391128285372
0.0098815674667,0.00223593178901,0.425860337487
0.0098815674667,0.00223593178901,0.425860337487
0.0098815674667,0.00223593178901,0.425860337487
0.0098815674667,0.00223593178901,0.425860337487
0.0106583085791,0.00258827718421,0.467224640759
0.0106583085791,0.00258827718421,0.467224640759
0.0106583085791,0.00258827718421,0.467224640759
0.0115721161835,0.00304927422321,0.5035274892
0.0115721161835,0.00304927422321,0.5035274892
0.0115721161835,0.00304927422321,0.5035274892
0.0115721161835,0.00304927422321,0.5035274892
0.0119082938167,0.00323447166019,0.540179403492
0.0119082938167,0.00323447166019,0.540179403492
0.0119082938167,0.00323447166019,0.540179403492
0.0123106072463,0.0034757283688,0.578053048261
0.0123106072463,0.0034757283688,0.578053048261
0.0122391727307,0.00342912525391,0.590270353024
0.0122391727307,0.00342912525391,0.590270353024
0.0122391727307,0.00342912525391,0.590270353024
0.0120974530625,0.00333418054908,0.63407811725
0.0120974530625,0.00333418054908,0.63407811725
0.0121318094916,0.00335944556169,0.646469954939
0.0121318094916,0.00335944556169,0.646469954939
0.0121318094916,0.00335944556169,0.646469954939
0.0120977687723,0.00333375676047,0.683994533857
0.0120977687723,0.00333375676047,0.683994533857
0.0120977687723,0.00333375676047,0.683994533857
0.0120977687723,0.00333375676047,0.683994533857
0.0121308217929,0.0033607045416,0.72204271155
0.0121308217929,0.0033607045416,0.72204271155
0.0121308217929,0.0033607045416,0.72204271155
0.0120668137287,0.00330433337838,0.768119403803
0.0120668137287,0.00330433337838,0.768119403803
0.0120668137287,0.00330433337838,0.768119403803
0.0120668137287,0.00330433337838,0.768119403803
0.0120974855547,0.00333396316362,0.808960108299
0.0120974855547,0.00333396316362,0.808960108299
0.0120974855547,0.00333396316362,0.808960108299
0.0119208666454,0.00314881883106,0.850673477422
0.0119208666454,0.00314881883106,0.850673477422
0.0119208666454,0.00314881883106,0.850673477422
0.0119208666454,0.00314881883106,0.850673477422
0.0120052389045,0.00324499308769,0.90163709158
0.0120052389045,0.00324499308769,0.90163709158
0.0120052389045,0.00324499308769,0.90163709158
0.0120052389045,0.00324499308769,0.90163709158
0.011714239599,0.0028770524685,0.945619388731
0.011714239599,0.0028770524685,0.945619388731
0.011714239599,0.0028770524685,0.945619388731
0.0115894485838,0.00270415270102,0.989427152956
0.0115894485838,0.00270415270102,0.989427152956
0.0115894485838,0.00270415270102,0.989427152956
0.0115894485838,0.00270415270102,0.989427152956
0.0111678908875,0.00206263646928,1.03288585133
0.0111678908875,0.00206263646928,1.03288585133
0.0111678908875,0.00206263646928,1.03288585133
0.0109712463953,0.00173302391576,1.08158053746
0.0109712463953,0.00173302391576,1.08158053746
0.0108309606696,0.00146951777878,1.09484503978
0.0108309606696,0.00146951777878,1.09484503978
0.0108309606696,0.00146951777878,1.09484503978
0.0104597055303,0.000749299106051,1.1337658821
0.0102972557485,0.00040155845541,1.14650678564
0.0102972557485,0.00040155845541,1.14650678564
0.0102972557485,0.00040155845541,1.14650678564
0.0102972557485,0.00040155845541,1.14650678564
0.00977056846007,-0.00076438196975,1.1801916402
0.00977056846007,-0.00076438196975,1.1801916402
0.00977056846007,-0.00076438196975,1.1801916402
0.00916978539779,-0.00222343631788,1.21631995571
0.00916978539779,-0.00222343631788,1.21631995571
0.00894774919181,-0.00282335636832,1.22574473368
0.00894774919181,-0.00282335636832,1.22574473368
0.00894774919181,-0.00282335636832,1.22574473368
0.00847173009848,-0.00414772560621,1.25419360048
0.00847173009848,-0.00414772560621,1.25419360048
0.00847173009848,-0.00414772560621,1.25419360048
0.00847173009848,-0.00414772560621,1.25419360048
0.00803357534438,-0.0054850993262,1.28194433559
0.00794854067817,-0.00577125430975,1.29119458063
0.00794854067817,-0.00577125430975,1.29119458063
0.00794854067817,-0.00577125430975,1.29119458063
0.00794854067817,-0.00577125430975,1.29119458063
0.00779554170552,-0.00630412304913,1.32505396811
0.00779554170552,-0.00630412304913,1.32505396811
0.00779554170552,-0.00630412304913,1.32505396811
0.00751542269586,-0.00742097342675,1.3547245654
0.00751542269586,-0.00742097342675,1.3547245654
0.00751542269586,-0.00742097342675,1.3547245654
0.00751542269586,-0.00742097342675,1.3547245654
0.00738741967842,-0.00800413507142,1.38387156391
0.00738741967842,-0.00800413507142,1.38387156391
0.00738741967842,-0.00800413507142,1.38387156391
0.00738741967842,-0.00800413507142,1.38387156391
0.00728439129474,-0.00854887623123,1.41773095139
0.00728439129474,-0.00854887623123,1.41773095139
0.00728439129474,-0.00854887623123,1.41773095139
0.00728439129474,-0.00854887623123,1.45141580596
0.00728439129474,-0.00854887623123,1.45141580596
0.00728439129474,-0.00854887623123,1.45141580596
0.00728439129474,-0.00854887623123,1.45141580596
0.00730978640849,-0.0083371636542,1.4905111812
0.0073303074097,-0.00808211159775,1.50482288107
0.0073303074097,-0.00808211159775,1.50482288107
0.0073303074097,-0.00808211159775,1.50482288107
0.00741465138856,-0.00680551351378,1.54653625019
0.00741465138856,-0.00680551351378,1.54653625019
0.00741465138856,-0.00680551351378,1.54653625019
0.00741465138856,-0.00680551351378,1.54653625019
0.00745189320193,-0.00527070769055,1.58807508639
0.00745189320193,-0.00527070769055,1.58807508639
0.00745189320193,-0.00527070769055,1.58807508639
0.00745189320193,-0.00527070769055,1.58807508639
0.00744010385666,-0.00458847283905,1.60919357034
0.00744010385666,-0.00458847283905,1.60919357034
0.00744010385666,-0.00458847283905,1.60919357034
0.00744010385666,-0.00458847283905,1.61338236054
0.00744010385666,-0.00458847283905,1.61338236054
0.00744010385666,-0.00458847283905,1.61338236054
0.00744010385666,-0.00458847283905,1.61338236054
0.00744010385666,-0.00458847283905,1.61338236054
0.00744010385666,-0.00458847283905,1.61338236054
0.00744010385666,-0.00458847283905,1.61338236054
0.00744010385666,-0.00458847283905,1.61338236054
0.00744010385666,-0.00458847283905,1.61338236054
0.00744010385666,-0.00458847283905,1.61338236054
0.00744010385666,-0.00458847283905,1.61338236054
0.00744010385666,-0.00458847283905,1.61250969592
0.00744010385666,-0.00458847283905,1.61250969592
0.00744010385666,-0.00458847283905,1.61250969592
0.00744010385666,-0.00458847283905,1.61250969592
0.00744010385666,-0.00458847283905,1.61250969592
0.00744010385666,-0.00458847283905,1.61250969592
0.00744010385666,-0.00458847283905,1.61250969592
0.00744010385666,-0.00458847283905,1.61250969592
0.00744010385666,-0.00458847283905,1.61250969592
0.00744010385666,-0.00458847283905,1.61250969592
0.00744010385666,-0.00458847283905,1.61250969592
0.00744010385666,-0.00458847283905,1.61250969592
0.00744010385666,-0.00458847283905,1.61250969592
0.00744010385666,-0.00458847283905,1.61250969592
0.00744010385666,-0.00458847283905,1.61250969592
0.00744010385666,-0.00458847283905,1.61250969592
0.00744010385666,-0.00458847283905,1.61250969592
0.00744010385666,-0.00458847283905,1.61250969592
0.00744010385666,-0.00458847283905,1.61250969592
0.00744010385666,-0.00458847283905,1.61250969592
0.00744010385666,-0.00458847283905,1.61250969592
0.00744010385666,-0.00458847283905,1.61250969592
0.00744010385666,-0.00458847283905,1.61250969592
0.00744010385666,-0.00458847283905,1.61250969592
0.00744010385666,-0.00458847283905,1.61250969592
0.00744010385666,-0.00458847283905,1.61250969592
0.00744010385666,-0.00458847283905,1.61250969592
0.00744010385666,-0.00458847283905,1.61250969592
0.00744010385666,-0.00458847283905,1.61250969592
0.00744010385666,-0.00458847283905,1.61250969592
0.00744010385666,-0.00458847283905,1.61250969592
0.00744010385666,-0.00458847283905,1.61250969592
0.00744010385666,-0.00458847283905,1.61250969592
0.00744010385666,-0.00458847283905,1.61250969592
0.00744010385666,-0.00458847283905,1.61250969592
0.00744010385666,-0.00458847283905,1.61250969592
0.00744010385666,-0.00458847283905,1.61250969592
0.00744010385666,-0.00458847283905,1.61250969592
0.00744010385666,-0.00458847283905,1.61250969592
0.00744010385666,-0.00458847283905,1.61250969592
0.00744010385666,-0.00458847283905,1.61250969592
0.00744010385666,-0.00458847283905,1.61250969592
0.00744010385666,-0.00458847283905,1.61250969592
0.00744010385666,-0.00458847283905,1.61250969592
0.00744010385666,-0.00458847283905,1.61250969592
0.00744010385666,-0.00458847283905,1.61250969592
0.00744010385666,-0.00458847283905,1.61250969592
0.00744010385666,-0.00458847283905,1.61250969592
0.00744010385666,-0.00458847283905,1.61250969592
0.00744010385666,-0.00458847283905,1.61250969592
0.00744010385666,-0.00458847283905,1.61233516299
0.00744010385666,-0.00458847283905,1.61233516299
0.00744010385666,-0.00458847283905,1.61233516299
0.00744010385666,-0.00458847283905,1.61233516299
0.00743656194136,-0.00450325432482,1.61233516299
0.00743656194136,-0.00450325432482,1.61233516299
0.00743656194136,-0.00450325432482,1.61233516299
0.00743833289901,-0.00454586358193,1.61216063007
0.00743833289901,-0.00454586358193,1.61216063007
0.00742951529449,-0.00433281575414,1.61128796544
0.00742951529449,-0.00433281575414,1.61128796544
0.00742951529449,-0.00433281575414,1.61128796544
0.00741915727622,-0.00407714922436,1.60954263619
0.00741915727622,-0.00407714922436,1.60954263619
0.00741915727622,-0.00407714922436,1.60954263619
0.00741915727622,-0.00407714922436,1.60954263619
0.0073894219349,-0.00331009656881,1.60954263619
0.0073894219349,-0.00331009656881,1.60954263619
0.0073894219349,-0.00331009656881,1.60954263619
0.00737620622764,-0.00296918427745,1.60954263619
0.00737620622764,-0.00296918427745,1.60954263619
0.00737620622764,-0.00296918427745,1.60954263619
0.00737620622764,-0.00296918427745,1.60954263619
0.0073662944472,-0.00271350005894,1.60936810326
0.0073662944472,-0.00271350005894,1.60936810326
0.0073662944472,-0.00271350005894,1.60936810326
0.00735149371473,-0.0023299711421,1.60884450449
0.00735149371473,-0.0023299711421,1.60884450449
0.00734824928914,-0.00224474078346,1.60884450449
0.00734824928914,-0.00224474078346,1.60884450449
0.00734824928914,-0.00224474078346,1.60884450449
0.00732878273557,-0.00173335863158,1.60884450449
0.00732878273557,-0.00173335863158,1.60884450449
0.00732878273557,-0.00173335863158,1.60884450449
0.00732878273557,-0.00173335863158,1.60884450449
0.00730931618201,-0.00122197647971,1.60884450449
0.00730931618201,-0.00122197647971,1.60884450449
0.00730931618201,-0.00122197647971,1.60884450449
0.00730931618201,-0.00122197647971,1.60884450449
0.00730282733082,-0.00105151576242,1.60866997156
0.00730282733082,-0.00105151576242,1.60866997156
0.00730282733082,-0.00105151576242,1.60866997156
0.00728667958061,-0.000625361144386,1.60884450449
0.00728667958061,-0.000625361144386,1.60884450449
0.00728667958061,-0.000625361144386,1.60884450449
0.00728667958061,-0.000625361144386,1.60884450449
0.00728667958061,-0.000625361144386,1.60884450449
0.00728667958061,-0.000625361144386,1.60884450449
0.00728667958061,-0.000625361144386,1.60884450449
0.00728667958061,-0.000625361144386,1.60901903741
0.00728667958061,-0.000625361144386,1.60901903741
0.00728667958061,-0.000625361144386,1.60901903741
0.00728667958061,-0.000625361144386,1.60901903741
0.00728667958061,-0.000625361144386,1.60901903741
0.00728667958061,-0.000625361144386,1.60901903741
0.00728667958061,-0.000625361144386,1.60901903741
0.00728667958061,-0.000625361144386,1.60901903741
0.00728667958061,-0.000625361144386,1.60901903741
0.00728667958061,-0.000625361144386,1.60901903741
0.00728667958061,-0.000625361144386,1.60901903741
0.00728667958061,-0.000625361144386,1.60901903741
0.00728667958061,-0.000625361144386,1.60901903741
0.00728667958061,-0.000625361144386,1.60901903741
0.00728667958061,-0.000625361144386,1.60901903741
0.00728667958061,-0.000625361144386,1.60901903741
0.00728667958061,-0.000625361144386,1.60901903741
0.00728667958061,-0.000625361144386,1.60901903741
0.00728667958061,-0.000625361144386,1.60901903741
0.00728667958061,-0.000625361144386,1.60901903741
0.00728667958061,-0.000625361144386,1.60901903741
0.00728667958061,-0.000625361144386,1.60901903741
0.00728667958061,-0.000625361144386,1.60901903741
0.00728667958061,-0.000625361144386,1.60901903741
0.00728667958061,-0.000625361144386,1.60901903741
0.00728667958061,-0.000625361144386,1.60901903741
0.00728667958061,-0.000625361144386,1.60901903741
0.00728667958061,-0.000625361144386,1.60901903741
0.00728667958061,-0.000625361144386,1.60901903741
0.00728667958061,-0.000625361144386,1.60901903741
0.00728667958061,-0.000625361144386,1.60901903741
0.00728667958061,-0.000625361144386,1.60901903741
0.00728667958061,-0.000625361144386,1.60901903741
0.00728667958061,-0.000625361144386,1.60901903741
0.00728667958061,-0.000625361144386,1.60901903741
0.00728667958061,-0.000625361144386,1.60901903741
0.00728667958061,-0.000625361144386,1.60901903741
0.00728667958061,-0.000625361144386,1.60901903741
0.00728667958061,-0.000625361144386,1.60901903741
0.00728667958061,-0.000625361144386,1.60901903741
0.00728667958061,-0.000625361144386,1.60901903741
0.00728667958061,-0.000625361144386,1.60901903741
0.00728667958061,-0.000625361144386,1.60901903741
0.00728667958061,-0.000625361144386,1.60901903741
0.00728667958061,-0.000625361144386,1.60901903741
0.00728667958061,-0.000625361144386,1.60901903741
0.00728667958061,-0.000625361144386,1.60901903741
0.00728667958061,-0.000625361144386,1.60901903741
0.00728667958061,-0.000625361144386,1.60901903741
0.00728667958061,-0.000625361144386,1.60901903741
0.00728667958061,-0.000625361144386,1.60901903741
0.00728667958061,-0.000625361144386,1.60901903741
0.00728667958061,-0.000625361144386,1.60901903741
0.00728667958061,-0.000625361144386,1.60901903741
0.00728667958061,-0.000625361144386,1.60901903741
0.00728667958061,-0.000625361144386,1.60901903741
0.00728667958061,-0.000625361144386,1.60901903741
0.00728667958061,-0.000625361144386,1.60901903741
0.00728667958061,-0.000625361144386,1.60901903741
0.00728667958061,-0.000625361144386,1.60901903741
0.00728667958061,-0.000625361144386,1.60901903741
0.00728667958061,-0.000625361144386,1.60901903741
0.00728667958061,-0.000625361144386,1.60901903741
0.00728667958061,-0.000625361144386,1.60901903741
0.00728667958061,-0.000625361144386,1.60901903741
0.00728667958061,-0.000625361144386,1.60901903741
0.00728667958061,-0.000625361144386,1.60901903741
0.00728667958061,-0.000625361144386,1.60901903741
0.00728667958061,-0.000625361144386,1.60901903741
0.00728667958061,-0.000625361144386,1.60901903741
0.00728667958061,-0.000625361144386,1.60901903741
0.00728667958061,-0.000625361144386,1.60901903741
0.00728667958061,-0.000625361144386,1.60901903741
0.00728667958061,-0.000625361144386,1.60901903741
0.00728667958061,-0.000625361144386,1.60901903741
0.00728667958061,-0.000625361144386,1.60901903741
0.00728667958061,-0.000625361144386,1.60901903741
0.00728667958061,-0.000625361144386,1.60901903741
0.00728667958061,-0.000625361144386,1.60901903741
0.00728667958061,-0.000625361144386,1.60901903741
0.00728667958061,-0.000625361144386,1.60901903741
0.00728667958061,-0.000625361144386,1.60901903741
0.00728667958061,-0.000625361144386,1.60901903741
0.00728667958061,-0.000625361144386,1.60901903741
0.00728667958061,-0.000625361144386,1.60901903741
0.00728667958061,-0.000625361144386,1.60901903741
0.00728667958061,-0.000625361144386,1.60901903741
0.00728667958061,-0.000625361144386,1.60901903741
0.00728667958061,-0.000625361144386,1.60901903741
0.00728667958061,-0.000625361144386,1.60901903741
0.00728667958061,-0.000625361144386,1.60901903741
0.00728667958061,-0.000625361144386,1.60901903741
0.00728667958061,-0.000625361144386,1.60901903741
0.00728667958061,-0.000625361144386,1.60901903741
0.00728667958061,-0.000625361144386,1.60901903741
0.00728667958061,-0.000625361144386,1.60901903741
0.00728667958061,-0.000625361144386,1.60901903741
0.00728667958061,-0.000625361144386,1.60901903741
0.00728667958061,-0.000625361144386,1.60901903741
0.00728667958061,-0.000625361144386,1.60901903741
0.00728667958061,-0.000625361144386,1.60901903741
0.00728667958061,-0.000625361144386,1.60901903741
0.00728667958061,-0.000625361144386,1.60901903741
0.00728667958061,-0.000625361144386,1.60901903741
0.00728667958061,-0.000625361144386,1.60901903741
0.00728667958061,-0.000625361144386,1.60901903741
0.00728667958061,-0.000625361144386,1.60901903741
0.00728667958061,-0.000625361144386,1.60901903741
0.00728667958061,-0.000625361144386,1.60901903741
0.00728667958061,-0.000625361144386,1.60901903741
0.00728667958061,-0.000625361144386,1.60901903741
0.00728667958061,-0.000625361144386,1.60901903741
0.00728667958061,-0.000625361144386,1.60901903741
0.00728667958061,-0.000625361144386,1.60901903741
0.00728667958061,-0.000625361144386,1.60901903741
0.00728667958061,-0.000625361144386,1.60901903741
0.00728667958061,-0.000625361144386,1.60901903741
0.00728667958061,-0.000625361144386,1.60901903741
0.00728667958061,-0.000625361144386,1.60901903741
0.00728667958061,-0.000625361144386,1.60901903741
0.00728667958061,-0.000625361144386,1.60901903741
0.00728667958061,-0.000625361144386,1.60901903741
0.00728667958061,-0.000625361144386,1.60901903741
0.00728667958061,-0.000625361144386,1.60901903741
0.00728667958061,-0.000625361144386,1.60901903741
0.00728667958061,-0.000625361144386,1.60901903741
0.00728667958061,-0.000625361144386,1.60901903741
0.00728667958061,-0.000625361144386,1.60901903741
0.00728667958061,-0.000625361144386,1.60901903741
0.00728667958061,-0.000625361144386,1.60901903741
0.00728667958061,-0.000625361144386,1.60901903741
0.00728667958061,-0.000625361144386,1.60901903741
0.00728667958061,-0.000625361144386,1.60901903741
0.00728667958061,-0.000625361144386,1.60901903741
0.00728667958061,-0.000625361144386,1.60901903741
0.00728667958061,-0.000625361144386,1.60901903741
0.00728667958061,-0.000625361144386,1.60901903741
0.00728667958061,-0.000625361144386,1.60901903741
0.00728667958061,-0.000625361144386,1.60901903741
0.00728667958061,-0.000625361144386,1.60901903741
0.00728667958061,-0.000625361144386,1.60901903741
0.00728667958061,-0.000625361144386,1.60901903741
0.00728667958061,-0.000625361144386,1.60901903741
0.00728667958061,-0.000625361144386,1.60901903741
0.00728667958061,-0.000625361144386,1.60901903741
0.00728667958061,-0.000625361144386,1.60901903741
0.00728667958061,-0.000625361144386,1.60901903741
0.00728667958061,-0.000625361144386,1.60901903741
0.00728667958061,-0.000625361144386,1.60901903741
0.00728667958061,-0.000625361144386,1.60901903741
0.00728667958061,-0.000625361144386,1.60901903741
0.00728667958061,-0.000625361144386,1.60901903741
0.00728667958061,-0.000625361144386,1.60901903741
0.00728667958061,-0.000625361144386,1.60901903741
0.00728667958061,-0.000625361144386,1.60901903741
0.00728667958061,-0.000625361144386,1.60901903741
0.00728667958061,-0.000625361144386,1.60901903741
0.00728667958061,-0.000625361144386,1.60901903741
0.00728667958061,-0.000625361144386,1.60901903741
0.00728667958061,-0.000625361144386,1.60901903741
0.00728667958061,-0.000625361144386,1.60901903741
0.00728667958061,-0.000625361144386,1.60901903741
0.00728667958061,-0.000625361144386,1.60901903741
0.00728667958061,-0.000625361144386,1.60901903741
0.00728667958061,-0.000625361144386,1.60901903741
0.00728667958061,-0.000625361144386,1.60901903741
0.00728667958061,-0.000625361144386,1.60901903741
0.00728667958061,-0.000625361144386,1.60901903741
0.00728667958061,-0.000625361144386,1.60901903741
0.00728667958061,-0.000625361144386,1.60901903741
0.00728667958061,-0.000625361144386,1.60901903741
0.00728667958061,-0.000625361144386,1.60901903741
0.00728667958061,-0.000625361144386,1.60901903741
0.00728667958061,-0.000625361144386,1.60901903741
0.00728667958061,-0.000625361144386,1.60901903741
0.00728667958061,-0.000625361144386,1.60901903741
0.00728667958061,-0.000625361144386,1.60901903741
0.00728667958061,-0.000625361144386,1.60901903741
0.00728667958061,-0.000625361144386,1.60901903741
0.00728667958061,-0.000625361144386,1.60901903741
0.00728667958061,-0.000625361144386,1.60901903741
0.00728667958061,-0.000625361144386,1.60901903741
0.00728667958061,-0.000625361144386,1.60901903741
0.00728667958061,-0.000625361144386,1.60901903741
0.00728667958061,-0.000625361144386,1.60901903741
0.00728667958061,-0.000625361144386,1.60901903741
0.00728667958061,-0.000625361144386,1.60901903741
0.00728667958061,-0.000625361144386,1.60901903741
0.00728667958061,-0.000625361144386,1.60901903741
0.00728667958061,-0.000625361144386,1.60901903741
0.00728667958061,-0.000625361144386,1.60901903741
0.00728667958061,-0.000625361144386,1.60901903741
0.00728667958061,-0.000625361144386,1.60901903741
0.00728667958061,-0.000625361144386,1.60901903741
0.00728667958061,-0.000625361144386,1.60901903741
0.00728667958061,-0.000625361144386,1.60901903741
0.00728667958061,-0.000625361144386,1.60901903741
0.00728667958061,-0.000625361144386,1.60901903741
0.00728667958061,-0.000625361144386,1.60901903741
0.00728667958061,-0.000625361144386,1.60901903741
0.00728667958061,-0.000625361144386,1.60901903741
0.00728667958061,-0.000625361144386,1.60901903741
0.00728667958061,-0.000625361144386,1.60901903741
0.00728667958061,-0.000625361144386,1.60901903741
0.00728667958061,-0.000625361144386,1.60901903741
0.00728667958061,-0.000625361144386,1.60901903741
0.00728667958061,-0.000625361144386,1.60901903741
0.00728667958061,-0.000625361144386,1.60901903741
0.00728667958061,-0.000625361144386,1.60901903741
0.00728667958061,-0.000625361144386,1.60901903741
0.00728667958061,-0.000625361144386,1.60901903741
0.00728667958061,-0.000625361144386,1.60901903741
0.00728667958061,-0.000625361144386,1.60901903741
0.00728667958061,-0.000625361144386,1.60901903741
0.00728667958061,-0.000625361144386,1.60901903741
0.00728667958061,-0.000625361144386,1.60901903741
0.00728667958061,-0.000625361144386,1.60901903741
0.00728667958061,-0.000625361144386,1.60901903741
0.00728667958061,-0.000625361144386,1.60901903741
0.00728667958061,-0.000625361144386,1.60901903741
0.00728667958061,-0.000625361144386,1.60901903741
0.00728667958061,-0.000625361144386,1.60901903741
0.00728667958061,-0.000625361144386,1.60901903741
0.00728667958061,-0.000625361144386,1.60901903741
0.00728667958061,-0.000625361144386,1.60901903741
0.00728667958061,-0.000625361144386,1.60901903741
0.00728667958061,-0.000625361144386,1.60901903741
0.00728667958061,-0.000625361144386,1.60901903741
0.00728667958061,-0.000625361144386,1.60901903741
0.00728667958061,-0.000625361144386,1.60884450449
0.00728343515502,-0.00054013078574,1.60884450449
0.00728343515502,-0.00054013078574,1.60884450449
0.00728343515502,-0.00054013078574,1.60884450449
0.00728343515502,-0.00054013078574,1.60884450449
0.00727694630383,-0.000369670068449,1.60884450449
0.00727694630383,-0.000369670068449,1.60884450449
0.00727694630383,-0.000369670068449,1.60884450449
0.00725585753747,0.000184327262747,1.60832090571
0.00725585753747,0.000184327262747,1.60832090571
0.00725585753747,0.000184327262747,1.60832090571
0.00725585753747,0.000184327262747,1.60832090571
0.00725265773883,0.000269559308487,1.60797183986
0.00725265773883,0.000269559308487,1.60797183986
0.00725265773883,0.000269559308487,1.60797183986
0.00723839252801,0.00065310851718,1.60797183986
0.00723839252801,0.00065310851718,1.60797183986
0.00723839252801,0.00065310851718,1.60797183986
0.00723839252801,0.00065310851718,1.60797183986
0.00721461717664,0.00129235719834,1.60797183986
0.00720986210636,0.00142020693457,1.60797183986
0.00720986210636,0.00142020693457,1.60797183986
0.00720986210636,0.00142020693457,1.60797183986
0.00720986210636,0.00142020693457,1.60797183986
0.00719401187212,0.001846372722,1.60779730694
0.00719401187212,0.001846372722,1.60779730694
0.00719401187212,0.001846372722,1.60779730694
0.00718612394509,0.00205945699567,1.60779730694
0.00718612394509,0.00205945699567,1.60779730694
0.00718612394509,0.00205945699567,1.60779730694
0.00718612394509,0.00205945699567,1.60779730694
0.00717665843267,0.00231515812407,1.60779730694
0.00717665843267,0.00231515812407,1.60779730694
0.00717665843267,0.00231515812407,1.60779730694
0.00717034809105,0.002485625543,1.60779730694
0.00717034809105,0.002485625543,1.60779730694
0.00717034809105,0.002485625543,1.60779730694
0.00717034809105,0.002485625543,1.60779730694
0.00715930499322,0.00278394352614,1.60814637279
0.00715930499322,0.00278394352614,1.60814637279
0.00715930499322,0.00278394352614,1.60814637279
0.00715930499322,0.00278394352614,1.60814637279
0.00715930499322,0.00278394352614,1.60832090571
0.00715930499322,0.00278394352614,1.60832090571
0.00715930499322,0.00278394352614,1.60832090571
0.00715930499322,0.00278394352614,1.60832090571
0.00715930499322,0.00278394352614,1.60832090571
0.00715930499322,0.00278394352614,1.60832090571
0.00715930499322,0.00278394352614,1.60832090571
0.00716090489254,0.00274132750327,1.60832090571
0.00716090489254,0.00274132750327,1.60832090571
0.00716090489254,0.00274132750327,1.60832090571
0.00716090489254,0.00274132750327,1.60832090571
0.00716090489254,0.00274132750327,1.60832090571
0.00716090489254,0.00274132750327,1.60832090571
0.00716090489254,0.00274132750327,1.60832090571
0.00716090489254,0.00274132750327,1.60832090571
0.00716090489254,0.00274132750327,1.60832090571
0.00716090489254,0.00274132750327,1.60832090571
0.00716090489254,0.00274132750327,1.60832090571
0.00716090489254,0.00274132750327,1.60832090571
0.00716090489254,0.00274132750327,1.60832090571
0.00716090489254,0.00274132750327,1.60832090571
0.00716090489254,0.00274132750327,1.60832090571
0.00716090489254,0.00274132750327,1.60832090571
0.00716090489254,0.00274132750327,1.60832090571
0.00716090489254,0.00274132750327,1.60832090571
0.00716090489254,0.00274132750327,1.60832090571
0.00716090489254,0.00274132750327,1.60832090571
0.00716090489254,0.00274132750327,1.60832090571
0.00716090489254,0.00274132750327,1.60832090571
0.00716090489254,0.00274132750327,1.60832090571
0.00716090489254,0.00274132750327,1.60832090571
