0.0,0.0,2.33437787454
0.0,0.0,2.32477856366
0.0,0.0,2.31465565399
0.0,0.0,2.30557994188
0.0,0.0,2.2952824993
0.0,0.0,2.28498505671
0.0,0.0,2.27486214705
0.0,0.0,2.26561190201
0.0,0.0,2.25548899235
0.0,0.0,2.24484248392
0.0,0.0,2.23489410718
0.0,0.0,2.22512026337
0.0,0.0,2.21499735371
0.0,0.0,2.2059216416
0.0,0.0,2.19579873193
0.0,0.0,2.1858503552
0.0,0.0,2.17607651139
0.0,0.0,2.16700079928
0.0,0.0,2.15565615914
0.0,0.0,2.1457077824
0.0,0.0,2.13593393859
0.0,0.0,2.12685822648
0.0,0.0,2.11725891559
0.0,0.0,2.10696147301
0.0,0.0,2.09771122797
0.0,0.0,2.08776285124
0.0,0.0,2.07868713913
0.0,0.0,2.06856422946
0.0,0.0,2.0584413198
0.0,0.0,2.04884200892
0.0,0.0,2.03889363218
0.0,0.0,2.02929432129
0.0,0.0,2.01934594456
0.0,0.0,2.00957210075
0.0,0.0,1.99962372401
0.0,0.0,1.98967534727
0.0,0.0,1.98025056931
0.0,0.0,1.9697785938
0.0,0.0,1.96017928291
