0.0,-0.0,0.0
0.0,-0.0,0.0
0.0,-0.0,-0.00872664625997
0.0,-0.0,-0.00872664625997
0.0,-0.0,-0.00872664625997
0.0,-0.0,-0.00872664625997
0.0,-0.0,-0.0162315620435
0.0,-0.0,-0.0162315620435
0.0,-0.0,-0.0162315620435
0.0,-0.0,-0.0162315620435
0.0,-0.0,-0.0237364778271
0.0,-0.0,-0.0237364778271
0.0,-0.0,-0.0237364778271
0.0,-0.0,-0.0322885911619
0.0,-0.0,-0.0349065850399
0.0,-0.0,-0.0349065850399
0.0,-0.0,-0.0349065850399
0.0,-0.0,-0.0349065850399
0.0,-0.0,-0.0424115008235
0.0,-0.0,-0.0448549617763
0.0,-0.0,-0.0448549617763
0.0,-0.0,-0.0448549617763
0.0,-0.0,-0.0448549617763
0.0,-0.0,-0.0523598775598
0.0,-0.0,-0.0523598775598
0.0,-0.0,-0.0523598775598
0.0,-0.0,-0.0609119908946
0.0,-0.0,-0.0609119908946
0.0,-0.0,-0.0635299847726
0.0,-0.0,-0.0635299847726
0.0,-0.0,-0.0635299847726
0.0,-0.0,-0.070860367631
0.0,-0.0,-0.070860367631
0.0,-0.0,-0.070860367631
0.0,-0.0,-0.070860367631
0.0,-0.0,-0.0780162175641
0.0,-0.0,-0.0780162175641
0.0,-0.0,-0.0780162175641
0.0,-0.0,-0.0867428638241
0.0,-0.0,-0.0867428638241
0.0,-0.0,-0.0893608577021
0.0,-0.0,-0.0893608577021
0.0,-0.0,-0.0893608577021
0.0,-0.0,-0.0966912405605
0.0,-0.0,-0.0993092344385
0.0,-0.0,-0.0993092344385
0.0,-0.0,-0.0993092344385
0.0,-0.0,-0.0993092344385
0.0,-0.0,-0.106639617297
0.0,-0.0,-0.106639617297
0.0,-0.0,-0.106639617297
0.0,-0.0,-0.106639617297
0.0,-0.0,-0.115366263557
0.0,-0.0,-0.11780972451
0.0,-0.0,-0.11780972451
0.0,-0.0,-0.11780972451
0.0,-0.0,-0.125314640293
0.0,-0.0,-0.125314640293
0.0,-0.0,-0.125314640293
0.0,-0.0,-0.125314640293
0.0,-0.0,-0.132819556077
0.0,-0.0,-0.132819556077
0.0,-0.0,-0.132819556077
0.0,-0.0,-0.141546202337
0.0,-0.0,-0.141546202337
0.0,-0.0,-0.141546202337
0.0,-0.0,-0.141546202337
0.0,-0.0,-0.14905111812
0.0,-0.0,-0.14905111812
0.0,-0.0,-0.14905111812
0.0,-0.0,-0.14905111812
0.0,-0.0,-0.156381500979
0.0,-0.0,-0.156381500979
0.0,-0.0,-0.156381500979
0.0,-0.0,-0.163711883837
0.0,-0.0,-0.163711883837
0.0,-0.0,-0.163711883837
0.0,-0.0,-0.163711883837
0.0,-0.0,-0.172613063022
0.0,-0.0,-0.175056523975
0.0,-0.0,-0.175056523975
0.0,-0.0,-0.175056523975
0.0,-0.0,-0.175056523975
0.0,-0.0,-0.182561439759
0.0,-0.0,-0.182561439759
0.0,-0.0,-0.182561439759
0.0,-0.0,-0.190066355542
0.0,-0.0,-0.192509816495
0.0,-0.0,-0.192509816495
0.0,-0.0,-0.192509816495
0.0,-0.0,-0.192509816495
0.0,-0.0,-0.201236462755
0.0,-0.0,-0.201236462755
0.0,-0.0,-0.201236462755
0.0,-0.0,-0.208741378539
0.0,-0.0,-0.208741378539
0.0,-0.0,-0.208741378539
0.0,-0.0,-0.208741378539
0.0,-0.0,-0.216071761397
0.0,-0.0,-0.216071761397
0.0,-0.0,-0.216071761397
0.0,-0.0,-0.216071761397
0.0,-0.0,-0.224972940582
0.0,-0.0,-0.224972940582
0.0,-0.0,-0.224972940582
0.0,-0.0,-0.232477856366
0.0,-0.0,-0.232477856366
0.0,-0.0,-0.232477856366
0.0,-0.0,-0.232477856366
0.0,-0.0,-0.239808239224
0.0,-0.0,-0.242426233102
0.0,-0.0,-0.242426233102
0.0,-0.0,-0.242426233102
0.0,-0.0,-0.242426233102
0.0,-0.0,-0.249931148886
0.0,-0.0,-0.249931148886
0.0,-0.0,-0.249931148886
0.0,-0.0,-0.258657795146
0.0,-0.0,-0.258657795146
0.0,-0.0,-0.258657795146
0.0,-0.0,-0.258657795146
0.0,-0.0,-0.266162710929
0.0,-0.0,-0.266162710929
0.0,-0.0,-0.266162710929
0.0,-0.0,-0.273493093788
0.0,-0.0,-0.273493093788
0.0,-0.0,-0.273493093788
0.0,-0.0,-0.273493093788
0.0,-0.0,-0.282219740047
0.0,-0.0,-0.282219740047
0.0,-0.0,-0.282219740047
0.0,-0.0,-0.282219740047
0.0,-0.0,-0.289899188756
0.0,-0.0,-0.289899188756
0.0,-0.0,-0.289899188756
0.0,-0.0,-0.29740410454
0.0,-0.0,-0.29740410454
0.0,-0.0,-0.29740410454
0.0,-0.0,-0.29740410454
0.0,-0.0,-0.304734487398
0.0,-0.0,-0.304734487398
0.0,-0.0,-0.304734487398
0.0,-0.0,-0.313461133658
0.0,-0.0,-0.313461133658
0.0,-0.0,-0.313461133658
0.0,-0.0,-0.313461133658
0.0,-0.0,-0.320791516517
0.0,-0.0,-0.320791516517
0.0,-0.0,-0.320791516517
0.0,-0.0,-0.320791516517
0.0,-0.0,-0.328121899375
0.0,-0.0,-0.328121899375
0.0,-0.0,-0.328121899375
0.0,-0.0,-0.336848545635
0.0,-0.0,-0.339466539513
0.0,-0.0,-0.339466539513
0.0,-0.0,-0.339466539513
0.0,-0.0,-0.339466539513
0.0,-0.0,-0.346796922371
0.0,-0.0,-0.349414916249
0.0,-0.0,-0.351858377202
0.0,-0.0,-0.351858377202
0.0,-0.0,-0.351858377202
0.0,-0.0,-0.356919832033
0.0,-0.0,-0.356919832033
0.0,-0.0,-0.356919832033
0.0,-0.0,-0.365646478293
0.0,-0.0,-0.365646478293
0.0,-0.0,-0.365646478293
0.0,-0.0,-0.365646478293
0.0,-0.0,-0.372976861151
0.0,-0.0,-0.372976861151
0.0,-0.0,-0.372976861151
0.0,-0.0,-0.38065630986
0.0,-0.0,-0.38065630986
0.0,-0.0,-0.38065630986
0.0,-0.0,-0.38065630986
0.0,-0.0,-0.387986692718
0.0,-0.0,-0.391826417073
0.0,-0.0,-0.391826417073
0.0,-0.0,-0.391826417073
0.0,-0.0,-0.391826417073
0.0,-0.0,-0.399505865782
0.0,-0.0,-0.401949326734
0.0,-0.0,-0.401949326734
0.0,-0.0,-0.401949326734
0.0,-0.0,-0.401949326734
0.0,-0.0,-0.409279709593
0.0,-0.0,-0.409279709593
0.0,-0.0,-0.409279709593
0.0,-0.0,-0.416784625376
0.0,-0.0,-0.416784625376
0.0,-0.0,-0.416784625376
0.0,-0.0,-0.416784625376
0.0,-0.0,-0.425511271636
0.0,-0.0,-0.425511271636
0.0,-0.0,-0.425511271636
0.0,-0.0,-0.43301618742
0.0,-0.0,-0.43301618742
0.0,-0.0,-0.43301618742
0.0,-0.0,-0.43301618742
0.0,-0.0,-0.440521103203
0.0,-0.0,-0.442964564156
0.0,-0.0,-0.442964564156
0.0,-0.0,-0.442964564156
0.0,-0.0,-0.442964564156
0.0,-0.0,-0.451691210416
0.0,-0.0,-0.454134671369
0.0,-0.0,-0.454134671369
0.0,-0.0,-0.454134671369
0.0,-0.0,-0.454134671369
0.0,-0.0,-0.461639587153
0.0,-0.0,-0.461639587153
0.0,-0.0,-0.461639587153
0.0,-0.0,-0.469144502936
0.0,-0.0,-0.469144502936
0.0,-0.0,-0.469144502936
0.0,-0.0,-0.469144502936
0.0,-0.0,-0.477871149196
0.0,-0.0,-0.480314610149
0.0,-0.0,-0.480314610149
0.0,-0.0,-0.480314610149
0.0,-0.0,-0.480314610149
0.0,-0.0,-0.487644993007
0.0,-0.0,-0.487644993007
0.0,-0.0,-0.487644993007
0.0,-0.0,-0.495324441716
0.0,-0.0,-0.495324441716
0.0,-0.0,-0.495324441716
0.0,-0.0,-0.495324441716
0.0,-0.0,-0.503876555051
0.0,-0.0,-0.503876555051
0.0,-0.0,-0.503876555051
0.0,-0.0,-0.51155600376
0.0,-0.0,-0.51155600376
0.0,-0.0,-0.51155600376
0.0,-0.0,-0.51155600376
0.0,-0.0,-0.519060919543
0.0,-0.0,-0.519060919543
0.0,-0.0,-0.519060919543
0.0,-0.0,-0.526565835327
0.0,-0.0,-0.526565835327
0.0,-0.0,-0.526565835327
0.0,-0.0,-0.526565835327
0.0,-0.0,-0.535467014512
0.0,-0.0,-0.537910475465
0.0,-0.0,-0.537910475465
0.0,-0.0,-0.537910475465
0.0,-0.0,-0.537910475465
0.0,-0.0,-0.545415391248
0.0,-0.0,-0.545415391248
0.0,-0.0,-0.545415391248
0.0,-0.0,-0.552920307032
0.0,-0.0,-0.552920307032
0.0,-0.0,-0.552920307032
0.0,-0.0,-0.552920307032
0.0,-0.0,-0.561821486217
0.0,-0.0,-0.56426494717
0.0,-0.0,-0.56426494717
0.0,-0.0,-0.56426494717
0.0,-0.0,-0.56426494717
0.0,-0.0,-0.571595330028
0.0,-0.0,-0.571595330028
0.0,-0.0,-0.571595330028
0.0,-0.0,-0.579100245812
0.0,-0.0,-0.579100245812
0.0,-0.0,-0.579100245812
0.0,-0.0,-0.579100245812
0.0,-0.0,-0.587826892072
0.0,-0.0,-0.590270353024
0.0,-0.0,-0.590270353024
0.0,-0.0,-0.590270353024
0.0,-0.0,-0.590270353024
0.0,-0.0,-0.597775268808
0.0,-0.0,-0.600218729761
0.0,-0.0,-0.600218729761
0.0,-0.0,-0.600218729761
0.0,-0.0,-0.607549112619
0.0,-0.0,-0.607549112619
0.0,-0.0,-0.607549112619
0.0,-0.0,-0.607549112619
0.0,-0.0,-0.616101225954
0.0,-0.0,-0.618544686907
0.0,-0.0,-0.618544686907
0.0,-0.0,-0.618544686907
0.0,-0.0,-0.623606141738
0.0,-0.0,-0.623606141738
0.0,-0.0,-0.623606141738
0.0,-0.0,-0.630936524596
0.0,-0.0,-0.630936524596
0.0,-0.0,-0.630936524596
0.0,-0.0,-0.630936524596
0.0,-0.0,-0.63844144038
0.0,-0.0,-0.642281164734
0.0,-0.0,-0.642281164734
0.0,-0.0,-0.642281164734
0.0,-0.0,-0.642281164734
0.0,-0.0,-0.649786080517
0.0,-0.0,-0.65222954147
0.0,-0.0,-0.654673002423
0.0,-0.0,-0.654673002423
0.0,-0.0,-0.654673002423
0.0,-0.0,-0.659559924329
0.0,-0.0,-0.659559924329
0.0,-0.0,-0.659559924329
0.0,-0.0,-0.667239373037
0.0,-0.0,-0.667239373037
0.0,-0.0,-0.667239373037
0.0,-0.0,-0.667239373037
0.0,-0.0,-0.675791486372
0.0,-0.0,-0.675791486372
0.0,-0.0,-0.675791486372
0.0,-0.0,-0.683470935081
0.0,-0.0,-0.683470935081
0.0,-0.0,-0.683470935081
0.0,-0.0,-0.683470935081
0.0,-0.0,-0.690801317939
0.0,-0.0,-0.690801317939
0.0,-0.0,-0.690801317939
0.0,-0.0,-0.699527964199
0.0,-0.0,-0.699527964199
0.0,-0.0,-0.699527964199
0.0,-0.0,-0.699527964199
0.0,-0.0,-0.707032879983
0.0,-0.0,-0.707032879983
0.0,-0.0,-0.707032879983
0.0,-0.0,-0.707032879983
0.0,-0.0,-0.714363262841
0.0,-0.0,-0.714363262841
0.0,-0.0,-0.714363262841
0.0,-0.0,-0.721868178625
0.0,-0.0,-0.721868178625
0.0,-0.0,-0.721868178625
0.0,-0.0,-0.721868178625
0.0,-0.0,-0.730594824885
0.0,-0.0,-0.733212818763
0.0,-0.0,-0.733212818763
0.0,-0.0,-0.733212818763
0.0,-0.0,-0.733212818763
0.0,-0.0,-0.740543201621
0.0,-0.0,-0.740543201621
0.0,-0.0,-0.740543201621
0.0,-0.0,-0.74787358448
0.0,-0.0,-0.74787358448
0.0,-0.0,-0.74787358448
0.0,-0.0,-0.74787358448
0.0,-0.0,-0.75660023074
0.0,-0.0,-0.759218224618
0.0,-0.0,-0.759218224618
0.0,-0.0,-0.759218224618
0.0,-0.0,-0.759218224618
0.0,-0.0,-0.766548607476
0.0,-0.0,-0.766548607476
0.0,-0.0,-0.766548607476
0.0,-0.0,-0.773878990334
0.0,-0.0,-0.773878990334
0.0,-0.0,-0.773878990334
0.0,-0.0,-0.773878990334
0.0,-0.0,-0.782605636594
0.0,-0.0,-0.785049097547
0.0,-0.0,-0.785049097547
0.0,-0.0,-0.785049097547
0.0,-0.0,-0.792554013331
0.0,-0.0,-0.792554013331
0.0,-0.0,-0.792554013331
0.0,-0.0,-0.792554013331
0.0,-0.0,-0.800058929114
0.0,-0.0,-0.800058929114
0.0,-0.0,-0.800058929114
0.0,-0.0,-0.800058929114
0.0,-0.0,-0.807738377823
0.0,-0.0,-0.807738377823
0.0,-0.0,-0.807738377823
0.0,-0.0,-0.816465024083
0.0,-0.0,-0.816465024083
0.0,-0.0,-0.816465024083
0.0,-0.0,-0.816465024083
0.0,-0.0,-0.823969939867
0.0,-0.0,-0.823969939867
0.0,-0.0,-0.823969939867
0.0,-0.0,-0.83147485565
0.0,-0.0,-0.83147485565
0.0,-0.0,-0.833918316603
0.0,-0.0,-0.833918316603
0.0,-0.0,-0.833918316603
0.0,-0.0,-0.842644962863
0.0,-0.0,-0.845088423816
0.0,-0.0,-0.845088423816
0.0,-0.0,-0.845088423816
0.0,-0.0,-0.845088423816
0.0,-0.0,-0.852593339599
0.0,-0.0,-0.852593339599
0.0,-0.0,-0.852593339599
0.0,-0.0,-0.852593339599
0.0,-0.0,-0.860098255383
0.0,-0.0,-0.860098255383
0.0,-0.0,-0.860098255383
0.0,-0.0,-0.868824901643
0.0,-0.0,-0.871268362596
0.0,-0.0,-0.871268362596
0.0,-0.0,-0.871268362596
0.0,-0.0,-0.871268362596
0.0,-0.0,-0.878947811304
0.0,-0.0,-0.878947811304
0.0,-0.0,-0.878947811304
0.0,-0.0,-0.878947811304
0.0,-0.0,-0.886452727088
0.0,-0.0,-0.886452727088
0.0,-0.0,-0.886452727088
0.0,-0.0,-0.895179373348
0.0,-0.0,-0.895179373348
0.0,-0.0,-0.895179373348
0.0,-0.0,-0.895179373348
0.0,-0.0,-0.902684289131
0.0,-0.0,-0.902684289131
0.0,-0.0,-0.902684289131
0.0,-0.0,-0.910189204915
0.0,-0.0,-0.910189204915
0.0,-0.0,-0.910189204915
0.0,-0.0,-0.910189204915
0.0,-0.0,-0.917519587773
0.0,-0.0,-0.917519587773
0.0,-0.0,-0.917519587773
0.0,-0.0,-0.917519587773
0.0,-0.0,-0.926420766959
0.0,-0.0,-0.926420766959
0.0,-0.0,-0.926420766959
0.0,-0.0,-0.933925682742
0.0,-0.0,-0.933925682742
0.0,-0.0,-0.933925682742
0.0,-0.0,-0.933925682742
0.0,-0.0,-0.941430598526
0.0,-0.0,-0.944048592404
0.0,-0.0,-0.944048592404
0.0,-0.0,-0.944048592404
0.0,-0.0,-0.952600705739
0.0,-0.0,-0.952600705739
0.0,-0.0,-0.955044166691
0.0,-0.0,-0.955044166691
0.0,-0.0,-0.955044166691
0.0,-0.0,-0.962549082475
0.0,-0.0,-0.962549082475
0.0,-0.0,-0.962549082475
0.0,-0.0,-0.962549082475
0.0,-0.0,-0.970053998258
0.0,-0.0,-0.970053998258
0.0,-0.0,-0.970053998258
0.0,-0.0,-0.978780644518
0.0,-0.0,-0.978780644518
0.0,-0.0,-0.978780644518
0.0,-0.0,-0.978780644518
0.0,-0.0,-0.986111027377
0.0,-0.0,-0.986111027377
0.0,-0.0,-0.986111027377
0.0,-0.0,-0.986111027377
0.0,-0.0,-0.99361594316
0.0,-0.0,-0.99361594316
0.0,-0.0,-0.99361594316
0.0,-0.0,-1.00094632602
0.0,-0.0,-1.00094632602
0.0,-0.0,-1.00094632602
0.0,-0.0,-1.00094632602
0.0,-0.0,-1.0098475052
0.0,-0.0,-1.0098475052
0.0,-0.0,-1.0098475052
0.0,-0.0,-1.01735242099
0.0,-0.0,-1.01735242099
0.0,-0.0,-1.01735242099
0.0,-0.0,-1.01735242099
0.0,-0.0,-1.02485733677
0.0,-0.0,-1.02485733677
0.0,-0.0,-1.02485733677
0.0,-0.0,-1.02485733677
0.0,-0.0,-1.03358398303
0.0,-0.0,-1.03358398303
0.0,-0.0,-1.03358398303
0.0,-0.0,-1.04091436589
0.0,-0.0,-1.04091436589
0.0,-0.0,-1.04091436589
0.0,-0.0,-1.04091436589
0.0,-0.0,-1.04841928167
0.0,-0.0,-1.05086274263
0.0,-0.0,-1.05086274263
0.0,-0.0,-1.05086274263
0.0,-0.0,-1.05836765841
0.0,-0.0,-1.05836765841
0.0,-0.0,-1.05836765841
0.0,-0.0,-1.05836765841
0.0,-0.0,-1.06709430467
0.0,-0.0,-1.06709430467
0.0,-0.0,-1.06709430467
0.0,-0.0,-1.06709430467
0.0,-0.0,-1.07442468753
0.0,-0.0,-1.07442468753
0.0,-0.0,-1.07442468753
0.0,-0.0,-1.08192960331
0.0,-0.0,-1.08192960331
0.0,-0.0,-1.08192960331
0.0,-0.0,-1.08192960331
0.0,-0.0,-1.09048171665
0.0,-0.0,-1.09309971052
0.0,-0.0,-1.09309971052
0.0,-0.0,-1.09309971052
0.0,-0.0,-1.09309971052
0.0,-0.0,-1.10043009338
0.0,-0.0,-1.10287355434
0.0,-0.0,-1.10287355434
0.0,-0.0,-1.10287355434
0.0,-0.0,-1.11020393719
0.0,-0.0,-1.11020393719
0.0,-0.0,-1.11020393719
0.0,-0.0,-1.11020393719
0.0,-0.0,-1.11893058345
0.0,-0.0,-1.12137404441
0.0,-0.0,-1.12137404441
0.0,-0.0,-1.12137404441
0.0,-0.0,-1.12137404441
0.0,-0.0,-1.12887896019
0.0,-0.0,-1.12887896019
0.0,-0.0,-1.12887896019
0.0,-0.0,-1.13638387597
0.0,-0.0,-1.13638387597
0.0,-0.0,-1.13638387597
0.0,-0.0,-1.13638387597
0.0,-0.0,-1.14493598931
0.0,-0.0,-1.14737945026
0.0,-0.0,-1.14737945026
0.0,-0.0,-1.14737945026
0.0,-0.0,-1.14737945026
0.0,-0.0,-1.15488436604
0.0,-0.0,-1.157327827
0.0,-0.0,-1.157327827
0.0,-0.0,-1.157327827
0.0,-0.0,-1.157327827
0.0,-0.0,-1.16483274278
0.0,-0.0,-1.16483274278
0.0,-0.0,-1.16483274278
0.0,-0.0,-1.17355938904
0.0,-0.0,-1.17355938904
0.0,-0.0,-1.17355938904
0.0,-0.0,-1.17355938904
0.0,-0.0,-1.18106430482
0.0,-0.0,-1.18106430482
0.0,-0.0,-1.18106430482
0.0,-0.0,-1.18856922061
0.0,-0.0,-1.18856922061
0.0,-0.0,-1.18856922061
0.0,-0.0,-1.18856922061
0.0,-0.0,-1.19607413639
0.0,-0.0,-1.19973932782
0.0,-0.0,-1.19973932782
0.0,-0.0,-1.19973932782
0.0,-0.0,-1.19973932782
0.0,-0.0,-1.20706971068
0.0,-0.0,-1.20706971068
0.0,-0.0,-1.20706971068
0.0,-0.0,-1.21440009354
0.0,-0.0,-1.21440009354
0.0,-0.0,-1.21440009354
0.0,-0.0,-1.21440009354
0.0,-0.0,-1.22207954225
0.0,-0.0,-1.22207954225
0.0,-0.0,-1.22207954225
0.0,-0.0,-1.23080618851
0.0,-0.0,-1.23080618851
0.0,-0.0,-1.23324964946
0.0,-0.0,-1.23324964946
0.0,-0.0,-1.23324964946
0.0,-0.0,-1.24058003232
0.0,-0.0,-1.24058003232
0.0,-0.0,-1.24058003232
0.0,-0.0,-1.24058003232
0.0,-0.0,-1.24825948103
0.0,-0.0,-1.24825948103
0.0,-0.0,-1.24825948103
0.0,-0.0,-1.25698612729
0.0,-0.0,-1.25698612729
0.0,-0.0,-1.25698612729
0.0,-0.0,-1.25698612729
0.0,-0.0,-1.264665576
0.0,-0.0,-1.264665576
0.0,-0.0,-1.264665576
0.0,-0.0,-1.264665576
0.0,-0.0,-1.27217049178
0.0,-0.0,-1.27217049178
0.0,-0.0,-1.27217049178
0.0,-0.0,-1.27984994049
0.0,-0.0,-1.27984994049
0.0,-0.0,-1.27984994049
0.0,-0.0,-1.27984994049
0.0,-0.0,-1.28857658675
0.0,-0.0,-1.2910200477
0.0,-0.0,-1.2910200477
0.0,-0.0,-1.2910200477
0.0,-0.0,-1.29852496348
0.0,-0.0,-1.29852496348
0.0,-0.0,-1.30096842444
0.0,-0.0,-1.30096842444
0.0,-0.0,-1.30096842444
0.0,-0.0,-1.30864787315
0.0,-0.0,-1.30864787315
0.0,-0.0,-1.30864787315
0.0,-0.0,-1.30864787315
0.0,-0.0,-1.31719998648
0.0,-0.0,-1.31719998648
0.0,-0.0,-1.31719998648
0.0,-0.0,-1.31719998648
0.0,-0.0,-1.32470490226
0.0,-0.0,-1.32470490226
0.0,-0.0,-1.32470490226
0.0,-0.0,-1.33220981805
0.0,-0.0,-1.33220981805
0.0,-0.0,-1.33220981805
0.0,-0.0,-1.33220981805
0.0,-0.0,-1.34093646431
0.0,-0.0,-1.34093646431
0.0,-0.0,-1.34093646431
0.0,-0.0,-1.34844138009
0.0,-0.0,-1.34844138009
0.0,-0.0,-1.34844138009
0.0,-0.0,-1.34844138009
0.0,-0.0,-1.3561208288
0.0,-0.0,-1.3561208288
0.0,-0.0,-1.3561208288
0.0,-0.0,-1.3561208288
0.0,-0.0,-1.36362574458
0.0,-0.0,-1.36362574458
0.0,-0.0,-1.36362574458
0.0,-0.0,-1.37235239084
0.0,-0.0,-1.37235239084
0.0,-0.0,-1.37497038472
0.0,-0.0,-1.37497038472
0.0,-0.0,-1.37497038472
0.0,-0.0,-1.3824753005
0.0,-0.0,-1.3824753005
0.0,-0.0,-1.3824753005
0.0,-0.0,-1.38998021629
0.0,-0.0,-1.38998021629
0.0,-0.0,-1.38998021629
0.0,-0.0,-1.38998021629
0.0,-0.0,-1.39888139547
0.0,-0.0,-1.39888139547
0.0,-0.0,-1.40132485643
0.0,-0.0,-1.40132485643
0.0,-0.0,-1.40132485643
0.0,-0.0,-1.40900430514
0.0,-0.0,-1.40900430514
0.0,-0.0,-1.40900430514
0.0,-0.0,-1.41633468799
0.0,-0.0,-1.41633468799
0.0,-0.0,-1.41633468799
0.0,-0.0,-1.41633468799
0.0,-0.0,-1.42523586718
0.0,-0.0,-1.42523586718
0.0,-0.0,-1.42523586718
0.0,-0.0,-1.42523586718
0.0,-0.0,-1.43291531589
0.0,-0.0,-1.43291531589
0.0,-0.0,-1.43291531589
0.0,-0.0,-1.44024569875
0.0,-0.0,-1.44024569875
0.0,-0.0,-1.44024569875
0.0,-0.0,-1.4426891597
0.0,-0.0,-1.4426891597
0.0,-0.0,-1.45001954256
0.0,-0.0,-1.45001954256
0.0,-0.0,-1.45001954256
0.0,-0.0,-1.45001954256
0.0,-0.0,-1.45874618882
0.0,-0.0,-1.45874618882
0.0,-0.0,-1.45874618882
0.0,-0.0,-1.46607657168
0.0,-0.0,-1.46607657168
0.0,-0.0,-1.46607657168
0.0,-0.0,-1.46607657168
0.0,-0.0,-1.47358148746
0.0,-0.0,-1.47358148746
0.0,-0.0,-1.47602494841
0.0,-0.0,-1.47602494841
0.0,-0.0,-1.47602494841
0.0,-0.0,-1.48475159467
0.0,-0.0,-1.48475159467
0.0,-0.0,-1.48475159467
0.0,-0.0,-1.48736958855
0.0,-0.0,-1.48736958855
0.0,-0.0,-1.48736958855
0.0,-0.0,-1.49731796529
0.0,-0.0,-1.49731796529
0.0,-0.0,-1.49731796529
0.0,-0.0,-1.50482288107
0.0,-0.0,-1.50482288107
0.0,-0.0,-1.50482288107
0.0,-0.0,-1.50482288107
0.0,-0.0,-1.51354952733
0.0,-0.0,-1.51354952733
0.0,-0.0,-1.51354952733
0.0,-0.0,-1.52105444311
0.0,-0.0,-1.52105444311
0.0,-0.0,-1.52105444311
0.0,-0.0,-1.52105444311
0.0,-0.0,-1.5285593589
0.0,-0.0,-1.5285593589
0.0,-0.0,-1.5285593589
0.0,-0.0,-1.5285593589
0.0,-0.0,-1.53728600516
0.0,-0.0,-1.53728600516
0.0,-0.0,-1.53728600516
0.0,-0.0,-1.54461638801
0.0,-0.0,-1.54461638801
0.0,-0.0,-1.54461638801
0.0,-0.0,-1.54461638801
0.0,-0.0,-1.55194677087
0.0,-0.0,-1.55194677087
0.0,-0.0,-1.55194677087
0.0,-0.0,-1.55945168666
0.0,-0.0,-1.55945168666
0.0,-0.0,-1.55945168666
0.0,-0.0,-1.55945168666
0.0,-0.0,-1.56800379999
0.0,-0.0,-1.56800379999
0.0,-0.0,-1.57044726094
0.0,-0.0,-1.57044726094
0.0,-0.0,-1.57044726094
0.0,-0.0,-1.57795217673
0.0,-0.0,-1.57795217673
0.0,-0.0,-1.57795217673
0.0,-0.0,-1.58545709251
0.0,-0.0,-1.58545709251
0.0,-0.0,-1.58545709251
0.0,-0.0,-1.58545709251
0.0,-0.0,-1.5943582717
0.0,-0.0,-1.5943582717
0.0,-0.0,-1.59680173265
0.0,-0.0,-1.59680173265
0.0,-0.0,-1.59680173265
0.0,-0.0,-1.60413211551
0.0,-0.0,-1.60413211551
0.0,-0.0,-1.60413211551
0.0,-0.0,-1.61163703129
0.0,-0.0,-1.61163703129
0.0,-0.0,-1.61163703129
0.0,-0.0,-1.61163703129
0.0,-0.0,-1.62036367755
0.0,-0.0,-1.62036367755
0.0,-0.0,-1.6228071385
0.0,-0.0,-1.6228071385
0.0,-0.0,-1.6228071385
0.0,-0.0,-1.63031205429
0.0,-0.0,-1.63031205429
0.0,-0.0,-1.63275551524
0.0,-0.0,-1.63275551524
0.0,-0.0,-1.63275551524
0.0,-0.0,-1.64026043102
0.0,-0.0,-1.64026043102
0.0,-0.0,-1.64026043102
0.0,-0.0,-1.64863801143
0.0,-0.0,-1.64863801143
0.0,-0.0,-1.64863801143
0.0,-0.0,-1.65614292722
0.0,-0.0,-1.65614292722
0.0,-0.0,-1.65614292722
0.0,-0.0,-1.65614292722
0.0,-0.0,-1.66347331008
0.0,-0.0,-1.66347331008
0.0,-0.0,-1.66347331008
0.0,-0.0,-1.66347331008
0.0,-0.0,-1.67097822586
0.0,-0.0,-1.67097822586
0.0,-0.0,-1.67342168681
0.0,-0.0,-1.67342168681
0.0,-0.0,-1.67342168681
0.0,-0.0,-1.68214833307
0.0,-0.0,-1.68214833307
0.0,-0.0,-1.68214833307
0.0,-0.0,-1.68459179402
0.0,-0.0,-1.68459179402
0.0,-0.0,-1.69227124273
0.0,-0.0,-1.69227124273
0.0,-0.0,-1.69227124273
0.0,-0.0,-1.69977615852
0.0,-0.0,-1.69977615852
0.0,-0.0,-1.69977615852
0.0,-0.0,-1.70850280478
0.0,-0.0,-1.70850280478
0.0,-0.0,-1.70850280478
0.0,-0.0,-1.70850280478
0.0,-0.0,-1.71600772056
0.0,-0.0,-1.71600772056
0.0,-0.0,-1.71600772056
0.0,-0.0,-1.71600772056
0.0,-0.0,-1.72351263634
0.0,-0.0,-1.72351263634
0.0,-0.0,-1.72351263634
0.0,-0.0,-1.7322392826
0.0,-0.0,-1.7322392826
0.0,-0.0,-1.7322392826
0.0,-0.0,-1.7322392826
0.0,-0.0,-1.73974419839
0.0,-0.0,-1.73974419839
0.0,-0.0,-1.73974419839
0.0,-0.0,-1.74724911417
0.0,-0.0,-1.74724911417
0.0,-0.0,-1.74724911417
0.0,-0.0,-1.74724911417
0.0,-0.0,-1.75475402996
0.0,-0.0,-1.75475402996
0.0,-0.0,-1.75475402996
0.0,-0.0,-1.75475402996
0.0,-0.0,-1.76348067622
0.0,-0.0,-1.76348067622
0.0,-0.0,-1.76348067622
0.0,-0.0,-1.77116012492
0.0,-0.0,-1.77116012492
0.0,-0.0,-1.77116012492
0.0,-0.0,-1.77116012492
0.0,-0.0,-1.77849050778
0.0,-0.0,-1.77849050778
0.0,-0.0,-1.77849050778
0.0,-0.0,-1.78739168697
0.0,-0.0,-1.78739168697
0.0,-0.0,-1.78739168697
0.0,-0.0,-1.78739168697
0.0,-0.0,-1.79472206983
0.0,-0.0,-1.79472206983
0.0,-0.0,-1.79472206983
0.0,-0.0,-1.79472206983
0.0,-0.0,-1.80240151853
0.0,-0.0,-1.80240151853
0.0,-0.0,-1.80240151853
0.0,-0.0,-1.80973190139
0.0,-0.0,-1.80973190139
0.0,-0.0,-1.80973190139
0.0,-0.0,-1.81828401473
0.0,-0.0,-1.81828401473
0.0,-0.0,-1.81828401473
0.0,-0.0,-1.82072747568
0.0,-0.0,-1.82072747568
0.0,-0.0,-1.82072747568
0.0,-0.0,-1.82840692439
0.0,-0.0,-1.82840692439
0.0,-0.0,-1.82840692439
0.0,-0.0,-1.83085038534
0.0,-0.0,-1.83085038534
0.0,-0.0,-1.83085038534
0.0,-0.0,-1.83835530113
0.0,-0.0,-1.83835530113
0.0,-0.0,-1.84725648031
0.0,-0.0,-1.84725648031
0.0,-0.0,-1.84725648031
0.0,-0.0,-1.84969994126
0.0,-0.0,-1.84969994126
0.0,-0.0,-1.84969994126
0.0,-0.0,-1.85720485705
0.0,-0.0,-1.85720485705
0.0,-0.0,-1.86453523991
0.0,-0.0,-1.86453523991
0.0,-0.0,-1.86453523991
0.0,-0.0,-1.86697870086
0.0,-0.0,-1.86697870086
0.0,-0.0,-1.87570534712
0.0,-0.0,-1.87570534712
0.0,-0.0,-1.87570534712
0.0,-0.0,-1.87814880807
0.0,-0.0,-1.87814880807
0.0,-0.0,-1.87814880807
0.0,-0.0,-1.88565372385
0.0,-0.0,-1.88565372385
0.0,-0.0,-1.88565372385
0.0,-0.0,-1.89315863964
0.0,-0.0,-1.89315863964
0.0,-0.0,-1.89315863964
0.0,-0.0,-1.9018852859
0.0,-0.0,-1.9018852859
0.0,-0.0,-1.90432874685
0.0,-0.0,-1.90432874685
0.0,-0.0,-1.90432874685
0.0,-0.0,-1.91200819556
0.0,-0.0,-1.91200819556
0.0,-0.0,-1.91200819556
0.0,-0.0,-1.91951311134
0.0,-0.0,-1.91951311134
0.0,-0.0,-1.91951311134
0.0,-0.0,-1.91951311134
0.0,-0.0,-1.9282397576
0.0,-0.0,-1.9282397576
0.0,-0.0,-1.9282397576
0.0,-0.0,-1.93574467339
0.0,-0.0,-1.93574467339
0.0,-0.0,-1.93574467339
0.0,-0.0,-1.93574467339
0.0,-0.0,-1.94307505625
0.0,-0.0,-1.94307505625
0.0,-0.0,-1.94307505625
0.0,-0.0,-1.94307505625
0.0,-0.0,-1.95057997203
0.0,-0.0,-1.95057997203
0.0,-0.0,-1.95057997203
0.0,-0.0,-1.95930661829
0.0,-0.0,-1.95930661829
0.0,-0.0,-1.95930661829
0.0,-0.0,-1.96175007924
0.0,-0.0,-1.96175007924
0.0,-0.0,-1.96942952795
0.0,-0.0,-1.96942952795
0.0,-0.0,-1.96942952795
0.0,-0.0,-1.96942952795
0.0,-0.0,-1.97710897666
0.0,-0.0,-1.97710897666
0.0,-0.0,-1.97710897666
0.0,-0.0,-1.98548655707
0.0,-0.0,-1.98548655707
0.0,-0.0,-1.98548655707
0.0,-0.0,-1.98810455095
0.0,-0.0,-1.98810455095
0.0,-0.0,-1.99543493381
0.0,-0.0,-1.99543493381
0.0,-0.0,-1.99543493381
0.0,-0.0,-1.99543493381
0.0,-0.0,-2.00293984959
0.0,-0.0,-2.00293984959
0.0,-0.0,-2.00293984959
0.0,-0.0,-2.01166649585
0.0,-0.0,-2.01166649585
0.0,-0.0,-2.01166649585
0.0,-0.0,-2.01166649585
0.0,-0.0,-2.01934594456
0.0,-0.0,-2.01934594456
0.0,-0.0,-2.01934594456
0.0,-0.0,-2.02685086034
0.0,-0.0,-2.02685086034
0.0,-0.0,-2.02685086034
0.0,-0.0,-2.02946885422
0.0,-0.0,-2.02946885422
0.0,-0.0,-2.03679923708
0.0,-0.0,-2.03679923708
0.0,-0.0,-2.03679923708
0.0,-0.0,-2.03679923708
0.0,-0.0,-2.04535135041
0.0,-0.0,-2.04535135041
0.0,-0.0,-2.04535135041
0.0,-0.0,-2.05303079912
0.0,-0.0,-2.05303079912
0.0,-0.0,-2.05303079912
0.0,-0.0,-2.05303079912
0.0,-0.0,-2.06036118198
0.0,-0.0,-2.06036118198
0.0,-0.0,-2.06036118198
0.0,-0.0,-2.06908782824
0.0,-0.0,-2.06908782824
0.0,-0.0,-2.06908782824
0.0,-0.0,-2.07153128919
0.0,-0.0,-2.07153128919
0.0,-0.0,-2.07153128919
0.0,-0.0,-2.07903620498
0.0,-0.0,-2.07903620498
0.0,-0.0,-2.08147966593
0.0,-0.0,-2.08147966593
0.0,-0.0,-2.08147966593
0.0,-0.0,-2.08898458171
0.0,-0.0,-2.08898458171
0.0,-0.0,-2.08898458171
0.0,-0.0,-2.09753669505
0.0,-0.0,-2.09753669505
0.0,-0.0,-2.09753669505
0.0,-0.0,-2.099980156
0.0,-0.0,-2.099980156
0.0,-0.0,-2.099980156
0.0,-0.0,-2.10748507178
0.0,-0.0,-2.10748507178
0.0,-0.0,-2.10748507178
0.0,-0.0,-2.11498998757
0.0,-0.0,-2.11498998757
0.0,-0.0,-2.11498998757
0.0,-0.0,-2.1235421009
0.0,-0.0,-2.1235421009
0.0,-0.0,-2.12598556185
0.0,-0.0,-2.12598556185
0.0,-0.0,-2.12598556185
0.0,-0.0,-2.13331594471
0.0,-0.0,-2.13331594471
0.0,-0.0,-2.13575940567
0.0,-0.0,-2.13575940567
0.0,-0.0,-2.13575940567
0.0,-0.0,-2.14326432145
0.0,-0.0,-2.14326432145
0.0,-0.0,-2.14326432145
0.0,-0.0,-2.15216550063
0.0,-0.0,-2.15216550063
0.0,-0.0,-2.15460896159
0.0,-0.0,-2.15460896159
0.0,-0.0,-2.15460896159
0.0,-0.0,-2.16193934445
0.0,-0.0,-2.16193934445
0.0,-0.0,-2.16193934445
0.0,-0.0,-2.1692697273
0.0,-0.0,-2.1692697273
0.0,-0.0,-2.1692697273
0.0,-0.0,-2.1692697273
0.0,-0.0,-2.17782184064
0.0,-0.0,-2.17782184064
0.0,-0.0,-2.17782184064
0.0,-0.0,-2.18550128935
0.0,-0.0,-2.18550128935
0.0,-0.0,-2.18550128935
0.0,-0.0,-2.18550128935
0.0,-0.0,-2.19283167221
0.0,-0.0,-2.19283167221
0.0,-0.0,-2.19283167221
0.0,-0.0,-2.19283167221
0.0,-0.0,-2.20033658799
0.0,-0.0,-2.20033658799
0.0,-0.0,-2.20033658799
0.0,-0.0,-2.20906323425
0.0,-0.0,-2.20906323425
0.0,-0.0,-2.20906323425
0.0,-0.0,-2.21168122813
0.0,-0.0,-2.21168122813
0.0,-0.0,-2.21901161099
0.0,-0.0,-2.21901161099
0.0,-0.0,-2.21901161099
0.0,-0.0,-2.22145507194
0.0,-0.0,-2.22145507194
0.0,-0.0,-2.22145507194
0.0,-0.0,-2.2287854548
0.0,-0.0,-2.2287854548
0.0,-0.0,-2.23751210106
0.0,-0.0,-2.23751210106
0.0,-0.0,-2.23751210106
0.0,-0.0,-2.24013009493
0.0,-0.0,-2.24013009493
0.0,-0.0,-2.24013009493
0.0,-0.0,-2.24763501072
0.0,-0.0,-2.24763501072
0.0,-0.0,-2.24763501072
0.0,-0.0,-2.25496539358
0.0,-0.0,-2.25496539358
0.0,-0.0,-2.25496539358
0.0,-0.0,-2.26386657276
0.0,-0.0,-2.26386657276
0.0,-0.0,-2.26386657276
0.0,-0.0,-2.26631003371
0.0,-0.0,-2.26631003371
0.0,-0.0,-2.27398948242
0.0,-0.0,-2.27398948242
0.0,-0.0,-2.27398948242
0.0,-0.0,-2.27398948242
0.0,-0.0,-2.28149439821
0.0,-0.0,-2.28149439821
0.0,-0.0,-2.28149439821
0.0,-0.0,-2.29022104447
0.0,-0.0,-2.29022104447
0.0,-0.0,-2.29022104447
0.0,-0.0,-2.29022104447
0.0,-0.0,-2.29772596025
0.0,-0.0,-2.29772596025
0.0,-0.0,-2.29772596025
0.0,-0.0,-2.30523087603
0.0,-0.0,-2.30523087603
0.0,-0.0,-2.30523087603
0.0,-0.0,-2.30523087603
0.0,-0.0,-2.31256125889
0.0,-0.0,-2.31256125889
0.0,-0.0,-2.31517925277
0.0,-0.0,-2.31517925277
0.0,-0.0,-2.31517925277
0.0,-0.0,-2.32373136611
0.0,-0.0,-2.32373136611
0.0,-0.0,-2.32373136611
0.0,-0.0,-2.32617482706
0.0,-0.0,-2.32617482706
0.0,-0.0,-2.33367974284
0.0,-0.0,-2.33367974284
0.0,-0.0,-2.33367974284
0.0,-0.0,-2.3410101257
0.0,-0.0,-2.3410101257
0.0,-0.0,-2.3410101257
0.0,-0.0,-2.3410101257
0.0,-0.0,-2.34973677196
0.0,-0.0,-2.34973677196
0.0,-0.0,-2.34973677196
0.0,-0.0,-2.35724168774
0.0,-0.0,-2.35724168774
0.0,-0.0,-2.35724168774
0.0,-0.0,-2.35724168774
0.0,-0.0,-2.3645720706
0.0,-0.0,-2.3645720706
0.0,-0.0,-2.3645720706
0.0,-0.0,-2.3645720706
0.0,-0.0,-2.37347324979
0.0,-0.0,-2.37347324979
0.0,-0.0,-2.37347324979
0.0,-0.0,-2.38080363265
0.0,-0.0,-2.38080363265
0.0,-0.0,-2.38080363265
0.0,-0.0,-2.38080363265
0.0,-0.0,-2.38830854843
0.0,-0.0,-2.38830854843
0.0,-0.0,-2.38830854843
0.0,-0.0,-2.39598799714
0.0,-0.0,-2.39598799714
0.0,-0.0,-2.39598799714
0.0,-0.0,-2.39598799714
0.0,-0.0,-2.40488917632
0.0,-0.0,-2.40488917632
0.0,-0.0,-2.40488917632
0.0,-0.0,-2.41221955918
0.0,-0.0,-2.41221955918
0.0,-0.0,-2.41221955918
0.0,-0.0,-2.41221955918
0.0,-0.0,-2.41972447496
0.0,-0.0,-2.41972447496
0.0,-0.0,-2.41972447496
0.0,-0.0,-2.41972447496
0.0,-0.0,-2.42845112122
0.0,-0.0,-2.42845112122
0.0,-0.0,-2.42845112122
0.0,-0.0,-2.43595603701
0.0,-0.0,-2.43595603701
0.0,-0.0,-2.43595603701
0.0,-0.0,-2.43595603701
0.0,-0.0,-2.44328641987
0.0,-0.0,-2.44328641987
0.0,-0.0,-2.44328641987
0.0,-0.0,-2.45079133565
0.0,-0.0,-2.45079133565
0.0,-0.0,-2.45079133565
0.0,-0.0,-2.45079133565
0.0,-0.0,-2.45951798191
0.0,-0.0,-2.45951798191
0.0,-0.0,-2.46196144286
0.0,-0.0,-2.46196144286
0.0,-0.0,-2.46196144286
0.0,-0.0,-2.46946635865
0.0,-0.0,-2.46946635865
0.0,-0.0,-2.46946635865
0.0,-0.0,-2.47679674151
0.0,-0.0,-2.47679674151
0.0,-0.0,-2.47679674151
0.0,-0.0,-2.47679674151
0.0,-0.0,-2.48569792069
0.0,-0.0,-2.48569792069
0.0,-0.0,-2.48569792069
0.0,-0.0,-2.48569792069
0.0,-0.0,-2.49302830355
0.0,-0.0,-2.49302830355
0.0,-0.0,-2.49302830355
0.0,-0.0,-2.50070775226
0.0,-0.0,-2.50070775226
0.0,-0.0,-2.50070775226
0.0,-0.0,-2.50070775226
0.0,-0.0,-2.50821266804
0.0,-0.0,-2.50821266804
0.0,-0.0,-2.51187785947
0.0,-0.0,-2.51187785947
0.0,-0.0,-2.51187785947
0.0,-0.0,-2.51938277525
0.0,-0.0,-2.51938277525
0.0,-0.0,-2.51938277525
0.0,-0.0,-2.52688769104
0.0,-0.0,-2.52688769104
0.0,-0.0,-2.52688769104
0.0,-0.0,-2.52933115199
0.0,-0.0,-2.52933115199
0.0,-0.0,-2.53683606777
0.0,-0.0,-2.53683606777
0.0,-0.0,-2.53683606777
0.0,-0.0,-2.53683606777
0.0,-0.0,-2.54556271403
0.0,-0.0,-2.54556271403
0.0,-0.0,-2.54556271403
0.0,-0.0,-2.55306762982
0.0,-0.0,-2.55306762982
0.0,-0.0,-2.55306762982
0.0,-0.0,-2.55306762982
0.0,-0.0,-2.5605725456
0.0,-0.0,-2.5605725456
0.0,-0.0,-2.5605725456
0.0,-0.0,-2.56947372479
0.0,-0.0,-2.56947372479
0.0,-0.0,-2.56947372479
0.0,-0.0,-2.57191718574
0.0,-0.0,-2.57191718574
0.0,-0.0,-2.5792475686
0.0,-0.0,-2.5792475686
0.0,-0.0,-2.5792475686
0.0,-0.0,-2.5792475686
0.0,-0.0,-2.58675248438
0.0,-0.0,-2.58675248438
0.0,-0.0,-2.58675248438
0.0,-0.0,-2.59408286724
0.0,-0.0,-2.59408286724
0.0,-0.0,-2.59408286724
0.0,-0.0,-2.59408286724
0.0,-0.0,-2.6028095135
0.0,-0.0,-2.6028095135
0.0,-0.0,-2.6028095135
0.0,-0.0,-2.61013989636
0.0,-0.0,-2.61013989636
0.0,-0.0,-2.61013989636
0.0,-0.0,-2.61013989636
0.0,-0.0,-2.61764481214
0.0,-0.0,-2.61764481214
0.0,-0.0,-2.61991374017
0.0,-0.0,-2.61991374017
0.0,-0.0,-2.61991374017
0.0,-0.0,-2.62881491935
0.0,-0.0,-2.62881491935
0.0,-0.0,-2.62881491935
0.0,-0.0,-2.63614530221
0.0,-0.0,-2.63614530221
0.0,-0.0,-2.63614530221
0.0,-0.0,-2.63614530221
0.0,-0.0,-2.643650218
0.0,-0.0,-2.643650218
0.0,-0.0,-2.643650218
0.0,-0.0,-2.643650218
0.0,-0.0,-2.65237686426
0.0,-0.0,-2.65237686426
0.0,-0.0,-2.65237686426
0.0,-0.0,-2.65988178004
0.0,-0.0,-2.65988178004
0.0,-0.0,-2.65988178004
0.0,-0.0,-2.65988178004
0.0,-0.0,-2.66738669582
0.0,-0.0,-2.66738669582
0.0,-0.0,-2.66983015678
0.0,-0.0,-2.66983015678
0.0,-0.0,-2.66983015678
0.0,-0.0,-2.67733507256
0.0,-0.0,-2.67733507256
0.0,-0.0,-2.67733507256
0.0,-0.0,-2.68588718589
0.0,-0.0,-2.68588718589
0.0,-0.0,-2.68588718589
0.0,-0.0,-2.68588718589
0.0,-0.0,-2.6935666346
0.0,-0.0,-2.6935666346
0.0,-0.0,-2.6935666346
0.0,-0.0,-2.70107155039
0.0,-0.0,-2.70107155039
0.0,-0.0,-2.70107155039
0.0,-0.0,-2.70107155039
0.0,-0.0,-2.70979819665
0.0,-0.0,-2.70979819665
0.0,-0.0,-2.7122416576
0.0,-0.0,-2.7122416576
0.0,-0.0,-2.7122416576
0.0,-0.0,-2.71992110631
0.0,-0.0,-2.71992110631
0.0,-0.0,-2.71992110631
0.0,-0.0,-2.72236456726
0.0,-0.0,-2.72236456726
0.0,-0.0,-2.72986948304
0.0,-0.0,-2.72986948304
0.0,-0.0,-2.72986948304
0.0,-0.0,-2.7385961293
0.0,-0.0,-2.7385961293
0.0,-0.0,-2.7385961293
0.0,-0.0,-2.74103959026
0.0,-0.0,-2.74103959026
0.0,-0.0,-2.74854450604
0.0,-0.0,-2.74854450604
0.0,-0.0,-2.74854450604
0.0,-0.0,-2.75622395475
0.0,-0.0,-2.75622395475
0.0,-0.0,-2.75622395475
0.0,-0.0,-2.75622395475
0.0,-0.0,-2.76495060101
0.0,-0.0,-2.76495060101
0.0,-0.0,-2.76756859489
0.0,-0.0,-2.76756859489
0.0,-0.0,-2.76756859489
0.0,-0.0,-2.77489897775
0.0,-0.0,-2.77489897775
0.0,-0.0,-2.77489897775
0.0,-0.0,-2.78240389353
0.0,-0.0,-2.78240389353
0.0,-0.0,-2.78240389353
0.0,-0.0,-2.78240389353
0.0,-0.0,-2.79113053979
0.0,-0.0,-2.79113053979
0.0,-0.0,-2.79113053979
0.0,-0.0,-2.79113053979
0.0,-0.0,-2.79863545557
0.0,-0.0,-2.79863545557
0.0,-0.0,-2.79863545557
0.0,-0.0,-2.80596583843
0.0,-0.0,-2.80596583843
0.0,-0.0,-2.80596583843
0.0,-0.0,-2.80596583843
0.0,-0.0,-2.81347075421
0.0,-0.0,-2.81347075421
0.0,-0.0,-2.81347075421
0.0,-0.0,-2.82219740047
0.0,-0.0,-2.82219740047
0.0,-0.0,-2.82219740047
0.0,-0.0,-2.82464086143
0.0,-0.0,-2.82464086143
0.0,-0.0,-2.82464086143
0.0,-0.0,-2.83232031014
0.0,-0.0,-2.83232031014
0.0,-0.0,-2.83232031014
0.0,-0.0,-2.83982522592
0.0,-0.0,-2.83982522592
0.0,-0.0,-2.83982522592
0.0,-0.0,-2.84855187218
0.0,-0.0,-2.84855187218
0.0,-0.0,-2.84855187218
0.0,-0.0,-2.84855187218
0.0,-0.0,-2.85623132089
0.0,-0.0,-2.85623132089
0.0,-0.0,-2.85623132089
0.0,-0.0,-2.86373623667
0.0,-0.0,-2.86373623667
0.0,-0.0,-2.86373623667
0.0,-0.0,-2.86617969763
0.0,-0.0,-2.86617969763
0.0,-0.0,-2.86617969763
0.0,-0.0,-2.87368461341
0.0,-0.0,-2.87368461341
0.0,-0.0,-2.87368461341
0.0,-0.0,-2.88241125967
0.0,-0.0,-2.88241125967
0.0,-0.0,-2.88241125967
0.0,-0.0,-2.88974164253
0.0,-0.0,-2.88974164253
0.0,-0.0,-2.88974164253
0.0,-0.0,-2.88974164253
0.0,-0.0,-2.89742109124
0.0,-0.0,-2.89742109124
0.0,-0.0,-2.89742109124
0.0,-0.0,-2.9061477375
0.0,-0.0,-2.9061477375
0.0,-0.0,-2.9061477375
0.0,-0.0,-2.90859119845
0.0,-0.0,-2.90859119845
0.0,-0.0,-2.90859119845
0.0,-0.0,-2.91627064716
0.0,-0.0,-2.91627064716
0.0,-0.0,-2.91871410811
0.0,-0.0,-2.91871410811
0.0,-0.0,-2.91871410811
0.0,-0.0,-2.92621902389
0.0,-0.0,-2.92621902389
0.0,-0.0,-2.92621902389
0.0,-0.0,-2.93494567015
0.0,-0.0,-2.93494567015
0.0,-0.0,-2.93738913111
0.0,-0.0,-2.93738913111
0.0,-0.0,-2.93738913111
0.0,-0.0,-2.94489404689
0.0,-0.0,-2.94489404689
0.0,-0.0,-2.94489404689
0.0,-0.0,-2.95239896267
0.0,-0.0,-2.95239896267
0.0,-0.0,-2.95239896267
0.0,-0.0,-2.96095107601
0.0,-0.0,-2.96095107601
0.0,-0.0,-2.96095107601
0.0,-0.0,-2.96339453696
0.0,-0.0,-2.96339453696
0.0,-0.0,-2.96339453696
0.0,-0.0,-2.97089945274
0.0,-0.0,-2.97089945274
0.0,-0.0,-2.97089945274
0.0,-0.0,-2.9782298356
0.0,-0.0,-2.9782298356
0.0,-0.0,-2.9782298356
0.0,-0.0,-2.9782298356
0.0,-0.0,-2.98678194894
0.0,-0.0,-2.98678194894
0.0,-0.0,-2.98678194894
0.0,-0.0,-2.9941123318
0.0,-0.0,-2.9941123318
0.0,-0.0,-2.9941123318
0.0,-0.0,-2.9941123318
0.0,-0.0,-3.00161724758
0.0,-0.0,-3.00161724758
0.0,-0.0,-3.00161724758
0.0,-0.0,-3.00912216336
0.0,-0.0,-3.00912216336
0.0,-0.0,-3.00912216336
0.0,-0.0,-3.01156562432
0.0,-0.0,-3.01156562432
0.0,-0.0,-3.01156562432
0.0,-0.0,-3.0204668035
0.0,-0.0,-3.0204668035
0.0,-0.0,-3.0204668035
0.0,-0.0,-3.02291026445
0.0,-0.0,-3.02291026445
0.0,-0.0,-3.02291026445
0.0,-0.0,-3.03041518024
0.0,-0.0,-3.03041518024
0.0,-0.0,-3.03792009602
0.0,-0.0,-3.03792009602
0.0,-0.0,-3.03792009602
0.0,-0.0,-3.04682127521
0.0,-0.0,-3.04682127521
0.0,-0.0,-3.04682127521
0.0,-0.0,-3.04926473616
0.0,-0.0,-3.04926473616
0.0,-0.0,-3.04926473616
0.0,-0.0,-3.05659511902
0.0,-0.0,-3.05659511902
0.0,-0.0,-3.05659511902
0.0,-0.0,-3.06392550188
0.0,-0.0,-3.06392550188
0.0,-0.0,-3.06392550188
0.0,-0.0,-3.07282668106
0.0,-0.0,-3.07282668106
0.0,-0.0,-3.07282668106
0.0,-0.0,-3.07282668106
0.0,-0.0,-3.08033159684
0.0,-0.0,-3.08033159684
0.0,-0.0,-3.08033159684
0.0,-0.0,-3.08801104555
0.0,-0.0,-3.08801104555
0.0,-0.0,-3.08801104555
0.0,-0.0,-3.08801104555
0.0,-0.0,-3.09534142841
0.0,-0.0,-3.09534142841
0.0,-0.0,-3.09534142841
0.0,-0.0,-3.1042426076
0.0,-0.0,-3.1042426076
0.0,-0.0,-3.1042426076
0.0,-0.0,-3.10668606855
0.0,-0.0,-3.10668606855
0.0,-0.0,-3.11419098433
0.0,-0.0,-3.11419098433
0.0,-0.0,-3.11419098433
0.0,-0.0,-3.11663444529
0.0,-0.0,-3.11663444529
0.0,-0.0,-3.11663444529
0.0,-0.0,-3.12413936107
0.0,-0.0,-3.12413936107
0.0,-0.0,-3.12413936107
0.0,-0.0,-3.13286600733
0.0,-0.0,-3.13286600733
0.0,-0.0,-3.13286600733
0.0,-0.0,-3.14019639019
0.0,-0.0,-3.14019639019
0.0,-0.0,-3.14019639019
0.0,-0.0,-3.14019639019
0.0,-0.0,3.13548400121
0.0,-0.0,3.13548400121
0.0,-0.0,3.13304054026
0.0,-0.0,3.13304054026
0.0,-0.0,3.13304054026
0.0,-0.0,3.124313894
0.0,-0.0,3.124313894
0.0,-0.0,3.124313894
0.0,-0.0,3.12187043304
0.0,-0.0,3.12187043304
0.0,-0.0,3.11436551726
0.0,-0.0,3.11436551726
0.0,-0.0,3.11436551726
0.0,-0.0,3.10686060148
0.0,-0.0,3.10686060148
0.0,-0.0,3.10686060148
0.0,-0.0,3.09813395522
0.0,-0.0,3.09813395522
0.0,-0.0,3.09813395522
0.0,-0.0,3.09569049426
0.0,-0.0,3.09569049426
0.0,-0.0,3.09569049426
0.0,-0.0,3.08818557848
0.0,-0.0,3.08818557848
0.0,-0.0,3.08818557848
0.0,-0.0,3.08050612977
0.0,-0.0,3.08050612977
0.0,-0.0,3.08050612977
0.0,-0.0,3.08050612977
0.0,-0.0,3.07177948351
0.0,-0.0,3.07177948351
0.0,-0.0,3.07177948351
0.0,-0.0,3.06427456773
0.0,-0.0,3.06427456773
0.0,-0.0,3.06427456773
0.0,-0.0,3.06427456773
0.0,-0.0,3.05676965194
0.0,-0.0,3.05676965194
0.0,-0.0,3.05676965194
0.0,-0.0,3.04926473616
0.0,-0.0,3.04926473616
0.0,-0.0,3.04926473616
0.0,-0.0,3.04926473616
0.0,-0.0,3.0405380899
0.0,-0.0,3.0405380899
0.0,-0.0,3.0405380899
0.0,-0.0,3.03792009602
0.0,-0.0,3.03792009602
0.0,-0.0,3.03058971316
0.0,-0.0,3.03058971316
0.0,-0.0,3.03058971316
0.0,-0.0,3.02308479738
0.0,-0.0,3.02308479738
0.0,-0.0,3.02308479738
0.0,-0.0,3.02308479738
0.0,-0.0,3.01453268404
0.0,-0.0,3.01453268404
0.0,-0.0,3.01208922309
0.0,-0.0,3.01208922309
0.0,-0.0,3.01208922309
0.0,-0.0,3.00440977438
0.0,-0.0,3.00440977438
0.0,-0.0,3.00440977438
0.0,-0.0,2.9969048586
0.0,-0.0,2.9969048586
0.0,-0.0,2.9969048586
0.0,-0.0,2.9969048586
0.0,-0.0,2.98835274526
0.0,-0.0,2.98835274526
0.0,-0.0,2.98835274526
0.0,-0.0,2.98067329656
0.0,-0.0,2.98067329656
0.0,-0.0,2.98067329656
0.0,-0.0,2.98067329656
0.0,-0.0,2.9733429137
0.0,-0.0,2.9733429137
0.0,-0.0,2.9733429137
0.0,-0.0,2.97089945274
0.0,-0.0,2.97089945274
0.0,-0.0,2.96322000404
0.0,-0.0,2.96322000404
0.0,-0.0,2.96322000404
0.0,-0.0,2.95449335778
0.0,-0.0,2.95449335778
0.0,-0.0,2.95449335778
0.0,-0.0,2.95449335778
0.0,-0.0,2.94698844199
0.0,-0.0,2.94698844199
0.0,-0.0,2.94698844199
0.0,-0.0,2.94698844199
0.0,-0.0,2.93948352621
0.0,-0.0,2.93948352621
0.0,-0.0,2.93948352621
0.0,-0.0,2.93075687995
0.0,-0.0,2.93075687995
0.0,-0.0,2.93075687995
0.0,-0.0,2.92848795192
0.0,-0.0,2.92848795192
0.0,-0.0,2.92098303614
0.0,-0.0,2.92098303614
0.0,-0.0,2.92098303614
0.0,-0.0,2.91853957518
0.0,-0.0,2.91853957518
0.0,-0.0,2.91853957518
0.0,-0.0,2.9110346594
0.0,-0.0,2.9110346594
0.0,-0.0,2.90265707899
0.0,-0.0,2.90265707899
0.0,-0.0,2.90265707899
0.0,-0.0,2.90003908511
0.0,-0.0,2.90003908511
0.0,-0.0,2.89270870226
0.0,-0.0,2.89270870226
0.0,-0.0,2.89270870226
0.0,-0.0,2.89270870226
0.0,-0.0,2.88520378647
0.0,-0.0,2.88520378647
0.0,-0.0,2.88520378647
0.0,-0.0,2.87630260729
0.0,-0.0,2.87630260729
0.0,-0.0,2.87630260729
0.0,-0.0,2.87385914633
0.0,-0.0,2.87385914633
0.0,-0.0,2.86617969763
0.0,-0.0,2.86617969763
0.0,-0.0,2.86617969763
0.0,-0.0,2.86373623667
0.0,-0.0,2.86373623667
0.0,-0.0,2.86373623667
0.0,-0.0,2.85640585381
0.0,-0.0,2.85640585381
0.0,-0.0,2.84767920755
0.0,-0.0,2.84767920755
0.0,-0.0,2.84767920755
0.0,-0.0,2.84767920755
0.0,-0.0,2.84017429177
0.0,-0.0,2.84017429177
0.0,-0.0,2.84017429177
0.0,-0.0,2.84017429177
0.0,-0.0,2.83249484306
0.0,-0.0,2.83249484306
0.0,-0.0,2.83249484306
0.0,-0.0,2.8251644602
0.0,-0.0,2.8251644602
0.0,-0.0,2.8251644602
0.0,-0.0,2.82132473585
0.0,-0.0,2.82132473585
0.0,-0.0,2.81399435299
0.0,-0.0,2.81399435299
0.0,-0.0,2.81399435299
0.0,-0.0,2.81399435299
0.0,-0.0,2.80648943721
0.0,-0.0,2.80648943721
0.0,-0.0,2.80648943721
0.0,-0.0,2.79898452142
0.0,-0.0,2.79898452142
0.0,-0.0,2.79898452142
0.0,-0.0,2.79898452142
0.0,-0.0,2.79025787516
0.0,-0.0,2.79025787516
0.0,-0.0,2.78763988129
0.0,-0.0,2.78763988129
0.0,-0.0,2.78763988129
0.0,-0.0,2.7801349655
0.0,-0.0,2.7801349655
0.0,-0.0,2.7801349655
0.0,-0.0,2.77280458264
0.0,-0.0,2.77280458264
0.0,-0.0,2.77280458264
0.0,-0.0,2.77280458264
0.0,-0.0,2.76425246931
0.0,-0.0,2.76425246931
0.0,-0.0,2.76425246931
0.0,-0.0,2.75674755353
0.0,-0.0,2.75674755353
0.0,-0.0,2.75674755353
0.0,-0.0,2.75674755353
0.0,-0.0,2.74924263774
0.0,-0.0,2.74924263774
0.0,-0.0,2.74924263774
0.0,-0.0,2.74924263774
0.0,-0.0,2.74173772196
0.0,-0.0,2.74173772196
0.0,-0.0,2.73807253053
0.0,-0.0,2.73807253053
0.0,-0.0,2.73807253053
0.0,-0.0,2.73074214767
0.0,-0.0,2.73074214767
0.0,-0.0,2.73074214767
0.0,-0.0,2.72323723189
0.0,-0.0,2.72323723189
0.0,-0.0,2.72079377093
0.0,-0.0,2.72079377093
0.0,-0.0,2.72079377093
0.0,-0.0,2.71346338808
0.0,-0.0,2.71346338808
0.0,-0.0,2.71346338808
0.0,-0.0,2.70456220889
0.0,-0.0,2.70456220889
0.0,-0.0,2.70456220889
0.0,-0.0,2.70456220889
0.0,-0.0,2.69723182603
0.0,-0.0,2.69723182603
0.0,-0.0,2.69723182603
0.0,-0.0,2.68972691025
0.0,-0.0,2.68972691025
0.0,-0.0,2.68972691025
0.0,-0.0,2.68972691025
0.0,-0.0,2.68100026399
0.0,-0.0,2.68100026399
0.0,-0.0,2.67838227011
0.0,-0.0,2.67838227011
0.0,-0.0,2.67838227011
0.0,-0.0,2.67105188725
0.0,-0.0,2.67105188725
0.0,-0.0,2.67105188725
0.0,-0.0,2.66843389337
0.0,-0.0,2.66843389337
0.0,-0.0,2.66092897759
0.0,-0.0,2.66092897759
0.0,-0.0,2.66092897759
0.0,-0.0,2.65220233133
0.0,-0.0,2.65220233133
0.0,-0.0,2.65220233133
0.0,-0.0,2.64975887038
0.0,-0.0,2.64975887038
0.0,-0.0,2.64207942167
0.0,-0.0,2.64207942167
0.0,-0.0,2.64207942167
0.0,-0.0,2.64207942167
0.0,-0.0,2.63457450589
0.0,-0.0,2.63457450589
0.0,-0.0,2.63457450589
0.0,-0.0,2.62584785963
0.0,-0.0,2.62584785963
0.0,-0.0,2.62584785963
0.0,-0.0,2.62322986575
0.0,-0.0,2.62322986575
0.0,-0.0,2.61572494996
0.0,-0.0,2.61572494996
0.0,-0.0,2.61572494996
0.0,-0.0,2.61328148901
0.0,-0.0,2.61328148901
0.0,-0.0,2.60577657323
0.0,-0.0,2.60577657323
0.0,-0.0,2.60577657323
0.0,-0.0,2.59722445989
0.0,-0.0,2.59722445989
0.0,-0.0,2.59722445989
0.0,-0.0,2.59722445989
0.0,-0.0,2.58971954411
0.0,-0.0,2.58971954411
0.0,-0.0,2.58971954411
0.0,-0.0,2.58221462833
0.0,-0.0,2.58221462833
0.0,-0.0,2.58221462833
0.0,-0.0,2.58221462833
0.0,-0.0,2.57453517962
0.0,-0.0,2.57453517962
0.0,-0.0,2.57453517962
0.0,-0.0,2.57453517962
0.0,-0.0,2.56563400043
0.0,-0.0,2.56563400043
0.0,-0.0,2.56319053948
0.0,-0.0,2.56319053948
0.0,-0.0,2.56319053948
0.0,-0.0,2.5556856237
0.0,-0.0,2.5556856237
0.0,-0.0,2.5556856237
0.0,-0.0,2.54818070791
0.0,-0.0,2.54818070791
0.0,-0.0,2.54818070791
0.0,-0.0,2.54818070791
0.0,-0.0,2.53945406165
0.0,-0.0,2.53945406165
0.0,-0.0,2.5370106007
0.0,-0.0,2.5370106007
0.0,-0.0,2.5370106007
0.0,-0.0,2.52950568492
0.0,-0.0,2.52950568492
0.0,-0.0,2.52950568492
0.0,-0.0,2.52200076913
0.0,-0.0,2.52200076913
0.0,-0.0,2.52200076913
0.0,-0.0,2.52200076913
0.0,-0.0,2.51327412287
0.0,-0.0,2.51327412287
0.0,-0.0,2.51327412287
0.0,-0.0,2.50576920709
0.0,-0.0,2.50576920709
0.0,-0.0,2.50576920709
0.0,-0.0,2.50576920709
0.0,-0.0,2.49808975838
0.0,-0.0,2.49808975838
0.0,-0.0,2.49808975838
0.0,-0.0,2.49075937552
0.0,-0.0,2.49075937552
0.0,-0.0,2.49075937552
0.0,-0.0,2.49075937552
0.0,-0.0,2.48185819634
0.0,-0.0,2.48185819634
0.0,-0.0,2.48185819634
0.0,-0.0,2.47924020246
0.0,-0.0,2.47924020246
0.0,-0.0,2.47208435252
0.0,-0.0,2.47208435252
0.0,-0.0,2.47208435252
0.0,-0.0,2.46964089157
0.0,-0.0,2.46964089157
0.0,-0.0,2.46231050871
0.0,-0.0,2.46231050871
0.0,-0.0,2.46231050871
0.0,-0.0,2.45358386245
0.0,-0.0,2.45358386245
0.0,-0.0,2.45358386245
0.0,-0.0,2.45358386245
0.0,-0.0,2.44607894667
0.0,-0.0,2.44607894667
0.0,-0.0,2.44607894667
0.0,-0.0,2.43857403089
0.0,-0.0,2.43857403089
0.0,-0.0,2.43857403089
0.0,-0.0,2.43857403089
0.0,-0.0,2.42984738463
0.0,-0.0,2.42984738463
0.0,-0.0,2.42984738463
0.0,-0.0,2.42722939075
0.0,-0.0,2.42722939075
0.0,-0.0,2.41972447496
0.0,-0.0,2.41972447496
0.0,-0.0,2.41972447496
0.0,-0.0,2.41728101401
0.0,-0.0,2.41728101401
0.0,-0.0,2.4096015653
0.0,-0.0,2.4096015653
0.0,-0.0,2.4096015653
0.0,-0.0,2.40104945197
0.0,-0.0,2.40104945197
0.0,-0.0,2.40104945197
0.0,-0.0,2.40104945197
0.0,-0.0,2.39354453619
0.0,-0.0,2.39354453619
0.0,-0.0,2.39354453619
0.0,-0.0,2.38586508748
0.0,-0.0,2.38586508748
0.0,-0.0,2.38586508748
0.0,-0.0,2.38586508748
0.0,-0.0,2.37853470462
0.0,-0.0,2.37853470462
0.0,-0.0,2.37486951319
0.0,-0.0,2.37486951319
0.0,-0.0,2.37486951319
0.0,-0.0,2.36736459741
0.0,-0.0,2.36736459741
0.0,-0.0,2.36736459741
0.0,-0.0,2.36003421455
0.0,-0.0,2.36003421455
0.0,-0.0,2.36003421455
0.0,-0.0,2.36003421455
0.0,-0.0,2.35235476584
0.0,-0.0,2.35235476584
0.0,-0.0,2.35235476584
0.0,-0.0,2.3438026525
0.0,-0.0,2.3438026525
0.0,-0.0,2.3438026525
0.0,-0.0,2.34135919155
0.0,-0.0,2.34135919155
0.0,-0.0,2.34135919155
0.0,-0.0,2.33402880869
0.0,-0.0,2.33402880869
0.0,-0.0,2.33402880869
0.0,-0.0,2.32652389291
0.0,-0.0,2.32652389291
0.0,-0.0,2.32652389291
0.0,-0.0,2.31797177957
0.0,-0.0,2.31797177957
0.0,-0.0,2.31797177957
0.0,-0.0,2.31797177957
0.0,-0.0,2.31046686379
0.0,-0.0,2.31046686379
0.0,-0.0,2.31046686379
0.0,-0.0,2.31046686379
0.0,-0.0,2.30296194801
0.0,-0.0,2.30296194801
0.0,-0.0,2.30296194801
0.0,-0.0,2.29545703222
0.0,-0.0,2.29545703222
0.0,-0.0,2.29545703222
0.0,-0.0,2.29545703222
0.0,-0.0,2.28673038596
0.0,-0.0,2.28673038596
0.0,-0.0,2.28411239208
0.0,-0.0,2.28411239208
0.0,-0.0,2.28411239208
0.0,-0.0,2.27678200923
0.0,-0.0,2.27678200923
0.0,-0.0,2.27678200923
0.0,-0.0,2.27416401535
0.0,-0.0,2.27416401535
0.0,-0.0,2.26683363249
0.0,-0.0,2.26683363249
0.0,-0.0,2.26683363249
0.0,-0.0,2.25828151916
0.0,-0.0,2.25828151916
0.0,-0.0,2.25828151916
0.0,-0.0,2.25077660337
0.0,-0.0,2.25077660337
0.0,-0.0,2.25077660337
0.0,-0.0,2.25077660337
0.0,-0.0,2.24327168759
0.0,-0.0,2.24327168759
0.0,-0.0,2.24327168759
0.0,-0.0,2.24327168759
0.0,-0.0,2.23454504133
0.0,-0.0,2.23454504133
0.0,-0.0,2.23210158038
0.0,-0.0,2.23210158038
0.0,-0.0,2.23210158038
0.0,-0.0,2.22459666459
0.0,-0.0,2.22459666459
0.0,-0.0,2.22197867071
0.0,-0.0,2.22197867071
0.0,-0.0,2.22197867071
0.0,-0.0,2.21447375493
0.0,-0.0,2.21447375493
0.0,-0.0,2.21447375493
0.0,-0.0,2.20574710867
0.0,-0.0,2.20574710867
0.0,-0.0,2.20574710867
0.0,-0.0,2.19841672581
0.0,-0.0,2.19841672581
0.0,-0.0,2.19841672581
0.0,-0.0,2.19841672581
0.0,-0.0,2.1907372771
0.0,-0.0,2.1907372771
0.0,-0.0,2.1907372771
0.0,-0.0,2.18323236132
0.0,-0.0,2.18323236132
0.0,-0.0,2.18323236132
0.0,-0.0,2.17956716989
0.0,-0.0,2.17956716989
0.0,-0.0,2.17956716989
0.0,-0.0,2.17223678703
0.0,-0.0,2.17223678703
0.0,-0.0,2.16979332608
0.0,-0.0,2.16979332608
0.0,-0.0,2.16979332608
0.0,-0.0,2.16211387737
0.0,-0.0,2.16211387737
0.0,-0.0,2.16211387737
0.0,-0.0,2.15460896159
0.0,-0.0,2.15460896159
0.0,-0.0,2.15460896159
0.0,-0.0,2.1457077824
0.0,-0.0,2.1457077824
0.0,-0.0,2.1457077824
0.0,-0.0,2.1457077824
0.0,-0.0,2.13820286662
0.0,-0.0,2.13820286662
0.0,-0.0,2.13820286662
0.0,-0.0,2.13087248376
0.0,-0.0,2.13087248376
0.0,-0.0,2.13087248376
0.0,-0.0,2.12825448988
0.0,-0.0,2.12825448988
0.0,-0.0,2.11952784362
0.0,-0.0,2.11952784362
0.0,-0.0,2.11952784362
0.0,-0.0,2.11708438267
0.0,-0.0,2.11708438267
0.0,-0.0,2.11708438267
0.0,-0.0,2.10975399981
0.0,-0.0,2.10975399981
0.0,-0.0,2.10975399981
0.0,-0.0,2.10242361695
0.0,-0.0,2.10242361695
0.0,-0.0,2.10242361695
0.0,-0.0,2.09369697069
0.0,-0.0,2.09369697069
0.0,-0.0,2.09369697069
0.0,-0.0,2.09107897681
0.0,-0.0,2.09107897681
0.0,-0.0,2.08374859396
0.0,-0.0,2.08374859396
0.0,-0.0,2.08374859396
0.0,-0.0,2.08374859396
0.0,-0.0,2.07624367817
0.0,-0.0,2.07624367817
0.0,-0.0,2.07362568429
0.0,-0.0,2.07362568429
0.0,-0.0,2.07362568429
0.0,-0.0,2.06734249899
0.0,-0.0,2.06734249899
0.0,-0.0,2.0598375832
0.0,-0.0,2.0598375832
0.0,-0.0,2.0598375832
0.0,-0.0,2.05215813449
0.0,-0.0,2.05215813449
0.0,-0.0,2.05215813449
0.0,-0.0,2.05215813449
0.0,-0.0,2.04482775164
0.0,-0.0,2.04482775164
0.0,-0.0,2.04482775164
0.0,-0.0,2.03610110538
0.0,-0.0,2.03610110538
0.0,-0.0,2.03610110538
0.0,-0.0,2.03365764442
0.0,-0.0,2.03365764442
0.0,-0.0,2.03365764442
0.0,-0.0,2.02615272864
0.0,-0.0,2.02615272864
0.0,-0.0,2.02370926769
0.0,-0.0,2.02370926769
0.0,-0.0,2.02370926769
0.0,-0.0,2.0162043519
0.0,-0.0,2.0162043519
0.0,-0.0,2.0162043519
0.0,-0.0,2.00747770564
0.0,-0.0,2.00747770564
0.0,-0.0,2.00747770564
0.0,-0.0,2.00485971177
0.0,-0.0,2.00485971177
0.0,-0.0,2.00485971177
0.0,-0.0,1.99752932891
0.0,-0.0,1.99752932891
0.0,-0.0,1.99002441312
0.0,-0.0,1.99002441312
0.0,-0.0,1.99002441312
0.0,-0.0,1.98740641925
0.0,-0.0,1.98740641925
0.0,-0.0,1.98740641925
0.0,-0.0,1.97885430591
0.0,-0.0,1.97885430591
0.0,-0.0,1.97885430591
0.0,-0.0,1.97623631203
0.0,-0.0,1.97623631203
0.0,-0.0,1.96890592917
0.0,-0.0,1.96890592917
0.0,-0.0,1.96890592917
0.0,-0.0,1.96140101339
0.0,-0.0,1.96140101339
0.0,-0.0,1.96140101339
0.0,-0.0,1.95267436713
0.0,-0.0,1.95267436713
0.0,-0.0,1.95267436713
0.0,-0.0,1.95023090618
0.0,-0.0,1.95023090618
0.0,-0.0,1.94272599039
0.0,-0.0,1.94272599039
0.0,-0.0,1.94272599039
0.0,-0.0,1.93522107461
0.0,-0.0,1.93522107461
0.0,-0.0,1.93522107461
0.0,-0.0,1.93522107461
0.0,-0.0,1.92649442835
0.0,-0.0,1.92649442835
0.0,-0.0,1.92649442835
0.0,-0.0,1.91898951257
0.0,-0.0,1.91898951257
0.0,-0.0,1.91898951257
0.0,-0.0,1.91898951257
0.0,-0.0,1.91148459678
0.0,-0.0,1.91148459678
0.0,-0.0,1.91148459678
0.0,-0.0,1.91148459678
0.0,-0.0,1.90380514808
0.0,-0.0,1.90380514808
0.0,-0.0,1.90013995665
0.0,-0.0,1.90013995665
0.0,-0.0,1.90013995665
0.0,-0.0,1.89263504086
0.0,-0.0,1.89263504086
0.0,-0.0,1.89263504086
0.0,-0.0,1.885304658
0.0,-0.0,1.885304658
0.0,-0.0,1.88286119705
0.0,-0.0,1.88286119705
0.0,-0.0,1.88286119705
0.0,-0.0,1.87553081419
0.0,-0.0,1.87553081419
0.0,-0.0,1.87553081419
0.0,-0.0,1.86680416793
0.0,-0.0,1.86680416793
0.0,-0.0,1.86680416793
0.0,-0.0,1.86680416793
0.0,-0.0,1.85929925215
0.0,-0.0,1.85929925215
0.0,-0.0,1.85929925215
0.0,-0.0,1.85196886929
0.0,-0.0,1.85196886929
0.0,-0.0,1.85196886929
0.0,-0.0,1.85196886929
0.0,-0.0,1.84324222303
0.0,-0.0,1.84324222303
0.0,-0.0,1.84324222303
0.0,-0.0,1.84062422915
0.0,-0.0,1.84062422915
0.0,-0.0,1.83311931337
0.0,-0.0,1.83311931337
0.0,-0.0,1.83311931337
0.0,-0.0,1.83067585242
0.0,-0.0,1.83067585242
0.0,-0.0,1.82334546956
0.0,-0.0,1.82334546956
0.0,-0.0,1.82334546956
0.0,-0.0,1.8146188233
0.0,-0.0,1.8146188233
0.0,-0.0,1.8146188233
0.0,-0.0,1.81217536235
0.0,-0.0,1.81217536235
0.0,-0.0,1.81217536235
0.0,-0.0,1.80449591364
0.0,-0.0,1.80449591364
0.0,-0.0,1.80449591364
0.0,-0.0,1.79716553078
0.0,-0.0,1.79716553078
0.0,-0.0,1.79716553078
0.0,-0.0,1.78861341744
0.0,-0.0,1.78861341744
0.0,-0.0,1.78861341744
0.0,-0.0,1.78861341744
0.0,-0.0,1.78110850166
0.0,-0.0,1.78110850166
0.0,-0.0,1.77866504071
0.0,-0.0,1.77866504071
0.0,-0.0,1.77866504071
0.0,-0.0,1.77116012492
0.0,-0.0,1.77116012492
0.0,-0.0,1.77116012492
0.0,-0.0,1.76365520914
0.0,-0.0,1.76365520914
0.0,-0.0,1.76365520914
0.0,-0.0,1.76365520914
0.0,-0.0,1.75527762873
0.0,-0.0,1.75527762873
0.0,-0.0,1.75527762873
0.0,-0.0,1.74777271295
0.0,-0.0,1.74777271295
0.0,-0.0,1.74777271295
0.0,-0.0,1.74777271295
0.0,-0.0,1.74044233009
0.0,-0.0,1.74044233009
0.0,-0.0,1.73799886914
0.0,-0.0,1.73799886914
0.0,-0.0,1.73799886914
0.0,-0.0,1.72927222288
0.0,-0.0,1.72927222288
0.0,-0.0,1.72927222288
0.0,-0.0,1.72682876192
0.0,-0.0,1.72682876192
0.0,-0.0,1.71932384614
0.0,-0.0,1.71932384614
0.0,-0.0,1.71932384614
0.0,-0.0,1.71199346328
0.0,-0.0,1.71199346328
0.0,-0.0,1.71199346328
0.0,-0.0,1.71199346328
0.0,-0.0,1.70326681702
0.0,-0.0,1.70326681702
0.0,-0.0,1.70082335607
0.0,-0.0,1.70082335607
0.0,-0.0,1.70082335607
0.0,-0.0,1.69331844028
0.0,-0.0,1.69331844028
0.0,-0.0,1.69331844028
0.0,-0.0,1.68598805743
0.0,-0.0,1.68598805743
0.0,-0.0,1.68598805743
0.0,-0.0,1.68598805743
0.0,-0.0,1.67726141117
0.0,-0.0,1.67726141117
0.0,-0.0,1.67481795021
0.0,-0.0,1.67481795021
0.0,-0.0,1.67481795021
0.0,-0.0,1.66993102831
0.0,-0.0,1.66993102831
0.0,-0.0,1.66993102831
0.0,-0.0,1.66260064545
0.0,-0.0,1.66260064545
0.0,-0.0,1.66260064545
0.0,-0.0,1.65527026259
0.0,-0.0,1.65527026259
0.0,-0.0,1.65527026259
0.0,-0.0,1.64654361633
0.0,-0.0,1.64654361633
0.0,-0.0,1.64410015538
0.0,-0.0,1.64410015538
0.0,-0.0,1.64410015538
0.0,-0.0,1.63642070667
0.0,-0.0,1.63642070667
0.0,-0.0,1.63642070667
0.0,-0.0,1.63397724572
0.0,-0.0,1.63397724572
0.0,-0.0,1.62664686286
0.0,-0.0,1.62664686286
0.0,-0.0,1.62664686286
0.0,-0.0,1.61774568367
0.0,-0.0,1.61774568367
0.0,-0.0,1.61774568367
0.0,-0.0,1.61774568367
0.0,-0.0,1.61024076789
0.0,-0.0,1.61024076789
0.0,-0.0,1.61024076789
0.0,-0.0,1.60273585211
0.0,-0.0,1.60273585211
0.0,-0.0,1.60273585211
0.0,-0.0,1.60273585211
0.0,-0.0,1.59400920585
0.0,-0.0,1.59400920585
0.0,-0.0,1.59156574489
0.0,-0.0,1.59156574489
0.0,-0.0,1.59156574489
0.0,-0.0,1.58388629618
0.0,-0.0,1.58388629618
0.0,-0.0,1.58388629618
0.0,-0.0,1.58144283523
0.0,-0.0,1.58144283523
0.0,-0.0,1.57411245237
0.0,-0.0,1.57411245237
0.0,-0.0,1.57411245237
0.0,-0.0,1.56538580611
0.0,-0.0,1.56538580611
0.0,-0.0,1.56538580611
0.0,-0.0,1.56538580611
0.0,-0.0,1.55822995618
0.0,-0.0,1.55822995618
0.0,-0.0,1.55822995618
0.0,-0.0,1.5507250404
0.0,-0.0,1.5507250404
0.0,-0.0,1.5507250404
0.0,-0.0,1.5507250404
0.0,-0.0,1.54339465754
0.0,-0.0,1.54339465754
0.0,-0.0,1.54339465754
0.0,-0.0,1.53466801128
0.0,-0.0,1.53466801128
0.0,-0.0,1.53466801128
0.0,-0.0,1.5320500174
0.0,-0.0,1.5320500174
0.0,-0.0,1.52454510162
0.0,-0.0,1.52454510162
0.0,-0.0,1.52454510162
0.0,-0.0,1.52454510162
0.0,-0.0,1.51721471876
0.0,-0.0,1.51721471876
0.0,-0.0,1.51721471876
0.0,-0.0,1.5084880725
0.0,-0.0,1.5084880725
0.0,-0.0,1.5084880725
0.0,-0.0,1.50604461155
0.0,-0.0,1.50604461155
0.0,-0.0,1.50604461155
0.0,-0.0,1.49853969576
0.0,-0.0,1.49853969576
0.0,-0.0,1.49853969576
0.0,-0.0,1.49103477998
0.0,-0.0,1.49103477998
0.0,-0.0,1.49103477998
0.0,-0.0,1.48248266664
0.0,-0.0,1.48248266664
0.0,-0.0,1.48248266664
0.0,-0.0,1.48248266664
0.0,-0.0,1.47497775086
0.0,-0.0,1.47497775086
0.0,-0.0,1.47497775086
0.0,-0.0,1.47497775086
0.0,-0.0,1.467647368
0.0,-0.0,1.467647368
0.0,-0.0,1.467647368
0.0,-0.0,1.46014245222
0.0,-0.0,1.46014245222
0.0,-0.0,1.46014245222
0.0,-0.0,1.46014245222
0.0,-0.0,1.45124127303
0.0,-0.0,1.45124127303
0.0,-0.0,1.44879781208
0.0,-0.0,1.44879781208
0.0,-0.0,1.44879781208
0.0,-0.0,1.4412928963
0.0,-0.0,1.4412928963
0.0,-0.0,1.4412928963
0.0,-0.0,1.43867490242
0.0,-0.0,1.43867490242
0.0,-0.0,1.43116998664
0.0,-0.0,1.43116998664
0.0,-0.0,1.43116998664
0.0,-0.0,1.42244334038
0.0,-0.0,1.42244334038
0.0,-0.0,1.42244334038
0.0,-0.0,1.42244334038
0.0,-0.0,1.41493842459
0.0,-0.0,1.41493842459
0.0,-0.0,1.41493842459
0.0,-0.0,1.40743350881
0.0,-0.0,1.40743350881
0.0,-0.0,1.40743350881
0.0,-0.0,1.40743350881
0.0,-0.0,1.39853232962
0.0,-0.0,1.39853232962
0.0,-0.0,1.39853232962
0.0,-0.0,1.39102741384
0.0,-0.0,1.39102741384
0.0,-0.0,1.39102741384
0.0,-0.0,1.38858395289
0.0,-0.0,1.38858395289
0.0,-0.0,1.3810790371
0.0,-0.0,1.3810790371
0.0,-0.0,1.3810790371
0.0,-0.0,1.3810790371
0.0,-0.0,1.37357412132
0.0,-0.0,1.37357412132
0.0,-0.0,1.37357412132
0.0,-0.0,1.36484747506
0.0,-0.0,1.36484747506
0.0,-0.0,1.36484747506
0.0,-0.0,1.36484747506
0.0,-0.0,1.3575170922
0.0,-0.0,1.3575170922
0.0,-0.0,1.3575170922
0.0,-0.0,1.35001217642
0.0,-0.0,1.35001217642
0.0,-0.0,1.35001217642
0.0,-0.0,1.34756871546
0.0,-0.0,1.34756871546
0.0,-0.0,1.34756871546
0.0,-0.0,1.33901660213
0.0,-0.0,1.33901660213
0.0,-0.0,1.33901660213
0.0,-0.0,1.33151168635
0.0,-0.0,1.33151168635
0.0,-0.0,1.33151168635
0.0,-0.0,1.32400677056
0.0,-0.0,1.32400677056
0.0,-0.0,1.32400677056
0.0,-0.0,1.32400677056
0.0,-0.0,1.3152801243
0.0,-0.0,1.3152801243
0.0,-0.0,1.3152801243
0.0,-0.0,1.3152801243
0.0,-0.0,1.30794974144
0.0,-0.0,1.30794974144
0.0,-0.0,1.30794974144
0.0,-0.0,1.30061935859
0.0,-0.0,1.30061935859
0.0,-0.0,1.29800136471
0.0,-0.0,1.29800136471
0.0,-0.0,1.29800136471
0.0,-0.0,1.29049644892
0.0,-0.0,1.29049644892
0.0,-0.0,1.29049644892
0.0,-0.0,1.29049644892
0.0,-0.0,1.28159526974
0.0,-0.0,1.28159526974
0.0,-0.0,1.28159526974
0.0,-0.0,1.27409035396
0.0,-0.0,1.27409035396
0.0,-0.0,1.27409035396
0.0,-0.0,1.27409035396
0.0,-0.0,1.26658543817
0.0,-0.0,1.26658543817
0.0,-0.0,1.26658543817
0.0,-0.0,1.25768425899
0.0,-0.0,1.25768425899
0.0,-0.0,1.25768425899
0.0,-0.0,1.25524079803
0.0,-0.0,1.25524079803
0.0,-0.0,1.24773588225
0.0,-0.0,1.24773588225
0.0,-0.0,1.24773588225
0.0,-0.0,1.24511788837
0.0,-0.0,1.24511788837
0.0,-0.0,1.24511788837
0.0,-0.0,1.23778750551
0.0,-0.0,1.23778750551
0.0,-0.0,1.22906085925
0.0,-0.0,1.22906085925
0.0,-0.0,1.22906085925
0.0,-0.0,1.2266173983
0.0,-0.0,1.2266173983
0.0,-0.0,1.2266173983
0.0,-0.0,1.21893794959
0.0,-0.0,1.21893794959
0.0,-0.0,1.21893794959
0.0,-0.0,1.21143303381
0.0,-0.0,1.21143303381
0.0,-0.0,1.21143303381
0.0,-0.0,1.20270638755
0.0,-0.0,1.20270638755
0.0,-0.0,1.20270638755
0.0,-0.0,1.20270638755
0.0,-0.0,1.19520147177
0.0,-0.0,1.19520147177
0.0,-0.0,1.19520147177
0.0,-0.0,1.19520147177
0.0,-0.0,1.18752202306
0.0,-0.0,1.18752202306
0.0,-0.0,1.18752202306
0.0,-0.0,1.18001710727
0.0,-0.0,1.18001710727
0.0,-0.0,1.18001710727
0.0,-0.0,1.18001710727
0.0,-0.0,1.17129046101
0.0,-0.0,1.17129046101
0.0,-0.0,1.16884700006
0.0,-0.0,1.16884700006
0.0,-0.0,1.16884700006
0.0,-0.0,1.16134208428
0.0,-0.0,1.16134208428
0.0,-0.0,1.16134208428
0.0,-0.0,1.15383716849
0.0,-0.0,1.15383716849
0.0,-0.0,1.15383716849
0.0,-0.0,1.15383716849
0.0,-0.0,1.14511052223
0.0,-0.0,1.14511052223
0.0,-0.0,1.14266706128
0.0,-0.0,1.14266706128
0.0,-0.0,1.14266706128
0.0,-0.0,1.13778013938
0.0,-0.0,1.13778013938
0.0,-0.0,1.13027522359
0.0,-0.0,1.13027522359
0.0,-0.0,1.13027522359
0.0,-0.0,1.12277030781
0.0,-0.0,1.12277030781
0.0,-0.0,1.12277030781
0.0,-0.0,1.11893058345
0.0,-0.0,1.11893058345
0.0,-0.0,1.11893058345
0.0,-0.0,1.11142566767
0.0,-0.0,1.11142566767
0.0,-0.0,1.10880767379
0.0,-0.0,1.10880767379
0.0,-0.0,1.10880767379
0.0,-0.0,1.10130275801
0.0,-0.0,1.10130275801
0.0,-0.0,1.10130275801
0.0,-0.0,1.09397237515
0.0,-0.0,1.09397237515
0.0,-0.0,1.09397237515
0.0,-0.0,1.08507119596
0.0,-0.0,1.08507119596
0.0,-0.0,1.08507119596
0.0,-0.0,1.08507119596
0.0,-0.0,1.07756628018
0.0,-0.0,1.07756628018
0.0,-0.0,1.07756628018
0.0,-0.0,1.0700613644
0.0,-0.0,1.0700613644
0.0,-0.0,1.0700613644
0.0,-0.0,1.0700613644
0.0,-0.0,1.06133471814
0.0,-0.0,1.06133471814
0.0,-0.0,1.06133471814
0.0,-0.0,1.06133471814
0.0,-0.0,1.05382980235
0.0,-0.0,1.05382980235
0.0,-0.0,1.05382980235
0.0,-0.0,1.04615035365
0.0,-0.0,1.04615035365
0.0,-0.0,1.04615035365
0.0,-0.0,1.04615035365
0.0,-0.0,1.03881997079
0.0,-0.0,1.03881997079
0.0,-0.0,1.03881997079
0.0,-0.0,1.03026785745
0.0,-0.0,1.03026785745
0.0,-0.0,1.03026785745
0.0,-0.0,1.03026785745
0.0,-0.0,1.02258840874
0.0,-0.0,1.02258840874
0.0,-0.0,1.02258840874
0.0,-0.0,1.01525802589
0.0,-0.0,1.01525802589
0.0,-0.0,1.01525802589
0.0,-0.0,1.01281456493
0.0,-0.0,1.01281456493
0.0,-0.0,1.01281456493
0.0,-0.0,1.0042624516
0.0,-0.0,1.0042624516
0.0,-0.0,1.00164445772
0.0,-0.0,1.00164445772
0.0,-0.0,1.00164445772
0.0,-0.0,0.994314074861
0.0,-0.0,0.994314074861
0.0,-0.0,0.994314074861
0.0,-0.0,0.986983692003
0.0,-0.0,0.986983692003
0.0,-0.0,0.986983692003
0.0,-0.0,0.978257045743
0.0,-0.0,0.978257045743
0.0,-0.0,0.978257045743
0.0,-0.0,0.97581358479
0.0,-0.0,0.97581358479
0.0,-0.0,0.968308669006
0.0,-0.0,0.968308669006
0.0,-0.0,0.968308669006
0.0,-0.0,0.965865208054
0.0,-0.0,0.965865208054
0.0,-0.0,0.958534825195
0.0,-0.0,0.958534825195
0.0,-0.0,0.958534825195
0.0,-0.0,0.949982711861
0.0,-0.0,0.949982711861
0.0,-0.0,0.949982711861
0.0,-0.0,0.949982711861
0.0,-0.0,0.942652329002
0.0,-0.0,0.942652329002
0.0,-0.0,0.942652329002
0.0,-0.0,0.942652329002
0.0,-0.0,0.935147413219
0.0,-0.0,0.935147413219
0.0,-0.0,0.935147413219
0.0,-0.0,0.927642497435
0.0,-0.0,0.927642497435
0.0,-0.0,0.927642497435
0.0,-0.0,0.923977306006
0.0,-0.0,0.923977306006
0.0,-0.0,0.916472390222
0.0,-0.0,0.916472390222
0.0,-0.0,0.916472390222
0.0,-0.0,0.914028929269
0.0,-0.0,0.914028929269
0.0,-0.0,0.906698546411
0.0,-0.0,0.906698546411
0.0,-0.0,0.906698546411
0.0,-0.0,0.899019097702
0.0,-0.0,0.899019097702
0.0,-0.0,0.899019097702
0.0,-0.0,0.899019097702
0.0,-0.0,0.890292451442
0.0,-0.0,0.890292451442
0.0,-0.0,0.890292451442
0.0,-0.0,0.882962068584
0.0,-0.0,0.882962068584
0.0,-0.0,0.882962068584
0.0,-0.0,0.882962068584
0.0,-0.0,0.875282619875
0.0,-0.0,0.875282619875
0.0,-0.0,0.875282619875
0.0,-0.0,0.872839158922
0.0,-0.0,0.872839158922
0.0,-0.0,0.864112512662
0.0,-0.0,0.864112512662
0.0,-0.0,0.864112512662
0.0,-0.0,0.86166905171
0.0,-0.0,0.86166905171
0.0,-0.0,0.854338668851
0.0,-0.0,0.854338668851
0.0,-0.0,0.854338668851
0.0,-0.0,0.846833753068
0.0,-0.0,0.846833753068
0.0,-0.0,0.846833753068
0.0,-0.0,0.846833753068
0.0,-0.0,0.838107106808
0.0,-0.0,0.838107106808
0.0,-0.0,0.838107106808
0.0,-0.0,0.830602191024
0.0,-0.0,0.830602191024
0.0,-0.0,0.830602191024
0.0,-0.0,0.830602191024
0.0,-0.0,0.823097275241
0.0,-0.0,0.823097275241
0.0,-0.0,0.823097275241
0.0,-0.0,0.823097275241
0.0,-0.0,0.815592359457
0.0,-0.0,0.815592359457
0.0,-0.0,0.815592359457
0.0,-0.0,0.807040246122
0.0,-0.0,0.807040246122
0.0,-0.0,0.807040246122
0.0,-0.0,0.807040246122
0.0,-0.0,0.799535330339
0.0,-0.0,0.799535330339
0.0,-0.0,0.799535330339
0.0,-0.0,0.79220494748
0.0,-0.0,0.79220494748
0.0,-0.0,0.79220494748
0.0,-0.0,0.79220494748
0.0,-0.0,0.783303768295
0.0,-0.0,0.783303768295
0.0,-0.0,0.780860307342
0.0,-0.0,0.780860307342
0.0,-0.0,0.780860307342
0.0,-0.0,0.773355391559
0.0,-0.0,0.773355391559
0.0,-0.0,0.770911930606
0.0,-0.0,0.770911930606
0.0,-0.0,0.770911930606
0.0,-0.0,0.763407014822
0.0,-0.0,0.763407014822
0.0,-0.0,0.763407014822
0.0,-0.0,0.754505835637
0.0,-0.0,0.754505835637
0.0,-0.0,0.754505835637
0.0,-0.0,0.754505835637
0.0,-0.0,0.747000919854
0.0,-0.0,0.747000919854
0.0,-0.0,0.744557458901
0.0,-0.0,0.744557458901
0.0,-0.0,0.744557458901
0.0,-0.0,0.739670536995
0.0,-0.0,0.739670536995
0.0,-0.0,0.739670536995
0.0,-0.0,0.732165621212
0.0,-0.0,0.732165621212
0.0,-0.0,0.728500429782
0.0,-0.0,0.728500429782
0.0,-0.0,0.728500429782
0.0,-0.0,0.720995513999
0.0,-0.0,0.720995513999
0.0,-0.0,0.718552053046
0.0,-0.0,0.718552053046
0.0,-0.0,0.718552053046
0.0,-0.0,0.711221670188
0.0,-0.0,0.711221670188
0.0,-0.0,0.711221670188
0.0,-0.0,0.703716754404
0.0,-0.0,0.703716754404
0.0,-0.0,0.703716754404
0.0,-0.0,0.694990108144
0.0,-0.0,0.694990108144
0.0,-0.0,0.694990108144
0.0,-0.0,0.687659725286
0.0,-0.0,0.687659725286
0.0,-0.0,0.687659725286
0.0,-0.0,0.687659725286
0.0,-0.0,0.680154809502
0.0,-0.0,0.680154809502
0.0,-0.0,0.680154809502
0.0,-0.0,0.671428163242
0.0,-0.0,0.671428163242
0.0,-0.0,0.671428163242
0.0,-0.0,0.671428163242
0.0,-0.0,0.664097780384
0.0,-0.0,0.664097780384
0.0,-0.0,0.664097780384
0.0,-0.0,0.664097780384
0.0,-0.0,0.656767397525
0.0,-0.0,0.656767397525
0.0,-0.0,0.656767397525
0.0,-0.0,0.649262481742
0.0,-0.0,0.649262481742
0.0,-0.0,0.649262481742
0.0,-0.0,0.649262481742
0.0,-0.0,0.640710368407
0.0,-0.0,0.640710368407
0.0,-0.0,0.640710368407
0.0,-0.0,0.633205452624
0.0,-0.0,0.633205452624
0.0,-0.0,0.633205452624
0.0,-0.0,0.633205452624
0.0,-0.0,0.62570053684
0.0,-0.0,0.62570053684
0.0,-0.0,0.623257075887
0.0,-0.0,0.623257075887
0.0,-0.0,0.623257075887
0.0,-0.0,0.614355896702
0.0,-0.0,0.614355896702
0.0,-0.0,0.611912435749
0.0,-0.0,0.611912435749
0.0,-0.0,0.611912435749
0.0,-0.0,0.60423298704
0.0,-0.0,0.60423298704
0.0,-0.0,0.60423298704
0.0,-0.0,0.596553538332
0.0,-0.0,0.596553538332
0.0,-0.0,0.596553538332
0.0,-0.0,0.596553538332
0.0,-0.0,0.587826892072
0.0,-0.0,0.587826892072
0.0,-0.0,0.587826892072
0.0,-0.0,0.580147443363
0.0,-0.0,0.580147443363
0.0,-0.0,0.580147443363
0.0,-0.0,0.580147443363
0.0,-0.0,0.572642527579
0.0,-0.0,0.572642527579
0.0,-0.0,0.572642527579
0.0,-0.0,0.565137611796
0.0,-0.0,0.565137611796
0.0,-0.0,0.565137611796
0.0,-0.0,0.565137611796
0.0,-0.0,0.556585498461
0.0,-0.0,0.556585498461
0.0,-0.0,0.556585498461
0.0,-0.0,0.556585498461
0.0,-0.0,0.548906049752
0.0,-0.0,0.548906049752
0.0,-0.0,0.548906049752
0.0,-0.0,0.541226601043
0.0,-0.0,0.541226601043
0.0,-0.0,0.541226601043
0.0,-0.0,0.541226601043
0.0,-0.0,0.532499954783
0.0,-0.0,0.532499954783
0.0,-0.0,0.530056493831
0.0,-0.0,0.530056493831
0.0,-0.0,0.530056493831
0.0,-0.0,0.522551578047
0.0,-0.0,0.522551578047
0.0,-0.0,0.522551578047
0.0,-0.0,0.519933584169
0.0,-0.0,0.519933584169
0.0,-0.0,0.51225413546
0.0,-0.0,0.51225413546
0.0,-0.0,0.51225413546
0.0,-0.0,0.5035274892
0.0,-0.0,0.5035274892
0.0,-0.0,0.5035274892
0.0,-0.0,0.5035274892
0.0,-0.0,0.496022573417
0.0,-0.0,0.496022573417
0.0,-0.0,0.496022573417
0.0,-0.0,0.488517657633
0.0,-0.0,0.488517657633
0.0,-0.0,0.488517657633
0.0,-0.0,0.488517657633
0.0,-0.0,0.480838208924
0.0,-0.0,0.480838208924
0.0,-0.0,0.478394747972
0.0,-0.0,0.478394747972
0.0,-0.0,0.478394747972
0.0,-0.0,0.469493568786
0.0,-0.0,0.469493568786
0.0,-0.0,0.467050107834
0.0,-0.0,0.467050107834
0.0,-0.0,0.467050107834
0.0,-0.0,0.45954519205
0.0,-0.0,0.45954519205
0.0,-0.0,0.45954519205
0.0,-0.0,0.452040276267
0.0,-0.0,0.452040276267
0.0,-0.0,0.452040276267
0.0,-0.0,0.452040276267
0.0,-0.0,0.443488162932
0.0,-0.0,0.443488162932
0.0,-0.0,0.443488162932
0.0,-0.0,0.435983247148
0.0,-0.0,0.435983247148
0.0,-0.0,0.435983247148
0.0,-0.0,0.435983247148
0.0,-0.0,0.428478331365
0.0,-0.0,0.428478331365
0.0,-0.0,0.428478331365
0.0,-0.0,0.419751685105
0.0,-0.0,0.419751685105
0.0,-0.0,0.419751685105
0.0,-0.0,0.419751685105
0.0,-0.0,0.412246769321
0.0,-0.0,0.412246769321
0.0,-0.0,0.409803308368
0.0,-0.0,0.409803308368
0.0,-0.0,0.409803308368
0.0,-0.0,0.40247292551
0.0,-0.0,0.40247292551
0.0,-0.0,0.40247292551
0.0,-0.0,0.394968009726
0.0,-0.0,0.394968009726
0.0,-0.0,0.394968009726
0.0,-0.0,0.394968009726
0.0,-0.0,0.386241363466
0.0,-0.0,0.386241363466
0.0,-0.0,0.386241363466
0.0,-0.0,0.378910980608
0.0,-0.0,0.378910980608
0.0,-0.0,0.378910980608
0.0,-0.0,0.378910980608
0.0,-0.0,0.371231531899
0.0,-0.0,0.371231531899
0.0,-0.0,0.371231531899
0.0,-0.0,0.362504885639
0.0,-0.0,0.362504885639
0.0,-0.0,0.362504885639
0.0,-0.0,0.360061424686
0.0,-0.0,0.360061424686
0.0,-0.0,0.360061424686
0.0,-0.0,0.352556508903
0.0,-0.0,0.352556508903
0.0,-0.0,0.352556508903
0.0,-0.0,0.345051593119
0.0,-0.0,0.345051593119
0.0,-0.0,0.345051593119
0.0,-0.0,0.345051593119
0.0,-0.0,0.336324946859
0.0,-0.0,0.336324946859
0.0,-0.0,0.336324946859
0.0,-0.0,0.328994564001
0.0,-0.0,0.328994564001
0.0,-0.0,0.328994564001
0.0,-0.0,0.328994564001
0.0,-0.0,0.321489648217
0.0,-0.0,0.321489648217
0.0,-0.0,0.319046187265
0.0,-0.0,0.319046187265
0.0,-0.0,0.319046187265
0.0,-0.0,0.311541271481
0.0,-0.0,0.311541271481
0.0,-0.0,0.311541271481
0.0,-0.0,0.302814625221
0.0,-0.0,0.302814625221
0.0,-0.0,0.302814625221
0.0,-0.0,0.302814625221
0.0,-0.0,0.295309709437
0.0,-0.0,0.295309709437
0.0,-0.0,0.295309709437
0.0,-0.0,0.287804793654
0.0,-0.0,0.287804793654
0.0,-0.0,0.287804793654
0.0,-0.0,0.287804793654
0.0,-0.0,0.278903614469
0.0,-0.0,0.278903614469
0.0,-0.0,0.276460153516
0.0,-0.0,0.276460153516
0.0,-0.0,0.276460153516
0.0,-0.0,0.269129770658
0.0,-0.0,0.269129770658
0.0,-0.0,0.269129770658
0.0,-0.0,0.266686309705
0.0,-0.0,0.266686309705
0.0,-0.0,0.266686309705
0.0,-0.0,0.259181393921
0.0,-0.0,0.259181393921
0.0,-0.0,0.250629280586
0.0,-0.0,0.250629280586
0.0,-0.0,0.250629280586
0.0,-0.0,0.248185819634
0.0,-0.0,0.248185819634
0.0,-0.0,0.248185819634
0.0,-0.0,0.24068090385
0.0,-0.0,0.24068090385
0.0,-0.0,0.233175988066
0.0,-0.0,0.233175988066
0.0,-0.0,0.233175988066
0.0,-0.0,0.233175988066
0.0,-0.0,0.224449341806
0.0,-0.0,0.224449341806
0.0,-0.0,0.224449341806
0.0,-0.0,0.222005880854
0.0,-0.0,0.222005880854
0.0,-0.0,0.214850030921
0.0,-0.0,0.214850030921
0.0,-0.0,0.214850030921
0.0,-0.0,0.212406569968
0.0,-0.0,0.212406569968
0.0,-0.0,0.212406569968
0.0,-0.0,0.204901654184
0.0,-0.0,0.204901654184
0.0,-0.0,0.196349540849
0.0,-0.0,0.196349540849
0.0,-0.0,0.196349540849
0.0,-0.0,0.193906079897
0.0,-0.0,0.193906079897
0.0,-0.0,0.193906079897
0.0,-0.0,0.186401164113
0.0,-0.0,0.186401164113
0.0,-0.0,0.186401164113
0.0,-0.0,0.178721715404
0.0,-0.0,0.178721715404
0.0,-0.0,0.178721715404
0.0,-0.0,0.170169602069
0.0,-0.0,0.170169602069
0.0,-0.0,0.170169602069
0.0,-0.0,0.167726141117
0.0,-0.0,0.167726141117
0.0,-0.0,0.160046692408
0.0,-0.0,0.160046692408
0.0,-0.0,0.160046692408
0.0,-0.0,0.160046692408
0.0,-0.0,0.152541776624
0.0,-0.0,0.152541776624
0.0,-0.0,0.152541776624
0.0,-0.0,0.145036860841
0.0,-0.0,0.145036860841
0.0,-0.0,0.145036860841
0.0,-0.0,0.145036860841
0.0,-0.0,0.136310214581
0.0,-0.0,0.136310214581
0.0,-0.0,0.136310214581
0.0,-0.0,0.128630765872
0.0,-0.0,0.128630765872
0.0,-0.0,0.128630765872
0.0,-0.0,0.128630765872
0.0,-0.0,0.121300383014
0.0,-0.0,0.121300383014
0.0,-0.0,0.118682389136
0.0,-0.0,0.118682389136
0.0,-0.0,0.118682389136
0.0,-0.0,0.109955742876
0.0,-0.0,0.109955742876
0.0,-0.0,0.109955742876
0.0,-0.0,0.107686814848
0.0,-0.0,0.107686814848
0.0,-0.0,0.100181899064
0.0,-0.0,0.100181899064
0.0,-0.0,0.100181899064
0.0,-0.0,0.0925024503557
0.0,-0.0,0.0925024503557
0.0,-0.0,0.0925024503557
0.0,-0.0,0.0925024503557
0.0,-0.0,0.0837758040957
0.0,-0.0,0.0837758040957
0.0,-0.0,0.0837758040957
0.0,-0.0,0.0764454212374
0.0,-0.0,0.0764454212374
0.0,-0.0,0.0764454212374
0.0,-0.0,0.0764454212374
0.0,-0.0,0.0689405054538
0.0,-0.0,0.0689405054538
0.0,-0.0,0.0689405054538
0.0,-0.0,0.0616101225954
0.0,-0.0,0.0616101225954
0.0,-0.0,0.0616101225954
0.0,-0.0,0.0616101225954
0.0,-0.0,0.0530580092606
0.0,-0.0,0.0530580092606
0.0,-0.0,0.0530580092606
0.0,-0.0,0.0530580092606
0.0,-0.0,0.0455530934771
0.0,-0.0,0.0455530934771
0.0,-0.0,0.0455530934771
0.0,-0.0,0.0382227106187
0.0,-0.0,0.0382227106187
0.0,-0.0,0.0382227106187
0.0,-0.0,0.0382227106187
0.0,-0.0,0.0294960643587
0.0,-0.0,0.0294960643587
0.0,-0.0,0.0270526034059
0.0,-0.0,0.0270526034059
0.0,-0.0,0.0270526034059
0.0,-0.0,0.0195476876223
0.0,-0.0,0.0195476876223
0.0,-0.0,0.0195476876223
0.0,-0.0,0.0171042266695
0.0,-0.0,0.0171042266695
0.0,-0.0,0.00977384381117
0.0,-0.0,0.00977384381117
0.0,-0.0,0.00977384381117
0.0,-0.0,0.0010471975512
0.0,-0.0,0.0010471975512
0.0,-0.0,0.0010471975512
0.0,-0.0,-0.0013962634016
0.0,-0.0,-0.0013962634016
0.0,-0.0,-0.00890117918517
0.0,-0.0,-0.00890117918517
0.0,-0.0,-0.00890117918517
0.0,-0.0,-0.0164060949687
0.0,-0.0,-0.0164060949687
0.0,-0.0,-0.0164060949687
0.0,-0.0,-0.0164060949687
0.0,-0.0,-0.0249582083035
0.0,-0.0,-0.0249582083035
0.0,-0.0,-0.0275762021815
0.0,-0.0,-0.0275762021815
0.0,-0.0,-0.0275762021815
0.0,-0.0,-0.0349065850399
0.0,-0.0,-0.0349065850399
0.0,-0.0,-0.0349065850399
0.0,-0.0,-0.0422369678983
0.0,-0.0,-0.0422369678983
0.0,-0.0,-0.0422369678983
0.0,-0.0,-0.0422369678983
0.0,-0.0,-0.0497418836818
0.0,-0.0,-0.0497418836818
0.0,-0.0,-0.0497418836818
0.0,-0.0,-0.0584685299418
0.0,-0.0,-0.0584685299418
0.0,-0.0,-0.0584685299418
0.0,-0.0,-0.0584685299418
0.0,-0.0,-0.0657989128002
0.0,-0.0,-0.0657989128002
0.0,-0.0,-0.0657989128002
0.0,-0.0,-0.0657989128002
0.0,-0.0,-0.0733038285838
0.0,-0.0,-0.0733038285838
0.0,-0.0,-0.0733038285838
0.0,-0.0,-0.0822050077689
0.0,-0.0,-0.0822050077689
0.0,-0.0,-0.0846484687217
0.0,-0.0,-0.0846484687217
0.0,-0.0,-0.0846484687217
0.0,-0.0,-0.0921533845053
0.0,-0.0,-0.0921533845053
0.0,-0.0,-0.0921533845053
0.0,-0.0,-0.0921533845053
0.0,-0.0,-0.0996583002889
0.0,-0.0,-0.0996583002889
0.0,-0.0,-0.0996583002889
0.0,-0.0,-0.108035880698
0.0,-0.0,-0.108035880698
0.0,-0.0,-0.108035880698
0.0,-0.0,-0.108035880698
0.0,-0.0,-0.115366263557
0.0,-0.0,-0.115366263557
0.0,-0.0,-0.115366263557
0.0,-0.0,-0.12287117934
0.0,-0.0,-0.12287117934
0.0,-0.0,-0.12287117934
0.0,-0.0,-0.125314640293
0.0,-0.0,-0.125314640293
0.0,-0.0,-0.125314640293
0.0,-0.0,-0.132645023152
0.0,-0.0,-0.132645023152
0.0,-0.0,-0.132645023152
0.0,-0.0,-0.141546202337
0.0,-0.0,-0.141546202337
0.0,-0.0,-0.141546202337
0.0,-0.0,-0.14905111812
0.0,-0.0,-0.14905111812
0.0,-0.0,-0.14905111812
0.0,-0.0,-0.14905111812
0.0,-0.0,-0.156381500979
0.0,-0.0,-0.156381500979
0.0,-0.0,-0.156381500979
0.0,-0.0,-0.164933614313
0.0,-0.0,-0.164933614313
0.0,-0.0,-0.164933614313
0.0,-0.0,-0.167551608191
0.0,-0.0,-0.167551608191
0.0,-0.0,-0.167551608191
0.0,-0.0,-0.175056523975
0.0,-0.0,-0.175056523975
0.0,-0.0,-0.177499984928
0.0,-0.0,-0.177499984928
0.0,-0.0,-0.177499984928
0.0,-0.0,-0.185179433637
0.0,-0.0,-0.185179433637
0.0,-0.0,-0.185179433637
0.0,-0.0,-0.193906079897
0.0,-0.0,-0.193906079897
0.0,-0.0,-0.196349540849
0.0,-0.0,-0.196349540849
0.0,-0.0,-0.196349540849
0.0,-0.0,-0.203679923708
0.0,-0.0,-0.203679923708
0.0,-0.0,-0.203679923708
0.0,-0.0,-0.211010306566
0.0,-0.0,-0.211010306566
0.0,-0.0,-0.211010306566
0.0,-0.0,-0.211010306566
0.0,-0.0,-0.219736952826
0.0,-0.0,-0.219736952826
0.0,-0.0,-0.219736952826
0.0,-0.0,-0.22724186861
0.0,-0.0,-0.22724186861
0.0,-0.0,-0.22724186861
0.0,-0.0,-0.22724186861
0.0,-0.0,-0.234746784393
0.0,-0.0,-0.234746784393
0.0,-0.0,-0.234746784393
0.0,-0.0,-0.242251700177
0.0,-0.0,-0.242251700177
0.0,-0.0,-0.242251700177
0.0,-0.0,-0.242251700177
0.0,-0.0,-0.251152879362
0.0,-0.0,-0.251152879362
0.0,-0.0,-0.253596340315
0.0,-0.0,-0.253596340315
0.0,-0.0,-0.253596340315
0.0,-0.0,-0.261101256098
0.0,-0.0,-0.261101256098
0.0,-0.0,-0.261101256098
0.0,-0.0,-0.268606171882
0.0,-0.0,-0.268606171882
0.0,-0.0,-0.268606171882
0.0,-0.0,-0.268606171882
0.0,-0.0,-0.277158285217
0.0,-0.0,-0.277158285217
0.0,-0.0,-0.279601746169
0.0,-0.0,-0.279601746169
0.0,-0.0,-0.279601746169
0.0,-0.0,-0.287106661953
0.0,-0.0,-0.287106661953
0.0,-0.0,-0.287106661953
0.0,-0.0,-0.294611577737
0.0,-0.0,-0.294611577737
0.0,-0.0,-0.294611577737
0.0,-0.0,-0.294611577737
0.0,-0.0,-0.303338223997
0.0,-0.0,-0.303338223997
0.0,-0.0,-0.303338223997
0.0,-0.0,-0.31084313978
0.0,-0.0,-0.31084313978
0.0,-0.0,-0.31084313978
0.0,-0.0,-0.31084313978
0.0,-0.0,-0.318348055564
0.0,-0.0,-0.318348055564
0.0,-0.0,-0.320966049442
0.0,-0.0,-0.320966049442
0.0,-0.0,-0.320966049442
0.0,-0.0,-0.328470965225
0.0,-0.0,-0.328470965225
0.0,-0.0,-0.328470965225
0.0,-0.0,-0.33702307856
0.0,-0.0,-0.33702307856
0.0,-0.0,-0.33702307856
0.0,-0.0,-0.33702307856
0.0,-0.0,-0.344527994344
0.0,-0.0,-0.344527994344
0.0,-0.0,-0.344527994344
0.0,-0.0,-0.344527994344
0.0,-0.0,-0.352032910127
0.0,-0.0,-0.352032910127
0.0,-0.0,-0.352032910127
0.0,-0.0,-0.360759556387
0.0,-0.0,-0.360759556387
0.0,-0.0,-0.360759556387
0.0,-0.0,-0.36320301734
0.0,-0.0,-0.36320301734
0.0,-0.0,-0.370533400198
0.0,-0.0,-0.370533400198
0.0,-0.0,-0.370533400198
0.0,-0.0,-0.373151394076
0.0,-0.0,-0.373151394076
0.0,-0.0,-0.373151394076
0.0,-0.0,-0.38065630986
0.0,-0.0,-0.38065630986
0.0,-0.0,-0.38938295612
0.0,-0.0,-0.38938295612
0.0,-0.0,-0.38938295612
0.0,-0.0,-0.391826417073
0.0,-0.0,-0.391826417073
0.0,-0.0,-0.391826417073
0.0,-0.0,-0.399331332856
0.0,-0.0,-0.399331332856
0.0,-0.0,-0.399331332856
0.0,-0.0,-0.406661715715
0.0,-0.0,-0.406661715715
0.0,-0.0,-0.406661715715
0.0,-0.0,-0.415388361975
0.0,-0.0,-0.415388361975
0.0,-0.0,-0.415388361975
0.0,-0.0,-0.415388361975
0.0,-0.0,-0.422893277758
0.0,-0.0,-0.422893277758
0.0,-0.0,-0.422893277758
0.0,-0.0,-0.425336738711
0.0,-0.0,-0.425336738711
0.0,-0.0,-0.432841654495
0.0,-0.0,-0.432841654495
0.0,-0.0,-0.432841654495
0.0,-0.0,-0.440346570278
0.0,-0.0,-0.440346570278
0.0,-0.0,-0.440346570278
0.0,-0.0,-0.440346570278
0.0,-0.0,-0.448898683613
0.0,-0.0,-0.448898683613
0.0,-0.0,-0.448898683613
0.0,-0.0,-0.456403599397
0.0,-0.0,-0.456403599397
0.0,-0.0,-0.456403599397
0.0,-0.0,-0.456403599397
0.0,-0.0,-0.463733982255
0.0,-0.0,-0.463733982255
0.0,-0.0,-0.463733982255
0.0,-0.0,-0.472460628515
0.0,-0.0,-0.472460628515
0.0,-0.0,-0.472460628515
0.0,-0.0,-0.474904089468
0.0,-0.0,-0.474904089468
0.0,-0.0,-0.474904089468
0.0,-0.0,-0.482409005251
0.0,-0.0,-0.482409005251
0.0,-0.0,-0.482409005251
0.0,-0.0,-0.489913921035
0.0,-0.0,-0.489913921035
0.0,-0.0,-0.489913921035
0.0,-0.0,-0.489913921035
0.0,-0.0,-0.49881510022
0.0,-0.0,-0.49881510022
0.0,-0.0,-0.49881510022
0.0,-0.0,-0.506145483078
0.0,-0.0,-0.506145483078
0.0,-0.0,-0.506145483078
0.0,-0.0,-0.506145483078
0.0,-0.0,-0.513824931787
0.0,-0.0,-0.513824931787
0.0,-0.0,-0.516442925665
0.0,-0.0,-0.516442925665
0.0,-0.0,-0.516442925665
0.0,-0.0,-0.523773308523
0.0,-0.0,-0.523773308523
0.0,-0.0,-0.523773308523
0.0,-0.0,-0.532499954783
0.0,-0.0,-0.532499954783
0.0,-0.0,-0.532499954783
0.0,-0.0,-0.532499954783
0.0,-0.0,-0.540004870567
0.0,-0.0,-0.540004870567
0.0,-0.0,-0.540004870567
0.0,-0.0,-0.547684319276
0.0,-0.0,-0.547684319276
0.0,-0.0,-0.547684319276
0.0,-0.0,-0.547684319276
0.0,-0.0,-0.556410965536
0.0,-0.0,-0.556410965536
0.0,-0.0,-0.558854426489
0.0,-0.0,-0.558854426489
0.0,-0.0,-0.558854426489
0.0,-0.0,-0.566533875197
0.0,-0.0,-0.566533875197
0.0,-0.0,-0.566533875197
0.0,-0.0,-0.56897733615
0.0,-0.0,-0.56897733615
0.0,-0.0,-0.576482251934
0.0,-0.0,-0.576482251934
0.0,-0.0,-0.576482251934
0.0,-0.0,-0.585208898194
0.0,-0.0,-0.585208898194
0.0,-0.0,-0.585208898194
0.0,-0.0,-0.587826892072
0.0,-0.0,-0.587826892072
0.0,-0.0,-0.595331807855
0.0,-0.0,-0.595331807855
0.0,-0.0,-0.595331807855
0.0,-0.0,-0.602662190714
0.0,-0.0,-0.602662190714
0.0,-0.0,-0.602662190714
0.0,-0.0,-0.602662190714
0.0,-0.0,-0.611563369899
0.0,-0.0,-0.611563369899
0.0,-0.0,-0.614006830852
0.0,-0.0,-0.614006830852
0.0,-0.0,-0.614006830852
0.0,-0.0,-0.62168627956
0.0,-0.0,-0.62168627956
0.0,-0.0,-0.62168627956
0.0,-0.0,-0.629191195344
0.0,-0.0,-0.629191195344
0.0,-0.0,-0.629191195344
0.0,-0.0,-0.629191195344
0.0,-0.0,-0.638092374529
0.0,-0.0,-0.638092374529
0.0,-0.0,-0.638092374529
0.0,-0.0,-0.638092374529
0.0,-0.0,-0.645597290313
0.0,-0.0,-0.645597290313
0.0,-0.0,-0.645597290313
0.0,-0.0,-0.653102206096
0.0,-0.0,-0.653102206096
0.0,-0.0,-0.653102206096
0.0,-0.0,-0.653102206096
0.0,-0.0,-0.66060712188
0.0,-0.0,-0.66060712188
0.0,-0.0,-0.66060712188
0.0,-0.0,-0.66933376814
0.0,-0.0,-0.66933376814
0.0,-0.0,-0.66933376814
0.0,-0.0,-0.671951762018
0.0,-0.0,-0.671951762018
0.0,-0.0,-0.679456677801
0.0,-0.0,-0.679456677801
0.0,-0.0,-0.679456677801
0.0,-0.0,-0.679456677801
0.0,-0.0,-0.686961593585
0.0,-0.0,-0.686961593585
0.0,-0.0,-0.686961593585
0.0,-0.0,-0.695688239845
0.0,-0.0,-0.695688239845
0.0,-0.0,-0.695688239845
0.0,-0.0,-0.695688239845
0.0,-0.0,-0.703193155629
0.0,-0.0,-0.703193155629
0.0,-0.0,-0.703193155629
0.0,-0.0,-0.710523538487
0.0,-0.0,-0.710523538487
0.0,-0.0,-0.710523538487
0.0,-0.0,-0.713141532365
0.0,-0.0,-0.713141532365
0.0,-0.0,-0.713141532365
0.0,-0.0,-0.720471915223
0.0,-0.0,-0.720471915223
0.0,-0.0,-0.720471915223
0.0,-0.0,-0.729024028558
0.0,-0.0,-0.729024028558
0.0,-0.0,-0.729024028558
0.0,-0.0,-0.736528944342
0.0,-0.0,-0.736528944342
0.0,-0.0,-0.736528944342
0.0,-0.0,-0.736528944342
0.0,-0.0,-0.74420839305
0.0,-0.0,-0.74420839305
0.0,-0.0,-0.74420839305
0.0,-0.0,-0.74420839305
0.0,-0.0,-0.75293503931
0.0,-0.0,-0.75293503931
0.0,-0.0,-0.755553033188
0.0,-0.0,-0.755553033188
0.0,-0.0,-0.755553033188
0.0,-0.0,-0.762883416047
0.0,-0.0,-0.762883416047
0.0,-0.0,-0.765326877
0.0,-0.0,-0.765326877
0.0,-0.0,-0.765326877
0.0,-0.0,-0.773006325708
0.0,-0.0,-0.773006325708
0.0,-0.0,-0.773006325708
0.0,-0.0,-0.781732971968
0.0,-0.0,-0.781732971968
0.0,-0.0,-0.784350965846
0.0,-0.0,-0.784350965846
0.0,-0.0,-0.784350965846
0.0,-0.0,-0.791681348705
0.0,-0.0,-0.791681348705
0.0,-0.0,-0.791681348705
0.0,-0.0,-0.799186264488
0.0,-0.0,-0.799186264488
0.0,-0.0,-0.799186264488
0.0,-0.0,-0.799186264488
0.0,-0.0,-0.808087443673
0.0,-0.0,-0.808087443673
0.0,-0.0,-0.810530904626
0.0,-0.0,-0.810530904626
0.0,-0.0,-0.810530904626
0.0,-0.0,-0.818210353335
0.0,-0.0,-0.818210353335
0.0,-0.0,-0.820653814288
0.0,-0.0,-0.820653814288
0.0,-0.0,-0.820653814288
0.0,-0.0,-0.828333262997
0.0,-0.0,-0.828333262997
0.0,-0.0,-0.828333262997
0.0,-0.0,-0.837059909256
0.0,-0.0,-0.837059909256
0.0,-0.0,-0.839503370209
0.0,-0.0,-0.839503370209
0.0,-0.0,-0.839503370209
0.0,-0.0,-0.847182818918
0.0,-0.0,-0.847182818918
0.0,-0.0,-0.847182818918
0.0,-0.0,-0.854687734702
0.0,-0.0,-0.854687734702
0.0,-0.0,-0.854687734702
0.0,-0.0,-0.854687734702
0.0,-0.0,-0.863414380962
0.0,-0.0,-0.863414380962
0.0,-0.0,-0.863414380962
0.0,-0.0,-0.87109382967
0.0,-0.0,-0.87109382967
0.0,-0.0,-0.87109382967
0.0,-0.0,-0.87109382967
0.0,-0.0,-0.878773278379
0.0,-0.0,-0.878773278379
0.0,-0.0,-0.878773278379
0.0,-0.0,-0.878773278379
0.0,-0.0,-0.886278194163
0.0,-0.0,-0.886278194163
0.0,-0.0,-0.886278194163
0.0,-0.0,-0.894830307497
0.0,-0.0,-0.894830307497
0.0,-0.0,-0.894830307497
0.0,-0.0,-0.897448301375
0.0,-0.0,-0.897448301375
0.0,-0.0,-0.904953217159
0.0,-0.0,-0.904953217159
0.0,-0.0,-0.904953217159
0.0,-0.0,-0.904953217159
0.0,-0.0,-0.912458132943
0.0,-0.0,-0.912458132943
0.0,-0.0,-0.912458132943
0.0,-0.0,-0.921184779203
0.0,-0.0,-0.921184779203
0.0,-0.0,-0.921184779203
0.0,-0.0,-0.923628240155
0.0,-0.0,-0.923628240155
0.0,-0.0,-0.923628240155
0.0,-0.0,-0.930958623014
0.0,-0.0,-0.930958623014
0.0,-0.0,-0.930958623014
0.0,-0.0,-0.938463538797
0.0,-0.0,-0.938463538797
0.0,-0.0,-0.938463538797
0.0,-0.0,-0.947190185057
0.0,-0.0,-0.947190185057
0.0,-0.0,-0.947190185057
0.0,-0.0,-0.947190185057
0.0,-0.0,-0.954695100841
0.0,-0.0,-0.954695100841
0.0,-0.0,-0.954695100841
0.0,-0.0,-0.962200016624
0.0,-0.0,-0.962200016624
0.0,-0.0,-0.962200016624
0.0,-0.0,-0.964643477577
0.0,-0.0,-0.964643477577
0.0,-0.0,-0.972322926286
0.0,-0.0,-0.972322926286
0.0,-0.0,-0.972322926286
0.0,-0.0,-0.972322926286
0.0,-0.0,-0.980875039621
0.0,-0.0,-0.980875039621
0.0,-0.0,-0.980875039621
0.0,-0.0,-0.988379955404
0.0,-0.0,-0.988379955404
0.0,-0.0,-0.988379955404
0.0,-0.0,-0.988379955404
0.0,-0.0,-0.995884871188
0.0,-0.0,-0.995884871188
0.0,-0.0,-0.998328332141
0.0,-0.0,-0.998328332141
0.0,-0.0,-0.998328332141
0.0,-0.0,-1.00688044548
0.0,-0.0,-1.00688044548
0.0,-0.0,-1.00688044548
0.0,-0.0,-1.00949843935
0.0,-0.0,-1.00949843935
0.0,-0.0,-1.01682882221
0.0,-0.0,-1.01682882221
0.0,-0.0,-1.01682882221
0.0,-0.0,-1.024333738
0.0,-0.0,-1.024333738
0.0,-0.0,-1.024333738
0.0,-0.0,-1.024333738
0.0,-0.0,-1.03306038426
0.0,-0.0,-1.03306038426
0.0,-0.0,-1.03567837813
0.0,-0.0,-1.03567837813
0.0,-0.0,-1.03567837813
0.0,-0.0,-1.04318329392
0.0,-0.0,-1.04318329392
0.0,-0.0,-1.04318329392
0.0,-0.0,-1.05086274263
0.0,-0.0,-1.05086274263
0.0,-0.0,-1.05086274263
0.0,-0.0,-1.05086274263
0.0,-0.0,-1.05958938889
0.0,-0.0,-1.05958938889
0.0,-0.0,-1.06220738276
0.0,-0.0,-1.06220738276
0.0,-0.0,-1.06220738276
0.0,-0.0,-1.06953776562
0.0,-0.0,-1.06953776562
0.0,-0.0,-1.06953776562
0.0,-0.0,-1.07721721433
0.0,-0.0,-1.07721721433
0.0,-0.0,-1.07721721433
0.0,-0.0,-1.07721721433
0.0,-0.0,-1.08454759719
0.0,-0.0,-1.08454759719
0.0,-0.0,-1.08454759719
0.0,-0.0,-1.09344877637
0.0,-0.0,-1.09344877637
0.0,-0.0,-1.09344877637
0.0,-0.0,-1.09344877637
0.0,-0.0,-1.10095369216
0.0,-0.0,-1.10095369216
0.0,-0.0,-1.10095369216
0.0,-0.0,-1.10863314087
0.0,-0.0,-1.10863314087
0.0,-0.0,-1.10863314087
0.0,-0.0,-1.11107660182
0.0,-0.0,-1.11107660182
0.0,-0.0,-1.11980324808
0.0,-0.0,-1.11980324808
0.0,-0.0,-1.11980324808
0.0,-0.0,-1.11980324808
0.0,-0.0,-1.12730816386
0.0,-0.0,-1.12730816386
0.0,-0.0,-1.12730816386
0.0,-0.0,-1.13463854672
0.0,-0.0,-1.13463854672
0.0,-0.0,-1.13463854672
0.0,-0.0,-1.13463854672
0.0,-0.0,-1.14353972591
0.0,-0.0,-1.14353972591
0.0,-0.0,-1.14353972591
0.0,-0.0,-1.15104464169
0.0,-0.0,-1.15104464169
0.0,-0.0,-1.15104464169
0.0,-0.0,-1.15104464169
0.0,-0.0,-1.15837502455
0.0,-0.0,-1.15837502455
0.0,-0.0,-1.16099301843
0.0,-0.0,-1.16099301843
0.0,-0.0,-1.16099301843
0.0,-0.0,-1.16849793421
0.0,-0.0,-1.16849793421
0.0,-0.0,-1.16849793421
0.0,-0.0,-1.17722458047
0.0,-0.0,-1.17722458047
0.0,-0.0,-1.17722458047
0.0,-0.0,-1.17722458047
0.0,-0.0,-1.18472949625
0.0,-0.0,-1.18472949625
0.0,-0.0,-1.18472949625
0.0,-0.0,-1.18472949625
0.0,-0.0,-1.19205987911
0.0,-0.0,-1.19205987911
0.0,-0.0,-1.19205987911
0.0,-0.0,-1.20078652537
0.0,-0.0,-1.20078652537
0.0,-0.0,-1.20078652537
0.0,-0.0,-1.20322998632
0.0,-0.0,-1.20322998632
0.0,-0.0,-1.20322998632
0.0,-0.0,-1.21073490211
0.0,-0.0,-1.21073490211
0.0,-0.0,-1.21335289599
0.0,-0.0,-1.21335289599
0.0,-0.0,-1.21335289599
0.0,-0.0,-1.22085781177
0.0,-0.0,-1.22085781177
0.0,-0.0,-1.2294099251
0.0,-0.0,-1.2294099251
0.0,-0.0,-1.2294099251
0.0,-0.0,-1.23185338606
0.0,-0.0,-1.23185338606
0.0,-0.0,-1.23185338606
0.0,-0.0,-1.23935830184
0.0,-0.0,-1.23935830184
0.0,-0.0,-1.23935830184
0.0,-0.0,-1.2466886847
0.0,-0.0,-1.2466886847
0.0,-0.0,-1.2466886847
0.0,-0.0,-1.25541533096
0.0,-0.0,-1.25541533096
0.0,-0.0,-1.25541533096
0.0,-0.0,-1.25785879191
0.0,-0.0,-1.25785879191
0.0,-0.0,-1.2653637077
0.0,-0.0,-1.2653637077
0.0,-0.0,-1.2653637077
0.0,-0.0,-1.26780716865
0.0,-0.0,-1.26780716865
0.0,-0.0,-1.26780716865
0.0,-0.0,-1.27531208443
0.0,-0.0,-1.27531208443
0.0,-0.0,-1.27531208443
0.0,-0.0,-1.28386419777
0.0,-0.0,-1.28386419777
0.0,-0.0,-1.28630765872
0.0,-0.0,-1.28630765872
0.0,-0.0,-1.28630765872
0.0,-0.0,-1.29363804158
0.0,-0.0,-1.29363804158
0.0,-0.0,-1.29363804158
0.0,-0.0,-1.30131749029
0.0,-0.0,-1.30131749029
0.0,-0.0,-1.30131749029
0.0,-0.0,-1.30986960362
0.0,-0.0,-1.30986960362
0.0,-0.0,-1.30986960362
0.0,-0.0,-1.3124875975
0.0,-0.0,-1.3124875975
0.0,-0.0,-1.3124875975
0.0,-0.0,-1.31981798036
0.0,-0.0,-1.31981798036
0.0,-0.0,-1.32226144131
0.0,-0.0,-1.32226144131
0.0,-0.0,-1.32226144131
0.0,-0.0,-1.32976635709
0.0,-0.0,-1.32976635709
0.0,-0.0,-1.32976635709
0.0,-0.0,-1.33831847043
0.0,-0.0,-1.33831847043
0.0,-0.0,-1.33831847043
0.0,-0.0,-1.34582338621
0.0,-0.0,-1.34582338621
0.0,-0.0,-1.34582338621
0.0,-0.0,-1.34582338621
0.0,-0.0,-1.353328302
0.0,-0.0,-1.353328302
0.0,-0.0,-1.353328302
0.0,-0.0,-1.36083321778
0.0,-0.0,-1.36083321778
0.0,-0.0,-1.36083321778
0.0,-0.0,-1.36083321778
0.0,-0.0,-1.36938533111
0.0,-0.0,-1.36938533111
0.0,-0.0,-1.37182879207
0.0,-0.0,-1.37182879207
0.0,-0.0,-1.37182879207
0.0,-0.0,-1.37933370785
0.0,-0.0,-1.37933370785
0.0,-0.0,-1.37933370785
0.0,-0.0,-1.38683862363
0.0,-0.0,-1.38683862363
0.0,-0.0,-1.38683862363
0.0,-0.0,-1.38683862363
0.0,-0.0,-1.39556526989
0.0,-0.0,-1.39556526989
0.0,-0.0,-1.39818326377
0.0,-0.0,-1.39818326377
0.0,-0.0,-1.39818326377
0.0,-0.0,-1.40551364663
0.0,-0.0,-1.40551364663
0.0,-0.0,-1.40551364663
0.0,-0.0,-1.41284402949
0.0,-0.0,-1.41284402949
0.0,-0.0,-1.41284402949
0.0,-0.0,-1.41284402949
0.0,-0.0,-1.42174520867
0.0,-0.0,-1.42174520867
0.0,-0.0,-1.42174520867
0.0,-0.0,-1.42174520867
0.0,-0.0,-1.42925012446
0.0,-0.0,-1.42925012446
0.0,-0.0,-1.42925012446
0.0,-0.0,-1.43658050732
0.0,-0.0,-1.43658050732
0.0,-0.0,-1.43658050732
0.0,-0.0,-1.43658050732
0.0,-0.0,-1.44391089017
0.0,-0.0,-1.44391089017
0.0,-0.0,-1.44391089017
0.0,-0.0,-1.45263753643
0.0,-0.0,-1.45263753643
0.0,-0.0,-1.45263753643
0.0,-0.0,-1.45508099739
0.0,-0.0,-1.45508099739
0.0,-0.0,-1.45508099739
0.0,-0.0,-1.46241138025
0.0,-0.0,-1.46241138025
0.0,-0.0,-1.4648548412
0.0,-0.0,-1.4648548412
0.0,-0.0,-1.4648548412
0.0,-0.0,-1.47235975698
0.0,-0.0,-1.47235975698
0.0,-0.0,-1.47235975698
0.0,-0.0,-1.48108640324
0.0,-0.0,-1.48108640324
0.0,-0.0,-1.48108640324
0.0,-0.0,-1.48859131903
0.0,-0.0,-1.48859131903
0.0,-0.0,-1.48859131903
0.0,-0.0,-1.48859131903
0.0,-0.0,-1.49609623481
0.0,-0.0,-1.49609623481
0.0,-0.0,-1.49609623481
0.0,-0.0,-1.50499741399
0.0,-0.0,-1.50499741399
0.0,-0.0,-1.50499741399
0.0,-0.0,-1.50744087495
0.0,-0.0,-1.50744087495
0.0,-0.0,-1.51512032366
0.0,-0.0,-1.51512032366
0.0,-0.0,-1.51512032366
0.0,-0.0,-1.51756378461
0.0,-0.0,-1.51756378461
0.0,-0.0,-1.51756378461
0.0,-0.0,-1.52506870039
0.0,-0.0,-1.52506870039
0.0,-0.0,-1.53379534665
0.0,-0.0,-1.53379534665
0.0,-0.0,-1.53379534665
0.0,-0.0,-1.53379534665
0.0,-0.0,-1.54130026244
0.0,-0.0,-1.54130026244
0.0,-0.0,-1.54130026244
0.0,-0.0,-1.54130026244
0.0,-0.0,-1.54880517822
0.0,-0.0,-1.54880517822
0.0,-0.0,-1.54880517822
0.0,-0.0,-1.55648462693
0.0,-0.0,-1.55648462693
0.0,-0.0,-1.55648462693
0.0,-0.0,-1.56032435128
0.0,-0.0,-1.56032435128
0.0,-0.0,-1.56782926707
0.0,-0.0,-1.56782926707
0.0,-0.0,-1.56782926707
0.0,-0.0,-1.57027272802
0.0,-0.0,-1.57027272802
0.0,-0.0,-1.57795217673
0.0,-0.0,-1.57795217673
0.0,-0.0,-1.57795217673
0.0,-0.0,-1.58545709251
0.0,-0.0,-1.58545709251
0.0,-0.0,-1.58545709251
0.0,-0.0,-1.58545709251
0.0,-0.0,-1.59418373877
0.0,-0.0,-1.59418373877
0.0,-0.0,-1.59418373877
0.0,-0.0,-1.59418373877
0.0,-0.0,-1.60168865456
0.0,-0.0,-1.60168865456
0.0,-0.0,-1.60168865456
0.0,-0.0,-1.60919357034
0.0,-0.0,-1.60919357034
0.0,-0.0,-1.60919357034
0.0,-0.0,-1.60919357034
0.0,-0.0,-1.6179202166
0.0,-0.0,-1.6179202166
0.0,-0.0,-1.6179202166
0.0,-0.0,-1.62525059946
0.0,-0.0,-1.62525059946
0.0,-0.0,-1.62525059946
0.0,-0.0,-1.62525059946
0.0,-0.0,-1.63258098232
0.0,-0.0,-1.63258098232
0.0,-0.0,-1.63258098232
0.0,-0.0,-1.63258098232
0.0,-0.0,-1.6400858981
0.0,-0.0,-1.6400858981
0.0,-0.0,-1.6400858981
0.0,-0.0,-1.64846347851
0.0,-0.0,-1.64846347851
0.0,-0.0,-1.64846347851
0.0,-0.0,-1.64846347851
0.0,-0.0,-1.65596839429
0.0,-0.0,-1.65596839429
0.0,-0.0,-1.65596839429
0.0,-0.0,-1.66347331008
0.0,-0.0,-1.66347331008
0.0,-0.0,-1.66347331008
0.0,-0.0,-1.66347331008
0.0,-0.0,-1.67219995634
0.0,-0.0,-1.67219995634
0.0,-0.0,-1.67219995634
0.0,-0.0,-1.67970487212
0.0,-0.0,-1.67970487212
0.0,-0.0,-1.67970487212
0.0,-0.0,-1.67970487212
0.0,-0.0,-1.68703525498
0.0,-0.0,-1.68703525498
0.0,-0.0,-1.68703525498
0.0,-0.0,-1.69436563784
0.0,-0.0,-1.69436563784
0.0,-0.0,-1.69436563784
0.0,-0.0,-1.69436563784
0.0,-0.0,-1.7030922841
