0.0,0.0,0.0
0.0,0.0,0.0
0.0,0.0,0.0
0.0,0.0,0.0
0.0150113975438,-1.1462427989e-05,-0.0020943951024
0.0695129666187,-0.000101531808434,-0.0013962634016
0.13433482088,-0.000230833922896,-0.0024434609528
0.186021680297,-0.000353519063939,-0.002617993878
0.234083571343,-0.000492229205093,-0.0031415926536
0.286367376719,-0.000651951270521,-0.00331612557879
0.333661538937,-0.000820270052366,-0.00366519142919
0.377287961578,-0.00102289384602,-0.00575958653159
0.416948093094,-0.00125636141946,-0.00645771823238
0.454433077749,-0.00151416737569,-0.00715584993318
0.493026815139,-0.00178234894727,-0.00663225115758
0.527441456807,-0.00200424226078,-0.00645771823238
0.562495810866,-0.00222482566619,-0.00610865238198
0.594223921556,-0.00241087329424,-0.00575958653159
0.622199289577,-0.00256719328143,-0.00523598775599
0.650729144692,-0.00270810621078,-0.00488692190559
0.678491421418,-0.0028366264275,-0.00401425727959
0.701690694274,-0.00292671050942,-0.00349065850399
0.726681101061,-0.0030201812279,-0.00383972435439
0.746809892477,-0.00309561726314,-0.00383972435439
0.766768063108,-0.00317984357089,-0.00418879020479
0.785276245806,-0.00326586361408,-0.00506145483079
0.803357938626,-0.00335695980274,-0.00506145483079
0.819691134138,-0.00344536897341,-0.00575958653159
0.835171365425,-0.00353878723672,-0.00645771823238
0.850992670174,-0.00364795488078,-0.00767944870878
0.863999305835,-0.00375092218601,-0.00820304748438
0.877474993984,-0.00386244145926,-0.00872664625998
0.889116900669,-0.00396629419662,-0.00942477796077
0.90080137363,-0.00407893691322,-0.00994837673637
0.91056681715,-0.00417780987962,-0.0101229096616
0.917645692677,-0.00424996986073,-0.0102974425868
0.926387672209,-0.00433959856775,-0.010471975512
0.93448998834,-0.00442328028867,-0.00994837673637
0.94229381937,-0.00450179663489,-0.0102974425868
0.94877568256,-0.00456774170664,-0.00994837673637
0.954617905312,-0.00462547719467,-0.00994837673637
0.96046013034,-0.00468298195662,-0.00977384381117
0.964852451158,-0.00472711158388,-0.0101229096616
0.969713847287,-0.00477669691475,-0.0102974425868
0.973679724288,-0.00481703058872,-0.0101229096616
0.975385478653,-0.0048342983759,-0.00994837673637
0.975428122513,-0.00483473007058,-0.00977384381117
0.975428122513,-0.00483473007058,-0.00959931088597
0.975428122513,-0.00483473007058,-0.00959931088597
0.975470766592,-0.00483513943693,-0.00959931088597
0.975470766592,-0.00483513943693,-0.00942477796077
0.975513410812,-0.00483553391766,-0.00925024503558
0.975513410812,-0.00483553391766,-0.00907571211038
0.975556055166,-0.00483591351273,-0.00872664625998
0.975556055166,-0.00483591351273,-0.00872664625998
0.975556055166,-0.00483591351273,-0.00872664625998
0.975556055166,-0.00483591351273,-0.00837758040958
0.975598699776,-0.00483626333633,-0.00820304748438
0.975641344562,-0.00483659083122,-0.00767944870878
0.975641344562,-0.00483659083122,-0.00733038285838
0.975641344562,-0.00483659083122,-0.00698131700798
0.975641344562,-0.00483659083122,-0.00680678408278
0.975641344562,-0.00483659083122,-0.00645771823238
0.975641344562,-0.00483659083122,-0.00663225115758
0.975641344562,-0.00483659083122,-0.00645771823238
0.975641344562,-0.00483659083122,-0.00610865238198
0.975641344562,-0.00483659083122,-0.00575958653159
0.975683989941,-0.00483682901043,-0.00541052068118
0.975683989941,-0.00483682901043,-0.00471238898039
0.975683989941,-0.00483682901043,-0.00453785605518
0.975683989941,-0.00483682901043,-0.00453785605518
0.975683989941,-0.00483682901043,-0.00383972435439
0.975726635699,-0.00483698531599,-0.0031415926536
0.975726635699,-0.00483698531599,-0.0031415926536
0.975726635699,-0.00483698531599,-0.0031415926536
0.975726635699,-0.00483698531599,-0.00331612557879
0.975726635699,-0.00483698531599,-0.00331612557879
0.975726635699,-0.00483698531599,-0.00296705972839
0.975726635699,-0.00483698531599,-0.002617993878
0.975726635699,-0.00483698531599,-0.00279252680319
0.975726635699,-0.00483698531599,-0.00279252680319
0.975726635699,-0.00483698531599,-0.0024434609528
0.975769281616,-0.00483708951983,-0.00226892802759
0.975769281616,-0.00483708951983,-0.0020943951024
0.975769281616,-0.00483708951983,-0.001745329252
0.975769281616,-0.00483708951983,-0.0015707963268
0.975769281616,-0.00483708951983,-0.0010471975512
0.975769281616,-0.00483708951983,-0.0006981317008
0.975811927654,-0.00483711184925,-0.000523598775603
0.975854573693,-0.00483713417866,-0.000523598775603
0.975854573693,-0.00483713417866,-0.000523598775603
0.975854573693,-0.00483713417866,-0.000523598775603
0.975854573693,-0.00483713417866,-0.000349065850401
0.975897219736,-0.0048371416218,0.0
0.975897219736,-0.0048371416218,0.000349065850396
0.975897219736,-0.0048371416218,0.000174532925193
0.975897219736,-0.0048371416218,0.000349065850396
0.975897219736,-0.0048371416218,0.000523598775594
0.975897219736,-0.0048371416218,0.000349065850396
0.975897219736,-0.0048371416218,0.000523598775594
0.975897219736,-0.0048371416218,0.000698131700794
0.975897219736,-0.0048371416218,0.000523598775594
0.975897219736,-0.0048371416218,0.000523598775594
0.975897219736,-0.0048371416218,0.000349065850396
0.975897219736,-0.0048371416218,0.000523598775594
0.97593986577,-0.00483711184925,0.000698131700794
0.97593986577,-0.00483711184925,0.000698131700794
0.97593986577,-0.00483711184925,0.000349065850396
0.97593986577,-0.00483711184925,0.000523598775594
0.975982511798,-0.00483707463356,0.00122173047639
0.975982511798,-0.00483707463356,0.00139626340159
0.975982511798,-0.00483707463356,0.00157079632679
0.975982511798,-0.00483707463356,0.00139626340159
0.975982511798,-0.00483707463356,0.00139626340159
0.975982511798,-0.00483707463356,0.00122173047639
0.975982511798,-0.00483707463356,0.00122173047639
0.976067803769,-0.00483693321399,0.00157079632679
0.976153095763,-0.00483680668068,0.00122173047639
0.976153095763,-0.00483680668068,0.00122173047639
0.976153095763,-0.00483680668068,0.00139626340159
0.976153095763,-0.00483680668068,0.00139626340159
0.976195741728,-0.0048367248062,0.00209439510239
0.976238387663,-0.00483662804548,0.00226892802759
0.976238387663,-0.00483662804548,0.00209439510239
0.976238387663,-0.00483662804548,0.00209439510239
0.976323679564,-0.00483644941028,0.00191986217719
0.976323679564,-0.00483644941028,0.00226892802759
0.976408971433,-0.00483625588883,0.00226892802759
0.976408971433,-0.00483625588883,0.00244346095279
0.976408971433,-0.00483625588883,0.00279252680319
0.976408971433,-0.00483625588883,0.00331612557879
0.976451617242,-0.00483611446945,0.00349065850399
0.976622200273,-0.00483548924719,0.00314159265359
0.976664846171,-0.00483537760024,0.00226892802759
0.976664846171,-0.00483537760024,0.00191986217719
0.976707492122,-0.00483528828263,0.00226892802759
0.97675013802,-0.00483517663568,0.00244346095279
0.976792783937,-0.00483507243184,0.00261799387799
