0.0,0.0,0.0,0.16880106926
0.0,0.0,0.0,0.185333967209
0.0,0.0,0.0,0.203465938568
0.0,0.0,0.0,0.218950033188
0.0,0.0,0.0,0.235445022583
0.0,0.0,0.0,0.252213954926
0.0,0.0,0.0,0.270987033844
0.0,0.0,0.0,0.28556895256
0.0,0.0,0.0,0.302259922028
0.0,0.0,0.0,0.31894493103
0.0,0.0,0.0,0.335444927216
0.0,0.0,0.0,0.352206945419
0.0,0.0,0.0,0.369079113007
0.0,0.0,0.0,0.385661125183
0.0,0.0,0.0,0.402276992798
0.0,0.0,0.0,0.419982910156
0.0,0.0,0.0,0.435539007187
0.0,0.0,0.0,0.452114105225
0.0,0.0,0.0,0.468924045563
0.0,0.0,0.0,0.485600948334
0.0,0.0,0.0,0.502555131912
0.0,0.0,0.0,0.51895904541
0.0,0.0,0.0,0.535641908646
0.0,0.0,0.0,0.552232027054
0.0,0.0,0.0,0.569050073624
0.0,0.0,0.0,0.585505008698
0.0,0.0,0.0,0.602179050446
0.0,0.0,0.0,0.618876934052
0.0,0.0,0.0,0.63557600975
0.0,0.0,0.0,0.652208089828
0.0,0.0,0.0,0.668977975845
0.0,0.0,0.0,0.685570001602
0.0,0.0,0.0,0.702372074127
0.0,0.0,0.0,0.718995094299
0.0,0.0,0.0,0.736110925674
0.0,0.0,0.0,0.752285003662
0.0,0.0,0.0,0.768954992294
0.0,0.0,0.0,0.785609960556
0.0,0.0,0.0,0.80224609375
0.0,0.0,0.0,0.818912029266
0.0,0.0,0.0,0.835596084595
0.0,0.0,0.0,0.852251052856
0.0,0.0,0.0,0.869038105011
0.0,0.0,0.0,0.885595083237
0.0,0.0,0.0,0.902395009995
0.0,0.0,0.0,0.918932914734
0.0,0.0,0.0,0.935590982437
0.0,0.0,0.0,0.952282905579
0.0,0.0,0.0,0.969000101089
0.0,0.0,0.0,0.985599040985
0.0,0.0,0.0,1.00244212151
0.0,0.0,0.0,1.01904010773
0.0,0.0,0.0,1.03550291061
0.0,0.0,0.0,1.05208396912
0.0,0.0,0.0,1.06891012192
0.0,0.0,0.0,1.08560395241
0.0,0.0,0.0,1.10229110718
0.0,0.0,0.0,1.1191380024
0.0,0.0,0.0,1.13672399521
0.0,0.0,0.0,1.15228509903
0.0,0.0,0.0,1.16904211044
0.0,0.0,0.0,1.1855840683
0.0,0.0,0.0,1.20220708847
0.0,0.0,0.0,1.21890807152
0.0,0.0,0.0,1.23562407494
0.0,0.0,0.0,1.25227403641
0.0,0.0,0.0,1.26905608177
0.0,0.0,0.0,1.2855451107
0.0,0.0,0.0,1.30247592926
0.0,0.0,0.0,1.31891202927
0.0,0.0,0.0,1.33557510376
0.0,0.0,0.0,1.35226202011
0.0,0.0,0.0,1.36900305748
0.0,0.0,0.0,1.3856139183
0.0,0.0,0.0,1.40234899521
0.0,0.0,0.0,1.4189209938
0.0,0.0,0.0,1.43558096886
0.0,0.0,0.0,1.45317411423
0.0,0.0,0.0,1.46910309792
0.0,0.0,0.0,1.48558592796
0.0,0.0,0.0,1.50226593018
0.0,0.0,0.0,1.51897501945
0.0,0.0,0.0,1.53557705879
0.0,0.0,0.0,1.55228900909
0.0,0.0,0.0,1.56916499138
0.0,0.0,0.0,1.58561897278
0.0,0.0,0.0,1.60227012634
0.0,0.0,0.0,1.61894106865
0.0,0.0,0.0,1.63608503342
0.0,0.0,0.0,1.65225291252
0.0,0.0,0.0,1.6690120697
0.0,0.0,0.0,1.68554401398
0.0,0.0,0.0,1.70229005814
0.0,0.0,0.0,1.71893405914
0.0,0.0,0.0,1.73558402061
0.0,0.0,0.0,1.75230312347
0.0,0.0,0.0,1.76903104782
0.0,0.0,0.0,1.7859120369
0.0,0.0,0.0,1.80233192444
0.0,0.0,0.0,1.81889891624
0.0,0.0,0.0,1.83557605743
0.0,0.0,0.0,1.85241293907
0.0,0.0,0.0,1.86883711815
0.0,0.0,0.0,1.88563203812
0.0,0.0,0.0,1.90226912498
0.0,0.0,0.0,1.91894102097
0.0,0.0,0.0,1.93562602997
0.0,0.0,0.0,1.95226693153
0.0,0.0,0.0,1.9690489769
0.0,0.0,0.0,1.98559808731
0.0,0.0,0.0,2.00224113464
0.0,0.0,0.0,2.01893305779
0.0,0.0,0.0,2.03561401367
0.0,0.0,0.0,2.05230808258
0.0,0.0,0.0,2.06902313232
0.0,0.0,0.0,2.08560609818
0.0,0.0,0.0,2.1022939682
0.0,0.0,0.0,2.11897397041
0.0,0.0,0.0,2.13560795784
0.0,0.0,0.0,2.15214395523
0.0,0.0,0.0,2.16897296906
0.0,0.0,0.0,2.18555092812
0.0,0.0,0.0,2.20227003098
0.0,0.0,0.0,2.21889901161
0.0,0.0,0.0,2.23561692238
0.0,0.0,0.0,2.2522649765
0.0,0.0,0.0,2.26900410652
0.0,0.0,0.0,2.28543400764
0.0,0.0,0.0,2.30218291283
0.0,0.0,0.0,2.31891798973
0.0,0.0,0.0,2.33558893204
0.0,0.0,0.0,2.35225605965
0.0,0.0,0.0,2.36901807785
0.0,0.0,0.0,2.38562512398
0.0,0.0,0.0,2.40216398239
0.0,0.0,0.0,2.41890311241
0.0,0.0,0.0,2.43562602997
0.0,0.0,0.0,2.45234012604
0.0,0.0,0.0,2.4690220356
0.0,0.0,0.0,2.48546504974
0.0,0.0,0.0,2.50224208832
0.0,0.0,0.0,2.51900601387
0.0,0.0,0.0,2.53594207764
0.0,0.0,0.0,2.55239701271
0.0,0.0,0.0,2.56907510757
0.0,0.0,0.0,2.58561396599
0.0,0.0,0.0,2.60260295868
0.0,0.0,0.0,2.61896800995
0.0,0.0,0.0,2.63563990593
0.0,0.0,0.0,2.65313792229
0.0,0.0,0.0,2.66907191277
0.0,0.0,0.0,2.6856739521
0.0,0.0,0.0,2.70237398148
0.0,0.0,0.0,2.71897006035
0.0,0.0,0.0,2.73574304581
0.0,0.0,0.0,2.75250792503
0.0,0.0,0.0,2.76919412613
0.0,0.0,0.0,2.78567099571
0.0,0.0,0.0,2.80236792564
0.0,0.0,0.0,2.81919312477
0.0,0.0,0.0,2.83564591408
0.0,0.0,0.0,2.85258293152
0.0,0.0,0.0,2.86898803711
0.0,0.0,0.0,2.88581705093
0.0,0.0,0.0,2.90229296684
0.0,0.0,0.0,2.91903710365
0.0,0.0,0.0,2.93573594093
0.0,0.0,0.0,2.95239710808
0.0,0.0,0.0,2.96900010109
0.0,0.0,0.0,2.98615503311
0.0,0.0,0.0,3.00226092339
0.0,0.0,0.0,3.01910805702
0.0,0.0,0.0,3.03584003448
0.0,0.0,0.0,3.05223107338
0.0,0.0,0.0,3.0690279007
0.0,0.0,0.0,3.08577799797
0.0,0.0,0.0,3.10226202011
0.0,0.0,0.0,3.11899089813
0.0,0.0,0.0,3.13591790199
0.0,0.0,0.0,3.15244293213
0.0,0.0,0.0,3.16914105415
0.0,0.0,0.0,3.18597912788
0.0,0.0,0.0,3.20239400864
0.0,0.0,0.0,3.2189810276
0.0,0.0,0.0,3.23570609093
0.0,0.0,0.0,3.25244903564
0.0,0.0,0.0,3.26953101158
0.0,0.0,0.0,3.28614401817
0.0,0.0,0.0,3.30223798752
0.0,0.0,0.0,3.31875991821
0.0,0.0,0.0,3.3354640007
0.0,0.0,0.0,3.35216808319
0.0,0.0,0.0,3.36884593964
0.0,0.0,0.0,3.3854830265
0.0,0.0,0.0,3.4021589756
0.0,0.0,0.0,3.41881895065
0.0,0.0,0.0,3.43549799919
0.0,0.0,0.0,3.45216798782
0.0,0.0,0.0,3.46888995171
0.0,0.0,0.0,3.48549699783
0.0,0.0,0.0,3.50215792656
0.0,0.0,0.0,3.51888203621
0.0,0.0,0.0,3.53557395935
0.0,0.0,0.0,3.55252099037
0.0,0.0,0.0,3.56938695908
0.0,0.0,0.0,3.58558106422
0.0,0.0,0.0,3.60219597816
0.0,0.0,0.0,3.61880993843
0.0,0.0,0.0,3.63550806046
0.0,0.0,0.0,3.65224409103
0.0,0.0,0.0,3.6689350605
0.0,0.0,0.0,3.68556904793
0.0,0.0,0.0,3.7022600174
0.0,0.0,0.0,3.71890997887
0.0,0.0,0.0,3.73555994034
0.0,0.0,0.0,3.75222206116
0.0,0.0,0.0,3.76939201355
0.0,0.0,0.0,3.78557896614
0.0,0.0,0.0,3.80225992203
0.0,0.0,0.0,3.8188970089
0.0,0.0,0.0,3.83553910255
0.0,0.0,0.0,3.85219693184
0.0,0.0,0.0,3.86889004707
0.0,0.0,0.0,3.88623690605
0.0,0.0,0.0,3.90219402313
0.0,0.0,0.0,3.91882395744
0.0,0.0,0.0,3.9354789257
0.0,0.0,0.0,3.95247507095
0.0,0.0,0.0,3.96909999847
0.0,0.0,0.0,3.98564910889
0.0,0.0,0.0,4.00221705437
0.0,0.0,0.0,4.01894307137
0.0,0.0,0.0,4.0356259346
0.0,0.0,0.0,4.05225110054
0.0,0.0,0.0,4.06908512115
0.0,0.0,0.0,4.08560299873
0.0,0.0,0.0,4.10275292397
0.0,0.0,0.0,4.11919307709
0.0,0.0,0.0,4.13581609726
0.0,0.0,0.0,4.15261292458
0.0,0.0,0.0,4.16916894913
0.0,0.0,0.0,4.18562293053
0.0,0.0,0.0,4.2023730278
0.0,0.0,0.0,4.21897697449
0.0,0.0,0.0,4.23559808731
0.0,0.0,0.0,4.25234103203
0.0,0.0,0.0,4.26907205582
0.0,0.0,0.0,4.28566002846
0.0,0.0,0.0,4.30219912529
0.0,0.0,0.0,4.31888604164
0.0,0.0,0.0,4.33569908142
0.0,0.0,0.0,4.35246992111
0.0,0.0,0.0,4.36947894096
0.0,0.0,0.0,4.38554596901
0.0,0.0,0.0,4.40230298042
0.0,0.0,0.0,4.41904711723
0.0,0.0,0.0,4.43562602997
0.0,0.0,0.0,4.45233201981
0.0,0.0,0.0,4.46905994415
0.0,0.0,0.0,4.48571491241
Values = 0.10382110133,0.0
0.0,0.0,0.0,4.50255608559
0.0,0.0,0.0,4.51900410652
0.0,0.0,0.0,4.53583407402
0.0,0.0,0.0,4.55239796638
0.0,0.0,0.0,4.56913590431
0.0,0.0,0.0,4.58572602272
0.0,0.0,0.0,4.60237407684
0.0,0.0,0.0,4.61920189857
0.0,0.0,0.0,4.63571310043
0.0,0.0,0.0,4.65231990814
0.0,0.0,0.0,4.66916108131
0.0,0.0,0.0,4.68578195572
Values = 0.203405561589,0.0
0.0,0.0,0.0,4.70239901543
0.00294257704751,-3.90312782095e-18,-0.000174532925199,4.71915197372
0.00294257704751,-3.90312782095e-18,-0.000174532925199,4.73580598831
0.00294257704751,-3.90312782095e-18,-0.000174532925199,4.75242400169
0.00844391666123,-9.60164905047e-07,-0.000872664625997,4.76908612251
0.00844391666123,-9.60164905047e-07,-0.000872664625997,4.78586411476
0.00844391666123,-9.60164905047e-07,-0.000872664625997,4.80235600471
0.00844391666123,-9.60164905047e-07,-0.000872664625997,4.81911993027
0.0171437063586,-8.55216555478e-06,-0.00139626340159,4.83577489853
0.0171437063586,-8.55216555478e-06,-0.00139626340159,4.85261511803
0.0171437063586,-8.55216555478e-06,-0.00139626340159,4.86915898323
0.026611118935,-2.17711758334e-05,-0.00174532925199,4.88590693474
0.026611118935,-2.17711758334e-05,-0.00174532925199,4.90237212181
0.0298948593344,-2.75023898279e-05,-0.00226892802759,4.9194560051
0.0298948593344,-2.75023898279e-05,-0.00226892802759,4.93565702438
0.0298948593344,-2.75023898279e-05,-0.00226892802759,4.95233106613
0.038807859623,-4.77253806955e-05,-0.00209439510239,4.9706799984
0.0419636599699,-5.43348831503e-05,-0.00191986217719,4.98600101471
0.0419636599699,-5.43348831503e-05,-0.00191986217719,5.00243091583
0.0419636599699,-5.43348831503e-05,-0.00191986217719,5.0192759037
0.0419636599699,-5.43348831503e-05,-0.00191986217719,5.03574299812
0.0513457723959,-7.23472680697e-05,-0.00209439510239,5.05229711533
0.0513457723959,-7.23472680697e-05,-0.00209439510239,5.06907606125
0.0513457723959,-7.23472680697e-05,-0.00209439510239,5.08577394485
Values = 0.3,0.0021476780501
0.0513457723959,-7.23472680697e-05,-0.00209439510239,5.10259389877
0.0600881922758,-9.06573762215e-05,-0.00209439510239,5.11899805069
0.0600881922758,-9.06573762215e-05,-0.00209439510239,5.13561701775
0.0600881922758,-9.06573762215e-05,-0.00209439510239,5.15237092972
0.0716452448975,-0.000114862446022,-0.00191986217719,5.16900491714
0.0716452448975,-0.000114862446022,-0.00191986217719,5.18584990501
0.0716452448975,-0.000114862446022,-0.00191986217719,5.20242595673
0.0716452448975,-0.000114862446022,-0.00191986217719,5.21893310547
0.0849081401907,-0.00014032540834,-0.00191986217719,5.23559308052
0.0849081401907,-0.00014032540834,-0.00191986217719,5.25230908394
0.0849081401907,-0.00014032540834,-0.00191986217719,5.26922392845
0.0993224765543,-0.000167998981534,-0.0010471975512,5.28565001488
0.0993224765543,-0.000167998981534,-0.0010471975512,5.30223894119
0.0993224765543,-0.000167998981534,-0.0010471975512,5.3190779686
0.0993224765543,-0.000167998981534,-0.0010471975512,5.33558297157
0.113353017392,-0.000182691734912,-0.00139626340159,5.35226202011
0.118214661688,-0.000189479875326,-0.0010471975512,5.36932110786
0.118214661688,-0.000189479875326,-0.0010471975512,5.38608312607
0.118214661688,-0.000189479875326,-0.0010471975512,5.40232396126
0.118214661688,-0.000189479875326,-0.0010471975512,5.41886711121
0.132586370692,-0.000204529899303,-0.000698131700797,5.43562102318
0.13719214234,-0.000207745335019,-0.000698131700797,5.4524230957
0.13719214234,-0.000207745335019,-0.000698131700797,5.46902608871
0.13719214234,-0.000207745335019,-0.000698131700797,5.48563194275
Values = 0.3,0.000898682837728
0.13719214234,-0.000207745335019,-0.000698131700797,5.50238895416
0.151222687451,-0.000217540504932,0.0001745329252,5.51906394958
0.151222687451,-0.000217540504932,0.0001745329252,5.53588199615
0.151222687451,-0.000217540504932,0.0001745329252,5.55234193802
0.165295881812,-0.000215084269129,0.0,5.56918907166
0.165295881812,-0.000215084269129,0.0,5.58576393127
0.165295881812,-0.000215084269129,0.0,5.60246109962
0.165295881812,-0.000215084269129,0.0,5.61913299561
0.179411722431,-0.000215084269129,0.0001745329252,5.63565301895
0.179411722431,-0.000215084269129,0.0001745329252,5.65230298042
0.179411722431,-0.000215084269129,0.0001745329252,5.66916108131
0.19382608514,-0.000212568488215,0.000872664625998,5.68569493294
0.19382608514,-0.000212568488215,0.000872664625998,5.70244503021
0.19382608514,-0.000212568488215,0.000872664625998,5.71908307076
0.19382608514,-0.000212568488215,0.000872664625998,5.73570609093
0.208112504496,-0.000200101232246,0.0010471975512,5.75238895416
0.208112504496,-0.000200101232246,0.0010471975512,5.7690911293
0.208112504496,-0.000200101232246,0.0010471975512,5.78578805923
0.222526859521,-0.000185006549444,0.0012217304764,5.80226111412
0.222526859521,-0.000185006549444,0.0012217304764,5.81911110878
0.227388504928,-0.00017906692613,0.0012217304764,5.8357629776
0.227388504928,-0.00017906692613,0.0012217304764,5.85245299339
0.227388504928,-0.00017906692613,0.0012217304764,5.86915302277
0.241333750963,-0.000162029585571,0.0010471975512,5.88565993309
Values = 0.282309439649,-0.000985792043755
0.24606745927,-0.000157072456012,0.0012217304764,5.902780056
0.24606745927,-0.000157072456012,0.0012217304764,5.91900897026
0.24606745927,-0.000157072456012,0.0012217304764,5.93569207191
0.24606745927,-0.000157072456012,0.0012217304764,5.95246005058
0.260353873403,-0.000139618299782,0.0015707963268,5.96903705597
0.260353873403,-0.000139618299782,0.0015707963268,5.98582601547
0.260353873403,-0.000139618299782,0.0015707963268,6.00238609314
0.260353873403,-0.000139618299782,0.0015707963268,6.01907896996
0.273957944709,-0.00011824905697,0.00191986217719,6.03567695618
0.278734292853,-0.000109079115557,0.00174532925199,6.05244708061
0.278734292853,-0.000109079115557,0.00174532925199,6.06908392906
0.278734292853,-0.000109079115557,0.00174532925199,6.08590197563
Values = 0.264049687865,-0.00165984128515
0.278734292853,-0.000109079115557,0.00174532925199,6.1024889946
0.292423652181,-8.51866520212e-05,0.00191986217719,6.11897993088
0.292423652181,-8.51866520212e-05,0.00191986217719,6.13617110252
0.292423652181,-8.51866520212e-05,0.00191986217719,6.15287208557
0.305388025715,-6.02968110417e-05,0.00226892802759,6.16906499863
0.305388025715,-6.02968110417e-05,0.00226892802759,6.18571305275
0.305388025715,-6.02968110417e-05,0.00226892802759,6.20245409012
0.305388025715,-6.02968110417e-05,0.00226892802759,6.2190759182
0.318352389771,-3.08815515979e-05,0.00226892802759,6.23571109772
0.318352389771,-3.08815515979e-05,0.00226892802759,6.2524189949
0.318352389771,-3.08815515979e-05,0.00226892802759,6.26918411255
0.331018232286,-2.1436172071e-06,0.00226892802759,6.28575992584
Values = 0.250010217832,-0.00222955760904
0.331018232286,-2.1436172071e-06,0.00226892802759,6.30251502991
0.331018232286,-2.1436172071e-06,0.00226892802759,6.31903100014
0.331018232286,-2.1436172071e-06,0.00226892802759,6.33575797081
0.343598782933,2.640079574e-05,0.00244346095279,6.35281300545
0.347991312369,3.71337912622e-05,0.00261799387799,6.36921906471
0.347991312369,3.71337912622e-05,0.00261799387799,6.38563799858
0.347991312369,3.71337912622e-05,0.00261799387799,6.40245890617
0.347991312369,3.71337912622e-05,0.00261799387799,6.41916513443
0.360315976897,6.9399761261e-05,0.00261799387799,6.43568706512
0.360315976897,6.9399761261e-05,0.00261799387799,6.45249199867
0.360315976897,6.9399761261e-05,0.00261799387799,6.46919202805
0.372896516814,0.00010233561299,0.00296705972839,6.48573303223
0.372896516814,0.00010233561299,0.00296705972839,6.50224804878
0.372896516814,0.00010233561299,0.00296705972839,6.51898813248
0.372896516814,0.00010233561299,0.00296705972839,6.53578996658
0.384794710763,0.000137638368694,0.00296705972839,6.55229210854
0.384794710763,0.000137638368694,0.00296705972839,6.56924295425
0.384794710763,0.000137638368694,0.00296705972839,6.58566308022
0.396948779852,0.000173700323446,0.00296705972839,6.60229802132
0.396948779852,0.000173700323446,0.00296705972839,6.61890697479
0.396948779852,0.000173700323446,0.00296705972839,6.63574790955
0.396948779852,0.000173700323446,0.00296705972839,6.65247607231
0.408932265515,0.000209256145499,0.00314159265359,6.66889405251
0.413068911385,0.000222251844531,0.00314159265359,6.68570995331
0.413068911385,0.000222251844531,0.00314159265359,6.70238900185
0.413068911385,0.000222251844531,0.00314159265359,6.71976590157
0.413068911385,0.000222251844531,0.00314159265359,6.73567605019
0.425393557329,0.000260970989069,0.00296705972839,6.75330901146
0.425393557329,0.000260970989069,0.00296705972839,6.7691180706
0.425393557329,0.000260970989069,0.00296705972839,6.79232192039
0.437632918131,0.000297286010169,0.00331612557879,6.80215501785
0.437632918131,0.000297286010169,0.00331612557879,6.81900191307
0.441897499099,0.00031142794804,0.00366519142919,6.8359401226
0.441897499099,0.00031142794804,0.00366519142919,6.8525891304
0.441897499099,0.00031142794804,0.00366519142919,6.86925411224
0.453966248534,0.000355662423107,0.00349065850399,6.88565993309
Values = 0.207241399042,-0.00426168476509
0.458145535401,0.000370250945601,0.00366519142919,6.90247011185
0.458145535401,0.000370250945601,0.00366519142919,6.91922307014
0.458145535401,0.000370250945601,0.00366519142919,6.93580102921
0.458145535401,0.000370250945601,0.00366519142919,6.95230603218
0.469915764532,0.000413391281709,0.00401425727959,6.96929693222
0.469915764532,0.000413391281709,0.00401425727959,6.9857199192
0.469915764532,0.000413391281709,0.00401425727959,7.00236797333
0.469915764532,0.000413391281709,0.00401425727959,7.01905107498
0.479894858464,0.000453450147341,0.00436332312999,7.0356631279
0.479894858464,0.000453450147341,0.00436332312999,7.0522711277
0.479894858464,0.000453450147341,0.00436332312999,7.06905007362
0.490940078759,0.000501644318383,0.00436332312999,7.08565497398
0.490940078759,0.000501644318383,0.00436332312999,7.10229110718
0.490940078759,0.000501644318383,0.00436332312999,7.11907196045
0.490940078759,0.000501644318383,0.00436332312999,7.13573598862
0.500663284271,0.00054407007513,0.00558505360638,7.15231394768
0.500663284271,0.00054407007513,0.00558505360638,7.16914701462
0.500663284271,0.00054407007513,0.00558505360638,7.18574094772
0.511026111378,0.000601947621829,0.00523598775598,7.20227503777
0.511026111378,0.000601947621829,0.00523598775598,7.2191529274
0.511026111378,0.000601947621829,0.00523598775598,7.2357199192
0.511026111378,0.000601947621829,0.00523598775598,7.25232696533
0.52109043984,0.000654644804004,0.00541052068118,7.26912593842
0.524672655117,0.000674026642971,0.00558505360638,7.28564405441
Values = 0.182182604558,-0.00656671444828
0.524672655117,0.000674026642971,0.00558505360638,7.30232310295
0.524672655117,0.000674026642971,0.00558505360638,7.31904292107
0.535120772983,0.000732380548079,0.00558505360638,7.33608293533
0.535120772983,0.000732380548079,0.00558505360638,7.35239100456
0.538575048685,0.000751673063645,0.00575958653158,7.36915302277
0.538575048685,0.000751673063645,0.00575958653158,7.38573503494
0.538575048685,0.000751673063645,0.00575958653158,7.40238904953
0.54791437745,0.000805464330614,0.00593411945678,7.4188990593
0.54791437745,0.000805464330614,0.00593411945678,7.43553709984
0.54791437745,0.000805464330614,0.00593411945678,7.45233011246
0.54791437745,0.000805464330614,0.00593411945678,7.46896100044
0.55746692315,0.000862150943301,0.00593411945678,7.48563098907
Values = 0.170155659052,-0.00772860132007
0.55746692315,0.000862150943301,0.00593411945678,7.50242805481
0.55746692315,0.000862150943301,0.00593411945678,7.51924610138
0.55746692315,0.000862150943301,0.00593411945678,7.53572511673
0.566550370624,0.0009160538384,0.00593411945678,7.55236506462
0.566550370624,0.0009160538384,0.00593411945678,7.56896495819
0.566550370624,0.0009160538384,0.00593411945678,7.58542609215
0.575377946338,0.000968438342088,0.00628318530718,7.60243701935
0.575377946338,0.000968438342088,0.00628318530718,7.61924695969
0.575377946338,0.000968438342088,0.00628318530718,7.63575291634
0.575377946338,0.000968438342088,0.00628318530718,7.65236091614
0.583821696407,0.00102149268663,0.00628318530718,7.66901302338
0.583821696407,0.00102149268663,0.00628318530718,7.68571805954
0.583821696407,0.00102149268663,0.00628318530718,7.70244693756
0.592777188905,0.00107776244599,0.00645771823238,7.71905994415
0.592777188905,0.00107776244599,0.00645771823238,7.73572802544
0.595549123977,0.00109566307048,0.00628318530718,7.75297808647
0.595549123977,0.00109566307048,0.00628318530718,7.76905202866
0.595549123977,0.00109566307048,0.00628318530718,7.78583812714
0.604035519249,0.00114898536626,0.00610865238198,7.80249094963
0.604035519249,0.00114898536626,0.00610865238198,7.81885194778
0.604035519249,0.00114898536626,0.00610865238198,7.83567905426
0.604035519249,0.00114898536626,0.00610865238198,7.85244393349
0.612436633201,0.00120030548936,0.00663225115758,7.86903095245
0.612436633201,0.00120030548936,0.00663225115758,7.88591504097
0.612436633201,0.00120030548936,0.00663225115758,7.90238404274
0.621264170192,0.00125885279023,0.00680678408278,7.91904211044
0.621264170192,0.00125885279023,0.00680678408278,7.93576693535
0.621264170192,0.00125885279023,0.00680678408278,7.95227313042
0.621264170192,0.00125885279023,0.00680678408278,7.96906590462
0.629750536381,0.00131661854467,0.00680678408278,7.98562312126
0.629750536381,0.00131661854467,0.00680678408278,8.00247001648
0.629750536381,0.00131661854467,0.00680678408278,8.01907706261
0.629750536381,0.00131661854467,0.00680678408278,8.03578805923
0.638620708076,0.00137699682066,0.00733038285838,8.05239009857
0.638620708076,0.00137699682066,0.00733038285838,8.06909704208
0.638620708076,0.00137699682066,0.00733038285838,8.08591890335
0.646936463262,0.0014379555818,0.00733038285838,8.10236692429
0.646936463262,0.0014379555818,0.00733038285838,8.11904811859
0.646936463262,0.0014379555818,0.00733038285838,8.13566994667
0.646936463262,0.0014379555818,0.00733038285838,8.15256595612
0.655934536823,0.00150391608744,0.00750491578358,8.16892194748
0.658706451629,0.0015247194652,0.00767944870878,8.18569803238
0.658706451629,0.0015247194652,0.00767944870878,8.20252490044
0.658706451629,0.0015247194652,0.00767944870878,8.21907496452
0.667320698537,0.00159087343295,0.00785398163398,8.23638391495
0.667320698537,0.00159087343295,0.00785398163398,8.25240111351
0.667320698537,0.00159087343295,0.00785398163398,8.26911902428
0.667320698537,0.00159087343295,0.00785398163398,8.28584599495
Values = 0.128065086613,-0.0127090254348
0.671201368863,0.00162135277313,0.00785398163398,8.3023660183
0.671073434677,0.00162034795972,0.00767944870878,8.31914496422
0.671073434677,0.00162034795972,0.00767944870878,8.33609604836
0.671073434677,0.00162034795972,0.00767944870878,8.35240101814
0.671073434677,0.00162034795972,0.00767944870878,8.36903309822
0.67755544225,0.00167012718297,0.00802851455917,8.3858230114
0.678408335646,0.00167697479714,0.00802851455917,8.40228509903
0.678408335646,0.00167697479714,0.00802851455917,8.41903996468
0.678408335646,0.00167697479714,0.00802851455917,8.43576407433
0.678408335646,0.00167697479714,0.00802851455917,8.45251703262
0.682033132575,0.00170607715735,0.00855211333477,8.46904802322
0.682033132575,0.00170607715735,0.00855211333477,8.48584794998
Values = 0.124201189808,-0.0134534368511
0.682033132575,0.00170607715735,0.00855211333477,8.50214195251
0.687278404185,0.00175093640829,0.00802851455917,8.51901197433
0.687278404185,0.00175093640829,0.00802851455917,8.53573703766
0.687278404185,0.00175093640829,0.00802851455917,8.55264806747
0.687278404185,0.00175093640829,0.00802851455917,8.56904411316
0.692779566584,0.00179510351966,0.00767944870878,8.58638095856
0.694613292411,0.00180918579992,0.00785398163398,8.60237407684
0.694613292411,0.00180918579992,0.00785398163398,8.61909794807
0.694613292411,0.00180918579992,0.00785398163398,8.6356780529
0.694613292411,0.00180918579992,0.00785398163398,8.65260601044
0.699773304603,0.00184971327423,0.00820304748437,8.66902899742
0.699773304603,0.00184971327423,0.00820304748437,8.68576407433
0.699773304603,0.00184971327423,0.00820304748437,8.70253396034
0.704677434678,0.00188994298846,0.00872664625997,8.71905398369
0.704677434678,0.00188994298846,0.00872664625997,8.73582410812
0.704677434678,0.00188994298846,0.00872664625997,8.75259494781
0.704677434678,0.00188994298846,0.00872664625997,8.76924610138
0.709538898596,0.00193236834134,0.00837758040957,8.78589296341
0.711116746859,0.00194558720129,0.00820304748437,8.8024020195
0.711116746859,0.00194558720129,0.00820304748437,8.81912302971
0.711116746859,0.00194558720129,0.00820304748437,8.83563303947
0.716362033809,0.00198861550434,0.00855211333477,8.85228991508
0.716362033809,0.00198861550434,0.00855211333477,8.86908698082
0.71802516871,0.00200283916927,0.00855211333477,8.88567304611
0.71802516871,0.00200283916927,0.00855211333477,8.9025490284
0.71802516871,0.00200283916927,0.00855211333477,8.91907906532
0.723185151351,0.0020469690015,0.00890117918517,8.93579697609
0.723185151351,0.0020469690015,0.00890117918517,8.95244598389
0.723185151351,0.0020469690015,0.00890117918517,8.96913909912
0.723185151351,0.0020469690015,0.00890117918517,8.98575305939
0.728387762629,0.00209327959979,0.00872664625997,9.00268602371
0.728387762629,0.00209327959979,0.00872664625997,9.01922297478
0.728387762629,0.00209327959979,0.00872664625997,9.03577899933
0.728387762629,0.00209327959979,0.00872664625997,9.05292510986
0.73363302633,0.00213905432264,0.00890117918517,9.06910705566
0.73363302633,0.00213905432264,0.00890117918517,9.08550310135
Values = 0.106568455512,-0.0166007420325
0.73363302633,0.00213905432264,0.00890117918517,9.10212206841
0.738750348898,0.0021846057308,0.00872664625997,9.118942976
0.738750348898,0.0021846057308,0.00872664625997,9.13546991348
0.738750348898,0.0021846057308,0.00872664625997,9.15220808983
0.738750348898,0.0021846057308,0.00872664625997,9.16884112358
0.743697101657,0.00222777538812,0.00872664625997,9.18555593491
0.745147011949,0.00224042856355,0.00837758040957,9.20226693153
0.745147011949,0.00224042856355,0.00837758040957,9.21891093254
0.745147011949,0.00224042856355,0.00837758040957,9.23554897308
0.749965845832,0.00228079967636,0.00872664625997,9.25229501724
0.749965845832,0.00228079967636,0.00872664625997,9.26912999153
0.751586333805,0.00229494146065,0.00855211333477,9.28585791588
Values = 0.0997370753736,-0.0177979353
0.751586333805,0.00229494146065,0.00855211333477,9.30240797997
0.751586333805,0.00229494146065,0.00855211333477,9.31928801537
0.756021360208,0.00233287123381,0.00837758040957,9.33580303192
0.756021360208,0.00233287123381,0.00837758040957,9.35238409042
0.756021360208,0.00233287123381,0.00837758040957,9.36905312538
0.756021360208,0.00233287123381,0.00837758040957,9.38565397263
0.760200525877,0.00236788334934,0.00820304748437,9.40228891373
0.760200525877,0.00236788334934,0.00820304748437,9.41906189919
0.760200525877,0.00236788334934,0.00820304748437,9.43581199646
0.764294408374,0.00240146641514,0.00785398163398,9.45267295837
0.764294408374,0.00240146641514,0.00785398163398,9.46920704842
0.764294408374,0.00240146641514,0.00785398163398,9.48571300507
Values = 0.0947063883422,-0.0180749551755
0.764294408374,0.00240146641514,0.00785398163398,9.50282692909
0.768345657616,0.00243328550653,0.00802851455917,9.5192630291
0.768345657616,0.00243328550653,0.00802851455917,9.53578209877
0.768345657616,0.00243328550653,0.00802851455917,9.55245900154
0.768345657616,0.00243328550653,0.00802851455917,9.56918311119
0.772311611903,0.00246512691241,0.00802851455917,9.5856859684
0.772311611903,0.00246512691241,0.00802851455917,9.60234212875
0.772311611903,0.00246512691241,0.00802851455917,9.61909508705
0.77636285553,0.0024976530797,0.00802851455917,9.63586091995
0.777727484962,0.00250860926236,0.00785398163398,9.65241312981
0.777727484962,0.00250860926236,0.00785398163398,9.66904807091
0.777727484962,0.00250860926236,0.00785398163398,9.68570399284
Values = 0.0896912904914,-0.0192221977642
0.777727484962,0.00250860926236,0.00785398163398,9.70243597031
0.781736089475,0.00254009341596,0.00785398163398,9.71902990341
0.783100720799,0.00255081142569,0.00767944870878,9.73569512367
0.783100720799,0.00255081142569,0.00767944870878,9.75243091583
0.783100720799,0.00255081142569,0.00767944870878,9.76913499832
0.783100720799,0.00255081142569,0.00767944870878,9.78555607796
0.786682882879,0.00257832099644,0.00785398163398,9.80245113373
0.786682882879,0.00257832099644,0.00785398163398,9.81909203529
0.786682882879,0.00257832099644,0.00785398163398,9.83570790291
0.790478263748,0.00260813046101,0.00750491578358,9.85225200653
0.790478263748,0.00260813046101,0.00750491578358,9.86915898323
0.790478263748,0.00260813046101,0.00750491578358,9.88569998741
0.790478263748,0.00260813046101,0.00750491578358,9.90237402916
0.794188365105,0.00263597498201,0.00767944870878,9.91894698143
0.794188365105,0.00263597498201,0.00767944870878,9.93568491936
0.794188365105,0.00263597498201,0.00767944870878,9.95229792595
0.794188365105,0.00263597498201,0.00767944870878,9.96903896332
0.797642592825,0.00266250206809,0.00750491578358,9.98562312126
0.797642592825,0.00266250206809,0.00750491578358,10.0027461052
0.797642592825,0.00266250206809,0.00750491578358,10.0191650391
0.801395339025,0.00269066664105,0.00715584993318,10.0355949402
0.802632042642,0.0026995164576,0.00750491578358,10.052339077
0.802632042642,0.0026995164576,0.00750491578358,10.0690279007
0.802632042642,0.0026995164576,0.00750491578358,10.0859351158
Values = 0.0809828027977,-0.0211712939674
0.802632042642,0.0026995164576,0.00750491578358,10.1024520397
0.8066406579,0.00272960134236,0.00733038285838,10.1191279888
0.8066406579,0.00272960134236,0.00733038285838,10.1356830597
0.8066406579,0.00272960134236,0.00733038285838,10.1523489952
0.810265474264,0.00275617311004,0.00733038285838,10.169148922
0.810265474264,0.00275617311004,0.00733038285838,10.1858448982
0.811331596723,0.00276398833582,0.00750491578358,10.2022941113
0.811331596723,0.00276398833582,0.00750491578358,10.2190899849
0.811331596723,0.00276398833582,0.00750491578358,10.2358751297
0.814785829021,0.00278991254503,0.00715584993318,10.2526590824
0.814785829021,0.00278991254503,0.00715584993318,10.2691540718
Values = 0.0769822705517,-0.0222530938893
0.814785829021,0.00278991254503,0.00715584993318,10.2869210243
0.814785829021,0.00278991254503,0.00715584993318,10.3024160862
0.817941555491,0.00281249483554,0.00680678408278,10.319411993
0.817941555491,0.00281249483554,0.00680678408278,10.3358209133
0.817941555491,0.00281249483554,0.00680678408278,10.3524141312
0.817941555491,0.00281249483554,0.00680678408278,10.3690679073
0.82122522482,0.00283484640886,0.00715584993318,10.3857269287
0.82122522482,0.00283484640886,0.00715584993318,10.402449131
0.82122522482,0.00283484640886,0.00715584993318,10.4189729691
0.8245515311,0.00285864936372,0.00715584993318,10.4357330799
0.8245515311,0.00285864936372,0.00715584993318,10.452340126
0.8245515311,0.00285864936372,0.00715584993318,10.4690270424
0.8245515311,0.00285864936372,0.00715584993318,10.4862480164
0.828005772236,0.00288336781684,0.00715584993318,10.5024080276
0.828005772236,0.00288336781684,0.00715584993318,10.5191299915
0.828005772236,0.00288336781684,0.00715584993318,10.5356869698
0.831332078516,0.00290717077169,0.00715584993318,10.5524909496
0.831332078516,0.00290717077169,0.00715584993318,10.5691680908
0.831332078516,0.00290717077169,0.00715584993318,10.5856900215
0.831332078516,0.00290717077169,0.00715584993318,10.6023440361
0.834445160034,0.00292944789611,0.00680678408278,10.6190290451
0.834445160034,0.00292944789611,0.00680678408278,10.6356790066
0.835468641383,0.00293641462026,0.00680678408278,10.6523010731
0.835468641383,0.00293641462026,0.00680678408278,10.6690659523
0.835468641383,0.00293641462026,0.00680678408278,10.6858189106
0.838624375544,0.00295789535307,0.00680678408278,10.7022221088
0.838624375544,0.00295789535307,0.00680678408278,10.7192370892
0.838624375544,0.00295789535307,0.00680678408278,10.7356231213
0.841950689929,0.00298053720656,0.00680678408278,10.7523210049
0.841950689929,0.00298053720656,0.00680678408278,10.7690711021
0.841950689929,0.00298053720656,0.00680678408278,10.7856199741
0.841950689929,0.00298053720656,0.00680678408278,10.8022940159
0.845362294427,0.00300375962041,0.00680678408278,10.8188960552
0.845362294427,0.00300375962041,0.00680678408278,10.8357579708
0.845362294427,0.00300375962041,0.00680678408278,10.8523011208
0.848773898926,0.00302698203425,0.00698131700798,10.8691689968
0.848773898926,0.00302698203425,0.00698131700798,10.8857729435
0.848773898926,0.00302698203425,0.00698131700798,10.9023859501
0.848773898926,0.00302698203425,0.00698131700798,10.9190399647
0.852100209309,0.00305020443878,0.00698131700798,10.9357330799
0.852100209309,0.00305020443878,0.00698131700798,10.9524509907
0.853208979436,0.00305794524029,0.00698131700798,10.9696481228
0.853208979436,0.00305794524029,0.00698131700798,10.9856281281
0.853208979436,0.00305794524029,0.00698131700798,11.0023319721
0.856492644815,0.00308086992169,0.00680678408278,11.0192260742
0.856492644815,0.00308086992169,0.00680678408278,11.0355679989
0.856492644815,0.00308086992169,0.00680678408278,11.0530920029
0.858155802008,0.00309219084844,0.00680678408278,11.0691111088
0.858155802008,0.00309219084844,0.00680678408278,11.085668087
Values = 0.0620469159787,-0.0284452217235
0.858155802008,0.00309219084844,0.00680678408278,11.1023039818
0.858155802008,0.00309219084844,0.00680678408278,11.1190531254
0.858624897626,0.00309538393034,0.00715584993318,11.1357300282
0.858624897626,0.00309538393034,0.00715584993318,11.1524610519
0.858624897626,0.00309538393034,0.00715584993318,11.1691160202
0.859563086577,0.00310209758428,0.00680678408278,11.1856319904
0.859563086577,0.00310209758428,0.00680678408278,11.2026910782
0.859563086577,0.00310209758428,0.00680678408278,11.219025135
0.860117472308,0.00310587122653,0.00698131700798,11.2361299992
0.860117472308,0.00310587122653,0.00698131700798,11.2523140907
0.860117472308,0.00310587122653,0.00698131700798,11.269192934
0.861311532445,0.00311420747431,0.00663225115758,11.285654068
0.861311532445,0.00311420747431,0.00663225115758,11.3022789955
0.861311532445,0.00311420747431,0.00663225115758,11.3190119267
0.863486432863,0.00312863217162,0.00663225115758,11.3356859684
0.863486432863,0.00312863217162,0.00663225115758,11.3523080349
0.863486432863,0.00312863217162,0.00663225115758,11.3690559864
0.863486432863,0.00312863217162,0.00663225115758,11.3856809139
0.865490752857,0.00314192552013,0.00698131700798,11.4023339748
0.865490752857,0.00314192552013,0.00698131700798,11.4189920425
0.865490752857,0.00314192552013,0.00698131700798,11.4358849525
0.867409778078,0.0031553230612,0.00680678408278,11.4523649216
0.867409778078,0.0031553230612,0.00680678408278,11.4690201283
0.867409778078,0.0031553230612,0.00680678408278,11.4855949879
Values = 0.0583408271502,-0.0306307059915
0.867409778078,0.0031553230612,0.00680678408278,11.5022480488
0.869286160552,0.00316809538882,0.00663225115758,11.5196280479
0.869286160552,0.00316809538882,0.00663225115758,11.5357000828
0.870011127358,0.00317290362126,0.00663225115758,11.5523529053
0.870011127358,0.00317290362126,0.00663225115758,11.5691781044
0.870011127358,0.00317290362126,0.00663225115758,11.5856740475
0.871759576714,0.00318449994655,0.00663225115758,11.6023390293
0.871759576714,0.00318449994655,0.00663225115758,11.6193330288
0.872356608201,0.00318845966738,0.00663225115758,11.6356630325
0.872356608201,0.00318845966738,0.00663225115758,11.6524140835
0.872356608201,0.00318845966738,0.00663225115758,11.6690881252
0.874147702663,0.00320033882988,0.00680678408278,11.6857879162
0.874147702663,0.00320033882988,0.00680678408278,11.7023289204
0.874147702663,0.00320033882988,0.00680678408278,11.7190220356
0.875981440081,0.00321282087732,0.00680678408278,11.7357199192
0.875981440081,0.00321282087732,0.00680678408278,11.7523679733
0.875981440081,0.00321282087732,0.00680678408278,11.7691879272
0.878028402779,0.00322675432562,0.00680678408278,11.7857429981
0.878028402779,0.00322675432562,0.00680678408278,11.8022990227
0.878028402779,0.00322675432562,0.00680678408278,11.8190009594
0.878753368735,0.00323168908857,0.00663225115758,11.835709095
0.878753368735,0.00323168908857,0.00663225115758,11.8523480892
0.878753368735,0.00323168908857,0.00663225115758,11.8691589832
0.880672398516,0.00324441676267,0.00663225115758,11.885710001
0.880672398516,0.00324441676267,0.00663225115758,11.9023709297
0.880672398516,0.00324441676267,0.00663225115758,11.9191479683
0.882548783191,0.00325686159957,0.00663225115758,11.9357550144
0.882548783191,0.00325686159957,0.00663225115758,11.9524021149
0.882548783191,0.00325686159957,0.00663225115758,11.969178915
0.88425458744,0.00326817508766,0.00645771823238,11.9855980873
0.88425458744,0.00326817508766,0.00645771823238,12.0023610592
0.88425458744,0.00326817508766,0.00645771823238,12.0192039013
0.88485161961,0.00327203060678,0.00663225115758,12.0357120037
0.88485161961,0.00327203060678,0.00663225115758,12.0525829792
0.88485161961,0.00327203060678,0.00663225115758,12.0693590641
0.886685359178,0.00328419260648,0.00645771823238,12.0863130093
Values = 0.0522953765858,-0.0351811589685
0.886685359178,0.00328419260648,0.00645771823238,12.1022729874
0.887367681657,0.00328859891404,0.00645771823238,12.1190259457
0.887367681657,0.00328859891404,0.00645771823238,12.1357281208
0.887367681657,0.00328859891404,0.00645771823238,12.1524391174
0.889414649095,0.00330181783674,0.00645771823238,12.1690831184
0.889414649095,0.00330181783674,0.00645771823238,12.1856589317
0.891333681068,0.00331421057677,0.00645771823238,12.2027380466
0.891333681068,0.00331421057677,0.00645771823238,12.2194030285
0.891333681068,0.00331421057677,0.00645771823238,12.2358849049
0.891973358392,0.00331834149011,0.00645771823238,12.252352953
0.891973358392,0.00331834149011,0.00645771823238,12.2691059113
0.891973358392,0.00331834149011,0.00645771823238,12.2856380939
0.893807100055,0.00333018344169,0.00645771823238,12.3025040627
0.893807100055,0.00333018344169,0.00645771823238,12.3190770149
0.893807100055,0.00333018344169,0.00645771823238,12.3357100487
0.895555551408,0.00334147460483,0.00645771823238,12.352670908
0.895555551408,0.00334147460483,0.00645771823238,12.3690869808
0.895555551408,0.00334147460483,0.00645771823238,12.3856320381
0.897431938226,0.00335359195064,0.00645771823238,12.4022569656
0.897431938226,0.00335359195064,0.00645771823238,12.4190869331
0.897431938226,0.00335359195064,0.00645771823238,12.4358360767
0.897986325241,0.00335717207553,0.00645771823238,12.4523711205
0.897986325241,0.00335717207553,0.00645771823238,12.4690430164
0.899606841129,0.003367637056,0.00645771823238,12.4855959415
0.899606841129,0.003367637056,0.00645771823238,12.5033869743
0.899606841129,0.003367637056,0.00645771823238,12.5190761089
0.900203873298,0.00337149257512,0.00645771823238,12.5356860161
0.900203873298,0.00337149257512,0.00645771823238,12.5527639389
0.900203873298,0.00337149257512,0.00645771823238,12.5691931248
0.901909679497,0.00338250834404,0.00645771823238,12.5856881142
0.901909679497,0.00338250834404,0.00645771823238,12.6025919914
0.901909679497,0.00338250834404,0.00645771823238,12.6190710068
0.90374342116,0.00339435029562,0.00663225115758,12.6357381344
0.90374342116,0.00339435029562,0.00663225115758,12.6524779797
0.90374342116,0.00339435029562,0.00663225115758,12.6692459583
0.905705096047,0.00340736080692,0.00663225115758,12.6856350899
Values = 0.0456351627716,-0.0420943087489
0.905705096047,0.00340736080692,0.00663225115758,12.7024140358
0.905705096047,0.00340736080692,0.00663225115758,12.7190980911
0.905705096047,0.00340736080692,0.00663225115758,12.735888958
0.907581480721,0.00341980564382,0.00663225115758,12.7524130344
0.907581480721,0.00341980564382,0.00663225115758,12.7691390514
0.907581480721,0.00341980564382,0.00663225115758,12.7857680321
0.909031414333,0.0034294221087,0.00645771823238,12.8023440838
0.909031414333,0.0034294221087,0.00645771823238,12.8191969395
0.909031414333,0.0034294221087,0.00645771823238,12.8358108997
0.909457865883,0.00343217605093,0.00645771823238,12.8531141281
0.909457865883,0.00343217605093,0.00645771823238,12.8690459728
0.910907801151,0.00344153945451,0.00645771823238,12.8858020306
Values = 0.0437407351597,-0.0444110591003
0.910907801151,0.00344153945451,0.00645771823238,12.9024550915
0.910907801151,0.00344153945451,0.00645771823238,12.9189460278
0.911334252701,0.00344429339673,0.00645771823238,12.9357891083
0.911334252701,0.00344429339673,0.00645771823238,12.9523220062
0.911334252701,0.00344429339673,0.00645771823238,12.9691550732
0.91269889766,0.00345310601187,0.00645771823238,12.9856550694
0.91269889766,0.00345310601187,0.00645771823238,13.0023880005
0.91269889766,0.00345310601187,0.00645771823238,13.0190749168
0.914191478083,0.00346274480967,0.00663225115758,13.0358040333
0.914191478083,0.00346274480967,0.00663225115758,13.0523879528
0.914191478083,0.00346274480967,0.00663225115758,13.0693061352
0.915684056801,0.00347264411175,0.00645771823238,13.0856070518
0.915684056801,0.00347264411175,0.00645771823238,13.1024301052
0.915684056801,0.00347264411175,0.00645771823238,13.1189799309
0.915684056801,0.00347264411175,0.00645771823238,13.1357419491
0.917091346915,0.0034817321211,0.00628318530718,13.1523411274
0.917091346915,0.0034817321211,0.00628318530718,13.1691429615
0.917091346915,0.0034817321211,0.00628318530718,13.1857719421
0.918455993391,0.00349030656062,0.00645771823238,13.2024159431
0.918455993391,0.00349030656062,0.00645771823238,13.2191069126
0.918455993391,0.00349030656062,0.00645771823238,13.2357721329
0.918455993391,0.00349030656062,0.00645771823238,13.2523980141
0.919948573814,0.00349994535842,0.00628318530718,13.2690269947
0.919948573814,0.00349994535842,0.00628318530718,13.2857489586
0.920502961445,0.00350342872448,0.00628318530718,13.302341938
0.920502961445,0.00350342872448,0.00628318530718,13.3190550804
0.920502961445,0.00350342872448,0.00628318530718,13.3358519077
0.921952898325,0.00351253906647,0.00610865238198,13.3524050713
0.921952898325,0.00351253906647,0.00610865238198,13.3691680431
0.921952898325,0.00351253906647,0.00610865238198,13.3856220245
0.922464641307,0.00351566516534,0.00610865238198,13.4024870396
0.922464641307,0.00351566516534,0.00610865238198,13.4190020561
0.923957225004,0.00352478295371,0.00610865238198,13.4356439114
0.923957225004,0.00352478295371,0.00610865238198,13.4523780346
0.923957225004,0.00352478295371,0.00610865238198,13.4692890644
0.925577744447,0.00353468226679,0.00610865238198,13.4857149124
0.925577744447,0.00353468226679,0.00610865238198,13.5023829937
0.925577744447,0.00353468226679,0.00610865238198,13.5190079212
0.925577744447,0.00353468226679,0.00610865238198,13.5357100964
0.927155618641,0.00354432107164,0.00610865238198,13.5522761345
0.927155618641,0.00354432107164,0.00610865238198,13.5691740513
0.927155618641,0.00354432107164,0.00610865238198,13.5856449604
0.92886142858,0.0035547414012,0.00628318530718,13.6023139954
0.92886142858,0.0035547414012,0.00628318530718,13.6189899445
0.92886142858,0.0035547414012,0.00628318530718,13.6367599964
0.92886142858,0.0035547414012,0.00628318530718,13.6523740292
0.929671687425,0.00355983247467,0.00610865238198,13.6691911221
0.929671687425,0.00355983247467,0.00610865238198,13.6857070923
Values = 0.0368586989987,-0.0564189512802
0.929671687425,0.00355983247467,0.00610865238198,13.7023189068
0.929671687425,0.00355983247467,0.00610865238198,13.7190179825
0.929671687425,0.00355983247467,0.00610865238198,13.7357959747
0.929671687425,0.00355983247467,0.00575958653158,13.7523229122
0.929671687425,0.00355983247467,0.00575958653158,13.7690958977
0.929671687425,0.00355983247467,0.00575958653158,13.7856309414
0.929927559446,0.00356130620801,0.00593411945678,13.8023791313
0.929927559446,0.00356130620801,0.00593411945678,13.8191161156
0.929927559446,0.00356130620801,0.00593411945678,13.8358900547
0.930183431206,0.00356282459942,0.00593411945678,13.8524849415
0.930183431206,0.00356282459942,0.00593411945678,13.869040966
0.930951046486,0.00356737977366,0.00558505360638,13.885643959
0.930951046486,0.00356737977366,0.00558505360638,13.9023621082
0.930951046486,0.00356737977366,0.00558505360638,13.9190659523
0.930951046486,0.00356737977366,0.00558505360638,13.9357569218
0.931889244825,0.00357261971616,0.00558505360638,13.9522740841
0.931889244825,0.00357261971616,0.00558505360638,13.9690630436
0.931889244825,0.00357261971616,0.00558505360638,13.9856159687
0.932443634752,0.00357571604582,0.00593411945678,14.0022919178
0.932443634752,0.00357571604582,0.00593411945678,14.0191249847
0.932443634752,0.00357571604582,0.00593411945678,14.0356669426
0.932443634752,0.00357571604582,0.00593411945678,14.0523610115
0.933168604738,0.00358001815481,0.00575958653158,14.0690760612
0.933168604738,0.00358001815481,0.00575958653158,14.085670948
Values = 0.035607461006,-0.0590328509792
0.933168604738,0.00358001815481,0.00575958653158,14.1024210453
0.933808284791,0.00358370248817,0.00575958653158,14.1189110279
0.933808284791,0.00358370248817,0.00575958653158,14.1356999874
0.933808284791,0.00358370248817,0.00575958653158,14.152312994
0.933808284791,0.00358370248817,0.00575958653158,14.169011116
0.93449061018,0.00358763244375,0.00558505360638,14.18572402
0.93449061018,0.00358763244375,0.00558505360638,14.2024071217
0.93449061018,0.00358763244375,0.00558505360638,14.2190449238
0.935087645487,0.00359096695261,0.00558505360638,14.2356619835
0.935087645487,0.00359096695261,0.00558505360638,14.2522959709
0.935087645487,0.00359096695261,0.00558505360638,14.2690041065
0.935258227003,0.00359191966943,0.00558505360638,14.2856760025
Values = 0.0347296267615,-0.0610144606583
0.935258227003,0.00359191966943,0.00558505360638,14.3023030758
0.935258227003,0.00359191966943,0.00558505360638,14.3190379143
0.935727326172,0.00359453964068,0.00558505360638,14.3356280327
0.935727326172,0.00359453964068,0.00558505360638,14.3524150848
0.935727326172,0.00359453964068,0.00558505360638,14.3690080643
0.936324361479,0.00359787414954,0.00558505360638,14.3857839108
0.936324361479,0.00359787414954,0.00558505360638,14.4025149345
0.936324361479,0.00359787414954,0.00558505360638,14.4189500809
0.936324361479,0.00359787414954,0.00558505360638,14.4356319904
0.936878751406,0.0036009704792,0.00558505360638,14.4526901245
0.936878751406,0.0036009704792,0.00558505360638,14.4690659046
0.936878751406,0.0036009704792,0.00558505360638,14.4857048988
Values = 0.0341526871774,-0.0626035149102
0.93760372285,0.00360501952568,0.00558505360638,14.502188921
0.93760372285,0.00360501952568,0.00558505360638,14.5191071033
0.93760372285,0.00360501952568,0.00558505360638,14.5356750488
0.93760372285,0.00360501952568,0.00558505360638,14.5523478985
0.938286048915,0.00360883039295,0.00558505360638,14.569024086
0.938286048915,0.00360883039295,0.00558505360638,14.5856440067
0.938584566568,0.00361049764738,0.00558505360638,14.602421999
0.938584566568,0.00361049764738,0.00558505360638,14.619022131
0.938584566568,0.00361049764738,0.00558505360638,14.6359899044
0.939309538012,0.00361454669386,0.00541052068118,14.6523940563
0.939309538012,0.00361454669386,0.00541052068118,14.6690330505
0.939309538012,0.00361454669386,0.00541052068118,14.6858589649
0.940119800991,0.00361893068124,0.00541052068118,14.7023060322
0.940119800991,0.00361893068124,0.00541052068118,14.7189660072
0.940119800991,0.00361893068124,0.00541052068118,14.7362320423
0.940375673511,0.00362031509831,0.00558505360638,14.752311945
0.940375673511,0.00362031509831,0.00558505360638,14.76907897
0.941100644955,0.00362436414479,0.00541052068118,14.7855710983
0.941100644955,0.00362436414479,0.00541052068118,14.8023729324
0.941100644955,0.00362436414479,0.00541052068118,14.8190920353
0.941356517474,0.00362574856186,0.00541052068118,14.835709095
0.941356517474,0.00362574856186,0.00541052068118,14.8524730206
0.941356517474,0.00362574856186,0.00541052068118,14.8692479134
0.942124135034,0.00362990181306,0.00523598775598,14.885627985
0.942124135034,0.00362990181306,0.00523598775598,14.9023609161
0.942934398766,0.00363414438282,0.00523598775598,14.9190599918
0.942934398766,0.00363414438282,0.00523598775598,14.9361350536
0.942934398766,0.00363414438282,0.00523598775598,14.9525110722
0.942934398766,0.00363414438282,0.00523598775598,14.9691030979
0.943659371579,0.00363794036628,0.00506145483078,14.9858179092
0.943659371579,0.00363794036628,0.00506145483078,15.0023710728
0.943659371579,0.00363794036628,0.00506145483078,15.0189759731
0.944384345043,0.00364160981806,0.00506145483078,15.0356199741
0.944384345043,0.00364160981806,0.00506145483078,15.0522940159
0.944384345043,0.00364160981806,0.00506145483078,15.0689370632
0.944384345043,0.00364160981806,0.00506145483078,15.0856311321
Values = 0.0314773709313,-0.0706533425702
0.945151964006,0.00364549511994,0.00506145483078,15.1022391319
0.945151964006,0.00364549511994,0.00506145483078,15.1190679073
0.945151964006,0.00364549511994,0.00506145483078,15.1356871128
0.945834291972,0.00364894872161,0.00488692190558,15.1529390812
0.945834291972,0.00364894872161,0.00488692190558,15.1693999767
0.945834291972,0.00364894872161,0.00488692190558,15.1856091022
0.946047519647,0.0036499907569,0.00488692190558,15.2023389339
0.946047519647,0.0036499907569,0.00488692190558,15.2189819813
0.946047519647,0.0036499907569,0.00488692190558,15.2359271049
0.946815139276,0.00365374208395,0.00471238898039,15.2523980141
0.946815139276,0.00365374208395,0.00471238898039,15.2691659927
0.947071012699,0.00365494786797,0.00471238898039,15.2856559753
Values = 0.0306924457654,-0.0732929505243
0.947071012699,0.00365494786797,0.00471238898039,15.3023600578
0.947071012699,0.00365494786797,0.00471238898039,15.3189549446
0.947795987401,0.00365836425606,0.00471238898039,15.3356449604
0.947795987401,0.00365836425606,0.00471238898039,15.3524110317
0.947795987401,0.00365836425606,0.00471238898039,15.3691790104
0.948520962102,0.00366178064414,0.00453785605519,15.3856699467
0.948520962102,0.00366178064414,0.00453785605519,15.402449131
0.948520962102,0.00366178064414,0.00453785605519,15.4194540977
0.949331228598,0.0036654575421,0.00453785605519,15.4361801147
0.949331228598,0.0036654575421,0.00453785605519,15.4524049759
0.949331228598,0.0036654575421,0.00453785605519,15.469260931
0.949331228598,0.0036654575421,0.00453785605519,15.4857230186
Values = 0.0297471522973,-0.0769959765254
0.950141495095,0.00366913444007,0.00471238898039,15.502368927
0.950141495095,0.00366913444007,0.00471238898039,15.5190720558
0.950141495095,0.00366913444007,0.00471238898039,15.5357010365
0.950141495095,0.00366913444007,0.00471238898039,15.5530290604
0.950909115367,0.00367275179216,0.00471238898039,15.5691049099
0.950909115367,0.00367275179216,0.00471238898039,15.5856420994
0.950909115367,0.00367275179216,0.00471238898039,15.6023159027
0.951548798926,0.00367576625223,0.00453785605519,15.6189689636
0.951548798926,0.00367576625223,0.00453785605519,15.6356580257
0.951548798926,0.00367576625223,0.00453785605519,15.6523039341
0.951548798926,0.00367576625223,0.00453785605519,15.66918993
0.952103191793,0.00367828202452,0.00436332312999,15.6861879826
Values = 0.0290010181442,-0.0803807416086
0.952103191793,0.00367828202452,0.00436332312999,15.7022380829
0.952273774345,0.00367902633604,0.00436332312999,15.7191400528
0.952273774345,0.00367902633604,0.00436332312999,15.7356369495
0.952273774345,0.00367902633604,0.00436332312999,15.7530319691
0.952742876366,0.00368107319273,0.00436332312999,15.769149065
0.952742876366,0.00368107319273,0.00436332312999,15.7857971191
0.952742876366,0.00368107319273,0.00436332312999,15.802382946
0.953211978386,0.00368312004941,0.00418879020479,15.8191120625
0.953211978386,0.00368312004941,0.00418879020479,15.8356750011
0.953211978386,0.00368312004941,0.00418879020479,15.8524820805
0.953211978386,0.00368312004941,0.00418879020479,15.869122982
0.953638435086,0.00368490639751,0.00418879020479,15.8857209682
0.953638435086,0.00368490639751,0.00418879020479,15.9023640156
0.953638435086,0.00368490639751,0.00418879020479,15.9190530777
0.954150183127,0.00368705001523,0.00401425727959,15.9356589317
0.954150183127,0.00368705001523,0.00401425727959,15.9523150921
0.954150183127,0.00368705001523,0.00401425727959,15.9690749645
0.954150183127,0.00368705001523,0.00401425727959,15.9857149124
0.954619285833,0.00368893312429,0.00418879020479,16.0023128986
0.954619285833,0.00368893312429,0.00418879020479,16.0189430714
0.954832514183,0.00368982629834,0.00418879020479,16.0357239246
0.954832514183,0.00368982629834,0.00418879020479,16.0523331165
0.954832514183,0.00368982629834,0.00418879020479,16.0701739788
0.955429553564,0.00369232718568,0.00418879020479,16.0855429173
0.955429553564,0.00369232718568,0.00418879020479,16.1022479534
0.955429553564,0.00369232718568,0.00418879020479,16.1191000938
0.955600136244,0.00369304172492,0.00436332312999,16.1358261108
0.955600136244,0.00369304172492,0.00436332312999,16.1523849964
0.956282466455,0.003696018971,0.00418879020479,16.1691389084
0.956282466455,0.003696018971,0.00418879020479,16.1856739521
0.956282466455,0.003696018971,0.00418879020479,16.2023620605
0.956495694805,0.00369691214505,0.00418879020479,16.2190959454
0.956495694805,0.00369691214505,0.00418879020479,16.2361040115
0.956495694805,0.00369691214505,0.00418879020479,16.2523889542
0.957050088516,0.00369923439758,0.00418879020479,16.2689909935
0.957050088516,0.00369923439758,0.00418879020479,16.285722971
Values = 0.0272224116636,-0.0894108027283
0.957689773566,0.00370191391972,0.00418879020479,16.3023469448
0.957689773566,0.00370191391972,0.00418879020479,16.3189589977
0.957689773566,0.00370191391972,0.00418879020479,16.3357241154
0.958329458617,0.00370459344187,0.00401425727959,16.3526201248
0.958329458617,0.00370459344187,0.00401425727959,16.3691470623
0.958329458617,0.00370459344187,0.00401425727959,16.3869729042
0.958329458617,0.00370459344187,0.00401425727959,16.4024140835
0.959054435526,0.00370750370134,0.00383972435439,16.4189109802
0.959054435526,0.00370750370134,0.00383972435439,16.4356570244
0.959054435526,0.00370750370134,0.00383972435439,16.4524950981
0.959566184284,0.00370946868516,0.00401425727959,16.4690020084
0.959566184284,0.00370946868516,0.00401425727959,16.4855809212
Values = 0.0263319318239,-0.0946699764069
0.959566184284,0.00370946868516,0.00401425727959,16.5022361279
0.959736767086,0.0037101534521,0.00366519142919,16.5189359188
0.959736767086,0.0037101534521,0.00366519142919,16.5357849598
0.959736767086,0.0037101534521,0.00366519142919,16.552259922
0.960376453452,0.00371249803558,0.00383972435439,16.5691480637
0.960376453452,0.00371249803558,0.00383972435439,16.5855970383
0.960589682101,0.00371331677884,0.00366519142919,16.6023459435
0.960589682101,0.00371331677884,0.00366519142919,16.6194391251
0.960589682101,0.00371331677884,0.00366519142919,16.6357650757
0.961101431193,0.00371519244563,0.00383972435439,16.6524391174
0.961101431193,0.00371519244563,0.00383972435439,16.6692349911
0.961101431193,0.00371519244563,0.00383972435439,16.6856720448
0.961570534221,0.0037169936808,0.00331612557879,16.7027459145
0.961570534221,0.0037169936808,0.00331612557879,16.7189459801
0.96174111746,0.00371755935832,0.00366519142919,16.7356469631
0.96174111746,0.00371755935832,0.00366519142919,16.7523479462
0.96174111746,0.00371755935832,0.00366519142919,16.7691531181
0.962252866552,0.0037194350251,0.00314159265359,16.7857019901
0.962252866552,0.0037194350251,0.00314159265359,16.8022630215
0.962252866552,0.0037194350251,0.00314159265359,16.8190591335
0.962892554058,0.00372144466928,0.00349065850399,16.8356621265
0.962892554058,0.00372144466928,0.00349065850399,16.8523111343
0.962892554058,0.00372144466928,0.00349065850399,16.869189024
Values = 0.226267368073,-0.294605412656
0.962892554058,0.00372144466928,0.00349065850399,16.8857460022
0.963489595039,0.00372352874393,0.00349065850399,16.9021580219
0.963489595039,0.00372352874393,0.00349065850399,16.9191510677
0.963702823961,0.0037242730563,0.00331612557879,16.9356639385
0.963702823961,0.0037242730563,0.00331612557879,16.9523839951
0.963702823961,0.0037242730563,0.00331612557879,16.9690740108
0.964726323393,0.00372766712139,0.00331612557879,16.9857330322
0.964726323393,0.00372766712139,0.00331612557879,17.0024111271
0.964726323393,0.00372766712139,0.00331612557879,17.0189940929
0.966005697684,0.00373190970275,0.00191986217719,17.0357301235
0.966005697684,0.00373190970275,0.00191986217719,17.0524659157
0.966005697684,0.00373190970275,0.00191986217719,17.0690879822
0.966005697684,0.00373190970275,0.00191986217719,17.0856580734
0.967796828238,0.00373534843078,0.0010471975512,17.1023061275
0.967796828238,0.00373534843078,0.0010471975512,17.1190259457
0.967796828238,0.00373534843078,0.0010471975512,17.1356990337
0.969502669069,0.00373713478377,-0.000174532925199,17.1524801254
0.969502669069,0.00373713478377,-0.000174532925199,17.1690199375
0.969502669069,0.00373713478377,-0.000174532925199,17.1859619617
0.969502669069,0.00373713478377,-0.000174532925199,17.2025129795
0.971293802897,0.00373682217194,-0.000872664625997,17.2190830708
0.971293802897,0.00373682217194,-0.000872664625997,17.2357339859
0.971293802897,0.00373682217194,-0.000872664625997,17.2523620129
0.972914351958,0.00373540797574,-0.00174532925199,17.2689750195
0.972914351958,0.00373540797574,-0.00174532925199,17.2856230736
0.972914351958,0.00373540797574,-0.00174532925199,17.3022649288
0.972914351958,0.00373540797574,-0.00174532925199,17.3190829754
0.974876067002,0.00373198413362,-0.00279252680319,17.3355610371
0.974876067002,0.00373198413362,-0.00279252680319,17.3523111343
0.974876067002,0.00373198413362,-0.00279252680319,17.3691580296
0.975473109292,0.00373031687268,-0.00314159265359,17.3861730099
0.975473109292,0.00373031687268,-0.00314159265359,17.4023730755
0.977178942641,0.00372495782154,-0.00488692190558,17.4189660549
0.977178942641,0.00372495782154,-0.00488692190558,17.4356501102
0.977178942641,0.00372495782154,-0.00488692190558,17.4524209499
0.979055346178,0.00371578791099,-0.00610865238198,17.4690001011
0.979055346178,0.00371578791099,-0.00610865238198,17.4856159687
0.979055346178,0.00371578791099,-0.00610865238198,17.5023441315
0.979055346178,0.00371578791099,-0.00610865238198,17.5190310478
0.980761156118,0.00370536758143,-0.00715584993318,17.5358250141
0.980761156118,0.00370536758143,-0.00715584993318,17.5524001122
0.980761156118,0.00370536758143,-0.00715584993318,17.5691311359
0.980761156118,0.00370536758143,-0.00715584993318,17.5857551098
0.98246695421,0.00369316093791,-0.00802851455917,17.6023879051
0.98246695421,0.00369316093791,-0.00802851455917,17.618942976
0.98246695421,0.00369316093791,-0.00802851455917,17.6356201172
0.983490426284,0.00368494380091,-0.00942477796077,17.6523239613
0.983490426284,0.00368494380091,-0.00942477796077,17.6690630913
0.983490426284,0.00368494380091,-0.00942477796077,17.6855170727
0.983490426284,0.00368494380091,-0.00942477796077,17.7024540901
0.983447782134,0.00368534572446,-0.00977384381117,17.7191240788
0.983447782134,0.00368534572446,-0.00977384381117,17.7362420559
0.983447782134,0.00368534572446,-0.00977384381117,17.7524580956
0.983319850112,0.00368659615187,-0.00907571211037,17.769215107
0.983319850112,0.00368659615187,-0.00907571211037,17.7855789661
0.983319850112,0.00368659615187,-0.00907571211037,17.8023741245
0.983277205824,0.00368698318978,-0.00907571211037,17.818983078
0.983277205824,0.00368698318978,-0.00907571211037,17.8358850479
0.983277205824,0.00368698318978,-0.00907571211037,17.8523979187
0.983234561536,0.00368737022769,-0.00907571211037,17.8691620827
0.983234561536,0.00368737022769,-0.00907571211037,17.8856909275
0.983234561536,0.00368737022769,-0.00907571211037,17.9023849964
0.983234561536,0.00368737022769,-0.00855211333477,17.919148922
0.983234561536,0.00368737022769,-0.00855211333477,17.9357259274
0.983234561536,0.00368737022769,-0.00855211333477,17.9525139332
0.983234561536,0.00368737022769,-0.00837758040957,17.969315052
0.983234561536,0.00368737022769,-0.00837758040957,17.9862649441
0.983234561536,0.00368737022769,-0.00837758040957,18.0025639534
0.983234561536,0.00368737022769,-0.00837758040957,18.0191619396
0.983234561536,0.00368737022769,-0.00837758040957,18.0358159542
0.983234561536,0.00368737022769,-0.00837758040957,18.0542070866
0.983234561536,0.00368737022769,-0.00837758040957,18.0691649914
0.983234561536,0.00368737022769,-0.00837758040957,18.0857009888
0.983234561536,0.00368737022769,-0.00837758040957,18.1022539139
0.983234561536,0.00368737022769,-0.00837758040957,18.1196250916
0.983234561536,0.00368737022769,-0.00837758040957,18.1358289719
0.983234561536,0.00368737022769,-0.00837758040957,18.1524500847
0.983234561536,0.00368737022769,-0.00837758040957,18.169066906
0.983234561536,0.00368737022769,-0.00837758040957,18.1860051155
0.983234561536,0.00368737022769,-0.00837758040957,18.2023329735
0.983234561536,0.00368737022769,-0.00837758040957,18.2190561295
0.983234561536,0.00368737022769,-0.00837758040957,18.2357959747
0.983234561536,0.00368737022769,-0.00837758040957,18.2524170876
0.983234561536,0.00368737022769,-0.00837758040957,18.2691230774
0.983234561536,0.00368737022769,-0.00837758040957,18.2856459618
0.983234561536,0.00368737022769,-0.00837758040957,18.3023109436
0.983234561536,0.00368737022769,-0.00837758040957,18.3190250397
0.983234561536,0.00368737022769,-0.00837758040957,18.3356881142
0.983234561536,0.00368737022769,-0.00837758040957,18.3524489403
0.983234561536,0.00368737022769,-0.00837758040957,18.3690929413
0.983234561536,0.00368737022769,-0.00837758040957,18.3856739998
0.983234561536,0.00368737022769,-0.00837758040957,18.4022960663
0.983234561536,0.00368737022769,-0.00837758040957,18.4189839363
0.983234561536,0.00368737022769,-0.00837758040957,18.4355831146
0.983234561536,0.00368737022769,-0.00837758040957,18.452434063
0.983234561536,0.00368737022769,-0.00837758040957,18.4690010548
0.983234561536,0.00368737022769,-0.00837758040957,18.4856319427
0.983234561536,0.00368737022769,-0.00837758040957,18.5035760403
0.983234561536,0.00368737022769,-0.00837758040957,18.5191171169
0.983234561536,0.00368737022769,-0.00837758040957,18.5356009007
0.983234561536,0.00368737022769,-0.00837758040957,18.5523579121
0.983234561536,0.00368737022769,-0.00837758040957,18.5690360069
0.983234561536,0.00368737022769,-0.00837758040957,18.5856370926
0.983234561536,0.00368737022769,-0.00837758040957,18.6023061275
0.983234561536,0.00368737022769,-0.00837758040957,18.6189680099
0.983234561536,0.00368737022769,-0.00837758040957,18.635612011
0.983234561536,0.00368737022769,-0.00837758040957,18.6524779797
0.983234561536,0.00368737022769,-0.00837758040957,18.6689851284
0.983234561536,0.00368737022769,-0.00837758040957,18.6856889725
0.983234561536,0.00368737022769,-0.00837758040957,18.7024829388
0.983234561536,0.00368737022769,-0.00837758040957,18.7191400528
0.983234561536,0.00368737022769,-0.00837758040957,18.7357289791
0.983234561536,0.00368737022769,-0.00837758040957,18.7522361279
0.983234561536,0.00368737022769,-0.00837758040957,18.7692790031
0.983234561536,0.00368737022769,-0.00837758040957,18.7857379913
0.983234561536,0.00368737022769,-0.00837758040957,18.8023679256
0.983234561536,0.00368737022769,-0.00837758040957,18.8190901279
0.983234561536,0.00368737022769,-0.00837758040957,18.8357679844
0.983234561536,0.00368737022769,-0.00837758040957,18.8526611328
0.983234561536,0.00368737022769,-0.00837758040957,18.8698420525
0.983234561536,0.00368737022769,-0.00837758040957,18.8858790398
Values = 0.3,-0.7
0.983234561536,0.00368737022769,-0.00837758040957,18.9023771286
0.983234561536,0.00368737022769,-0.00837758040957,18.9189999104
0.983234561536,0.00368737022769,-0.00837758040957,18.9356899261
0.983234561536,0.00368737022769,-0.00837758040957,18.952477932
0.983234561536,0.00368737022769,-0.00837758040957,18.9691510201
0.983234561536,0.00368737022769,-0.00837758040957,18.9857690334
0.983234561536,0.00368737022769,-0.00837758040957,19.0023310184
0.983234561536,0.00368737022769,-0.00837758040957,19.0190141201
0.983234561536,0.00368737022769,-0.00837758040957,19.0356509686
0.983234561536,0.00368737022769,-0.00837758040957,19.0526049137
0.983234561536,0.00368737022769,-0.00837758040957,19.0691869259
0.983319850632,0.00368665569471,-0.00820304748437,19.0857110023
0.983319850632,0.00368665569471,-0.00820304748437,19.1024029255
0.983319850632,0.00368665569471,-0.00820304748437,19.1189920902
0.983319850632,0.00368665569471,-0.00820304748437,19.1357200146
0.983575718288,0.0036845567531,-0.0144862327916,19.1526789665
0.983575718288,0.0036845567531,-0.0144862327916,19.1690740585
0.983575718288,0.0036845567531,-0.0144862327916,19.1859149933
0.983618359857,0.00368393899419,-0.0200712863979,19.2024209499
0.983618359857,0.00368393899419,-0.0200712863979,19.2189409733
0.983618359857,0.00368393899419,-0.0200712863979,19.2358031273
0.983703634766,0.00368222718719,-0.0233874119767,19.2523040771
0.983703634766,0.00368222718719,-0.0233874119767,19.2690289021
0.983703634766,0.00368222718719,-0.0233874119767,19.2856509686
0.983788903529,0.00368023260783,-0.0296705972839,19.3025350571
0.983788903529,0.00368023260783,-0.0296705972839,19.3189210892
0.983788903529,0.00368023260783,-0.0296705972839,19.3356289864
0.983874158077,0.00367770231192,-0.0354301838155,19.3524930477
0.983874158077,0.00367770231192,-0.0354301838155,19.3692100048
0.984044635198,0.00367165974757,-0.0378736447683,19.3856329918
0.984044635198,0.00367165974757,-0.0378736447683,19.4024610519
0.984044635198,0.00367165974757,-0.0378736447683,19.419066906
0.984215097045,0.00366520064749,-0.0453785605519,19.4358019829
0.984215097045,0.00366520064749,-0.0453785605519,19.4524390697
0.984215097045,0.00366520064749,-0.0453785605519,19.4693059921
0.984342903474,0.0036593969915,-0.0535816080362,19.485738039
0.984342903474,0.0036593969915,-0.0535816080362,19.5025799274
0.984342903474,0.0036593969915,-0.0535816080362,19.519190073
0.984342903474,0.0036593969915,-0.0535816080362,19.5358030796
0.984513242837,0.00365026118994,-0.0637045176978,19.5523850918
0.984513242837,0.00365026118994,-0.0637045176978,19.5691280365
0.984513242837,0.00365026118994,-0.0637045176978,19.585752964
0.984513242837,0.00365026118994,-0.073478361509,19.6024270058
0.984513242837,0.00365026118994,-0.073478361509,19.6191759109
0.984513242837,0.00365026118994,-0.073478361509,19.6358959675
0.984513242837,0.00365026118994,-0.073478361509,19.6523759365
0.98459830478,0.00364399970495,-0.0829031394697,19.6692941189
0.98459830478,0.00364399970495,-0.0829031394697,19.6857609749
Values = 0.3,-0.7
0.98459830478,0.00364399970495,-0.0829031394697,19.7042570114
0.98459830478,0.00364399970495,-0.0829031394697,19.7189810276
0.98459830478,0.00364399970495,-0.0862192650485,19.7362771034
0.98459830478,0.00364399970495,-0.0862192650485,19.7524120808
0.98459830478,0.00364399970495,-0.0862192650485,19.7692699432
0.984725767676,0.00363298263476,-0.0856956662729,19.78571105
0.984725767676,0.00363298263476,-0.0856956662729,19.8025140762
0.984725767676,0.00363298263476,-0.0856956662729,19.8189599514
0.984810746774,0.00362568241524,-0.0856956662729,19.8357110023
0.984810746774,0.00362568241524,-0.0856956662729,19.8536391258
0.985065684069,0.0036037817567,-0.0905825881785,19.8689789772
0.985065684069,0.0036037817567,-0.0905825881785,19.8857390881
Values = 0.3,-0.7
0.985065684069,0.0036037817567,-0.0905825881785,19.9023509026
0.985065684069,0.0036037817567,-0.0905825881785,19.9191141129
0.985108155273,0.00359992404824,-0.0932005820565,19.9358620644
0.985108155273,0.00359992404824,-0.0932005820565,19.9523370266
0.985108155273,0.00359992404824,-0.0932005820565,19.9692380428
0.985023233355,0.00360786181716,-0.0984365698125,19.9856579304
0.985023233355,0.00360786181716,-0.0984365698125,20.0027060509
0.985023233355,0.00360786181716,-0.0984365698125,20.0195019245
0.985023233355,0.00360786181716,-0.0984365698125,20.0357990265
0.985192991739,0.00359109720076,-0.102625360017,20.0527880192
0.985192991739,0.00359109720076,-0.102625360017,20.0690989494
0.985192991739,0.00359109720076,-0.102625360017,20.0857319832
Values = 0.3,-0.7
0.985320256742,0.00357799053864,-0.106465084372,20.1024210453
0.985320256742,0.00357799053864,-0.106465084372,20.1201150417
0.985320256742,0.00357799053864,-0.106465084372,20.135821104
0.985320256742,0.00357799053864,-0.108035880698,20.1524469852
0.985320256742,0.00357799053864,-0.108035880698,20.1691040993
0.985277859333,0.00358258888426,-0.113620934305,20.1857440472
0.985277859333,0.00358258888426,-0.113620934305,20.2031929493
0.985277859333,0.00358258888426,-0.113620934305,20.2192389965
0.985277859333,0.00358258888426,-0.113620934305,20.2357549667
0.985574456795,0.00354874343294,-0.119380520836,20.2524409294
0.985574456795,0.00354874343294,-0.119380520836,20.2690899372
0.985574456795,0.00354874343294,-0.119380520836,20.2858030796
Values = 0.3,-0.7
0.98553211428,0.00355382245569,-0.124791041518,20.302323103
0.98553211428,0.00355382245569,-0.124791041518,20.3195550442
0.98553211428,0.00355382245569,-0.124791041518,20.3356659412
0.98553211428,0.00355382245569,-0.124791041518,20.3524010181
0.98553211428,0.00355382245569,-0.129852496348,20.3691470623
0.98553211428,0.00355382245569,-0.129852496348,20.3855519295
0.985447540265,0.00356486674758,-0.1315978256,20.4029910564
0.985447540265,0.00356486674758,-0.1315978256,20.4191889763
0.985447540265,0.00356486674758,-0.1315978256,20.4357481003
0.98557437218,0.00354807892084,-0.138230076758,20.4522619247
0.98557437218,0.00354807892084,-0.138230076758,20.4690980911
0.98557437218,0.00354807892084,-0.138230076758,20.4857289791
0.98557437218,0.00354807892084,-0.146433124242,20.5023479462
0.98557437218,0.00354807892084,-0.146433124242,20.5194890499
0.98557437218,0.00354807892084,-0.146433124242,20.5358579159
0.98557437218,0.00354807892084,-0.146433124242,20.5525081158
0.985785320372,0.00351696642133,-0.154112572951,20.5691521168
0.985785320372,0.00351696642133,-0.154112572951,20.5857551098
0.985785320372,0.00351696642133,-0.154112572951,20.6024041176
0.985658898544,0.00353660534053,-0.161442955809,20.6190240383
0.985658898544,0.00353660534053,-0.161442955809,20.6357529163
0.985658898544,0.00353660534053,-0.161442955809,20.6522700787
0.985658898544,0.00353660534053,-0.161442955809,20.6691761017
0.985869355997,0.00350233016777,-0.168598805743,20.6857430935
0.985869355997,0.00350233016777,-0.168598805743,20.7024140358
0.985827314637,0.00350948622463,-0.171391332546,20.7192280293
0.985827314637,0.00350948622463,-0.171391332546,20.7356300354
0.985827314637,0.00350948622463,-0.171391332546,20.7523989677
0.985911357062,0.00349493936376,-0.180292511731,20.7691271305
0.985911357062,0.00349493936376,-0.180292511731,20.785572052
0.985911357062,0.00349493936376,-0.180292511731,20.8021969795
0.985953311868,0.00348729218807,-0.182561439759,20.819231987
0.985953311868,0.00348729218807,-0.182561439759,20.8355100155
0.986079123911,0.00346406514297,-0.190415421393,20.8521640301
0.986079123911,0.00346406514297,-0.190415421393,20.8688731194
0.986079123911,0.00346406514297,-0.190415421393,20.8855221272
0.986120999158,0.00345599366162,-0.193033415271,20.9021611214
0.986120999158,0.00345599366162,-0.193033415271,20.9189319611
0.986120999158,0.00345599366162,-0.193033415271,20.9356329441
0.98616285313,0.00344781257893,-0.200712863979,20.9523530006
0.98616285313,0.00344781257893,-0.200712863979,20.9691960812
0.986413592603,0.00339679905651,-0.211708438267,20.9857571125
0.986413592603,0.00339679905651,-0.211708438267,21.0024299622
0.986413592603,0.00339679905651,-0.211708438267,21.0191431046
0.986413592603,0.00339679905651,-0.211708438267,21.0357460976
0.986413592603,0.00339679905651,-0.221482282078,21.0523939133
0.986413592603,0.00339679905651,-0.221482282078,21.0689980984
0.986413592603,0.00339679905651,-0.221482282078,21.0857160091
0.986496801253,0.00337806243699,-0.231779724665,21.1023061275
0.986496801253,0.00337806243699,-0.231779724665,21.1191039085
0.986496801253,0.00337806243699,-0.231779724665,21.1356699467
0.986496801253,0.00337806243699,-0.231779724665,21.1523349285
0.986538306904,0.00336826621334,-0.238761041673,21.1691229343
0.986538306904,0.00336826621334,-0.238761041673,21.1857340336
0.986538306904,0.00336826621334,-0.237888377047,21.2024989128
0.986538306904,0.00336826621334,-0.237888377047,21.2191250324
0.986538306904,0.00336826621334,-0.237888377047,21.2361049652
0.986538306904,0.00336826621334,-0.237888377047,21.2524199486
0.986538306904,0.00336826621334,-0.237888377047,21.2690680027
0.986538306904,0.00336826621334,-0.237888377047,21.2857310772
Values = 0.3,-0.7
0.986538306904,0.00336826621334,-0.237888377047,21.3023500443
0.986538306904,0.00336826621334,-0.237888377047,21.319051981
0.986538306904,0.00336826621334,-0.237888377047,21.335654974
0.986538306904,0.00336826621334,-0.237888377047,21.3523449898
0.986704087046,0.0033280678818,-0.237713844122,21.3690469265
0.986704087046,0.0033280678818,-0.237713844122,21.385641098
0.986704087046,0.0033280678818,-0.237713844122,21.4024720192
0.987035661357,0.00324772908811,-0.239982772149,21.4189839363
0.987035661357,0.00324772908811,-0.239982772149,21.435667038
0.987035661357,0.00324772908811,-0.239982772149,21.4522850513
0.987035661357,0.00324772908811,-0.239982772149,21.4691040516
0.987532748119,0.00312609273136,-0.243997029429,21.485599041
Values = 0.3,-0.7
0.987532748119,0.00312609273136,-0.243997029429,21.5025539398
0.987532748119,0.00312609273136,-0.243997029429,21.5190958977
0.987532748119,0.00312609273136,-0.248709418409,21.5363509655
0.987532748119,0.00312609273136,-0.248709418409,21.5524361134
0.987532748119,0.00312609273136,-0.248709418409,21.5691111088
0.987532748119,0.00312609273136,-0.248709418409,21.5856781006
0.987698083575,0.00308410287454,-0.256214334193,21.6023769379
0.987698083575,0.00308410287454,-0.256214334193,21.6190969944
0.987698083575,0.00308410287454,-0.256214334193,21.6358530521
0.987739337494,0.0030732955017,-0.25813419637,21.6531140804
0.987739337494,0.0030732955017,-0.25813419637,21.6690731049
0.988069202243,0.00298620306403,-0.2624975195,21.6856720448
0.988069202243,0.00298620306403,-0.2624975195,21.7035059929
0.988069202243,0.00298620306403,-0.2624975195,21.7190380096
0.988192757842,0.00295300397258,-0.26720990848,21.7356550694
0.988192757842,0.00295300397258,-0.26720990848,21.7523560524
0.988192757842,0.00295300397258,-0.26720990848,21.7697789669
0.988192757842,0.00295300397258,-0.268606171882,21.7856800556
0.988192757842,0.00295300397258,-0.268606171882,21.8023459911
0.988357225166,0.0029077330052,-0.275762021815,21.8191130161
0.988357225166,0.0029077330052,-0.275762021815,21.8361520767
0.988357225166,0.0029077330052,-0.275762021815,21.8524620533
0.988439294748,0.00288450965431,-0.277856416917,21.8690330982
0.988439294748,0.00288450965431,-0.277856416917,21.8857741356
Values = 0.3,-0.7
0.988439294748,0.00288450965431,-0.277856416917,21.902369976
0.98848030513,0.00287281206134,-0.283965069299,21.918954134
0.98848030513,0.00287281206134,-0.283965069299,21.9358279705
0.98848030513,0.00287281206134,-0.283965069299,21.9523139
0.988766872253,0.00278917682201,-0.291819050933,21.9690339565
0.988766872253,0.00278917682201,-0.291819050933,21.9861049652
0.988766872253,0.00278917682201,-0.291819050933,22.0024299622
0.988930244494,0.00274010063366,-0.30211649352,22.0190660954
0.988930244494,0.00274010063366,-0.30211649352,22.0357339382
0.988930244494,0.00274010063366,-0.30211649352,22.0524461269
0.988930244494,0.00274010063366,-0.305083553249,22.0692739487
0.988930244494,0.00274010063366,-0.305083553249,22.0856161118
0.989174304868,0.00266324234528,-0.314508331209,22.1024661064
0.989174304868,0.00266324234528,-0.314508331209,22.1189899445
0.989174304868,0.00266324234528,-0.314508331209,22.1357119083
0.989174304868,0.00266324234528,-0.314508331209,22.1525061131
0.989417630042,0.00258408728961,-0.323409510395,22.169095993
0.989417630042,0.00258408728961,-0.323409510395,22.1857879162
0.989417630042,0.00258408728961,-0.323409510395,22.2023670673
0.989538935527,0.00254342840346,-0.33265975543,22.2189481258
0.989538935527,0.00254342840346,-0.33265975543,22.2357831001
0.989538935527,0.00254342840346,-0.33265975543,22.2524499893
0.989619551658,0.0025155755794,-0.335626815159,22.2689700127
0.989619551658,0.0025155755794,-0.335626815159,22.2856779099
0.98974035136,0.00247343773843,-0.343829862643,22.3030519485
0.98974035136,0.00247343773843,-0.343829862643,22.3189790249
0.98974035136,0.00247343773843,-0.343829862643,22.3357329369
0.989860801343,0.00243031040059,-0.346622389446,22.3522920609
0.989860801343,0.00243031040059,-0.346622389446,22.3691689968
0.990181678889,0.00231440765646,-0.356570766182,22.3856470585
0.990181678889,0.00231440765646,-0.356570766182,22.4025199413
0.990181678889,0.00231440765646,-0.356570766182,22.4190070629
0.99030156963,0.00226974921892,-0.369660735572,22.4355270863
0.99030156963,0.00226974921892,-0.369660735572,22.4523239136
0.99030156963,0.00226974921892,-0.369660735572,22.469135046
0.990460630841,0.00220811730845,-0.373325927002,22.4857010841
Values = 0.3,-0.7
0.990460630841,0.00220811730845,-0.373325927002,22.5022499561
0.990579756529,0.00216145644471,-0.386241363466,22.5190520287
0.990579756529,0.00216145644471,-0.386241363466,22.5356841087
0.990579756529,0.00216145644471,-0.386241363466,22.5524461269
0.990579756529,0.00216145644471,-0.386241363466,22.5693650246
0.990935295901,0.00201686997604,-0.39810960238,22.5857980251
0.990935295901,0.00201686997604,-0.39810960238,22.6024460793
0.990935295901,0.00201686997604,-0.39810960238,22.6190450191
0.990974606832,0.00200033710792,-0.409803308368,22.6355950832
0.990974606832,0.00200033710792,-0.409803308368,22.6523189545
0.990974606832,0.00200033710792,-0.409803308368,22.6690220833
0.991052836668,0.0019663542724,-0.413293966872,22.6856169701
Values = 0.3,-0.7
0.991052836668,0.0019663542724,-0.413293966872,22.702244997
0.991052836668,0.0019663542724,-0.424987672861,22.7189049721
0.991052836668,0.0019663542724,-0.424987672861,22.7357170582
0.991052836668,0.0019663542724,-0.424987672861,22.7523450851
0.991052836668,0.0019663542724,-0.424987672861,22.7691960335
0.991208246328,0.00189602078708,-0.435983247148,22.7856299877
0.991208246328,0.00189602078708,-0.435983247148,22.8024070263
0.991246903058,0.00187801128267,-0.439822971503,22.8189311028
0.991246903058,0.00187801128267,-0.439822971503,22.8357040882
0.991246903058,0.00187801128267,-0.439822971503,22.8523859978
0.991324077647,0.00184169567772,-0.453087473818,22.8690159321
0.991324077647,0.00184169567772,-0.453087473818,22.8856799603
0.991324077647,0.00184169567772,-0.453087473818,22.9022870064
0.991400763753,0.00180435961505,-0.46425758103,22.9190909863
0.991400763753,0.00180435961505,-0.46425758103,22.9356849194
0.991400763753,0.00180435961505,-0.46425758103,22.9524240494
0.991400763753,0.00180435961505,-0.46425758103,22.969119072
0.991477028035,0.00176616930737,-0.47664941872,22.9859440327
0.991477028035,0.00176616930737,-0.47664941872,23.0024909973
0.991477028035,0.00176616930737,-0.47664941872,23.0191071033
0.991590705821,0.00170747069849,-0.490262986885,23.0357041359
0.991590705821,0.00170747069849,-0.490262986885,23.0523300171
0.991590705821,0.00170747069849,-0.490262986885,23.0695490837
0.991590705821,0.00170747069849,-0.490262986885,23.0856730938
Values = 0.3,-0.7
0.991703574,0.00164723001632,-0.505796417228,23.1023690701
0.991703574,0.00164723001632,-0.505796417228,23.1191339493
0.991703574,0.00164723001632,-0.505796417228,23.1358149052
0.991740880286,0.00162656782493,-0.518188254917,23.1526150703
0.991740880286,0.00162656782493,-0.518188254917,23.1691160202
0.991740880286,0.00162656782493,-0.518188254917,23.1857011318
0.991740880286,0.00162656782493,-0.518188254917,23.2023589611
0.992037259367,0.00145758473221,-0.529532895055,23.2189979553
0.992037259367,0.00145758473221,-0.529532895055,23.2357699871
0.992037259367,0.00145758473221,-0.529532895055,23.2524321079
0.992037259367,0.00145758473221,-0.529532895055,23.2691140175
0.992221286241,0.00134987569434,-0.544891792473,23.2857530117
Values = 0.3,-0.7
0.992221286241,0.00134987569434,-0.544891792473,23.302366972
0.992221286241,0.00134987569434,-0.544891792473,23.3190801144
0.992367166994,0.00126145755608,-0.56025068989,23.33562994
0.992367166994,0.00126145755608,-0.56025068989,23.3523790836
0.992367166994,0.00126145755608,-0.56025068989,23.3692409992
0.992403293393,0.00123879550878,-0.565312144721,23.3856449127
0.992403293393,0.00123879550878,-0.565312144721,23.4023311138
0.992583349561,0.00112457246695,-0.581020107989,23.4190819263
0.992583349561,0.00112457246695,-0.581020107989,23.4357481003
0.992583349561,0.00112457246695,-0.581020107989,23.4524180889
0.992583349561,0.00112457246695,-0.581020107989,23.4690411091
0.992583349561,0.00112457246695,-0.591841149351,23.4858489037
0.992583349561,0.00112457246695,-0.591841149351,23.5024540424
0.992583349561,0.00112457246695,-0.591841149351,23.5189881325
0.992760312504,0.00100561346652,-0.603185789489,23.5356919765
0.992760312504,0.00100561346652,-0.603185789489,23.5525069237
0.992760312504,0.00100561346652,-0.603185789489,23.5690419674
0.992760312504,0.00100561346652,-0.603185789489,23.5856380463
0.992900794134,0.000908846359888,-0.614530429627,23.6024069786
0.992900794134,0.000908846359888,-0.614530429627,23.6190769672
0.992900794134,0.000908846359888,-0.614530429627,23.6357109547
0.992970481547,0.000859669080362,-0.627620399017,23.6529331207
0.992970481547,0.000859669080362,-0.627620399017,23.6690950394
0.992970481547,0.000859669080362,-0.627620399017,23.6856629848
Values = 0.3,-0.7
0.993039519279,0.000809583833922,-0.632507320923,23.70225811
0.993039519279,0.000809583833922,-0.632507320923,23.7188999653
0.993177103571,0.000708739775854,-0.649611547592,23.7357730865
0.993177103571,0.000708739775854,-0.649611547592,23.7527010441
0.993177103571,0.000708739775854,-0.649611547592,23.769370079
0.993278983114,0.000631352926804,-0.653800337797,23.7860150337
0.993278983114,0.000631352926804,-0.653800337797,23.8031070232
0.993278983114,0.000631352926804,-0.653800337797,23.8193509579
0.993278983114,0.000631352926804,-0.666017642561,23.8357291222
0.993278983114,0.000631352926804,-0.666017642561,23.8523719311
0.99344664357,0.00049960658506,-0.670206432766,23.8691380024
0.99344664357,0.00049960658506,-0.670206432766,23.8856360912
0.99344664357,0.00049960658506,-0.670206432766,23.9024040699
0.993613750699,0.000367159106701,-0.684692665557,23.9189929962
0.993613750699,0.000367159106701,-0.684692665557,23.9358160496
0.993613750699,0.000367159106701,-0.684692665557,23.9523799419
0.993646784899,0.000340188256782,-0.701622359302,23.969686985
0.993646784899,0.000340188256782,-0.701622359302,23.9863770008
0.993646784899,0.000340188256782,-0.701622359302,24.0030879974
0.993679357778,0.000312662039724,-0.715061394542,24.0188810825
0.993679357778,0.000312662039724,-0.715061394542,24.0360181332
0.993679357778,0.000312662039724,-0.715061394542,24.0523450375
0.993872557916,0.00014489324212,-0.72675510053,24.0690801144
0.993872557916,0.00014489324212,-0.72675510053,24.0857100487
0.993872557916,0.00014489324212,-0.72675510053,24.1036999226
0.993872557916,0.00014489324212,-0.72675510053,24.1189551353
0.993936299628,8.82210750266e-05,-0.741066800397,24.1357021332
0.993936299628,8.82210750266e-05,-0.741066800397,24.1523680687
0.994030685833,1.85319847773e-06,-0.745779189377,24.1697621346
0.994030685833,1.85319847773e-06,-0.745779189377,24.1858620644
0.994030685833,1.85319847773e-06,-0.745779189377,24.2023439407
0.99399935978,3.079043196e-05,-0.762359817271,24.2189600468
0.99399935978,3.079043196e-05,-0.762359817271,24.2355561256
0.99399935978,3.079043196e-05,-0.762359817271,24.2524459362
0.994122727666,-8.70201189694e-05,-0.779638576866,24.2690889835
0.994122727666,-8.70201189694e-05,-0.779638576866,24.2856140137
Values = 0.3,-0.7
0.994122727666,-8.70201189694e-05,-0.779638576866,24.3023290634
0.994122727666,-8.70201189694e-05,-0.779638576866,24.3191421032
0.994092399178,-5.70389932554e-05,-0.798139066937,24.3357601166
0.994092399178,-5.70389932554e-05,-0.798139066937,24.3522679806
0.994092399178,-5.70389932554e-05,-0.798139066937,24.3691060543
0.994092399178,-5.70389932554e-05,-0.798139066937,24.3855450153
0.994092399178,-5.70389932554e-05,-0.810356371701,24.4024031162
0.994092399178,-5.70389932554e-05,-0.810356371701,24.4190161228
0.994092399178,-5.70389932554e-05,-0.810356371701,24.4356501102
0.994033612436,4.75792625482e-06,-0.824144472792,24.4528870583
0.994033612436,4.75792625482e-06,-0.824144472792,24.4692621231
0.994033612436,4.75792625482e-06,-0.824144472792,24.4857649803
Values = 0.3,-0.7
0.994033612436,4.75792625482e-06,-0.824144472792,24.5026779175
0.994004647876,3.60587149082e-05,-0.839503370209,24.5190551281
0.994004647876,3.60587149082e-05,-0.839503370209,24.5357189178
0.994004647876,3.60587149082e-05,-0.839503370209,24.5522949696
0.99389072621,0.000163026487206,-0.855560399328,24.5689771175
0.99389072621,0.000163026487206,-0.855560399328,24.5856311321
0.99389072621,0.000163026487206,-0.855560399328,24.6023490429
0.99389072621,0.000163026487206,-0.859574656607,24.6188669205
0.99389072621,0.000163026487206,-0.859574656607,24.6356909275
0.99389072621,0.000163026487206,-0.859574656607,24.6523320675
0.994029914316,1.49073828964e-06,-0.871617428446,24.6691091061
0.994029914316,1.49073828964e-06,-0.871617428446,24.6856350899
0.994029914316,1.49073828964e-06,-0.871617428446,24.702327013
0.994112253949,-9.64293850194e-05,-0.884881930761,24.7189600468
0.994112253949,-9.64293850194e-05,-0.884881930761,24.7356350422
0.994139265138,-0.000129430608781,-0.889768852667,24.7522900105
0.994139265138,-0.000129430608781,-0.889768852667,24.7690579891
0.994139265138,-0.000129430608781,-0.889768852667,24.7856609821
0.994192964322,-0.00019569627026,-0.907745743962,24.8023319244
0.994192964322,-0.00019569627026,-0.907745743962,24.8189730644
0.994219213983,-0.000229306393604,-0.912632665868,24.8357830048
0.994219213983,-0.000229306393604,-0.912632665868,24.8524830341
0.994219213983,-0.000229306393604,-0.912632665868,24.8691089153
0.994375724571,-0.000431734402833,-0.927991563285,24.8864309788
Values = 0.3,-0.7
0.994375724571,-0.000431734402833,-0.927991563285,24.9021971226
0.994375724571,-0.000431734402833,-0.927991563285,24.9189960957
0.994554671613,-0.000670676917017,-0.944746724105,24.9356489182
0.994554671613,-0.000670676917017,-0.944746724105,24.9526679516
0.994554671613,-0.000670676917017,-0.944746724105,24.9692139626
0.994729590205,-0.000912584038361,-0.965341609278,24.9855959415
0.994729590205,-0.000912584038361,-0.965341609278,25.0023400784
0.994729590205,-0.000912584038361,-0.965341609278,25.01897192
0.994705318805,-0.000877518610583,-0.970926662884,25.0356321335
0.994705318805,-0.000877518610583,-0.970926662884,25.052216053
0.994512717364,-0.000595915112586,-0.985587428601,25.0694739819
0.994512717364,-0.000595915112586,-0.985587428601,25.0856311321
0.994512717364,-0.000595915112586,-0.985587428601,25.1022460461
0.994512717364,-0.000595915112586,-0.985587428601,25.1190049648
0.994442047726,-0.000489266305707,-0.997804733365,25.1356110573
0.994442047726,-0.000489266305707,-0.997804733365,25.152312994
0.994442047726,-0.000489266305707,-0.997804733365,25.168970108
0.994465168204,-0.000525101045264,-1.01403629541,25.1855590343
0.994465168204,-0.000525101045264,-1.01403629541,25.2021250725
0.994465168204,-0.000525101045264,-1.01403629541,25.2188580036
0.994510239813,-0.000597511613437,-1.01962134902,25.2355051041
0.994510239813,-0.000597511613437,-1.01962134902,25.2522189617
0.994487906567,-0.000561181030999,-1.03480571351,25.2692229748
0.994487906567,-0.000561181030999,-1.03480571351,25.2855029106
Values = 0.3,-0.7
0.994487906567,-0.000561181030999,-1.03480571351,25.3023049831
0.994422569461,-0.000451184538946,-1.04004170126,25.3189930916
0.994422569461,-0.000451184538946,-1.04004170126,25.3356740475
0.994422569461,-0.000451184538946,-1.04004170126,25.3523581028
0.99433622243,-0.000304068422979,-1.05644779623,25.3691000938
0.99433622243,-0.000304068422979,-1.05644779623,25.3856449127
0.99433622243,-0.000304068422979,-1.05644779623,25.4021971226
0.994315241951,-0.000266940205087,-1.07512281923,25.4191420078
0.994315241951,-0.000266940205087,-1.07512281923,25.4355261326
0.994315241951,-0.000266940205087,-1.07512281923,25.4524121284
0.99429495846,-0.000229426673198,-1.09117984835,25.4689869881
0.99429495846,-0.000229426673198,-1.09117984835,25.486135006
Values = 0.3,-0.7
0.99429495846,-0.000229426673198,-1.09117984835,25.5023319721
0.99429495846,-0.000229426673198,-1.09117984835,25.51887393
0.994196565728,-4.02548002902e-05,-1.10531701529,25.5358231068
0.994196565728,-4.02548002902e-05,-1.10531701529,25.5523769855
0.994196565728,-4.02548002902e-05,-1.10531701529,25.5690460205
0.994139140548,7.4071550186e-05,-1.119977781,25.5856239796
0.994139140548,7.4071550186e-05,-1.119977781,25.6025910378
0.994139140548,7.4071550186e-05,-1.119977781,25.6189310551
0.994101978576,0.000150842170926,-1.12643549924,25.6356549263
0.994101978576,0.000150842170926,-1.12643549924,25.6523919106
0.994120311295,0.000112337670992,-1.13900186985,25.6698729992
0.994120311295,0.000112337670992,-1.13900186985,25.6856300831
Values = 0.3,-0.7
0.994120311295,0.000112337670992,-1.13900186985,25.7023839951
0.994120311295,0.000112337670992,-1.13900186985,25.7189500332
0.994156006139,3.48740120849e-05,-1.15540796482,25.7356939316
0.994156006139,3.48740120849e-05,-1.15540796482,25.7521910667
0.994138796528,7.38934224908e-05,-1.16169115013,25.7688889503
0.994138796528,7.38934224908e-05,-1.16169115013,25.7855789661
0.994138796528,7.38934224908e-05,-1.16169115013,25.8022761345
0.994155760635,3.47666518341e-05,-1.18333323285,25.8189361095
0.994155760635,3.47666518341e-05,-1.18333323285,25.8356420994
0.994155760635,3.47666518341e-05,-1.18333323285,25.8527319431
0.994236327709,-0.000162656937428,-1.20549891435,25.8689830303
0.994236327709,-0.000162656937428,-1.20549891435,25.8855941296
0.994236327709,-0.000162656937428,-1.20549891435,25.9024500847
0.994236327709,-0.000162656937428,-1.20549891435,25.9190840721
0.994282030677,-0.00028215339961,-1.22365033857,25.9356019497
0.994282030677,-0.00028215339961,-1.22365033857,25.9521200657
0.994282030677,-0.00028215339961,-1.22365033857,25.9690620899
0.994253012992,-0.000201949195859,-1.24564148715,25.9856300354
0.994253012992,-0.000201949195859,-1.24564148715,26.0023510456
0.994253012992,-0.000201949195859,-1.24564148715,26.0190110207
0.994253012992,-0.000201949195859,-1.24564148715,26.0357139111
0.994266636506,-0.000242360641617,-1.2681562345,26.0522539616
0.994266636506,-0.000242360641617,-1.2681562345,26.0691649914
0.994266636506,-0.000242360641617,-1.2681562345,26.0855340958
0.994342898214,-0.000486608087773,-1.28595859287,26.1027979851
0.994342898214,-0.000486608087773,-1.28595859287,26.1192440987
0.994342898214,-0.000486608087773,-1.28595859287,26.135764122
0.994342898214,-0.000486608087773,-1.28595859287,26.1523449421
0.994330914602,-0.000445680369476,-1.30585534634,26.1690161228
0.994330914602,-0.000445680369476,-1.30585534634,26.1857769489
0.994330914602,-0.000445680369476,-1.30585534634,26.2022809982
0.994308580671,-0.000363364296359,-1.32592663274,26.2196040154
0.994308580671,-0.000363364296359,-1.32592663274,26.2356200218
0.994308580671,-0.000363364296359,-1.32592663274,26.2524831295
0.994329258024,-0.000446112029861,-1.33447874607,26.26907897
0.994329258024,-0.000446112029861,-1.33447874607,26.2857429981
Values = 0.3,-0.7
0.994329258024,-0.000446112029861,-1.33447874607,26.3021929264
0.994379180368,-0.00065341588087,-1.35053577519,26.3189549446
0.994379180368,-0.00065341588087,-1.35053577519,26.3357849121
0.994379180368,-0.00065341588087,-1.35053577519,26.3523828983
0.994360545421,-0.000570184401957,-1.35594629587,26.3689908981
0.994360545421,-0.000570184401957,-1.35594629587,26.3858180046
0.994360545421,-0.000570184401957,-1.37235239084,26.4025800228
0.994360545421,-0.000570184401957,-1.37235239084,26.4188439846
0.994360545421,-0.000570184401957,-1.37235239084,26.4356040955
0.994410989903,-0.000821038975861,-1.38614049193,26.45282197
0.994410989903,-0.000821038975861,-1.38614049193,26.4690310955
0.994410989903,-0.000821038975861,-1.38614049193,26.4857470989
0.994426650233,-0.000904881056081,-1.40603724541,26.5024020672
0.994426650233,-0.000904881056081,-1.40603724541,26.5189011097
0.994426650233,-0.000904881056081,-1.40603724541,26.5357310772
0.994426650233,-0.000904881056081,-1.40603724541,26.5534379482
0.994426650233,-0.000904881056081,-1.42523586718,26.5691969395
0.994426650233,-0.000904881056081,-1.42523586718,26.5856211185
0.994426650233,-0.000904881056081,-1.42523586718,26.6023731232
0.994426650233,-0.000904881056081,-1.42523586718,26.6190569401
0.994420464553,-0.000862686003713,-1.4454816865,26.6356260777
0.994420464553,-0.000862686003713,-1.4454816865,26.6524090767
0.994420464553,-0.000862686003713,-1.4454816865,26.6690440178
0.994447115539,-0.0010742441564,-1.4690436314,26.6856000423
Values = 0.3,-0.7
0.994447115539,-0.0010742441564,-1.4690436314,26.702270031
0.994447115539,-0.0010742441564,-1.4690436314,26.7191131115
0.994447115539,-0.0010742441564,-1.47515228379,26.7355999947
0.994447115539,-0.0010742441564,-1.47515228379,26.7523200512
0.994451188164,-0.00111669529084,-1.49382730678,26.7689270973
0.994451188164,-0.00111669529084,-1.49382730678,26.7856919765
0.994451188164,-0.00111669529084,-1.49382730678,26.8024029732
0.994447908979,-0.00107417550681,-1.50080862379,26.8190560341
0.994447908979,-0.00107417550681,-1.50080862379,26.8356339931
0.994447908979,-0.00107417550681,-1.50080862379,26.8524160385
0.994465802555,-0.00132942535096,-1.52506870039,26.8690319061
0.994465802555,-0.00132942535096,-1.52506870039,26.8857250214
0.994473600247,-0.0014998312116,-1.55159770502,26.9024319649
0.994473600247,-0.0014998312116,-1.55159770502,26.9189839363
0.994473600247,-0.0014998312116,-1.55159770502,26.935696125
0.994476056331,-0.00162774576665,-1.5577063574,26.9523160458
0.994476056331,-0.00162774576665,-1.5577063574,26.969078064
