0.0,0.0,0.0,0.0139751434326
0.0,0.0,0.0,0.0307800769806
0.0,0.0,0.0,0.0476450920105
0.0,0.0,0.0,0.0650250911713
0.0,0.0,0.0,0.0807061195374
0.0,0.0,0.0,0.0974080562592
0.0,0.0,0.0,0.113983154297
0.0,0.0,0.0,0.130935192108
0.0,0.0,0.0,0.148774147034
0.0,0.0,0.0,0.164340019226
0.0,0.0,0.0,0.181483030319
0.0,0.0,0.0,0.198022127151
0.0,0.0,0.0,0.214153051376
0.0,0.0,0.0,0.231105089188
0.0,0.0,0.0,0.247934103012
0.0,0.0,0.0,0.264456987381
0.0,0.0,0.0,0.281322002411
0.0,0.0,0.0,0.297857999802
0.0,0.0,0.0,0.314521074295
0.0,0.0,0.0,0.331750154495
0.0,0.0,0.0,0.347851991653
0.0,0.0,0.0,0.364511013031
0.0,0.0,0.0,0.381550073624
0.0,0.0,0.0,0.398208141327
0.0,0.0,0.0,0.414925098419
0.0,0.0,0.0,0.430915117264
0.0,0.0,0.0,0.448100090027
0.0,0.0,0.0,0.46443104744
0.0,0.0,0.0,0.481851100922
0.0,0.0,0.0,0.498826980591
0.0,0.0,0.0,0.514461994171
0.0,0.0,0.0,0.531584978104
0.0,0.0,0.0,0.548544168472
0.0,0.0,0.0,0.564501047134
0.0,0.0,0.0,0.581748008728
0.0,0.0,0.0,0.598458051682
0.0,0.0,0.0,0.615631103516
0.0,0.0,0.0,0.631327152252
0.0,0.0,0.0,0.647698163986
0.0,0.0,0.0,0.664803028107
0.0,0.0,0.0,0.681043148041
0.0,0.0,0.0,0.697647094727
0.0,0.0,0.0,0.714117050171
0.0,0.0,0.0,0.731019020081
0.0,0.0,0.0,0.7479159832
0.0,0.0,0.0,0.76432800293
0.0,0.0,0.0,0.780888080597
0.0,0.0,0.0,0.797710180283
0.0,0.0,0.0,0.814339160919
0.0,0.0,0.0,0.830784082413
0.0,0.0,0.0,0.84756398201
0.0,0.0,0.0,0.865394115448
0.0,0.0,0.0,0.880868196487
0.0,0.0,0.0,0.897870063782
0.0,0.0,0.0,0.91426897049
0.0,0.0,0.0,0.931133031845
0.0,0.0,0.0,0.947620153427
0.0,0.0,0.0,0.964217185974
0.0,0.0,0.0,0.980839014053
0.0,0.0,0.0,0.997589111328
0.0,0.0,0.0,1.01417899132
0.0,0.0,0.0,1.03108215332
0.0,0.0,0.0,1.04772019386
0.0,0.0,0.0,1.06639504433
0.0,0.0,0.0,1.08104610443
0.0,0.0,0.0,1.09790110588
0.0,0.0,0.0,1.11435699463
0.0,0.0,0.0,1.13093304634
0.0,0.0,0.0,1.14753508568
0.0,0.0,0.0,1.16442108154
0.0,0.0,0.0,1.18079304695
0.0,0.0,0.0,1.19773316383
0.0,0.0,0.0,1.21428608894
0.0,0.0,0.0,1.23100018501
0.0,0.0,0.0,1.24745798111
0.0,0.0,0.0,1.2642531395
0.0,0.0,0.0,1.28084111214
0.0,0.0,0.0,1.29761099815
0.0,0.0,0.0,1.31414914131
0.0,0.0,0.0,1.33098816872
0.0,0.0,0.0,1.34758400917
0.0,0.0,0.0,1.36439108849
0.0,0.0,0.0,1.38106298447
0.0,0.0,0.0,1.39831805229
0.0,0.0,0.0,1.4148709774
0.0,0.0,0.0,1.43089604378
0.0,0.0,0.0,1.44760107994
0.0,0.0,0.0,1.46448016167
0.0,0.0,0.0,1.48107504845
0.0,0.0,0.0,1.497797966
0.0,0.0,0.0,1.51450204849
0.0,0.0,0.0,1.53084516525
0.0,0.0,0.0,1.54774403572
0.0,0.0,0.0,1.56427907944
0.0,0.0,0.0,1.58112406731
0.0,0.0,0.0,1.59771108627
0.0,0.0,0.0,1.61404705048
0.0,0.0,0.0,1.63085603714
0.0,0.0,0.0,1.6477060318
0.0,0.0,0.0,1.6644949913
0.0,0.0,0.0,1.68130803108
0.0,0.0,0.0,1.69809007645
0.0,0.0,0.0,1.71439003944
0.0,0.0,0.0,1.73101615906
0.0,0.0,0.0,1.74762010574
0.0,0.0,0.0,1.76438808441
0.0,0.0,0.0,1.7810280323
0.0,0.0,0.0,1.7979991436
0.0,0.0,0.0,1.81440114975
0.0,0.0,0.0,1.83148312569
0.0,0.0,0.0,1.84783697128
0.0,0.0,0.0,1.86460804939
0.0,0.0,0.0,1.88140797615
0.0,0.0,0.0,1.89832997322
0.0,0.0,0.0,1.91420316696
0.0,0.0,0.0,1.93108606339
0.0,0.0,0.0,1.94759202003
0.0,0.0,0.0,1.9643881321
0.0,0.0,0.0,1.98112607002
0.0,0.0,0.0,1.99881410599
0.0,0.0,0.0,2.01421904564
0.0,0.0,0.0,2.03191709518
0.0,0.0,0.0,2.04768204689
0.0,0.0,0.0,2.06490898132
0.0,0.0,0.0,2.08094406128
0.0,0.0,0.0,2.09804415703
0.0,0.0,0.0,2.1160030365
0.0,0.0,0.0,2.13087105751
0.0,0.0,0.0,2.14756608009
0.0,0.0,0.0,2.16438508034
0.0,0.0,0.0,2.18130302429
0.0,0.0,0.0,2.19785404205
0.0,0.0,0.0,2.21402096748
0.0,0.0,0.0,2.23147511482
0.0,0.0,0.0,2.24748301506
0.0,0.0,0.0,2.26443099976
0.0,0.0,0.0,2.28134703636
0.0,0.0,0.0,2.29776215553
0.0,0.0,0.0,2.31522512436
0.0,0.0,0.0,2.33102011681
0.0,0.0,0.0,2.34769415855
0.0,0.0,0.0,2.36442017555
0.0,0.0,0.0,2.38102698326
0.0,0.0,0.0,2.39788007736
0.0,0.0,0.0,2.4142370224
0.0,0.0,0.0,2.43107104301
0.0,0.0,0.0,2.44743108749
0.0,0.0,0.0,2.46566200256
0.0,0.0,0.0,2.48078012466
0.0,0.0,0.0,2.4975271225
0.0,0.0,0.0,2.5141210556
0.0,0.0,0.0,2.53140115738
0.0,0.0,0.0,2.5478310585
0.0,0.0,0.0,2.56433415413
0.0,0.0,0.0,2.58154916763
0.0,0.0,0.0,2.59781908989
0.0,0.0,0.0,2.61421203613
0.0,0.0,0.0,2.63092517853
0.0,0.0,0.0,2.64797616005
0.0,0.0,0.0,2.66435909271
0.0,0.0,0.0,2.68081212044
0.0,0.0,0.0,2.69748210907
0.0,0.0,0.0,2.71442008018
0.0,0.0,0.0,2.73087596893
0.0,0.0,0.0,2.74764704704
0.0,0.0,0.0,2.76484012604
0.0,0.0,0.0,2.7809240818
0.0,0.0,0.0,2.7979631424
0.0,0.0,0.0,2.8142490387
0.0,0.0,0.0,2.83095812798
0.0,0.0,0.0,2.84762215614
0.0,0.0,0.0,2.86436605453
0.0,0.0,0.0,2.88102197647
0.0,0.0,0.0,2.8977701664
0.0,0.0,0.0,2.91427516937
0.0,0.0,0.0,2.93099617958
0.0,0.0,0.0,2.94763612747
0.0,0.0,0.0,2.96434211731
0.0,0.0,0.0,2.98095011711
0.0,0.0,0.0,2.99794316292
0.0,0.0,0.0,3.01491212845
0.0,0.0,0.0,3.03099012375
0.0,0.0,0.0,3.04787111282
0.0,0.0,0.0,3.06481599808
0.0,0.0,0.0,3.08094000816
0.0,0.0,0.0,3.09782409668
0.0,0.0,0.0,3.11423516273
0.0,0.0,0.0,3.13117218018
0.0,0.0,0.0,3.14781713486
0.0,0.0,0.0,3.16434812546
0.0,0.0,0.0,3.18086409569
0.0,0.0,0.0,3.19785404205
0.0,0.0,0.0,3.21416211128
0.0,0.0,0.0,3.2308139801
0.0,0.0,0.0,3.24766898155
0.0,0.0,0.0,3.26448512077
0.0,0.0,0.0,3.28139209747
0.0,0.0,0.0,3.29780101776
0.0,0.0,0.0,3.31418514252
0.0,0.0,0.0,3.33176517487
0.0,0.0,0.0,3.34763002396
0.0,0.0,0.0,3.36418604851
0.0,0.0,0.0,3.38096117973
0.0,0.0,0.0,3.39762496948
0.0,0.0,0.0,3.41427707672
0.0,0.0,0.0,3.43110799789
0.0,0.0,0.0,3.44946503639
0.0,0.0,0.0,3.46495008469
0.0,0.0,0.0,3.48264908791
0.0,0.0,0.0,3.4978120327
0.0,0.0,0.0,3.51533412933
0.0,0.0,0.0,3.53100419044
0.0,0.0,0.0,3.54934597015
0.0,0.0,0.0,3.56467819214
0.0,0.0,0.0,3.58145904541
0.0,0.0,0.0,3.5980219841
0.0,0.0,0.0,3.61469197273
0.0,0.0,0.0,3.6322221756
0.0,0.0,0.0,3.64801716805
0.0,0.0,0.0,3.66561198235
0.0,0.0,0.0,3.68140602112
0.0,0.0,0.0,3.6983230114
0.0,0.0,0.0,3.71645212173
0.0,0.0,0.0,3.73232316971
0.0,0.0,0.0,3.74847412109
0.0,0.0,0.0,3.76459097862
0.0,0.0,0.0,3.78095507622
0.0,0.0,0.0,3.79939818382
0.0,0.0,0.0,3.81436014175
0.0,0.0,0.0,3.83153009415
0.0,0.0,0.0,3.84903216362
0.0,0.0,0.0,3.86857008934
0.0,0.0,0.0,3.88226509094
0.0,0.0,0.0,3.89794516563
0.0,0.0,0.0,3.91627717018
0.0,0.0,0.0,3.93123316765
0.0,0.0,0.0,3.94778800011
0.0,0.0,0.0,3.96554708481
0.0,0.0,0.0,3.98181915283
0.0,0.0,0.0,3.99864602089
0.0,0.0,0.0,4.01523208618
0.0,0.0,0.0,4.03168606758
0.0,0.0,0.0,4.04764914513
0.0,0.0,0.0,4.06542396545
0.0,0.0,0.0,4.08171796799
0.0,0.0,0.0,4.09838914871
0.0,0.0,0.0,4.11563110352
0.0,0.0,0.0,4.13135719299
0.0,0.0,0.0,4.14785718918
0.0,0.0,0.0,4.16528105736
0.0,0.0,0.0,4.18170118332
0.0,0.0,0.0,4.19860005379
0.0,0.0,0.0,4.2156419754
0.0,0.0,0.0,4.23181319237
0.0,0.0,0.0,4.24871397018
0.0,0.0,0.0,4.26418209076
0.0,0.0,0.0,4.28102302551
0.0,0.0,0.0,4.29813218117
0.0,0.0,0.0,4.31420516968
0.0,0.0,0.0,4.33293700218
0.0,0.0,0.0,4.34795117378
0.0,0.0,0.0,4.36440515518
0.0,0.0,0.0,4.38100910187
0.0,0.0,0.0,4.39775013924
0.0,0.0,0.0,4.41406798363
0.0,0.0,0.0,4.43120598793
0.0,0.0,0.0,4.44749808311
0.0,0.0,0.0,4.46431708336
0.0,0.0,0.0,4.48098397255
0.0,0.0,0.0,4.49771499634
0.0,0.0,0.0,4.51412510872
0.0,0.0,0.0,4.53121113777
0.0,0.0,0.0,4.5474550724
0.0,0.0,0.0,4.5654001236
0.0,0.0,0.0,4.58096909523
0.0,0.0,0.0,4.59784412384
0.0,0.0,0.0,4.61453199387
0.0,0.0,0.0,4.63156414032
0.0,0.0,0.0,4.64790201187
0.0,0.0,0.0,4.66428017616
0.0,0.0,0.0,4.68094611168
0.0,0.0,0.0,4.69763898849
0.0,0.0,0.0,4.71419501305
0.0,0.0,0.0,4.73097014427
0.0,0.0,0.0,4.74740719795
0.0,0.0,0.0,4.76440596581
0.0,0.0,0.0,4.78110814095
0.0,0.0,0.0,4.79766702652
0.0,0.0,0.0,4.8142580986
0.0,0.0,0.0,4.83164715767
0.0,0.0,0.0,4.84794402122
0.0,0.0,0.0,4.86425018311
0.0,0.0,0.0,4.88110113144
0.0,0.0,0.0,4.89779305458
0.0,0.0,0.0,4.9142510891
0.0,0.0,0.0,4.93143105507
0.0,0.0,0.0,4.94747018814
0.0,0.0,0.0,4.96549701691
0.0,0.0,0.0,4.98099112511
0.0,0.0,0.0,4.99765896797
0.0,0.0,0.0,5.01432108879
0.0,0.0,0.0,5.03094506264
0.0,0.0,0.0,5.04751420021
0.0,0.0,0.0,5.06471800804
0.0,0.0,0.0,5.08099508286
0.0,0.0,0.0,5.09765410423
0.0,0.0,0.0,5.11415219307
0.0,0.0,0.0,5.13085412979
0.0,0.0,0.0,5.14749002457
0.0,0.0,0.0,5.1642241478
0.0,0.0,0.0,5.18092799187
0.0,0.0,0.0,5.19769096375
0.0,0.0,0.0,5.21413898468
0.0,0.0,0.0,5.23091006279
0.0,0.0,0.0,5.24773597717
0.0,0.0,0.0,5.26446509361
0.0,0.0,0.0,5.28087806702
0.0,0.0,0.0,5.29764914513
0.0,0.0,0.0,5.31418919563
0.0,0.0,0.0,5.33106803894
0.0,0.0,0.0,5.34754109383
0.0,0.0,0.0,5.36423015594
0.0,0.0,0.0,5.38087511063
0.0,0.0,0.0,5.39757108688
0.0,0.0,0.0,5.41416096687
0.0,0.0,0.0,5.43091201782
0.0,0.0,0.0,5.44749712944
0.0,0.0,0.0,5.46432709694
0.0,0.0,0.0,5.48088598251
0.0,0.0,0.0,5.49756598473
0.0,0.0,0.0,5.51417207718
0.0,0.0,0.0,5.53086304665
0.0,0.0,0.0,5.54754209518
0.0,0.0,0.0,5.56429219246
0.0,0.0,0.0,5.58093619347
0.0,0.0,0.0,5.59762310982
0.0,0.0,0.0,5.61426115036
0.0,0.0,0.0,5.631057024
0.0,0.0,0.0,5.64753603935
0.0,0.0,0.0,5.66419911385
0.0,0.0,0.0,5.6808681488
0.0,0.0,0.0,5.69762611389
0.0,0.0,0.0,5.71420502663
0.0,0.0,0.0,5.73089909554
0.0,0.0,0.0,5.7474629879
0.0,0.0,0.0,5.7644841671
0.0,0.0,0.0,5.78102898598
0.0,0.0,0.0,5.79757404327
0.0,0.0,0.0,5.81444001198
0.0,0.0,0.0,5.83092713356
0.0,0.0,0.0,5.84757208824
0.0,0.0,0.0,5.86423397064
0.0,0.0,0.0,5.88084816933
0.0,0.0,0.0,5.89761996269
0.0,0.0,0.0,5.91420316696
0.0,0.0,0.0,5.93087410927
0.0,0.0,0.0,5.94754004478
0.0,0.0,0.0,5.96422219276
0.0,0.0,0.0,5.98085713387
0.0,0.0,0.0,5.99761104584
0.0,0.0,0.0,6.01435613632
0.0,0.0,0.0,6.03129911423
0.0,0.0,0.0,6.04755496979
0.0,0.0,0.0,6.06508016586
0.0,0.0,0.0,6.08098316193
0.0,0.0,0.0,6.0978410244
0.0,0.0,0.0,6.11415314674
0.0,0.0,0.0,6.13074707985
0.0,0.0,0.0,6.14760017395
0.0,0.0,0.0,6.16443610191
0.0,0.0,0.0,6.18152403831
0.0,0.0,0.0,6.19818997383
0.0,0.0,0.0,6.21447300911
0.0,0.0,0.0,6.23095798492
0.0,0.0,0.0,6.24814605713
0.0,0.0,0.0,6.2641980648
0.0,0.0,0.0,6.2815310955
0.0,0.0,0.0,6.29769301414
0.0,0.0,0.0,6.31410002708
0.0,0.0,0.0,6.33103108406
0.0,0.0,0.0,6.34753799438
0.0,0.0,0.0,6.36418199539
0.0,0.0,0.0,6.38148403168
0.0,0.0,0.0,6.39752602577
0.0,0.0,0.0,6.41446113586
0.0,0.0,0.0,6.43168497086
0.0,0.0,0.0,6.44776511192
0.0,0.0,0.0,6.46532297134
0.0,0.0,0.0,6.48144602776
0.0,0.0,0.0,6.4979159832
0.0,0.0,0.0,6.51455307007
0.0,0.0,0.0,6.53099703789
0.0,0.0,0.0,6.5477540493
0.0,0.0,0.0,6.56421113014
0.0,0.0,0.0,6.58095598221
0.0,0.0,0.0,6.59805703163
0.0,0.0,0.0,6.6146171093
0.0,0.0,0.0,6.63112211227
0.0,0.0,0.0,6.64788913727
0.0,0.0,0.0,6.66439914703
0.0,0.0,0.0,6.68098211288
0.0,0.0,0.0,6.6979701519
Actuacion(lineal,angular) = 0.0400085926056,0.0
0.0,0.0,0.0,6.71480703354
0.0,0.0,0.0,6.73108100891
0.0,0.0,0.0,6.7477440834
0.0,0.0,0.0,6.76424217224
0.0,0.0,0.0,6.78133416176
0.0,0.0,0.0,6.79778003693
0.0,0.0,0.0,6.81490015984
0.0,0.0,0.0,6.83133411407
0.0,0.0,0.0,6.84777808189
0.0,0.0,0.0,6.86435699463
0.0,0.0,-0.000174532925204,6.88088512421
0.0,0.0,-0.000174532925204,6.89762711525
0.0,0.0,-0.000174532925204,6.91452813148
0.0,0.0,-0.000174532925204,6.93116307259
0.000597044609241,-1.0420394318e-07,-0.000174532925204,6.94781017303
0.00076762878331,-1.33976498343e-07,-0.000349065850399,6.96411013603
0.00076762878331,-1.33976498343e-07,-0.000349065850399,6.98101997375
0.00076762878331,-1.33976498343e-07,-0.000349065850399,6.99814510345
0.00076762878331,-1.33976498343e-07,-0.000349065850399,7.01429104805
0.00140731940684,-3.57270658865e-07,-0.000349065850399,7.03186511993
0.00166319565625,-4.46588323035e-07,-0.000349065850399,7.04782009125
0.00166319565625,-4.46588323035e-07,-0.000349065850399,7.0648829937
0.00166319565625,-4.46588323035e-07,-0.000349065850399,7.08103609085
0.00166319565625,-4.46588323035e-07,-0.000349065850399,7.09754109383
0.00208965607194,-5.95451096652e-07,-0.000349065850399,7.11424517632
0.00208965607194,-5.95451096652e-07,-0.000349065850399,7.13083910942
0.00208965607194,-5.95451096652e-07,-0.000349065850399,7.14903116226
0.00260140857076,-7.74086425215e-07,-0.000349065850399,7.16421103477
0.00272934669547,-8.18745257396e-07,-0.000523598775596,7.18097019196
0.00272934669547,-8.18745257396e-07,-0.000523598775596,7.19764113426
0.00272934669547,-8.18745257396e-07,-0.000523598775596,7.21663498878
0.00272934669547,-8.18745257396e-07,-0.000523598775596,7.23114418983
0.00324109915532,-1.08669824336e-06,-0.000523598775596,7.24775218964
0.00324109915532,-1.08669824336e-06,-0.000523598775596,7.26430916786
0.00324109915532,-1.08669824336e-06,-0.000523598775596,7.2811050415
0.00324109915532,-1.08669824336e-06,-0.000523598775596,7.2978181839
0.00366755953853,-1.30999239819e-06,-0.000698131700801,7.314412117
0.00366755953853,-1.30999239819e-06,-0.000698131700801,7.33109903336
0.00366755953853,-1.30999239819e-06,-0.000698131700801,7.3476960659
0.00430725004514,-1.75658069213e-06,-0.000698131700801,7.36430597305
0.00430725004514,-1.75658069213e-06,-0.000698131700801,7.38104701042
0.00430725004514,-1.75658069213e-06,-0.000698131700801,7.39783000946
0.00430725004514,-1.75658069213e-06,-0.000698131700801,7.41456007957
0.00469106434911,-2.02453366853e-06,-0.000872664625998,7.43144798279
0.00469106434911,-2.02453366853e-06,-0.000872664625998,7.44769406319
0.00469106434911,-2.02453366853e-06,-0.000872664625998,7.4645960331
0.00469106434911,-2.02453366853e-06,-0.000872664625998,7.48152208328
0.00469106434911,-2.02453366853e-06,-0.000872664625998,7.49775719643
0.00469106434911,-2.02453366853e-06,-0.000872664625998,7.51585412025
0.00469106434911,-2.02453366853e-06,-0.000872664625998,7.53237199783
0.00464841832118,-1.98731797912e-06,-0.000872664625998,7.54783296585
0.00464841832118,-1.98731797912e-06,-0.000872664625998,7.56432509422
0.00464841832118,-1.98731797912e-06,-0.000872664625998,7.5808391571
0.00464841832118,-1.98731797912e-06,-0.000872664625998,7.59758901596
0.00464841832118,-1.98731797912e-06,-0.000872664625998,7.61456799507
0.00464841832118,-1.98731797912e-06,-0.000872664625998,7.63145303726
0.00464841832118,-1.98731797912e-06,-0.000872664625998,7.64783716202
0.00464841832118,-1.98731797912e-06,-0.000872664625998,7.66435718536
0.00464841832118,-1.98731797912e-06,-0.000872664625998,7.68124914169
0.00464841832118,-1.98731797912e-06,-0.000872664625998,7.69832801819
0.00464841832118,-1.98731797912e-06,-0.000872664625998,7.71492218971
0.00464841832118,-1.98731797912e-06,-0.000872664625998,7.73153114319
0.00464841832118,-1.98731797912e-06,-0.000872664625998,7.7480840683
0.00464841832118,-1.98731797912e-06,-0.000872664625998,7.76442098618
0.00464841832118,-1.98731797912e-06,-0.000872664625998,7.78143906593
0.00464841832118,-1.98731797912e-06,-0.000872664625998,7.79818797112
0.00464841832118,-1.98731797912e-06,-0.000872664625998,7.81466698647
0.00464841832118,-1.98731797912e-06,-0.000872664625998,7.83106207848
0.00464841832118,-1.98731797912e-06,-0.000872664625998,7.84788703918
0.00464841832118,-1.98731797912e-06,-0.000872664625998,7.86441707611
0.00464841832118,-1.98731797912e-06,-0.000872664625998,7.88109898567
0.00464841832118,-1.98731797912e-06,-0.000872664625998,7.89802312851
0.00464841832118,-1.98731797912e-06,-0.000872664625998,7.91439318657
0.00464841832118,-1.98731797912e-06,-0.000872664625998,7.93133401871
0.00464841832118,-1.98731797912e-06,-0.000872664625998,7.94786214828
0.00464841832118,-1.98731797912e-06,-0.000872664625998,7.96442914009
0.00464841832118,-1.98731797912e-06,-0.000872664625998,7.98296117783
0.00464841832118,-1.98731797912e-06,-0.000872664625998,7.99774098396
0.00464841832118,-1.98731797912e-06,-0.000872664625998,8.01460909843
0.00464841832118,-1.98731797912e-06,-0.000872664625998,8.0310280323
0.00464841832118,-1.98731797912e-06,-0.000872664625998,8.04785203934
0.00464841832118,-1.98731797912e-06,-0.000872664625998,8.06584215164
0.00464841832118,-1.98731797912e-06,-0.000872664625998,8.08100605011
0.00464841832118,-1.98731797912e-06,-0.000872664625998,8.09800100327
0.00464841832118,-1.98731797912e-06,-0.000872664625998,8.11478209496
0.00464841832118,-1.98731797912e-06,-0.000872664625998,8.13116717339
0.00464841832118,-1.98731797912e-06,-0.000872664625998,8.14778017998
0.00464841832118,-1.98731797912e-06,-0.000872664625998,8.16427707672
0.00464841832118,-1.98731797912e-06,-0.000872664625998,8.18131017685
0.00464841832118,-1.98731797912e-06,-0.000872664625998,8.19761800766
0.00464841832118,-1.98731797912e-06,-0.000872664625998,8.21462917328
0.00464841832118,-1.98731797912e-06,-0.000872664625998,8.23093008995
0.00464841832118,-1.98731797912e-06,-0.000872664625998,8.24784398079
0.00464841832118,-1.98731797912e-06,-0.000872664625998,8.26442408562
0.00464841832118,-1.98731797912e-06,-0.000872664625998,8.28130912781
0.00464841832118,-1.98731797912e-06,-0.000872664625998,8.29794311523
0.00464841832118,-1.98731797912e-06,-0.000872664625998,8.31456017494
0.00464841832118,-1.98731797912e-06,-0.000872664625998,8.33088612556
0.00464841832118,-1.98731797912e-06,-0.000872664625998,8.34776115417
0.00464841832118,-1.98731797912e-06,-0.000872664625998,8.36432600021
0.00464841832118,-1.98731797912e-06,-0.000872664625998,8.38157010078
0.00464841832118,-1.98731797912e-06,-0.000872664625998,8.39795303345
0.00464841832118,-1.98731797912e-06,-0.000872664625998,8.41446208954
0.00464841832118,-1.98731797912e-06,-0.000872664625998,8.43105101585
0.00464841832118,-1.98731797912e-06,-0.000872664625998,8.44778299332
0.00464841832118,-1.98731797912e-06,-0.000872664625998,8.46434497833
0.00464841832118,-1.98731797912e-06,-0.000872664625998,8.48162603378
0.00464841832118,-1.98731797912e-06,-0.000872664625998,8.49766802788
0.00464841832118,-1.98731797912e-06,-0.000872664625998,8.51451015472
0.00464841832118,-1.98731797912e-06,-0.000872664625998,8.53118896484
0.00464841832118,-1.98731797912e-06,-0.000872664625998,8.5476770401
0.00464841832118,-1.98731797912e-06,-0.000872664625998,8.56419897079
0.00464841832118,-1.98731797912e-06,-0.000872664625998,8.583796978
0.00464841832118,-1.98731797912e-06,-0.000872664625998,8.59758710861
0.00464841832118,-1.98731797912e-06,-0.000872664625998,8.61422801018
0.00464841832118,-1.98731797912e-06,-0.000872664625998,8.63083910942
0.00464841832118,-1.98731797912e-06,-0.000872664625998,8.64767408371
0.00464841832118,-1.98731797912e-06,-0.000872664625998,8.66421198845
0.00464841832118,-1.98731797912e-06,-0.000872664625998,8.68097615242
0.00464841832118,-1.98731797912e-06,-0.000872664625998,8.6975569725
0.00464841832118,-1.98731797912e-06,-0.000872664625998,8.71457314491
0.00464841832118,-1.98731797912e-06,-0.000872664625998,8.73117804527
0.00464841832118,-1.98731797912e-06,-0.000872664625998,8.74785804749
0.00464841832118,-1.98731797912e-06,-0.000872664625998,8.76450109482
0.00464841832118,-1.98731797912e-06,-0.000872664625998,8.78128600121
0.00464841832118,-1.98731797912e-06,-0.000872664625998,8.7977540493
0.00464841832118,-1.98731797912e-06,-0.000872664625998,8.81434106827
0.00464841832118,-1.98731797912e-06,-0.000872664625998,8.83087611198
0.00464841832118,-1.98731797912e-06,-0.000872664625998,8.84792208672
0.00464841832118,-1.98731797912e-06,-0.000872664625998,8.86438512802
0.00464841832118,-1.98731797912e-06,-0.000872664625998,8.88261818886
0.00464841832118,-1.98731797912e-06,-0.000872664625998,8.89802312851
0.00464841832118,-1.98731797912e-06,-0.000872664625998,8.91456198692
0.00464841832118,-1.98731797912e-06,-0.000872664625998,8.93109917641
0.00464841832118,-1.98731797912e-06,-0.000872664625998,8.9478521347
0.00464841832118,-1.98731797912e-06,-0.000872664625998,8.96465802193
0.00464841832118,-1.98731797912e-06,-0.000872664625998,8.98128509521
0.00464841832118,-1.98731797912e-06,-0.000872664625998,8.99892306328
0.00464841832118,-1.98731797912e-06,-0.000872664625998,9.01688599586
0.00464841832118,-1.98731797912e-06,-0.000872664625998,9.03222513199
0.00464841832118,-1.98731797912e-06,-0.000872664625998,9.04948997498
0.00464841832118,-1.98731797912e-06,-0.000872664625998,9.06518816948
0.00464841832118,-1.98731797912e-06,-0.000872664625998,9.08128714561
0.00464841832118,-1.98731797912e-06,-0.000872664625998,9.09746313095
0.00464841832118,-1.98731797912e-06,-0.000872664625998,9.11551618576
0.00464841832118,-1.98731797912e-06,-0.000872664625998,9.13119602203
0.00464841832118,-1.98731797912e-06,-0.000872664625998,9.14907097816
0.00464841832118,-1.98731797912e-06,-0.000872664625998,9.16501402855
0.00464841832118,-1.98731797912e-06,-0.000872664625998,9.1836771965
0.00464841832118,-1.98731797912e-06,-0.000872664625998,9.19780015945
0.00464841832118,-1.98731797912e-06,-0.000872664625998,9.21426796913
0.00464841832118,-1.98731797912e-06,-0.000872664625998,9.23093605042
0.00464841832118,-1.98731797912e-06,-0.000872664625998,9.24785804749
0.00464841832118,-1.98731797912e-06,-0.000872664625998,9.2644071579
0.00464841832118,-1.98731797912e-06,-0.000872664625998,9.28138208389
0.00464841832118,-1.98731797912e-06,-0.000872664625998,9.29757499695
0.00464841832118,-1.98731797912e-06,-0.000872664625998,9.31442117691
0.00464841832118,-1.98731797912e-06,-0.000872664625998,9.33082914352
0.00464841832118,-1.98731797912e-06,-0.000872664625998,9.34789013863
0.00464841832118,-1.98731797912e-06,-0.000872664625998,9.36438202858
0.00464841832118,-1.98731797912e-06,-0.000872664625998,9.38187217712
0.00464841832118,-1.98731797912e-06,-0.000872664625998,9.39807200432
0.00464841832118,-1.98731797912e-06,-0.000872664625998,9.41459417343
0.00464841832118,-1.98731797912e-06,-0.000872664625998,9.43087410927
0.00464841832118,-1.98731797912e-06,-0.000872664625998,9.44772815704
0.00464841832118,-1.98731797912e-06,-0.000872664625998,9.46420812607
0.00464841832118,-1.98731797912e-06,-0.000872664625998,9.48121809959
0.00464841832118,-1.98731797912e-06,-0.000872664625998,9.49772810936
0.00464841832118,-1.98731797912e-06,-0.000872664625998,9.51508307457
0.00464841832118,-1.98731797912e-06,-0.000872664625998,9.53088402748
0.00464841832118,-1.98731797912e-06,-0.000872664625998,9.54781103134
0.00464841832118,-1.98731797912e-06,-0.000872664625998,9.56434011459
0.00464841832118,-1.98731797912e-06,-0.000872664625998,9.58098196983
0.00464841832118,-1.98731797912e-06,-0.000872664625998,9.59812617302
0.00464841832118,-1.98731797912e-06,-0.000872664625998,9.61434698105
0.00464841832118,-1.98731797912e-06,-0.000872664625998,9.63103699684
0.00464841832118,-1.98731797912e-06,-0.000872664625998,9.64783811569
0.00464841832118,-1.98731797912e-06,-0.000872664625998,9.66439914703
0.00464841832118,-1.98731797912e-06,-0.000872664625998,9.68098306656
0.00464841832118,-1.98731797912e-06,-0.000872664625998,9.69789409637
0.00464841832118,-1.98731797912e-06,-0.000872664625998,9.71464419365
0.00464841832118,-1.98731797912e-06,-0.000872664625998,9.73101210594
0.00464841832118,-1.98731797912e-06,-0.000872664625998,9.7478749752
0.00464841832118,-1.98731797912e-06,-0.000872664625998,9.76462316513
0.00464841832118,-1.98731797912e-06,-0.000872664625998,9.78104901314
0.00464841832118,-1.98731797912e-06,-0.000872664625998,9.79817008972
0.00464841832118,-1.98731797912e-06,-0.000872664625998,9.8145570755
0.00464841832118,-1.98731797912e-06,-0.000872664625998,9.83098912239
0.00464841832118,-1.98731797912e-06,-0.000872664625998,9.84769511223
0.00464841832118,-1.98731797912e-06,-0.000872664625998,9.86422801018
0.00464841832118,-1.98731797912e-06,-0.000872664625998,9.88184499741
0.00464841832118,-1.98731797912e-06,-0.000872664625998,9.89794707298
0.00464841832118,-1.98731797912e-06,-0.000872664625998,9.91450214386
0.00464841832118,-1.98731797912e-06,-0.000872664625998,9.93118405342
0.00464841832118,-1.98731797912e-06,-0.000872664625998,9.94874811172
0.00464841832118,-1.98731797912e-06,-0.000872664625998,9.96517205238
0.00464841832118,-1.98731797912e-06,-0.000872664625998,9.98175501823
0.00464841832118,-1.98731797912e-06,-0.000872664625998,9.99756717682
0.00464841832118,-1.98731797912e-06,-0.000872664625998,10.014343977
0.00464841832118,-1.98731797912e-06,-0.000872664625998,10.031017065
0.00464841832118,-1.98731797912e-06,-0.000872664625998,10.0476281643
0.00464841832118,-1.98731797912e-06,-0.000872664625998,10.0645129681
0.00464841832118,-1.98731797912e-06,-0.000872664625998,10.0812811852
0.00464841832118,-1.98731797912e-06,-0.000872664625998,10.0978550911
0.00464841832118,-1.98731797912e-06,-0.000872664625998,10.1143541336
0.00464841832118,-1.98731797912e-06,-0.000872664625998,10.1309809685
0.00464841832118,-1.98731797912e-06,-0.000872664625998,10.1499400139
0.00464841832118,-1.98731797912e-06,-0.000872664625998,10.1642479897
0.00464841832118,-1.98731797912e-06,-0.000872664625998,10.1813490391
0.00464841832118,-1.98731797912e-06,-0.000872664625998,10.1975121498
0.00464841832118,-1.98731797912e-06,-0.000872664625998,10.2143340111
0.00464841832118,-1.98731797912e-06,-0.000872664625998,10.2314310074
0.00464841832118,-1.98731797912e-06,-0.000872664625998,10.2479550838
0.00464841832118,-1.98731797912e-06,-0.000872664625998,10.2643229961
0.00464841832118,-1.98731797912e-06,-0.000872664625998,10.2814581394
0.00464841832118,-1.98731797912e-06,-0.000872664625998,10.2978541851
0.00464841832118,-1.98731797912e-06,-0.000872664625998,10.3150861263
0.00464841832118,-1.98731797912e-06,-0.000872664625998,10.3311181068
0.00464841832118,-1.98731797912e-06,-0.000872664625998,10.3485980034
0.00464841832118,-1.98731797912e-06,-0.000872664625998,10.3642780781
0.00464841832118,-1.98731797912e-06,-0.000872664625998,10.3830590248
0.00464841832118,-1.98731797912e-06,-0.000872664625998,10.3975729942
0.00464841832118,-1.98731797912e-06,-0.000872664625998,10.4148330688
0.00464841832118,-1.98731797912e-06,-0.000872664625998,10.4310040474
0.00464841832118,-1.98731797912e-06,-0.000872664625998,10.4475879669
0.00464841832118,-1.98731797912e-06,-0.000872664625998,10.4648840427
0.00464841832118,-1.98731797912e-06,-0.000872664625998,10.4825770855
0.00464841832118,-1.98731797912e-06,-0.000872664625998,10.4985001087
0.00464841832118,-1.98731797912e-06,-0.000872664625998,10.5146820545
0.00464841832118,-1.98731797912e-06,-0.000872664625998,10.531042099
0.00464841832118,-1.98731797912e-06,-0.000872664625998,10.5489189625
0.00464841832118,-1.98731797912e-06,-0.000872664625998,10.5645470619
0.00464841832118,-1.98731797912e-06,-0.000872664625998,10.5812699795
0.00464841832118,-1.98731797912e-06,-0.000872664625998,10.5979001522
0.00464841832118,-1.98731797912e-06,-0.000872664625998,10.6149680614
0.00464841832118,-1.98731797912e-06,-0.000872664625998,10.6308569908
0.00464841832118,-1.98731797912e-06,-0.000872664625998,10.6482679844
0.00464841832118,-1.98731797912e-06,-0.000872664625998,10.6642410755
0.00464841832118,-1.98731797912e-06,-0.000872664625998,10.6810781956
0.00464841832118,-1.98731797912e-06,-0.000872664625998,10.7006549835
0.00464841832118,-1.98731797912e-06,-0.000872664625998,10.7192749977
0.00464841832118,-1.98731797912e-06,-0.000872664625998,10.7308280468
0.00464841832118,-1.98731797912e-06,-0.000872664625998,10.7478351593
0.00464841832118,-1.98731797912e-06,-0.000872664625998,10.7642800808
0.00464841832118,-1.98731797912e-06,-0.000872664625998,10.7810690403
0.00464841832118,-1.98731797912e-06,-0.000872664625998,10.7976870537
0.00464841832118,-1.98731797912e-06,-0.000872664625998,10.8142261505
0.00464841832118,-1.98731797912e-06,-0.000872664625998,10.8309321404
0.00464841832118,-1.98731797912e-06,-0.000872664625998,10.8475689888
0.00464841832118,-1.98731797912e-06,-0.000872664625998,10.8642880917
0.00464841832118,-1.98731797912e-06,-0.000872664625998,10.8812451363
0.00464841832118,-1.98731797912e-06,-0.000872664625998,10.8977279663
0.00464841832118,-1.98731797912e-06,-0.000872664625998,10.9143030643
0.00464841832118,-1.98731797912e-06,-0.000872664625998,10.9313189983
0.00464841832118,-1.98731797912e-06,-0.000872664625998,10.9490230083
0.00464841832118,-1.98731797912e-06,-0.000872664625998,10.9649560452
0.00464841832118,-1.98731797912e-06,-0.000872664625998,10.981110096
0.00464841832118,-1.98731797912e-06,-0.000872664625998,10.9984650612
0.00464841832118,-1.98731797912e-06,-0.000872664625998,11.0146000385
0.00464841832118,-1.98731797912e-06,-0.000872664625998,11.0310091972
0.00464841832118,-1.98731797912e-06,-0.000872664625998,11.0486171246
0.00464841832118,-1.98731797912e-06,-0.000872664625998,11.0675201416
0.00464841832118,-1.98731797912e-06,-0.000872664625998,11.0818750858
0.00464841832118,-1.98731797912e-06,-0.000872664625998,11.0975811481
0.00464841832118,-1.98731797912e-06,-0.000872664625998,11.1183001995
0.00464841832118,-1.98731797912e-06,-0.000872664625998,11.1317381859
0.00464841832118,-1.98731797912e-06,-0.000872664625998,11.1512751579
0.00464841832118,-1.98731797912e-06,-0.000872664625998,11.1642920971
0.00464841832118,-1.98731797912e-06,-0.000872664625998,11.1812241077
0.00464841832118,-1.98731797912e-06,-0.000872664625998,11.1988530159
0.00464841832118,-1.98731797912e-06,-0.000872664625998,11.2142059803
0.00464841832118,-1.98731797912e-06,-0.000872664625998,11.2308700085
0.00464841832118,-1.98731797912e-06,-0.000872664625998,11.2475881577
0.00464841832118,-1.98731797912e-06,-0.000872664625998,11.2643780708
0.00464841832118,-1.98731797912e-06,-0.000872664625998,11.2807919979
0.00464841832118,-1.98731797912e-06,-0.000872664625998,11.2988481522
0.00464841832118,-1.98731797912e-06,-0.000872664625998,11.3143379688
0.00464841832118,-1.98731797912e-06,-0.000872664625998,11.3315370083
0.00464841832118,-1.98731797912e-06,-0.000872664625998,11.3478829861
0.00464841832118,-1.98731797912e-06,-0.000872664625998,11.3642451763
0.00464841832118,-1.98731797912e-06,-0.000872664625998,11.3818399906
0.00464841832118,-1.98731797912e-06,-0.000872664625998,11.3975820541
0.00464841832118,-1.98731797912e-06,-0.000872664625998,11.4147531986
0.00464841832118,-1.98731797912e-06,-0.000872664625998,11.4312989712
0.00464841832118,-1.98731797912e-06,-0.000872664625998,11.4479951859
0.00464841832118,-1.98731797912e-06,-0.000872664625998,11.464318037
0.00464841832118,-1.98731797912e-06,-0.000872664625998,11.4819259644
0.00464841832118,-1.98731797912e-06,-0.000872664625998,11.4980211258
0.00464841832118,-1.98731797912e-06,-0.000872664625998,11.5146040916
0.00464841832118,-1.98731797912e-06,-0.000872664625998,11.531206131
0.00464841832118,-1.98731797912e-06,-0.000872664625998,11.5477640629
0.00464841832118,-1.98731797912e-06,-0.000872664625998,11.5642840862
0.00464841832118,-1.98731797912e-06,-0.000872664625998,11.5818440914
0.00464841832118,-1.98731797912e-06,-0.000872664625998,11.597741127
0.00464841832118,-1.98731797912e-06,-0.000872664625998,11.6145761013
0.00464841832118,-1.98731797912e-06,-0.000872664625998,11.6311490536
0.00464841832118,-1.98731797912e-06,-0.000872664625998,11.6479160786
0.00464841832118,-1.98731797912e-06,-0.000872664625998,11.6645920277
0.00464841832118,-1.98731797912e-06,-0.000872664625998,11.6824800968
0.00464841832118,-1.98731797912e-06,-0.000872664625998,11.6977310181
0.00464841832118,-1.98731797912e-06,-0.000872664625998,11.7142109871
0.00464841832118,-1.98731797912e-06,-0.000872664625998,11.7313451767
0.00464841832118,-1.98731797912e-06,-0.000872664625998,11.7482390404
0.00464841832118,-1.98731797912e-06,-0.000872664625998,11.7642371655
0.00464841832118,-1.98731797912e-06,-0.000872664625998,11.7808101177
0.00464841832118,-1.98731797912e-06,-0.000872664625998,11.7978851795
0.00464841832118,-1.98731797912e-06,-0.000872664625998,11.8143830299
0.00464841832118,-1.98731797912e-06,-0.000872664625998,11.8309509754
0.00464841832118,-1.98731797912e-06,-0.000872664625998,11.8477010727
0.00464841832118,-1.98731797912e-06,-0.000872664625998,11.8642060757
0.00464841832118,-1.98731797912e-06,-0.000872664625998,11.8811120987
0.00464841832118,-1.98731797912e-06,-0.000872664625998,11.8977220058
0.00464841832118,-1.98731797912e-06,-0.000872664625998,11.9143190384
0.00464841832118,-1.98731797912e-06,-0.000872664625998,11.9314081669
0.00464841832118,-1.98731797912e-06,-0.000872664625998,11.9475450516
0.00464841832118,-1.98731797912e-06,-0.000872664625998,11.9643130302
0.00464841832118,-1.98731797912e-06,-0.000872664625998,11.981208086
0.00464841832118,-1.98731797912e-06,-0.000872664625998,11.9977459908
0.00464841832118,-1.98731797912e-06,-0.000872664625998,12.015925169
0.00464841832118,-1.98731797912e-06,-0.000872664625998,12.0309000015
0.00464841832118,-1.98731797912e-06,-0.000872664625998,12.0478971004
0.00464841832118,-1.98731797912e-06,-0.000872664625998,12.0645260811
0.00464841832118,-1.98731797912e-06,-0.000872664625998,12.0813271999
0.00464841832118,-1.98731797912e-06,-0.000872664625998,12.097725153
0.00464841832118,-1.98731797912e-06,-0.000872664625998,12.1145629883
0.00464841832118,-1.98731797912e-06,-0.000872664625998,12.1315159798
0.00464841832118,-1.98731797912e-06,-0.000872664625998,12.1477100849
0.00464841832118,-1.98731797912e-06,-0.000872664625998,12.1643240452
0.00464841832118,-1.98731797912e-06,-0.000872664625998,12.180929184
0.00464841832118,-1.98731797912e-06,-0.000872664625998,12.1982250214
0.00464841832118,-1.98731797912e-06,-0.000872664625998,12.2143599987
0.00464841832118,-1.98731797912e-06,-0.000872664625998,12.2309710979
0.00464841832118,-1.98731797912e-06,-0.000872664625998,12.2476730347
0.00464841832118,-1.98731797912e-06,-0.000872664625998,12.2642030716
0.00464841832118,-1.98731797912e-06,-0.000872664625998,12.2810330391
0.00464841832118,-1.98731797912e-06,-0.000872664625998,12.2976651192
0.00464841832118,-1.98731797912e-06,-0.000872664625998,12.3144211769
0.00464841832118,-1.98731797912e-06,-0.000872664625998,12.3319501877
0.00464841832118,-1.98731797912e-06,-0.000872664625998,12.3490900993
0.00464841832118,-1.98731797912e-06,-0.000872664625998,12.3641810417
0.00464841832118,-1.98731797912e-06,-0.000872664625998,12.3816289902
0.00464841832118,-1.98731797912e-06,-0.000872664625998,12.3978660107
0.00464841832118,-1.98731797912e-06,-0.000872664625998,12.414096117
0.00464841832118,-1.98731797912e-06,-0.000872664625998,12.4307351112
0.00464841832118,-1.98731797912e-06,-0.000872664625998,12.4476339817
0.00464841832118,-1.98731797912e-06,-0.000872664625998,12.4643499851
0.00464841832118,-1.98731797912e-06,-0.000872664625998,12.4809491634
0.00464841832118,-1.98731797912e-06,-0.000872664625998,12.497647047
0.00464841832118,-1.98731797912e-06,-0.000872664625998,12.514234066
0.00464841832118,-1.98731797912e-06,-0.000872664625998,12.5312771797
0.00464841832118,-1.98731797912e-06,-0.000872664625998,12.5476970673
0.00464841832118,-1.98731797912e-06,-0.000872664625998,12.5645871162
0.00464841832118,-1.98731797912e-06,-0.000872664625998,12.5810270309
0.00464841832118,-1.98731797912e-06,-0.000872664625998,12.597563982
0.00464841832118,-1.98731797912e-06,-0.000872664625998,12.6143231392
0.00464841832118,-1.98731797912e-06,-0.000872664625998,12.630906105
0.00464841832118,-1.98731797912e-06,-0.000872664625998,12.6475310326
0.00464841832118,-1.98731797912e-06,-0.000872664625998,12.6643881798
0.00464841832118,-1.98731797912e-06,-0.000872664625998,12.6815571785
0.00464841832118,-1.98731797912e-06,-0.000872664625998,12.6978549957
0.00464841832118,-1.98731797912e-06,-0.000872664625998,12.7141780853
0.00464841832118,-1.98731797912e-06,-0.000872664625998,12.7309920788
0.00464841832118,-1.98731797912e-06,-0.000872664625998,12.7474820614
0.00464841832118,-1.98731797912e-06,-0.000872664625998,12.7642490864
0.00464841832118,-1.98731797912e-06,-0.000872664625998,12.7813529968
0.00464841832118,-1.98731797912e-06,-0.000872664625998,12.7982711792
0.00464841832118,-1.98731797912e-06,-0.000872664625998,12.8150880337
0.00464841832118,-1.98731797912e-06,-0.000872664625998,12.8311929703
0.00464841832118,-1.98731797912e-06,-0.000872664625998,12.8474969864
0.00464841832118,-1.98731797912e-06,-0.000872664625998,12.8642649651
0.00464841832118,-1.98731797912e-06,-0.000872664625998,12.8809511662
0.00464841832118,-1.98731797912e-06,-0.000872664625998,12.8976340294
0.00464841832118,-1.98731797912e-06,-0.000872664625998,12.9144389629
0.00464841832118,-1.98731797912e-06,-0.000872664625998,12.931030035
0.00464841832118,-1.98731797912e-06,-0.000872664625998,12.9475691319
0.00464841832118,-1.98731797912e-06,-0.000872664625998,12.964550972
0.00464841832118,-1.98731797912e-06,-0.000872664625998,12.9810199738
0.00464841832118,-1.98731797912e-06,-0.000872664625998,12.9982111454
0.00464841832118,-1.98731797912e-06,-0.000872664625998,13.0156261921
0.00464841832118,-1.98731797912e-06,-0.000872664625998,13.0308721066
0.00464841832118,-1.98731797912e-06,-0.000872664625998,13.0475301743
0.00464841832118,-1.98731797912e-06,-0.000872664625998,13.0650620461
0.00464841832118,-1.98731797912e-06,-0.000872664625998,13.0809240341
0.00464841832118,-1.98731797912e-06,-0.000872664625998,13.0975830555
0.00464841832118,-1.98731797912e-06,-0.000872664625998,13.1145071983
0.00464841832118,-1.98731797912e-06,-0.000872664625998,13.1308951378
0.00464841832118,-1.98731797912e-06,-0.000872664625998,13.1476950645
0.00464841832118,-1.98731797912e-06,-0.000872664625998,13.1642560959
0.00464841832118,-1.98731797912e-06,-0.000872664625998,13.1809551716
0.00464841832118,-1.98731797912e-06,-0.000872664625998,13.1977751255
0.00464841832118,-1.98731797912e-06,-0.000872664625998,13.2145550251
0.00464841832118,-1.98731797912e-06,-0.000872664625998,13.2312600613
0.00464841832118,-1.98731797912e-06,-0.000872664625998,13.247521162
0.00464841832118,-1.98731797912e-06,-0.000872664625998,13.2643971443
0.00464841832118,-1.98731797912e-06,-0.000872664625998,13.2813911438
0.00464841832118,-1.98731797912e-06,-0.000872664625998,13.2977449894
0.00464841832118,-1.98731797912e-06,-0.000872664625998,13.3143200874
0.00464841832118,-1.98731797912e-06,-0.000872664625998,13.3314630985
0.00464841832118,-1.98731797912e-06,-0.000872664625998,13.3474969864
0.00464841832118,-1.98731797912e-06,-0.000872664625998,13.3647639751
0.00464841832118,-1.98731797912e-06,-0.000872664625998,13.3811061382
0.00464841832118,-1.98731797912e-06,-0.000872664625998,13.3976771832
0.00464841832118,-1.98731797912e-06,-0.000872664625998,13.4142701626
0.00464841832118,-1.98731797912e-06,-0.000872664625998,13.4309580326
0.00464841832118,-1.98731797912e-06,-0.000872664625998,13.4483220577
0.00464841832118,-1.98731797912e-06,-0.000872664625998,13.4641611576
0.00464841832118,-1.98731797912e-06,-0.000872664625998,13.4808080196
0.00464841832118,-1.98731797912e-06,-0.000872664625998,13.4977550507
0.00464841832118,-1.98731797912e-06,-0.000872664625998,13.5144271851
0.00464841832118,-1.98731797912e-06,-0.000872664625998,13.5308790207
0.00464841832118,-1.98731797912e-06,-0.000872664625998,13.5475480556
0.00464841832118,-1.98731797912e-06,-0.000872664625998,13.5643041134
0.00464841832118,-1.98731797912e-06,-0.000872664625998,13.5811061859
0.00464841832118,-1.98731797912e-06,-0.000872664625998,13.5979311466
0.00464841832118,-1.98731797912e-06,-0.000872664625998,13.6141891479
0.00464841832118,-1.98731797912e-06,-0.000872664625998,13.630808115
0.00464841832118,-1.98731797912e-06,-0.000872664625998,13.6475601196
0.00464841832118,-1.98731797912e-06,-0.000872664625998,13.6641421318
0.00464841832118,-1.98731797912e-06,-0.000872664625998,13.6809990406
0.00464841832118,-1.98731797912e-06,-0.000872664625998,13.6976640224
0.00464841832118,-1.98731797912e-06,-0.000872664625998,13.7144989967
0.00464841832118,-1.98731797912e-06,-0.000872664625998,13.7319030762
0.00464841832118,-1.98731797912e-06,-0.000872664625998,13.7480370998
0.00464841832118,-1.98731797912e-06,-0.000872664625998,13.7647771835
0.00464841832118,-1.98731797912e-06,-0.000872664625998,13.7807769775
0.00464841832118,-1.98731797912e-06,-0.000872664625998,13.7986881733
0.00464841832118,-1.98731797912e-06,-0.000872664625998,13.8143441677
0.00464841832118,-1.98731797912e-06,-0.000872664625998,13.831261158
0.00464841832118,-1.98731797912e-06,-0.000872664625998,13.8477680683
0.00464841832118,-1.98731797912e-06,-0.000872664625998,13.8642339706
0.00464841832118,-1.98731797912e-06,-0.000872664625998,13.8809411526
0.00464841832118,-1.98731797912e-06,-0.000872664625998,13.8975300789
0.00464841832118,-1.98731797912e-06,-0.000872664625998,13.9145231247
0.00464841832118,-1.98731797912e-06,-0.000872664625998,13.93126297
0.00464841832118,-1.98731797912e-06,-0.000872664625998,13.9474980831
0.00464841832118,-1.98731797912e-06,-0.000872664625998,13.9646251202
0.00464841832118,-1.98731797912e-06,-0.000872664625998,13.9813501835
0.00464841832118,-1.98731797912e-06,-0.000872664625998,13.9975581169
0.00464841832118,-1.98731797912e-06,-0.000872664625998,14.0144071579
0.00464841832118,-1.98731797912e-06,-0.000872664625998,14.0308451653
0.00464841832118,-1.98731797912e-06,-0.000872664625998,14.0487551689
0.00464841832118,-1.98731797912e-06,-0.000872664625998,14.0644450188
0.00464841832118,-1.98731797912e-06,-0.000872664625998,14.0810251236
0.00464841832118,-1.98731797912e-06,-0.000872664625998,14.0977230072
0.00464841832118,-1.98731797912e-06,-0.000872664625998,14.1145529747
0.00464841832118,-1.98731797912e-06,-0.000872664625998,14.1308460236
0.00464841832118,-1.98731797912e-06,-0.000872664625998,14.1476511955
0.00464841832118,-1.98731797912e-06,-0.000872664625998,14.1641790867
0.00464841832118,-1.98731797912e-06,-0.000872664625998,14.1816501617
0.00464841832118,-1.98731797912e-06,-0.000872664625998,14.1975111961
0.00464841832118,-1.98731797912e-06,-0.000872664625998,14.2144219875
0.00464841832118,-1.98731797912e-06,-0.000872664625998,14.2307960987
0.00464841832118,-1.98731797912e-06,-0.000872664625998,14.2475180626
0.00464841832118,-1.98731797912e-06,-0.000872664625998,14.2641940117
0.00464841832118,-1.98731797912e-06,-0.000872664625998,14.2813601494
0.00464841832118,-1.98731797912e-06,-0.000872664625998,14.2975690365
0.00464841832118,-1.98731797912e-06,-0.000872664625998,14.3152141571
0.00464841832118,-1.98731797912e-06,-0.000872664625998,14.3316571712
0.00464841832118,-1.98731797912e-06,-0.000872664625998,14.3474760056
0.00464841832118,-1.98731797912e-06,-0.000872664625998,14.3641521931
0.00464841832118,-1.98731797912e-06,-0.000872664625998,14.3809540272
0.00464841832118,-1.98731797912e-06,-0.000872664625998,14.3976690769
0.00464841832118,-1.98731797912e-06,-0.000872664625998,14.4146370888
0.00464841832118,-1.98731797912e-06,-0.000872664625998,14.431221962
0.00464841832118,-1.98731797912e-06,-0.000872664625998,14.449805975
0.00464841832118,-1.98731797912e-06,-0.000872664625998,14.4640409946
0.00464841832118,-1.98731797912e-06,-0.000872664625998,14.4807920456
0.00464841832118,-1.98731797912e-06,-0.000872664625998,14.4976520538
0.00464841832118,-1.98731797912e-06,-0.000872664625998,14.5142049789
0.00464841832118,-1.98731797912e-06,-0.000872664625998,14.5309400558
0.00464841832118,-1.98731797912e-06,-0.000872664625998,14.5478591919
0.00464841832118,-1.98731797912e-06,-0.000872664625998,14.5643041134
0.00464841832118,-1.98731797912e-06,-0.000872664625998,14.5809011459
0.00464841832118,-1.98731797912e-06,-0.000872664625998,14.5974490643
0.00464841832118,-1.98731797912e-06,-0.000872664625998,14.6141750813
0.00464841832118,-1.98731797912e-06,-0.000872664625998,14.6308190823
0.00464841832118,-1.98731797912e-06,-0.000872664625998,14.6475491524
0.00464841832118,-1.98731797912e-06,-0.000872664625998,14.6640720367
0.00464841832118,-1.98731797912e-06,-0.000872664625998,14.6808481216
0.00464841832118,-1.98731797912e-06,-0.000872664625998,14.6975519657
0.00464841832118,-1.98731797912e-06,-0.000872664625998,14.7141749859
0.00464841832118,-1.98731797912e-06,-0.000872664625998,14.7308430672
0.00464841832118,-1.98731797912e-06,-0.000872664625998,14.7476789951
0.00464841832118,-1.98731797912e-06,-0.000872664625998,14.76415205
0.00464841832118,-1.98731797912e-06,-0.000872664625998,14.7810750008
0.00464841832118,-1.98731797912e-06,-0.000872664625998,14.7986180782
0.00464841832118,-1.98731797912e-06,-0.000872664625998,14.8145501614
0.00464841832118,-1.98731797912e-06,-0.000872664625998,14.8310141563
0.00464841832118,-1.98731797912e-06,-0.000872664625998,14.8476521969
0.00464841832118,-1.98731797912e-06,-0.000872664625998,14.8644201756
0.00464841832118,-1.98731797912e-06,-0.000872664625998,14.8809230328
0.00464841832118,-1.98731797912e-06,-0.000872664625998,14.898001194
0.00464841832118,-1.98731797912e-06,-0.000872664625998,14.9143550396
0.00464841832118,-1.98731797912e-06,-0.000872664625998,14.9310929775
0.00464841832118,-1.98731797912e-06,-0.000872664625998,14.9477610588
0.00464841832118,-1.98731797912e-06,-0.000872664625998,14.9649090767
0.00464841832118,-1.98731797912e-06,-0.000872664625998,14.9815490246
0.00464841832118,-1.98731797912e-06,-0.000872664625998,14.9977271557
0.00464841832118,-1.98731797912e-06,-0.000872664625998,15.0144481659
0.00464841832118,-1.98731797912e-06,-0.000872664625998,15.0311441422
0.00464841832118,-1.98731797912e-06,-0.000872664625998,15.0477740765
0.00464841832118,-1.98731797912e-06,-0.000872664625998,15.0655560493
0.00464841832118,-1.98731797912e-06,-0.000872664625998,15.0809681416
0.00464841832118,-1.98731797912e-06,-0.000872664625998,15.0976600647
0.00464841832118,-1.98731797912e-06,-0.000872664625998,15.114937067
0.00464841832118,-1.98731797912e-06,-0.000872664625998,15.1310651302
0.00464841832118,-1.98731797912e-06,-0.000872664625998,15.1475360394
0.00464841832118,-1.98731797912e-06,-0.000872664625998,15.1658689976
0.00464841832118,-1.98731797912e-06,-0.000872664625998,15.1816961765
0.00464841832118,-1.98731797912e-06,-0.000872664625998,15.1975991726
0.00464841832118,-1.98731797912e-06,-0.000872664625998,15.2150759697
0.00464841832118,-1.98731797912e-06,-0.000872664625998,15.2341361046
0.00464841832118,-1.98731797912e-06,-0.000872664625998,15.2475481033
0.00464841832118,-1.98731797912e-06,-0.000872664625998,15.2642080784
0.00464841832118,-1.98731797912e-06,-0.000872664625998,15.28094697
0.00464841832118,-1.98731797912e-06,-0.000872664625998,15.2975070477
0.00464841832118,-1.98731797912e-06,-0.000872664625998,15.3142399788
0.00464841832118,-1.98731797912e-06,-0.000872664625998,15.3313791752
0.00464841832118,-1.98731797912e-06,-0.000872664625998,15.3476281166
0.00464841832118,-1.98731797912e-06,-0.000872664625998,15.3642430305
0.00464841832118,-1.98731797912e-06,-0.000872664625998,15.3809781075
0.00464841832118,-1.98731797912e-06,-0.000872664625998,15.3981230259
0.00464841832118,-1.98731797912e-06,-0.000872664625998,15.4141659737
0.00464841832118,-1.98731797912e-06,-0.000872664625998,15.4315431118
0.00464841832118,-1.98731797912e-06,-0.000872664625998,15.4480810165
0.00464841832118,-1.98731797912e-06,-0.000872664625998,15.4642601013
0.00464841832118,-1.98731797912e-06,-0.000872664625998,15.48102808
0.00464841832118,-1.98731797912e-06,-0.000872664625998,15.4994211197
0.00464841832118,-1.98731797912e-06,-0.000872664625998,15.5142331123
0.00464841832118,-1.98731797912e-06,-0.000872664625998,15.5318009853
0.00464841832118,-1.98731797912e-06,-0.000872664625998,15.5480561256
0.00464841832118,-1.98731797912e-06,-0.000872664625998,15.56427598
0.00464841832118,-1.98731797912e-06,-0.000872664625998,15.5809941292
0.00464841832118,-1.98731797912e-06,-0.000872664625998,15.5974431038
0.00464841832118,-1.98731797912e-06,-0.000872664625998,15.6149411201
0.00464841832118,-1.98731797912e-06,-0.000872664625998,15.6312131882
0.00464841832118,-1.98731797912e-06,-0.000872664625998,15.6474859715
0.00464841832118,-1.98731797912e-06,-0.000872664625998,15.6644589901
0.00464841832118,-1.98731797912e-06,-0.000872664625998,15.6817290783
0.00464841832118,-1.98731797912e-06,-0.000872664625998,15.6981899738
0.00464841832118,-1.98731797912e-06,-0.000872664625998,15.7151370049
0.00464841832118,-1.98731797912e-06,-0.000872664625998,15.731454134
0.00464841832118,-1.98731797912e-06,-0.000872664625998,15.7475070953
0.00464841832118,-1.98731797912e-06,-0.000872664625998,15.7644979954
0.00464841832118,-1.98731797912e-06,-0.000872664625998,15.781165123
0.00464841832118,-1.98731797912e-06,-0.000872664625998,15.798017025
0.00464841832118,-1.98731797912e-06,-0.000872664625998,15.8142809868
0.00464841832118,-1.98731797912e-06,-0.000872664625998,15.8319590092
0.00464841832118,-1.98731797912e-06,-0.000872664625998,15.8477740288
0.00464841832118,-1.98731797912e-06,-0.000872664625998,15.8644630909
0.00464841832118,-1.98731797912e-06,-0.000872664625998,15.8818321228
0.00464841832118,-1.98731797912e-06,-0.000872664625998,15.8978140354
0.00464841832118,-1.98731797912e-06,-0.000872664625998,15.9145741463
0.00464841832118,-1.98731797912e-06,-0.000872664625998,15.931153059
0.00464841832118,-1.98731797912e-06,-0.000872664625998,15.9475591183
0.00464841832118,-1.98731797912e-06,-0.000872664625998,15.9642550945
0.00464841832118,-1.98731797912e-06,-0.000872664625998,15.980959177
0.00464841832118,-1.98731797912e-06,-0.000872664625998,15.9985311031
0.00464841832118,-1.98731797912e-06,-0.000872664625998,16.0142531395
0.00464841832118,-1.98731797912e-06,-0.000872664625998,16.0314171314
0.00464841832118,-1.98731797912e-06,-0.000872664625998,16.0488750935
0.00464841832118,-1.98731797912e-06,-0.000872664625998,16.0656001568
0.00464841832118,-1.98731797912e-06,-0.000872664625998,16.0808780193
0.00464841832118,-1.98731797912e-06,-0.000872664625998,16.098760128
0.00464841832118,-1.98731797912e-06,-0.000872664625998,16.1142940521
0.00464841832118,-1.98731797912e-06,-0.000872664625998,16.1321220398
0.00464841832118,-1.98731797912e-06,-0.000872664625998,16.1476230621
0.00464841832118,-1.98731797912e-06,-0.000872664625998,16.1646630764
0.00464841832118,-1.98731797912e-06,-0.000872664625998,16.1813831329
0.00464841832118,-1.98731797912e-06,-0.000872664625998,16.198225975
0.00464841832118,-1.98731797912e-06,-0.000872664625998,16.2147431374
0.00464841832118,-1.98731797912e-06,-0.000872664625998,16.2319331169
0.00464841832118,-1.98731797912e-06,-0.000872664625998,16.247879982
0.00464841832118,-1.98731797912e-06,-0.000872664625998,16.2646861076
0.00464841832118,-1.98731797912e-06,-0.000872664625998,16.280985117
0.00464841832118,-1.98731797912e-06,-0.000872664625998,16.2979881763
0.00464841832118,-1.98731797912e-06,-0.000872664625998,16.3144390583
0.00464841832118,-1.98731797912e-06,-0.000872664625998,16.3331899643
0.00464841832118,-1.98731797912e-06,-0.000872664625998,16.3477210999
0.00464841832118,-1.98731797912e-06,-0.000872664625998,16.3654360771
0.00464841832118,-1.98731797912e-06,-0.000872664625998,16.3809809685
0.00464841832118,-1.98731797912e-06,-0.000872664625998,16.3984191418
0.00464841832118,-1.98731797912e-06,-0.000872664625998,16.4146711826
0.00464841832118,-1.98731797912e-06,-0.000872664625998,16.4313921928
0.00464841832118,-1.98731797912e-06,-0.000872664625998,16.4477760792
0.00464841832118,-1.98731797912e-06,-0.000872664625998,16.4645721912
0.00464841832118,-1.98731797912e-06,-0.000872664625998,16.4808850288
0.00464841832118,-1.98731797912e-06,-0.000872664625998,16.4977791309
0.00464841832118,-1.98731797912e-06,-0.000872664625998,16.5142021179
0.00464841832118,-1.98731797912e-06,-0.000872664625998,16.530944109
0.00464841832118,-1.98731797912e-06,-0.000872664625998,16.5487670898
0.00464841832118,-1.98731797912e-06,-0.000872664625998,16.5642840862
0.00464841832118,-1.98731797912e-06,-0.000872664625998,16.5810031891
0.00464841832118,-1.98731797912e-06,-0.000872664625998,16.5979981422
0.00464841832118,-1.98731797912e-06,-0.000872664625998,16.614782095
0.00464841832118,-1.98731797912e-06,-0.000872664625998,16.6307821274
0.00464841832118,-1.98731797912e-06,-0.000872664625998,16.6475520134
0.00464841832118,-1.98731797912e-06,-0.000872664625998,16.6641550064
0.00464841832118,-1.98731797912e-06,-0.000872664625998,16.6809380054
0.00464841832118,-1.98731797912e-06,-0.000872664625998,16.697630167
0.00464841832118,-1.98731797912e-06,-0.000872664625998,16.7142241001
0.00464841832118,-1.98731797912e-06,-0.000872664625998,16.7317800522
0.00464841832118,-1.98731797912e-06,-0.000872664625998,16.7480170727
0.00464841832118,-1.98731797912e-06,-0.000872664625998,16.7646009922
0.00464841832118,-1.98731797912e-06,-0.000872664625998,16.7809350491
0.00464841832118,-1.98731797912e-06,-0.000872664625998,16.7978971004
0.00464841832118,-1.98731797912e-06,-0.000872664625998,16.8143231869
0.00464841832118,-1.98731797912e-06,-0.000872664625998,16.8318350315
0.00464841832118,-1.98731797912e-06,-0.000872664625998,16.8497681618
0.00464841832118,-1.98731797912e-06,-0.000872664625998,16.8662800789
0.00464841832118,-1.98731797912e-06,-0.000872664625998,16.8809530735
0.00464841832118,-1.98731797912e-06,-0.000872664625998,16.8980851173
0.00464841832118,-1.98731797912e-06,-0.000872664625998,16.9144561291
0.00464841832118,-1.98731797912e-06,-0.000872664625998,16.9316020012
0.00464841832118,-1.98731797912e-06,-0.000872664625998,16.9489591122
0.00464841832118,-1.98731797912e-06,-0.000872664625998,16.9653000832
0.00464841832118,-1.98731797912e-06,-0.000872664625998,16.9819641113
0.00464841832118,-1.98731797912e-06,-0.000872664625998,17.0007231236
0.00464841832118,-1.98731797912e-06,-0.000872664625998,17.0142071247
0.00464841832118,-1.98731797912e-06,-0.000872664625998,17.0309741497
0.00464841832118,-1.98731797912e-06,-0.000872664625998,17.0484390259
0.00464841832118,-1.98731797912e-06,-0.000872664625998,17.065415144
0.00464841832118,-1.98731797912e-06,-0.000872664625998,17.0810241699
0.00464841832118,-1.98731797912e-06,-0.000872664625998,17.0998291969
0.00464841832118,-1.98731797912e-06,-0.000872664625998,17.1149601936
0.00464841832118,-1.98731797912e-06,-0.000872664625998,17.131136179
0.00464841832118,-1.98731797912e-06,-0.000872664625998,17.1475231647
0.00464841832118,-1.98731797912e-06,-0.000872664625998,17.1641941071
0.00464841832118,-1.98731797912e-06,-0.000872664625998,17.1809539795
0.00464841832118,-1.98731797912e-06,-0.000872664625998,17.1977541447
0.00464841832118,-1.98731797912e-06,-0.000872664625998,17.2143790722
0.00464841832118,-1.98731797912e-06,-0.000872664625998,17.231192112
0.00464841832118,-1.98731797912e-06,-0.000872664625998,17.2479691505
0.00464841832118,-1.98731797912e-06,-0.000872664625998,17.2644271851
0.00464841832118,-1.98731797912e-06,-0.000872664625998,17.2808921337
0.00464841832118,-1.98731797912e-06,-0.000872664625998,17.2976741791
0.00464841832118,-1.98731797912e-06,-0.000872664625998,17.3143310547
0.00464841832118,-1.98731797912e-06,-0.000872664625998,17.3313901424
0.00464841832118,-1.98731797912e-06,-0.000872664625998,17.3489971161
0.00464841832118,-1.98731797912e-06,-0.000872664625998,17.364274025
0.00464841832118,-1.98731797912e-06,-0.000872664625998,17.3808991909
0.00464841832118,-1.98731797912e-06,-0.000872664625998,17.3975579739
0.00464841832118,-1.98731797912e-06,-0.000872664625998,17.4152390957
0.00464841832118,-1.98731797912e-06,-0.000872664625998,17.4319081306
0.00464841832118,-1.98731797912e-06,-0.000872664625998,17.4484221935
0.00464841832118,-1.98731797912e-06,-0.000872664625998,17.4646260738
0.00464841832118,-1.98731797912e-06,-0.000872664625998,17.4808290005
0.00464841832118,-1.98731797912e-06,-0.000872664625998,17.4976639748
0.00464841832118,-1.98731797912e-06,-0.000872664625998,17.514234066
0.00464841832118,-1.98731797912e-06,-0.000872664625998,17.5310800076
0.00464841832118,-1.98731797912e-06,-0.000872664625998,17.5480921268
0.00464841832118,-1.98731797912e-06,-0.000872664625998,17.5647630692
0.00464841832118,-1.98731797912e-06,-0.000872664625998,17.5813860893
0.00464841832118,-1.98731797912e-06,-0.000872664625998,17.5979390144
0.00464841832118,-1.98731797912e-06,-0.000872664625998,17.6150300503
0.00464841832118,-1.98731797912e-06,-0.000872664625998,17.6311221123
0.00464841832118,-1.98731797912e-06,-0.000872664625998,17.6475510597
0.00464841832118,-1.98731797912e-06,-0.000872664625998,17.6645081043
0.00464841832118,-1.98731797912e-06,-0.000872664625998,17.6815650463
0.00464841832118,-1.98731797912e-06,-0.000872664625998,17.6981270313
0.00464841832118,-1.98731797912e-06,-0.000872664625998,17.7143921852
0.00464841832118,-1.98731797912e-06,-0.000872664625998,17.7319231033
0.00464841832118,-1.98731797912e-06,-0.000872664625998,17.7485921383
0.00464841832118,-1.98731797912e-06,-0.000872664625998,17.7657539845
0.00464841832118,-1.98731797912e-06,-0.000872664625998,17.782490015
0.00464841832118,-1.98731797912e-06,-0.000872664625998,17.7988929749
0.00464841832118,-1.98731797912e-06,-0.000872664625998,17.8148319721
0.00464841832118,-1.98731797912e-06,-0.000872664625998,17.8314461708
0.00464841832118,-1.98731797912e-06,-0.000872664625998,17.8497571945
0.00464841832118,-1.98731797912e-06,-0.000872664625998,17.8645730019
0.00464841832118,-1.98731797912e-06,-0.000872664625998,17.8813130856
0.00464841832118,-1.98731797912e-06,-0.000872664625998,17.8983700275
0.00464841832118,-1.98731797912e-06,-0.000872664625998,17.9144921303
0.00464841832118,-1.98731797912e-06,-0.000872664625998,17.9309301376
0.00464841832118,-1.98731797912e-06,-0.000872664625998,17.9477460384
0.00464841832118,-1.98731797912e-06,-0.000872664625998,17.9642879963
0.00464841832118,-1.98731797912e-06,-0.000872664625998,17.9808521271
0.00464841832118,-1.98731797912e-06,-0.000872664625998,17.9978749752
0.00464841832118,-1.98731797912e-06,-0.000872664625998,18.0144591331
0.00464841832118,-1.98731797912e-06,-0.000872664625998,18.0309450626
0.00464841832118,-1.98731797912e-06,-0.000872664625998,18.047631979
0.00464841832118,-1.98731797912e-06,-0.000872664625998,18.0643751621
0.00464841832118,-1.98731797912e-06,-0.000872664625998,18.0810000896
0.00464841832118,-1.98731797912e-06,-0.000872664625998,18.0980021954
0.00464841832118,-1.98731797912e-06,-0.000872664625998,18.1141571999
0.00464841832118,-1.98731797912e-06,-0.000872664625998,18.1315171719
0.00464841832118,-1.98731797912e-06,-0.000872664625998,18.1479010582
0.00464841832118,-1.98731797912e-06,-0.000872664625998,18.1644480228
0.00464841832118,-1.98731797912e-06,-0.000872664625998,18.1813640594
0.00464841832118,-1.98731797912e-06,-0.000872664625998,18.1982619762
0.00464841832118,-1.98731797912e-06,-0.000872664625998,18.214261055
0.00464841832118,-1.98731797912e-06,-0.000872664625998,18.2313451767
0.00464841832118,-1.98731797912e-06,-0.000872664625998,18.2477719784
0.00464841832118,-1.98731797912e-06,-0.000872664625998,18.2644181252
0.00464841832118,-1.98731797912e-06,-0.000872664625998,18.2813360691
0.00464841832118,-1.98731797912e-06,-0.000872664625998,18.2981851101
0.00464841832118,-1.98731797912e-06,-0.000872664625998,18.3144769669
0.00464841832118,-1.98731797912e-06,-0.000872664625998,18.3310480118
0.00464841832118,-1.98731797912e-06,-0.000872664625998,18.3477451801
0.00464841832118,-1.98731797912e-06,-0.000872664625998,18.3647191525
0.00464841832118,-1.98731797912e-06,-0.000872664625998,18.3824009895
0.00464841832118,-1.98731797912e-06,-0.000872664625998,18.3989861012
0.00464841832118,-1.98731797912e-06,-0.000872664625998,18.4143230915
0.00464841832118,-1.98731797912e-06,-0.000872664625998,18.4309170246
0.00464841832118,-1.98731797912e-06,-0.000872664625998,18.447573185
0.00464841832118,-1.98731797912e-06,-0.000872664625998,18.4644100666
0.00464841832118,-1.98731797912e-06,-0.000872664625998,18.4809579849
0.00464841832118,-1.98731797912e-06,-0.000872664625998,18.4976091385
0.00464841832118,-1.98731797912e-06,-0.000872664625998,18.514316082
0.00464841832118,-1.98731797912e-06,-0.000872664625998,18.5309171677
0.00464841832118,-1.98731797912e-06,-0.000872664625998,18.5474631786
0.00464841832118,-1.98731797912e-06,-0.000872664625998,18.5646030903
0.00464841832118,-1.98731797912e-06,-0.000872664625998,18.5809969902
0.00464841832118,-1.98731797912e-06,-0.000872664625998,18.5981121063
0.00464841832118,-1.98731797912e-06,-0.000872664625998,18.6142649651
0.00464841832118,-1.98731797912e-06,-0.000872664625998,18.6315159798
0.00464841832118,-1.98731797912e-06,-0.000872664625998,18.6474921703
0.00464841832118,-1.98731797912e-06,-0.000872664625998,18.6648261547
0.00464841832118,-1.98731797912e-06,-0.000872664625998,18.6809380054
0.00464841832118,-1.98731797912e-06,-0.000872664625998,18.6978681087
0.00464841832118,-1.98731797912e-06,-0.000872664625998,18.7143371105
0.00464841832118,-1.98731797912e-06,-0.000872664625998,18.7312450409
0.00464841832118,-1.98731797912e-06,-0.000872664625998,18.7476260662
0.00464841832118,-1.98731797912e-06,-0.000872664625998,18.7643580437
0.00464841832118,-1.98731797912e-06,-0.000872664625998,18.7808401585
0.00464841832118,-1.98731797912e-06,-0.000872664625998,18.7979381084
0.00464841832118,-1.98731797912e-06,-0.000872664625998,18.81427598
0.00464841832118,-1.98731797912e-06,-0.000872664625998,18.8310739994
0.00464841832118,-1.98731797912e-06,-0.000872664625998,18.8475670815
0.00464841832118,-1.98731797912e-06,-0.000872664625998,18.8643841743
0.00464841832118,-1.98731797912e-06,-0.000872664625998,18.8809070587
0.00464841832118,-1.98731797912e-06,-0.000872664625998,18.8980751038
0.00464841832118,-1.98731797912e-06,-0.000872664625998,18.9142639637
0.00464841832118,-1.98731797912e-06,-0.000872664625998,18.9320540428
0.00464841832118,-1.98731797912e-06,-0.000872664625998,18.9475979805
0.00464841832118,-1.98731797912e-06,-0.000872664625998,18.965430975
0.00464841832118,-1.98731797912e-06,-0.000872664625998,18.9809000492
0.00464841832118,-1.98731797912e-06,-0.000872664625998,18.9979231358
0.00464841832118,-1.98731797912e-06,-0.000872664625998,19.0143611431
0.00464841832118,-1.98731797912e-06,-0.000872664625998,19.0318419933
0.00464841832118,-1.98731797912e-06,-0.000872664625998,19.0481061935
0.00464841832118,-1.98731797912e-06,-0.000872664625998,19.0667901039
0.00464841832118,-1.98731797912e-06,-0.000872664625998,19.0819280148
0.00464841832118,-1.98731797912e-06,-0.000872664625998,19.0985441208
0.00464841832118,-1.98731797912e-06,-0.000872664625998,19.1142070293
0.00464841832118,-1.98731797912e-06,-0.000872664625998,19.1310009956
0.00464841832118,-1.98731797912e-06,-0.000872664625998,19.1474351883
0.00464841832118,-1.98731797912e-06,-0.000872664625998,19.1643910408
0.00464841832118,-1.98731797912e-06,-0.000872664625998,19.1809651852
0.00464841832118,-1.98731797912e-06,-0.000872664625998,19.1983160973
0.00464841832118,-1.98731797912e-06,-0.000872664625998,19.2142431736
0.00464841832118,-1.98731797912e-06,-0.000872664625998,19.2312281132
0.00464841832118,-1.98731797912e-06,-0.000872664625998,19.2475090027
0.00464841832118,-1.98731797912e-06,-0.000872664625998,19.264343977
0.00464841832118,-1.98731797912e-06,-0.000872664625998,19.2816150188
0.00464841832118,-1.98731797912e-06,-0.000872664625998,19.2979011536
0.00464841832118,-1.98731797912e-06,-0.000872664625998,19.3143510818
0.00464841832118,-1.98731797912e-06,-0.000872664625998,19.3338310719
0.00464841832118,-1.98731797912e-06,-0.000872664625998,19.3477151394
0.00464841832118,-1.98731797912e-06,-0.000872664625998,19.3644750118
0.00464841832118,-1.98731797912e-06,-0.000872664625998,19.3808941841
0.00464841832118,-1.98731797912e-06,-0.000872664625998,19.3983809948
0.00464841832118,-1.98731797912e-06,-0.000872664625998,19.4150030613
0.00464841832118,-1.98731797912e-06,-0.000872664625998,19.4325771332
0.00464841832118,-1.98731797912e-06,-0.000872664625998,19.4480149746
0.00464841832118,-1.98731797912e-06,-0.000872664625998,19.4642801285
0.00464841832118,-1.98731797912e-06,-0.000872664625998,19.4812180996
0.00464841832118,-1.98731797912e-06,-0.000872664625998,19.4979271889
0.00464841832118,-1.98731797912e-06,-0.000872664625998,19.5142040253
0.00464841832118,-1.98731797912e-06,-0.000872664625998,19.5311360359
0.00464841832118,-1.98731797912e-06,-0.000872664625998,19.5475361347
0.00464841832118,-1.98731797912e-06,-0.000872664625998,19.5644049644
0.00464841832118,-1.98731797912e-06,-0.000872664625998,19.5808861256
0.00464841832118,-1.98731797912e-06,-0.000872664625998,19.5979030132
0.00464841832118,-1.98731797912e-06,-0.000872664625998,19.6144461632
0.00464841832118,-1.98731797912e-06,-0.000872664625998,19.6310760975
0.00464841832118,-1.98731797912e-06,-0.000872664625998,19.64757514
0.00464841832118,-1.98731797912e-06,-0.000872664625998,19.6644179821
0.00464841832118,-1.98731797912e-06,-0.000872664625998,19.6809501648
0.00464841832118,-1.98731797912e-06,-0.000872664625998,19.6979510784
0.00464841832118,-1.98731797912e-06,-0.000872664625998,19.714277029
0.00464841832118,-1.98731797912e-06,-0.000872664625998,19.7309360504
0.00464841832118,-1.98731797912e-06,-0.000872664625998,19.7479810715
0.00464841832118,-1.98731797912e-06,-0.000872664625998,19.7645571232
0.00464841832118,-1.98731797912e-06,-0.000872664625998,19.7809371948
0.00464841832118,-1.98731797912e-06,-0.000872664625998,19.7985520363
0.00464841832118,-1.98731797912e-06,-0.000872664625998,19.8142781258
0.00464841832118,-1.98731797912e-06,-0.000872664625998,19.8310229778
0.00464841832118,-1.98731797912e-06,-0.000872664625998,19.8474919796
0.00464841832118,-1.98731797912e-06,-0.000872664625998,19.8642730713
0.00464841832118,-1.98731797912e-06,-0.000872664625998,19.8812580109
0.00464841832118,-1.98731797912e-06,-0.000872664625998,19.8978559971
0.00464841832118,-1.98731797912e-06,-0.000872664625998,19.9152321815
