0.0,0.0,0.0,0.035945892334
0.0,0.0,0.0,0.0526530742645
0.0,0.0,0.0,0.069356918335
0.0,0.0,0.0,0.0860619544983
0.0,0.0,0.0,0.102386951447
0.0,0.0,0.0,0.119189977646
0.0,0.0,0.0,0.135814905167
0.0,0.0,0.0,0.152620077133
0.0,0.0,0.0,0.169274091721
0.0,0.0,0.0,0.18590593338
0.0,0.0,0.0,0.202683925629
0.0,0.0,0.0,0.219533920288
0.0,0.0,0.0,0.235996007919
0.0,0.0,0.0,0.252734899521
0.0,0.0,0.0,0.269284963608
0.0,0.0,0.0,0.286036014557
0.0,0.0,0.0,0.302664041519
0.0,0.0,0.0,0.319294929504
0.0,0.0,0.0,0.336513996124
0.0,0.0,0.0,0.352857112885
0.0,0.0,0.0,0.36923289299
0.0,0.0,0.0,0.386116027832
0.0,0.0,0.0,0.402540922165
0.0,0.0,0.0,0.419265985489
0.0,0.0,0.0,0.436055898666
0.0,0.0,0.0,0.452845096588
0.0,0.0,0.0,0.469407081604
0.0,0.0,0.0,0.48609495163
0.0,0.0,0.0,0.502674102783
0.0,0.0,0.0,0.519431114197
0.0,0.0,0.0,0.535990953445
0.0,0.0,0.0,0.552695035934
0.0,0.0,0.0,0.569461107254
0.0,0.0,0.0,0.586098909378
0.0,0.0,0.0,0.602639913559
0.0,0.0,0.0,0.619515895844
0.0,0.0,0.0,0.636142015457
0.0,0.0,0.0,0.652827978134
0.0,0.0,0.0,0.669346094131
0.0,0.0,0.0,0.68582201004
0.0,0.0,0.0,0.70302605629
0.0,0.0,0.0,0.719346046448
0.0,0.0,0.0,0.736181020737
0.0,0.0,0.0,0.752526044846
0.0,0.0,0.0,0.769196987152
0.0,0.0,0.0,0.785880088806
0.0,0.0,0.0,0.802618980408
0.0,0.0,0.0,0.819349050522
0.0,0.0,0.0,0.83602309227
0.0,0.0,0.0,0.852580070496
0.0,0.0,0.0,0.869416952133
0.0,0.0,0.0,0.885839939117
0.0,0.0,0.0,0.902811050415
0.0,0.0,0.0,0.91925907135
0.0,0.0,0.0,0.935954093933
0.0,0.0,0.0,0.952637910843
0.0,0.0,0.0,0.969538927078
0.0,0.0,0.0,0.986175060272
0.0,0.0,0.0,1.0027589798
0.0,0.0,0.0,1.02003407478
0.0,0.0,0.0,1.0360751152
0.0,0.0,0.0,1.05297589302
0.0,0.0,0.0,1.06939005852
0.0,0.0,0.0,1.08651900291
0.0,0.0,0.0,1.10274600983
0.0,0.0,0.0,1.12032389641
0.0,0.0,0.0,1.13600301743
0.0,0.0,0.0,1.15464305878
0.0,0.0,0.0,1.16915798187
0.0,0.0,0.0,1.18587398529
0.0,0.0,0.0,1.20255994797
0.0,0.0,0.0,1.21931004524
0.0,0.0,0.0,1.23592710495
0.0,0.0,0.0,1.25335001945
0.0,0.0,0.0,1.26941609383
0.0,0.0,0.0,1.28680610657
0.0,0.0,0.0,1.30273389816
0.0,0.0,0.0,1.31973409653
0.0,0.0,0.0,1.33596992493
0.0,0.0,0.0,1.35311508179
0.0,0.0,0.0,1.36950707436
0.0,0.0,0.0,1.38617992401
0.0,0.0,0.0,1.40283703804
0.0,0.0,0.0,1.41971111298
0.0,0.0,0.0,1.43593811989
0.0,0.0,0.0,1.45311307907
0.0,0.0,0.0,1.46965003014
0.0,0.0,0.0,1.48626589775
0.0,0.0,0.0,1.50290799141
0.0,0.0,0.0,1.52026200294
0.0,0.0,0.0,1.53629302979
0.0,0.0,0.0,1.55425190926
0.0,0.0,0.0,1.56939697266
0.0,0.0,0.0,1.58624005318
0.0,0.0,0.0,1.60265111923
0.0,0.0,0.0,1.6201031208
0.0,0.0,0.0,1.6364428997
0.0,0.0,0.0,1.65289497375
0.0,0.0,0.0,1.66929006577
0.0,0.0,0.0,1.68590903282
0.0,0.0,0.0,1.70254302025
0.0,0.0,0.0,1.72016310692
0.0,0.0,0.0,1.73619294167
0.0,0.0,0.0,1.75286507607
0.0,0.0,0.0,1.76942706108
0.0,0.0,0.0,1.78646612167
0.0,0.0,0.0,1.80517792702
0.0,0.0,0.0,1.81931495667
0.0,0.0,0.0,1.83590197563
0.0,0.0,0.0,1.8524711132
0.0,0.0,0.0,1.86953806877
0.0,0.0,0.0,1.88619303703
0.0,0.0,0.0,1.90270495415
0.0,0.0,0.0,1.91969203949
0.0,0.0,0.0,1.93613910675
0.0,0.0,0.0,1.95248389244
0.0,0.0,0.0,1.96943211555
0.0,0.0,0.0,1.98750090599
0.0,0.0,0.0,2.00340199471
0.0,0.0,0.0,2.01982593536
0.0,0.0,0.0,2.03604698181
0.0,0.0,0.0,2.05387401581
0.0,0.0,0.0,2.06929707527
0.0,0.0,0.0,2.0867960453
0.0,0.0,0.0,2.10304498672
0.0,0.0,0.0,2.11986899376
0.0,0.0,0.0,2.1361811161
0.0,0.0,0.0,2.15337300301
0.0,0.0,0.0,2.16938996315
0.0,0.0,0.0,2.18608403206
0.0,0.0,0.0,2.20263004303
0.0,0.0,0.0,2.21965694427
0.0,0.0,0.0,2.23591303825
0.0,0.0,0.0,2.25307512283
0.0,0.0,0.0,2.27059292793
0.0,0.0,0.0,2.28633093834
0.0,0.0,0.0,2.3026599884
0.0,0.0,0.0,2.31954908371
0.0,0.0,0.0,2.33589911461
0.0,0.0,0.0,2.35294604301
0.0,0.0,0.0,2.36940693855
0.0,0.0,0.0,2.38836789131
0.0,0.0,0.0,2.40245890617
0.0,0.0,0.0,2.41907095909
0.0,0.0,0.0,2.43603110313
0.0,0.0,0.0,2.4527490139
0.0,0.0,0.0,2.46929693222
0.0,0.0,0.0,2.48655104637
0.0,0.0,0.0,2.50272393227
0.0,0.0,0.0,2.51925706863
0.0,0.0,0.0,2.53588104248
0.0,0.0,0.0,2.55366611481
0.0,0.0,0.0,2.56944990158
0.0,0.0,0.0,2.58637499809
0.0,0.0,0.0,2.60290193558
0.0,0.0,0.0,2.6197719574
0.0,0.0,0.0,2.63639307022
0.0,0.0,0.0,2.65272903442
0.0,0.0,0.0,2.66955804825
0.0,0.0,0.0,2.68614292145
0.0,0.0,0.0,2.70266199112
0.0,0.0,0.0,2.71964597702
0.0,0.0,0.0,2.73603105545
0.0,0.0,0.0,2.75255894661
0.0,0.0,0.0,2.76918411255
0.0,0.0,0.0,2.7860250473
0.0,0.0,0.0,2.80279707909
0.0,0.0,0.0,2.8198800087
0.0,0.0,0.0,2.8360619545
0.0,0.0,0.0,2.8526160717
0.0,0.0,0.0,2.86926007271
0.0,0.0,0.0,2.886095047
0.0,0.0,0.0,2.90266609192
0.0,0.0,0.0,2.91927409172
0.0,0.0,0.0,2.93606090546
0.0,0.0,0.0,2.95251703262
0.0,0.0,0.0,2.96939206123
0.0,0.0,0.0,2.98641300201
0.0,0.0,0.0,3.00272488594
0.0,0.0,0.0,3.01928305626
0.0,0.0,0.0,3.03587698936
0.0,0.0,0.0,3.05263209343
0.0,0.0,0.0,3.06976795197
0.0,0.0,0.0,3.08633589745
0.0,0.0,0.0,3.1027970314
0.0,0.0,0.0,3.11945509911
0.0,0.0,0.0,3.13627505302
0.0,0.0,0.0,3.15308189392
0.0,0.0,0.0,3.16937303543
0.0,0.0,0.0,3.18616604805
0.0,0.0,0.0,3.20264196396
0.0,0.0,0.0,3.21964001656
0.0,0.0,0.0,3.23593997955
0.0,0.0,0.0,3.25310206413
0.0,0.0,0.0,3.26951599121
0.0,0.0,0.0,3.28652095795
0.0,0.0,0.0,3.30267310143
0.0,0.0,0.0,3.32112503052
0.0,0.0,0.0,3.33673000336
0.0,0.0,0.0,3.35473108292
0.0,0.0,0.0,3.37012910843
0.0,0.0,0.0,3.38764095306
0.0,0.0,0.0,3.40317392349
0.0,0.0,0.0,3.42076897621
0.0,0.0,0.0,3.43633389473
0.0,0.0,0.0,3.45539999008
0.0,0.0,0.0,3.46926903725
0.0,0.0,0.0,3.48633003235
0.0,0.0,0.0,3.50289797783
0.0,0.0,0.0,3.5194299221
0.0,0.0,0.0,3.53628206253
0.0,0.0,0.0,3.55270600319
0.0,0.0,0.0,3.56913495064
0.0,0.0,0.0,3.58694791794
0.0,0.0,0.0,3.60290408134
0.0,0.0,0.0,3.61946392059
0.0,0.0,0.0,3.6361219883
0.0,0.0,0.0,3.65284204483
0.0,0.0,0.0,3.66955089569
0.0,0.0,0.0,3.68614196777
0.0,0.0,0.0,3.70278191566
0.0,0.0,0.0,3.71965694427
0.0,0.0,0.0,3.73611998558
0.0,0.0,0.0,3.75277590752
0.0,0.0,0.0,3.77039003372
0.0,0.0,0.0,3.78618788719
0.0,0.0,0.0,3.80263495445
0.0,0.0,0.0,3.8192820549
0.0,0.0,0.0,3.83593201637
0.0,0.0,0.0,3.85260105133
0.0,0.0,0.0,3.86932706833
0.0,0.0,0.0,3.88603305817
0.0,0.0,0.0,3.90260696411
0.0,0.0,0.0,3.91930294037
0.0,0.0,0.0,3.93600106239
0.0,0.0,0.0,3.95263004303
0.0,0.0,0.0,3.96925806999
0.0,0.0,0.0,3.98598599434
0.0,0.0,0.0,4.00261092186
0.0,0.0,0.0,4.01936006546
0.0,0.0,0.0,4.03600406647
0.0,0.0,0.0,4.05269002914
0.0,0.0,0.0,4.06944298744
0.0,0.0,0.0,4.08613300323
0.0,0.0,0.0,4.10261297226
0.0,0.0,0.0,4.11927604675
0.0,0.0,0.0,4.13596606255
0.0,0.0,0.0,4.15263295174
0.0,0.0,0.0,4.16928792
0.0,0.0,0.0,4.18684792519
0.0,0.0,0.0,4.2027990818
0.0,0.0,0.0,4.21918201447
0.0,0.0,0.0,4.23648810387
0.0,0.0,0.0,4.25264692307
0.0,0.0,0.0,4.26925802231
0.0,0.0,0.0,4.28748011589
0.0,0.0,0.0,4.30267190933
0.0,0.0,0.0,4.31930708885
0.0,0.0,0.0,4.33602190018
0.0,0.0,0.0,4.35262107849
0.0,0.0,0.0,4.36923408508
0.0,0.0,0.0,4.38594603539
0.0,0.0,0.0,4.4026350975
0.0,0.0,0.0,4.41929006577
0.0,0.0,0.0,4.43693804741
0.0,0.0,0.0,4.45265197754
0.0,0.0,0.0,4.46931195259
0.0,0.0,0.0,4.48643803596
0.0,0.0,0.0,4.50300002098
0.0,0.0,0.0,4.52127599716
0.0,0.0,0.0,4.53620100021
0.0,0.0,0.0,4.5527009964
0.0,0.0,0.0,4.56954598427
0.0,0.0,0.0,4.58608198166
0.0,0.0,0.0,4.60288596153
0.0,0.0,0.0,4.61968588829
0.0,0.0,0.0,4.63592600822
0.0,0.0,0.0,4.65290093422
0.0,0.0,0.0,4.66919803619
0.0,0.0,0.0,4.6860730648
0.0,0.0,0.0,4.70281004906
0.0,0.0,0.0,4.72001290321
0.0,0.0,0.0,4.7359828949
0.0,0.0,0.0,4.75364089012
0.0,0.0,0.0,4.76941299438
0.0,0.0,0.0,4.78688597679
0.0,0.0,0.0,4.80262207985
0.0,0.0,0.0,4.81934189796
0.0,0.0,0.0,4.83593702316
0.0,0.0,0.0,4.85278296471
0.0,0.0,0.0,4.86948299408
0.0,0.0,0.0,4.88621497154
0.0,0.0,0.0,4.90265607834
0.0,0.0,0.0,4.9197499752
0.0,0.0,0.0,4.93593811989
0.0,0.0,0.0,4.95275592804
0.0,0.0,0.0,4.96934199333
0.0,0.0,0.0,4.98932504654
0.0,0.0,0.0,5.00264310837
0.0,0.0,0.0,5.01915597916
Actuacion(lineal,angular) = 0.0400316238403,0.0
0.0,0.0,0.0,5.03598308563
0.0,0.0,0.0,5.05271697044
0.0,0.0,0.0,5.06937789917
0.0,0.0,0.0,5.08619689941
0.0,0.0,0.0,5.10286092758
0.0,0.0,0.0,5.12048792839
0.0,0.0,-0.000174532925199,5.13618302345
0.0,0.0,0.0,5.15370607376
0.0,0.0,0.0,5.1694021225
0.0,0.0,0.0,5.18601608276
0.0,0.0,0.0,5.20293998718
8.52920883335e-05,1.69440470769e-17,0.0,5.22148799896
Actuacion(lineal,angular) = 0.0799780368805,4.51859382001e-06
8.52920883335e-05,1.69440470769e-17,0.0,5.23594808578
8.52920883335e-05,1.69440470769e-17,0.0,5.25301003456
0.000682336706668,2.68068987147e-17,0.0,5.26981210709
0.000682336706668,2.68068987147e-17,0.0,5.28617811203
0.000682336706668,2.68068987147e-17,0.0,5.3026599884
0.000682336706668,2.68068987147e-17,0.0,5.31964898109
0.00200436407584,8.16404235882e-17,0.0,5.33606505394
0.00264405473834,1.09721259856e-16,0.0,5.35277199745
0.00264405473834,1.09721259856e-16,0.0,5.36937308311
0.00264405473834,1.09721259856e-16,0.0,5.3860039711
0.00464841881418,1.02023424431e-16,0.000349065850399,5.40318012238
0.00464841881418,1.02023424431e-16,0.000349065850399,5.41970896721
Actuacion(lineal,angular) = 0.120015048981,-0.000460104256671
0.00545869360398,2.82839270161e-07,0.000174532925198,5.43618106842
0.00545869360398,2.82839270161e-07,0.000174532925198,5.45294094086
0.00545869360398,2.82839270161e-07,0.000174532925198,5.47002696991
0.00793216412798,7.14541320458e-07,0.000349065850399,5.48661208153
0.00793216412798,7.14541320458e-07,0.000349065850399,5.50261998177
0.00793216412798,7.14541320458e-07,0.000349065850399,5.52030611038
0.00793216412798,7.14541320458e-07,0.000349065850399,5.53603005409
0.0110026791209,1.78635329121e-06,0.000174532925198,5.55328512192
0.0110026791209,1.78635329121e-06,0.000174532925198,5.56957101822
0.0110026791209,1.78635329121e-06,0.000174532925198,5.58610606194
0.0110026791209,1.78635329121e-06,0.000174532925198,5.6027469635
0.0154378676467,2.56043972631e-06,0.0,5.62060189247
Actuacion(lineal,angular) = 0.159982061386,-0.000193426255373
0.0154378676467,2.56043972631e-06,0.0,5.63604211807
0.0154378676467,2.56043972631e-06,0.0,5.65275502205
0.0204274548142,2.56043972628e-06,0.000349065850399,5.66944289207
0.0204274548142,2.56043972628e-06,0.000349065850399,5.68647694588
0.0204274548142,2.56043972628e-06,0.000349065850399,5.7028260231
0.0204274548142,2.56043972628e-06,0.000349065850399,5.72057104111
0.0260993783428,4.54031461658e-06,0.000698131700798,5.7361600399
0.0260993783428,4.54031461658e-06,0.000698131700798,5.75300312042
0.0260993783428,4.54031461658e-06,0.000698131700798,5.76937603951
0.0321551151388,8.7680171324e-06,0.000349065850399,5.78674006462
0.0321551151388,8.7680171324e-06,0.000349065850399,5.80280590057
0.0321551151388,8.7680171324e-06,0.000349065850399,5.81983208656
Actuacion(lineal,angular) = 0.199978256226,-0.000472507690884
0.0321551151388,8.7680171324e-06,0.000349065850399,5.83616900444
0.0395328803302,1.13433431176e-05,0.000349065850399,5.85288691521
0.0395328803302,1.13433431176e-05,0.000349065850399,5.86964607239
0.0395328803302,1.13433431176e-05,0.000349065850399,5.88628005981
0.0471238757294,1.39931004896e-05,0.000523598775599,5.90428304672
0.0471238757294,1.39931004896e-05,0.000523598775599,5.91962194443
0.0471238757294,1.39931004896e-05,0.000523598775599,5.93633508682
0.0471238757294,1.39931004896e-05,0.000523598775599,5.95294499397
0.0553545611253,1.8302677679e-05,0.000698131700798,5.96949005127
0.058425075557,2.04463014899e-05,0.000872664625997,5.98608493805
0.058425075557,2.04463014899e-05,0.000872664625997,6.00272798538
0.058425075557,2.04463014899e-05,0.000872664625997,6.01933097839
Actuacion(lineal,angular) = 0.239966678619,-0.00137952744312
0.058425075557,2.04463014899e-05,0.000872664625997,6.03617596626
0.0675513255337,2.84104590342e-05,0.000872664625997,6.05282711983
0.0705365474887,3.10155572964e-05,0.000872664625997,6.06963396072
0.0705365474887,3.10155572964e-05,0.000872664625997,6.0864200592
0.0705365474887,3.10155572964e-05,0.000872664625997,6.10273194313
0.0705365474887,3.10155572964e-05,0.000872664625997,6.12011289597
0.0807715941915,3.99473227667e-05,0.0010471975512,6.13593411446
0.0807715941915,3.99473227667e-05,0.0010471975512,6.15260601044
0.0807715941915,3.99473227667e-05,0.0010471975512,6.16965889931
0.0914757454081,5.11566878059e-05,0.0012217304764,6.18648290634
0.0914757454081,5.11566878059e-05,0.0012217304764,6.20301198959
0.0914757454081,5.11566878059e-05,0.0012217304764,6.22026109695
Actuacion(lineal,angular) = 0.279978084564,-0.00195018310292
0.0914757454081,5.11566878059e-05,0.0012217304764,6.23599100113
0.102947522727,6.51721147487e-05,0.0013962634016,6.25380206108
0.102947522727,6.51721147487e-05,0.0013962634016,6.26938390732
0.102947522727,6.51721147487e-05,0.0013962634016,6.28636908531
0.114504589431,8.13088345031e-05,0.00157079632679,6.30449104309
0.114504589431,8.13088345031e-05,0.00157079632679,6.31972098351
0.114504589431,8.13088345031e-05,0.00157079632679,6.33606410027
0.114504589431,8.13088345031e-05,0.00157079632679,6.35311198235
0.127426324872,0.000101606265764,0.00209439510239,6.36939096451
0.131904149689,0.000110984613841,0.00209439510239,6.38688111305
0.131904149689,0.000110984613841,0.00209439510239,6.40314793587
0.131904149689,0.000110984613841,0.00209439510239,6.4213719368
Actuacion(lineal,angular) = 0.3,-0.00335276708402
0.131904149689,0.000110984613841,0.00209439510239,6.4360730648
0.145209686286,0.000138851705272,0.00157079632679,6.45383191109
0.145209686286,0.000138851705272,0.00157079632679,6.46948003769
0.145209686286,0.000138851705272,0.00157079632679,6.4880130291
0.158941695567,0.000160421912751,0.00174532925199,6.50320601463
0.158941695567,0.000160421912751,0.00174532925199,6.51947212219
0.158941695567,0.000160421912751,0.00174532925199,6.5359749794
0.158941695567,0.000160421912751,0.00174532925199,6.55281209946
0.172631054894,0.000184314376286,0.00157079632679,6.56932592392
0.172631054894,0.000184314376286,0.00157079632679,6.58624696732
0.172631054894,0.000184314376286,0.00157079632679,6.60260391235
0.187173338014,0.000207157359981,0.00157079632679,6.61986994743
Actuacion(lineal,angular) = 0.3,-0.00270011143209
0.187173338014,0.000207157359981,0.00157079632679,6.636054039
0.19199233506,0.000214727029065,0.0013962634016,6.65285611153
0.19199233506,0.000214727029065,0.0013962634016,6.66934704781
0.19199233506,0.000214727029065,0.0013962634016,6.68636989594
0.206321391932,0.000234734179757,0.00174532925199,6.70277309418
0.206321391932,0.000234734179757,0.00174532925199,6.71999812126
0.206321391932,0.000234734179757,0.00174532925199,6.73600101471
0.206321391932,0.000234734179757,0.00174532925199,6.75301909447
0.220778378885,0.000259966407603,0.00191986217719,6.77061891556
0.220778378885,0.000259966407603,0.00191986217719,6.78649902344
0.220778378885,0.000259966407603,0.00191986217719,6.80285811424
0.220778378885,0.00028731248289,0.00174532925199,6.8217151165
Actuacion(lineal,angular) = 0.3,-0.00338718151855
0.235022131387,0.00028731248289,0.00174532925199,6.83619189262
0.235022131387,0.00028731248289,0.00174532925199,6.85447001457
0.235022131387,0.00028731248289,0.00174532925199,6.87020802498
0.249351180402,0.000312321416684,0.00157079632679,6.88781905174
0.249351180402,0.000312321416684,0.00157079632679,6.90263009071
0.249351180402,0.000312321416684,0.00157079632679,6.91941308975
0.249351180402,0.000312321416684,0.00157079632679,6.93601799011
0.264149339472,0.000335566329712,0.00191986217719,6.95282411575
0.264149339472,0.000335566329712,0.00191986217719,6.96939110756
0.264149339472,0.000335566329712,0.00191986217719,6.98618888855
0.278478383904,0.000363076153952,0.00191986217719,7.00273704529
0.283467961876,0.00037265546775,0.00191986217719,7.020829916
Actuacion(lineal,angular) = 0.3,-0.00362140100975
0.283467961876,0.00037265546775,0.00191986217719,7.03637695312
0.283467961876,0.00037265546775,0.00191986217719,7.05287408829
0.283467961876,0.00037265546775,0.00191986217719,7.06936788559
0.29788229824,0.000400329040945,0.00244346095279,7.08632397652
0.302615995011,0.000411895667187,0.00261799387799,7.10266304016
0.302615995011,0.000411895667187,0.00261799387799,7.1195731163
0.302615995011,0.000411895667187,0.00261799387799,7.13750600815
0.302615995011,0.000411895667187,0.00261799387799,7.15322804451
0.317456767522,0.000450748807531,0.00261799387799,7.16976809502
0.317456767522,0.000450748807531,0.00261799387799,7.18628406525
0.317456767522,0.000450748807531,0.00261799387799,7.20275402069
0.331785789258,0.000488262184416,0.00279252680319,7.22049498558
Actuacion(lineal,angular) = 0.3,-0.00502698515976
0.331785789258,0.000488262184416,0.00279252680319,7.23686408997
0.331785789258,0.000488262184416,0.00279252680319,7.25311589241
0.331785789258,0.000488262184416,0.00279252680319,7.2694940567
0.346882430029,0.000530420067994,0.00296705972839,7.2861700058
0.346882430029,0.000530420067994,0.00296705972839,7.30285906792
0.346882430029,0.000530420067994,0.00296705972839,7.32044100761
0.346882430029,0.000530420067994,0.00296705972839,7.33594298363
0.361637896361,0.000574200546394,0.00261799387799,7.35355710983
0.361637896361,0.000574200546394,0.00261799387799,7.36939001083
0.361637896361,0.000574200546394,0.00261799387799,7.38644504547
0.376265439382,0.000612495451963,0.00261799387799,7.40282297134
0.376265439382,0.000612495451963,0.00261799387799,7.42027592659
Actuacion(lineal,angular) = 0.3,-0.00539289279138
0.376265439382,0.000612495451963,0.00261799387799,7.43586111069
0.376265439382,0.000612495451963,0.00261799387799,7.45276403427
0.391063565996,0.000651236945353,0.00226892802759,7.46929788589
0.391063565996,0.000651236945353,0.00226892802759,7.48779201508
0.391063565996,0.000651236945353,0.00226892802759,7.50280094147
0.406032288968,0.000685199958724,0.00244346095279,7.52162694931
0.406032288968,0.000685199958724,0.00244346095279,7.53649401665
0.406032288968,0.000685199958724,0.00244346095279,7.55472707748
0.406032288968,0.000685199958724,0.00244346095279,7.5699698925
0.420915713952,0.000721567098891,0.00226892802759,7.58820390701
0.420915713952,0.000721567098891,0.00226892802759,7.60389900208
0.420915713952,0.000721567098891,0.00226892802759,7.62115097046
Actuacion(lineal,angular) = 0.3,-0.0052589489147
0.435628561318,0.000754949547931,0.00261799387799,7.63780593872
0.435628561318,0.000754949547931,0.00261799387799,7.65455102921
0.440660777285,0.000768123888622,0.00244346095279,7.66943788528
0.440660777285,0.000768123888622,0.00244346095279,7.68802905083
0.440660777285,0.000768123888622,0.00244346095279,7.70376205444
0.455714785935,0.00080490784415,0.00244346095279,7.72151994705
0.455714785935,0.00080490784415,0.00244346095279,7.7361741066
0.460661712291,0.000816995489592,0.00226892802759,7.75289297104
0.460661712291,0.000816995489592,0.00226892802759,7.77023005486
0.460661712291,0.000816995489592,0.00226892802759,7.78763103485
0.475630435263,0.000850958502963,0.00209439510239,7.80379796028
0.475630435263,0.000850958502963,0.00209439510239,7.82163500786
Actuacion(lineal,angular) = 0.3,-0.0055928533291
0.475630435263,0.000850958502963,0.00209439510239,7.83704900742
0.475630435263,0.000850958502963,0.00209439510239,7.8544280529
0.490769747738,0.000882666251226,0.00191986217719,7.87017607689
0.490769747738,0.000882666251226,0.00191986217719,7.88830089569
0.490769747738,0.000882666251226,0.00191986217719,7.9038040638
0.505866419551,0.000911649816051,0.00157079632679,7.9207470417
0.505866419551,0.000911649816051,0.00157079632679,7.93687200546
0.510813354572,0.0009194204498,0.00174532925199,7.95462107658
0.510813354572,0.0009194204498,0.00174532925199,7.96976900101
0.510813354572,0.0009194204498,0.00174532925199,7.9883980751
0.525782093275,0.000945545853853,0.00157079632679,8.00344491005
0.525782093275,0.000945545853853,0.00157079632679,8.0222389698
Actuacion(lineal,angular) = 0.3,-0.00535018775886
0.525782093275,0.000945545853853,0.00157079632679,8.03683900833
0.525782093275,0.000945545853853,0.00157079632679,8.05275893211
0.540665544328,0.000968924743325,0.00157079632679,8.06924200058
0.540665544328,0.000968924743325,0.00157079632679,8.08791208267
0.540665544328,0.000968924743325,0.00157079632679,8.10358309746
0.555676933355,0.000992504597462,0.00174532925199,8.12081098557
0.555676933355,0.000992504597462,0.00174532925199,8.13715004921
0.560453283027,0.00100084090873,0.0013962634016,8.1570789814
0.560453283027,0.00100084090873,0.0013962634016,8.16956400871
0.560453283027,0.00100084090873,0.0013962634016,8.18634295464
0.574995569912,0.00102114578488,0.000698131700798,8.20273709297
0.574995569912,0.00102114578488,0.000698131700798,8.22060608864
Actuacion(lineal,angular) = 0.3,-0.00476646537011
0.574995569912,0.00102114578488,0.000698131700798,8.23600912094
0.574995569912,0.00102114578488,0.000698131700798,8.25340294838
0.589239345193,0.00103108981755,-0.000174532925199,8.26987504959
0.589239345193,0.00103108981755,-0.000174532925199,8.28661990166
0.589239345193,0.00103108981755,-0.000174532925199,8.3029050827
0.603056663292,0.00102867824058,-0.0012217304764,8.32099699974
0.603056663292,0.00102867824058,-0.0012217304764,8.3360440731
0.603056663292,0.00102867824058,-0.0012217304764,8.35446500778
0.603056663292,0.00102867824058,-0.0012217304764,8.36924099922
0.616746033253,0.00101195351178,-0.00261799387799,8.38627910614
0.616746033253,0.00101195351178,-0.00261799387799,8.40276694298
0.616746033253,0.00101195351178,-0.00261799387799,8.41938400269
Actuacion(lineal,angular) = 0.3,0.000216706465243
0.630051553436,0.000977119661814,-0.00418879020479,8.43652701378
0.630051553436,0.000977119661814,-0.00418879020479,8.45291590691
0.630051553436,0.000977119661814,-0.00418879020479,8.46926212311
0.630051553436,0.000977119661814,-0.00418879020479,8.48631191254
0.643698167847,0.000919956522712,-0.00663225115758,8.50281405449
0.643698167847,0.000919956522712,-0.00663225115758,8.51958703995
0.643698167847,0.000919956522712,-0.00663225115758,8.53631806374
0.657131376312,0.000830862803999,-0.00959931088597,8.55475902557
0.657131376312,0.000830862803999,-0.00959931088597,8.56958699226
0.66177958096,0.00078624187196,-0.010471975512,8.5867600441
0.66177958096,0.00078624187196,-0.010471975512,8.60280799866
0.66177958096,0.00078624187196,-0.010471975512,8.62054896355
Actuacion(lineal,angular) = 0.269895126503,0.012497774684
0.675254992011,0.000645122538895,-0.0125663706144,8.6358499527
0.675254992011,0.000645122538895,-0.0125663706144,8.65324902534
0.675254992011,0.000645122538895,-0.0125663706144,8.66939902306
0.675254992011,0.000645122538895,-0.0125663706144,8.68620204926
0.688175723146,0.00048274729566,-0.0153588974176,8.70260000229
0.692311901529,0.000419215160446,-0.0160570291183,8.71961808205
0.692311901529,0.000419215160446,-0.0160570291183,8.73593306541
0.692311901529,0.000419215160446,-0.0160570291183,8.75280189514
0.692311901529,0.000419215160446,-0.0160570291183,8.7695119381
0.704379176219,0.00022543392499,-0.0200712863979,8.78625702858
0.70753434784,0.000162097066302,-0.0214675497995,8.80269598961
0.70753434784,0.000162097066302,-0.0214675497995,8.81966304779
Actuacion(lineal,angular) = 0.233088574342,0.0319258940683
0.70753434784,0.000162097066302,-0.0214675497995,8.83596897125
0.70753434784,0.000162097066302,-0.0214675497995,8.85311794281
0.720154668282,-0.000108871918409,-0.0244346095279,8.86942005157
0.724332733042,-0.000210981621771,-0.0249582083035,8.88621497154
0.724332733042,-0.000210981621771,-0.0249582083035,8.90348100662
0.724332733042,-0.000210981621771,-0.0249582083035,8.92054796219
0.735033556427,-0.00047811046905,-0.0242600766027,8.93591403961
0.735033556427,-0.00047811046905,-0.0242600766027,8.95274090767
0.735033556427,-0.00047811046905,-0.0242600766027,8.96926093102
0.735033556427,-0.00047811046905,-0.0242600766027,8.98674297333
0.746843034566,-0.000764665533019,-0.0315904594611,9.00280189514
0.746843034566,-0.000764665533019,-0.0315904594611,9.01947903633
Actuacion(lineal,angular) = 0.203705766595,0.0503586082312
0.746843034566,-0.000764665533019,-0.0315904594611,9.03595209122
0.746843034566,-0.000764665533019,-0.0315904594611,9.05294799805
0.756774605155,-0.00107851282007,-0.0328121899375,9.06938695908
0.756774605155,-0.00107851282007,-0.0328121899375,9.08624100685
0.756774605155,-0.00107851282007,-0.0328121899375,9.10269188881
0.766663161806,-0.00140309451333,-0.0357792496659,9.12086796761
0.766663161806,-0.00140309451333,-0.0357792496659,9.13606905937
0.766663161806,-0.00140309451333,-0.0357792496659,9.15664100647
0.766663161806,-0.00140309451333,-0.0357792496659,9.16998505592
0.775996668124,-0.00173718293994,-0.0392699081699,9.18606209755
0.775996668124,-0.00173718293994,-0.0392699081699,9.20276689529
0.775996668124,-0.00173718293994,-0.0392699081699,9.21967506409
Actuacion(lineal,angular) = 0.178274643728,0.0715139126695
0.785584630387,-0.00211389500323,-0.0413643032723,9.23598194122
0.785584630387,-0.00211389500323,-0.0413643032723,9.25268006325
0.785584630387,-0.00211389500323,-0.0413643032723,9.26932811737
0.785584630387,-0.00211389500323,-0.0413643032723,9.28707790375
0.794276981761,-0.00247365326781,-0.0424115008235,9.30261802673
0.794276981761,-0.00247365326781,-0.0424115008235,9.31953310966
0.794276981761,-0.00247365326781,-0.0424115008235,9.3359670639
0.803139382412,-0.0028497465048,-0.0431096325243,9.35313391685
0.803139382412,-0.0028497465048,-0.0431096325243,9.36922097206
0.803139382412,-0.0028497465048,-0.0431096325243,9.38661503792
0.803139382412,-0.0028497465048,-0.0431096325243,9.40282607079
0.81119199631,-0.00319710694034,-0.0436332312999,9.41954493523
Actuacion(lineal,angular) = 0.155467637144,0.0877876766993
0.813961350858,-0.00331801957114,-0.0438077642251,9.4361550808
0.813961350858,-0.00331801957114,-0.0438077642251,9.45317912102
0.813961350858,-0.00331801957114,-0.0438077642251,9.46938204765
0.813961350858,-0.00331801957114,-0.0438077642251,9.48614096642
0.821204222833,-0.00363551673002,-0.0446804288511,9.50264191628
0.821204222833,-0.00363551673002,-0.0446804288511,9.52050495148
0.821204222833,-0.00363551673002,-0.0446804288511,9.53613305092
0.827637348801,-0.0039231429826,-0.0448549617763,9.55300402641
0.827637348801,-0.0039231429826,-0.0448549617763,9.56946611404
0.827637348801,-0.0039231429826,-0.0448549617763,9.58611106873
0.827637348801,-0.0039231429826,-0.0448549617763,9.60263991356
0.834240837071,-0.00421954100428,-0.0450294947015,9.62274599075
Actuacion(lineal,angular) = 0.136484175191,0.102599826072
0.836285772226,-0.00431168568866,-0.0453785605519,9.63582611084
0.836285772226,-0.00431168568866,-0.0453785605519,9.65291309357
0.836285772226,-0.00431168568866,-0.0453785605519,9.66927289963
0.836285772226,-0.00431168568866,-0.0453785605519,9.6863079071
0.842548287253,-0.00459606483196,-0.0459021593275,9.70271492004
0.842548287253,-0.00459606483196,-0.0459021593275,9.71959400177
0.842548287253,-0.00459606483196,-0.0459021593275,9.73600292206
0.848129034533,-0.0048524132508,-0.0464257581031,9.7533800602
0.848129034533,-0.0048524132508,-0.0464257581031,9.76926898956
0.848129034533,-0.0048524132508,-0.0464257581031,9.78668403625
0.848129034533,-0.0048524132508,-0.0464257581031,9.80314302444
0.853539246448,-0.00510376705165,-0.0466002910282,9.81962990761
Actuacion(lineal,angular) = 0.120383508753,0.118797059458
0.855243236358,-0.00518323100666,-0.0466002910282,9.83600306511
0.855243236358,-0.00518323100666,-0.0466002910282,9.85269498825
0.855243236358,-0.00518323100666,-0.0466002910282,9.86958408356
0.855243236358,-0.00518323100666,-0.0466002910282,9.88603305817
0.859971808358,-0.00540374348179,-0.0460766922527,9.90315389633
0.861675839641,-0.00548231521891,-0.0457276264023,9.91942310333
0.861675839641,-0.00548231521891,-0.0457276264023,9.93630409241
0.861675839641,-0.00548231521891,-0.0457276264023,9.95292806625
0.861675839641,-0.00548231521891,-0.0457276264023,9.96916294098
0.86678801546,-0.00571624595856,-0.0452040276267,9.98699212074
0.86678801546,-0.00571624595856,-0.0452040276267,10.0026459694
0.86678801546,-0.00571624595856,-0.0452040276267,10.0196390152
Actuacion(lineal,angular) = 0.106165528044,0.132638922914
0.872241132905,-0.00596291686918,-0.0441568300755,10.0362069607
0.872241132905,-0.00596291686918,-0.0441568300755,10.0529780388
0.872241132905,-0.00596291686918,-0.0441568300755,10.0695400238
0.872241132905,-0.00596291686918,-0.0441568300755,10.0862300396
0.877950132521,-0.00621517216773,-0.0439822971503,10.1027851105
0.877950132521,-0.00621517216773,-0.0439822971503,10.1201789379
0.877950132521,-0.00621517216773,-0.0439822971503,10.1361269951
0.883403547261,-0.00645518065614,-0.0438077642251,10.1533079147
0.883403547261,-0.00645518065614,-0.0438077642251,10.1696369648
0.883403547261,-0.00645518065614,-0.0438077642251,10.1864640713
0.883403547261,-0.00645518065614,-0.0438077642251,10.2026998997
0.88872918842,-0.00668863444943,-0.0434586983747,10.2203369141
Actuacion(lineal,angular) = 0.0922649401657,0.150468790064
0.88872918842,-0.00668863444943,-0.0434586983747,10.236823082
0.88872918842,-0.00668863444943,-0.0434586983747,10.2540500164
0.893841881851,-0.0069109654379,-0.0431096325243,10.2704210281
0.893841881851,-0.0069109654379,-0.0431096325243,10.2884058952
0.895759170875,-0.0069936703035,-0.0431096325243,10.3029448986
0.895759170875,-0.0069936703035,-0.0431096325243,10.325756073
0.895759170875,-0.0069936703035,-0.0431096325243,10.335901022
0.901553644367,-0.00724362278621,-0.0436332312999,10.3531079292
0.901553644367,-0.00724362278621,-0.0436332312999,10.3699059486
0.901553644367,-0.00724362278621,-0.0436332312999,10.386040926
0.901553644367,-0.00724362278621,-0.0436332312999,10.4026050568
0.907518408008,-0.00750404999103,-0.0431096325243,10.419713974
Actuacion(lineal,angular) = 0.077676744058,0.178475766036
0.907518408008,-0.00750404999103,-0.0431096325243,10.4359591007
0.909052239227,-0.00757021388351,-0.0424115008235,10.4527719021
0.909052239227,-0.00757021388351,-0.0424115008235,10.4721000195
0.909052239227,-0.00757021388351,-0.0424115008235,10.488599062
0.912886931817,-0.00773294653413,-0.0399680398707,10.5035009384
0.912886931817,-0.00773294653413,-0.0399680398707,10.5194699764
0.912886931817,-0.00773294653413,-0.0399680398707,10.5360369682
0.914080067435,-0.00778065923492,-0.0396189740203,10.55428195
0.914080067435,-0.00778065923492,-0.0396189740203,10.572576046
0.91842655045,-0.00795295258953,-0.0387463093943,10.5904290676
0.91842655045,-0.00795295258953,-0.0387463093943,10.6040539742
Actuacion(lineal,angular) = 0.0659558548924,0.202869031763
0.91842655045,-0.00795295258953,-0.0387463093943,10.6264159679
0.919832813652,-0.00800746738196,-0.0380481776935,10.6364500523
0.919832813652,-0.00800746738196,-0.0380481776935,10.6557900906
0.919832813652,-0.00800746738196,-0.0380481776935,10.6692790985
0.924051716405,-0.00816806644888,-0.0356047167407,10.685988903
0.924051716405,-0.00816806644888,-0.0356047167407,10.7027919292
0.928270998981,-0.00831835632249,-0.0319395253115,10.7201099396
0.928270998981,-0.00831835632249,-0.0319395253115,10.7359058857
0.928270998981,-0.00831835632249,-0.0319395253115,10.7528190613
0.93253342835,-0.00845454260575,-0.0321140582367,10.769297123
0.93253342835,-0.00845454260575,-0.0321140582367,10.7872719765
0.93253342835,-0.00845454260575,-0.0321140582367,10.8029510975
0.93253342835,-0.00845454260575,-0.0321140582367,10.8197009563
Actuacion(lineal,angular) = 0.0543152764445,0.235481455108
0.936795833885,-0.0085914728212,-0.0308923277603,10.8359959126
0.936795833885,-0.0085914728212,-0.0308923277603,10.8527948856
0.936795833885,-0.0085914728212,-0.0308923277603,10.8693270683
0.936795833885,-0.0085914728212,-0.0308923277603,10.8864810467
0.940546895173,-0.00870738871254,-0.0317649923863,10.9030160904
0.940546895173,-0.00870738871254,-0.0317649923863,10.920042038
0.940546895173,-0.00870738871254,-0.0317649923863,10.9360868931
0.943487987794,-0.00880084393192,-0.0329867228627,10.9525980949
0.943487987794,-0.00880084393192,-0.0329867228627,10.9696838856
0.943487987794,-0.00880084393192,-0.0329867228627,10.9867949486
0.943487987794,-0.00880084393192,-0.0329867228627,11.0028281212
0.946940438173,-0.00891477028075,-0.0307177948351,11.0192799568
Actuacion(lineal,angular) = 0.0107952321497,0.285169492711
0.946940438173,-0.00891477028075,-0.0307177948351,11.0359840393
0.947494575207,-0.00893179750435,-0.0303687289847,11.052822113
0.947494575207,-0.00893179750435,-0.0303687289847,11.0694110394
0.947494575207,-0.00893179750435,-0.0303687289847,11.0891449451
0.949583267842,-0.00899524795206,-0.0310668606855,11.1030390263
0.949583267842,-0.00899524795206,-0.0310668606855,11.1204819679
0.949583267842,-0.00899524795206,-0.0310668606855,11.1364219189
0.953249057911,-0.00910916919412,-0.0425860337487,11.1556339264
0.953249057911,-0.00910916919412,-0.0425860337487,11.1693170071
0.953249057911,-0.00910916919412,-0.0425860337487,11.1874470711
0.951203903708,-0.00902202149906,-0.0513126800086,11.2026600838
0.951203903708,-0.00902202149906,-0.0513126800086,11.2199459076
Actuacion(lineal,angular) = 0.00606324011103,0.345630560864
0.956144333635,-0.00927575092717,-0.0706858347058,11.2363619804
0.956144333635,-0.00927575092717,-0.0706858347058,11.2551150322
0.956144333635,-0.00927575092717,-0.0706858347058,11.2693250179
0.954953226282,-0.00919141600345,-0.0893608577021,11.2899780273
0.954953226282,-0.00919141600345,-0.0893608577021,11.3028290272
0.954953226282,-0.00919141600345,-0.0893608577021,11.3202168941
0.954953226282,-0.00919141600345,-0.0893608577021,11.3363599777
0.957714158831,-0.00943879412294,-0.111352006277,11.3527159691
0.957714158831,-0.00943879412294,-0.111352006277,11.3693931103
0.957714158831,-0.00943879412294,-0.111352006277,11.3862519264
0.957714158831,-0.00943879412294,-0.111352006277,11.4031460285
0.958434651596,-0.00951935568154,-0.137881010908,11.4201309681
Actuacion(lineal,angular) = 0.00337963844513,0.405165301312
0.958434651596,-0.00951935568154,-0.137881010908,11.435972929
0.958434651596,-0.00951935568154,-0.137881010908,11.4528899193
0.96025102794,-0.00977139872732,-0.164584548463,11.4694371223
0.96025102794,-0.00977139872732,-0.164584548463,11.4860329628
0.96025102794,-0.00977139872732,-0.164584548463,11.5032939911
0.96025102794,-0.00977139872732,-0.164584548463,11.519630909
0.96147105061,-0.00997402853722,-0.191637151869,11.5372600555
0.96147105061,-0.00997402853722,-0.191637151869,11.5549240112
0.962015300213,-0.0100796227997,-0.197396738401,11.5693659782
0.962015300213,-0.0100796227997,-0.197396738401,11.588572979
0.962015300213,-0.0100796227997,-0.197396738401,11.6026890278
0.963771651045,-0.0104308951188,-0.209963109015,11.6194939613
0.963771651045,-0.0104308951188,-0.209963109015,11.6359460354
0.963771651045,-0.0104308951188,-0.209963109015,11.6530740261
0.96435558373,-0.0105553334384,-0.212930168743,11.6696400642
0.96435558373,-0.0105553334384,-0.212930168743,11.686537981
0.966356363957,-0.0109879174353,-0.221307749153,11.7026610374
0.966356363957,-0.0109879174353,-0.221307749153,11.7198541164
0.966356363957,-0.0109879174353,-0.221307749153,11.736066103
0.968353450008,-0.0114372477533,-0.232128790515,11.753084898
0.968353450008,-0.0114372477533,-0.232128790515,11.7696199417
0.968353450008,-0.0114372477533,-0.232128790515,11.7862288952
0.968353450008,-0.0114372477533,-0.232128790515,11.8030819893
0.97030405478,-0.0118983511822,-0.243647963578,11.8194870949
Actuacion(lineal,angular) = 0.00211714943909,0.465150009144
0.97030405478,-0.0118983511822,-0.243647963578,11.8360118866
0.97030405478,-0.0118983511822,-0.243647963578,11.8529779911
0.97220783226,-0.0123716047551,-0.25342180739,11.8695421219
0.97220783226,-0.0123716047551,-0.25342180739,11.8860480785
0.97220783226,-0.0123716047551,-0.25342180739,11.9028139114
0.97220783226,-0.0123716047551,-0.25342180739,11.9192819595
0.974106893375,-0.0128634426511,-0.255341669567,11.9369680882
0.974106893375,-0.0128634426511,-0.255341669567,11.9529910088
0.974106893375,-0.0128634426511,-0.255341669567,11.9698240757
0.976252586733,-0.0134235537815,-0.237015712421,11.9860150814
0.976252586733,-0.0134235537815,-0.237015712421,12.0030620098
0.976252586733,-0.0134235537815,-0.237015712421,12.0196359158
0.976252586733,-0.0134235537815,-0.237015712421,12.0359969139
0.978283822425,-0.0139142109425,-0.215373629696,12.0529720783
0.978283822425,-0.0139142109425,-0.215373629696,12.0702860355
0.978283822425,-0.0139142109425,-0.215373629696,12.0865430832
0.980408522006,-0.0143790244421,-0.189542756767,12.1055788994
0.980408522006,-0.0143790244421,-0.189542756767,12.1197619438
0.980408522006,-0.0143790244421,-0.189542756767,12.1361160278
0.980408522006,-0.0143790244421,-0.189542756767,12.1552400589
0.982460753446,-0.0147727362684,-0.146956723018,12.1694409847
0.982460753446,-0.0147727362684,-0.146956723018,12.186275959
0.983220108185,-0.0148851388792,-0.133343154852,12.2028980255
0.983220108185,-0.0148851388792,-0.133343154852,12.2195250988
0.983220108185,-0.0148851388792,-0.133343154852,12.2363109589
0.985291214401,-0.0151629552329,-0.0949459113085,12.2527329922
0.985291214401,-0.0151629552329,-0.0949459113085,12.2696831226
0.985291214401,-0.0151629552329,-0.0949459113085,12.2861180305
0.985970477878,-0.0152276430206,-0.0834267382453,12.3026690483
0.985970477878,-0.0152276430206,-0.0834267382453,12.3195641041
0.988137861678,-0.0154088814511,-0.0493928178314,12.3365390301
0.988137861678,-0.0154088814511,-0.0493928178314,12.352658987
0.988137861678,-0.0154088814511,-0.0493928178314,12.3693881035
0.989032336392,-0.0154530980412,-0.0155334303427,12.386318922
0.989032336392,-0.0154530980412,-0.0155334303427,12.4028849602
0.989032336392,-0.0154530980412,-0.0155334303427,12.4209160805
0.989032336392,-0.0154530980412,-0.0155334303427,12.4358940125
0.989629308982,-0.0154623718193,0.00366519142919,12.4547400475
0.989629308982,-0.0154623718193,0.00366519142919,12.4692499638
0.989629308982,-0.0154623718193,0.00366519142919,12.4860379696
0.989629308982,-0.0154623718193,0.00366519142919,12.5025379658
0.990695452925,-0.0154584641801,0.0207694180987,12.5193469524
0.990695452925,-0.0154584641801,0.0207694180987,12.5358550549
0.990695452925,-0.0154584641801,0.0207694180987,12.5549449921
0.991761374085,-0.015436322434,0.0450294947015,12.5692789555
0.991761374085,-0.015436322434,0.0450294947015,12.5860929489
0.991761374085,-0.015436322434,0.0450294947015,12.6025640965
0.991761374085,-0.015436322434,0.0450294947015,12.6196079254
0.992059593796,-0.0154228846676,0.0790634151153,12.6362860203
0.992059593796,-0.0154228846676,0.0790634151153,12.6528270245
0.991847029681,-0.0154397258185,0.0890117918517,12.6692221165
0.991847029681,-0.0154397258185,0.0890117918517,12.6863160133
0.991847029681,-0.0154397258185,0.0890117918517,12.7027258873
0.991889506892,-0.0154359348284,0.115715329407,12.7193539143
0.991889506892,-0.0154359348284,0.115715329407,12.7368400097
0.991889506892,-0.0154359348284,0.115715329407,12.7551009655
0.991889506892,-0.0154359348284,0.13561208288,12.7695960999
0.991889506892,-0.0154359348284,0.13561208288,12.7859690189
0.991889506892,-0.0154359348284,0.14032447186,12.8029661179
0.991889506892,-0.0154359348284,0.14032447186,12.8195240498
0.991889506892,-0.0154359348284,0.14032447186,12.8360650539
0.991889506892,-0.0154359348284,0.152192710774,12.8529949188
0.991889506892,-0.0154359348284,0.152192710774,12.8697149754
0.991889506892,-0.0154359348284,0.152192710774,12.8862040043
0.991889506892,-0.0154359348284,0.154810704652,12.903124094
0.991889506892,-0.0154359348284,0.154810704652,12.9192941189
0.991889506892,-0.0154359348284,0.158999494857,12.9358930588
0.991889506892,-0.0154359348284,0.158999494857,12.9530661106
0.991889506892,-0.0154359348284,0.158999494857,12.9691770077
0.991889506892,-0.0154359348284,0.154112572951,12.9860360622
0.991889506892,-0.0154359348284,0.154112572951,13.0025498867
0.991889506892,-0.0154359348284,0.154112572951,13.0193459988
0.991889506892,-0.0154359348284,0.154112572951,13.0360100269
0.991889506892,-0.0154359348284,0.143815130364,13.0526750088
0.991889506892,-0.0154359348284,0.143815130364,13.0694038868
0.991889506892,-0.0154359348284,0.141720735262,13.0859730244
0.991889506892,-0.0154359348284,0.141720735262,13.102668047
0.991889506892,-0.0154359348284,0.141720735262,13.1194760799
0.991889506892,-0.0154359348284,0.141895268187,13.136097908
0.991889506892,-0.0154359348284,0.141895268187,13.1525990963
0.991889506892,-0.0154359348284,0.141895268187,13.1695330143
0.991889506892,-0.0154359348284,0.146956723018,13.1861450672
0.991889506892,-0.0154359348284,0.146956723018,13.2025880814
0.991889506892,-0.0154359348284,0.146956723018,13.2203450203
0.991889506892,-0.0154359348284,0.146956723018,13.2360470295
0.991889506892,-0.0154359348284,0.148527519345,13.2526080608
0.991889506892,-0.0154359348284,0.148527519345,13.2693660259
0.991889506892,-0.0154359348284,0.147131255943,13.2865700722
0.991889506892,-0.0154359348284,0.147131255943,13.3025770187
0.991889506892,-0.0154359348284,0.147131255943,13.3192930222
0.991889506892,-0.0154359348284,0.138230076758,13.3358750343
0.991889506892,-0.0154359348284,0.138230076758,13.3526070118
0.991889506892,-0.0154359348284,0.138230076758,13.3693699837
0.991889506892,-0.0154359348284,0.121649448864,13.3863880634
0.991889506892,-0.0154359348284,0.121649448864,13.40269804
0.991889506892,-0.0154359348284,0.113620934305,13.4196140766
Actuacion(lineal,angular) = 0.00143000031914,0.525236712445
0.991889506892,-0.0154359348284,0.113620934305,13.4362180233
0.991889506892,-0.0154359348284,0.113620934305,13.455329895
0.991889506892,-0.0154359348284,0.0893608577021,13.4691851139
0.991889506892,-0.0154359348284,0.0893608577021,13.4860229492
0.991889506892,-0.0154359348284,0.0893608577021,13.5026268959
0.991889506892,-0.0154359348284,0.0853466004225,13.5194039345
0.991889506892,-0.0154359348284,0.0853466004225,13.5364229679
0.991889506892,-0.0154359348284,0.0790634151153,13.5529580116
0.991889506892,-0.0154359348284,0.0790634151153,13.5694301128
0.991889506892,-0.0154359348284,0.0790634151153,13.5862529278
0.99184699407,-0.0154393030586,0.0764454212374,13.6026329994
0.99184699407,-0.0154393030586,0.0764454212374,13.6205470562
Actuacion(lineal,angular) = 0.00101419002836,0.585121856678
0.99184699407,-0.0154393030586,0.0764454212374,13.6378600597
0.99184699407,-0.0154393030586,0.0764454212374,13.6534318924
0.991294214632,-0.0154816430245,0.074351026135,13.6692259312
0.991294214632,-0.0154816430245,0.074351026135,13.6862590313
0.991294214632,-0.0154816430245,0.074351026135,13.702986002
0.991081573516,-0.0154974823074,0.071733032257,13.7205710411
0.991081573516,-0.0154974823074,0.071733032257,13.7361319065
0.991081573516,-0.0154974823074,0.071733032257,13.7526199818
0.991081573516,-0.0154974823074,0.071733032257,13.7694098949
0.991039037145,-0.0155005388146,0.0687659725286,13.7860219479
0.991039037145,-0.0155005388146,0.0687659725286,13.8054020405
0.991039037145,-0.0155005388146,0.0687659725286,13.8197920322
Actuacion(lineal,angular) = 0.000749881761443,0.645049916256
0.990826310883,-0.0155151902445,0.0753982236862,13.8376789093
0.990826310883,-0.0155151902445,0.0753982236862,13.8538560867
0.990826310883,-0.0155151902445,0.0753982236862,13.8693010807
0.990613686471,-0.0155312521959,0.0774926187885,13.8861780167
0.990613686471,-0.0155312521959,0.0774926187885,13.9025659561
0.990613686471,-0.0155312521959,0.0774926187885,13.9208450317
0.98921059045,-0.0156401999493,0.0863937979737,13.9359269142
0.98921059045,-0.0156401999493,0.0863937979737,13.9561700821
0.98921059045,-0.0156401999493,0.0863937979737,13.9692790508
0.98916810346,-0.0156438797214,0.0884881930761,13.9860720634
0.98916810346,-0.0156438797214,0.0884881930761,14.0025560856
0.987681409584,-0.0157766308647,0.0972148393361,14.0193219185
Actuacion(lineal,angular) = 0.000585355703593,0.7
0.987681409584,-0.0157766308647,0.0972148393361,14.0359261036
0.987681409584,-0.0157766308647,0.0972148393361,14.0529389381
0.987681409584,-0.0157766308647,0.0972148393361,14.0695400238
0.987256962736,-0.0158180238771,0.107686814848,14.0868229866
0.987256962736,-0.0158180238771,0.107686814848,14.1025829315
0.987256962736,-0.0158180238771,0.107686814848,14.1195859909
0.987256962736,-0.0158180238771,0.107686814848,14.1364901066
0.986536179537,-0.0158959441565,0.113620934305,14.1530549526
0.986536179537,-0.0158959441565,0.113620934305,14.1694569588
0.986536179537,-0.0158959441565,0.113620934305,14.1861770153
0.985815871415,-0.0159781402526,0.117111592809,14.2031579018
0.985815871415,-0.0159781402526,0.117111592809,14.219285965
Actuacion(lineal,angular) = 0.00057980810473,0.7
0.985815871415,-0.0159781402526,0.117111592809,14.235929966
0.985815871415,-0.0159781402526,0.117111592809,14.2526669502
0.985604101763,-0.0160030549408,0.120253185462,14.2703220844
0.985604101763,-0.0160030549408,0.120253185462,14.2865860462
0.985604101763,-0.0160030549408,0.120253185462,14.30367589
0.985265397227,-0.0160439827138,0.118856922061,14.3194549084
0.985265397227,-0.0160439827138,0.118856922061,14.3359439373
0.985265397227,-0.0160439827138,0.118856922061,14.3527319431
0.985265397227,-0.0160439827138,0.119031454986,14.3695569038
0.985265397227,-0.0160439827138,0.119031454986,14.3863089085
0.985223052942,-0.0160490469559,0.120602251313,14.4046499729
0.985223052942,-0.0160490469559,0.120602251313,14.4195680618
Actuacion(lineal,angular) = 0.000580871307404,0.7
0.985223052942,-0.0160490469559,0.120602251313,14.4376380444
0.985223052942,-0.0160490469559,0.120602251313,14.4529891014
0.985053707827,-0.0160695699563,0.120602251313,14.4698851109
0.985053707827,-0.0160695699563,0.120602251313,14.4860920906
0.985053707827,-0.0160695699563,0.120602251313,14.5027449131
0.985011371549,-0.0160747007064,0.120602251313,14.5194969177
0.985011371549,-0.0160747007064,0.120602251313,14.5359458923
0.985011371549,-0.0160747007064,0.120602251313,14.5534961224
0.98496903527,-0.0160798314564,0.120776784238,14.5693740845
0.98496903527,-0.0160798314564,0.120776784238,14.5860850811
0.98496903527,-0.0160798314564,0.121125850088,14.6028630733
0.98496903527,-0.0160798314564,0.121125850088,14.6197059155
Actuacion(lineal,angular) = 0.000581267652092,0.7
0.98496903527,-0.0160798314564,0.121125850088,14.6360220909
0.98496903527,-0.0160798314564,0.121125850088,14.6528289318
0.98496903527,-0.0160798314564,0.121125850088,14.6694290638
0.98496903527,-0.0160798314564,0.121125850088,14.6861069202
0.98496903527,-0.0160798314564,0.121300383014,14.7026569843
0.98496903527,-0.0160798314564,0.121300383014,14.7193479538
0.98496903527,-0.0160798314564,0.121300383014,14.7359631062
0.98496903527,-0.0160798314564,0.121474915939,14.7527520657
0.98496903527,-0.0160798314564,0.121474915939,14.7692120075
0.98496903527,-0.0160798314564,0.121474915939,14.7862949371
0.984926703485,-0.0160849991499,0.121474915939,14.8025150299
0.984926703485,-0.0160849991499,0.121474915939,14.8195819855
Actuacion(lineal,angular) = 0.000582802573334,0.7
0.984926703485,-0.0160849991499,0.121474915939,14.8359320164
0.984926703485,-0.0160849991499,0.121474915939,14.8526539803
0.984926703485,-0.0160849991499,0.121474915939,14.8694159985
0.984926703485,-0.0160849991499,0.121474915939,14.8864459991
0.984926703485,-0.0160849991499,0.121474915939,14.9025731087
0.984926703485,-0.0160849991499,0.121649448864,14.919383049
0.984926703485,-0.0160849991499,0.121649448864,14.9358940125
0.984926703485,-0.0160849991499,0.121649448864,14.9533319473
0.984926703485,-0.0160849991499,0.121649448864,14.9737610817
0.984926703485,-0.0160849991499,0.121649448864,14.9858529568
0.984926703485,-0.0160849991499,0.121649448864,15.0026340485
0.984926703485,-0.0160849991499,0.121649448864,15.0194830894
Actuacion(lineal,angular) = 0.000579920429371,0.7
0.984926703485,-0.0160849991499,0.121649448864,15.0361039639
0.984926703485,-0.0160849991499,0.121649448864,15.0528759956
0.984926703485,-0.0160849991499,0.121649448864,15.0694448948
0.984926703485,-0.0160849991499,0.121649448864,15.0859470367
0.984926703485,-0.0160849991499,0.121649448864,15.102741003
0.984926703485,-0.0160849991499,0.121649448864,15.1202549934
0.984926703485,-0.0160849991499,0.121649448864,15.1375420094
0.984926703485,-0.0160849991499,0.121649448864,15.1535251141
0.984926703485,-0.0160849991499,0.121649448864,15.1706280708
0.984926703485,-0.0160849991499,0.121649448864,15.1861929893
0.984926703485,-0.0160849991499,0.121649448864,15.2025430202
0.984926703485,-0.0160849991499,0.121649448864,15.2193338871
Actuacion(lineal,angular) = 0.000581041618088,0.7
0.984926703485,-0.0160849991499,0.121649448864,15.2360310555
0.984757379955,-0.0161056994768,0.121649448864,15.252767086
0.984757379955,-0.0161056994768,0.121649448864,15.2695119381
0.984715049073,-0.0161108745585,0.121823981789,15.2861258984
0.984715049073,-0.0161108745585,0.121823981789,15.302544117
0.984715049073,-0.0161108745585,0.121823981789,15.3192620277
0.984588059137,-0.0161264219678,0.12217304764,15.3360619545
0.984588059137,-0.0161264219678,0.12217304764,15.3527779579
0.984588059137,-0.0161264219678,0.12217304764,15.3693110943
0.984461074636,-0.016142013704,0.12252211349,15.3862659931
0.984461074636,-0.016142013704,0.12252211349,15.4034600258
0.984461074636,-0.016142013704,0.12252211349,15.4195539951
Actuacion(lineal,angular) = 0.000581473626509,0.7
0.984418748285,-0.0161472257244,0.12252211349,15.4360129833
0.984418748285,-0.0161472257244,0.12252211349,15.4528729916
0.984418748285,-0.0161472257244,0.12252211349,15.469301939
0.984418748285,-0.0161472257244,0.12252211349,15.4861619473
0.984418748285,-0.0161472257244,0.12287117934,15.5027461052
0.984418748285,-0.0161472257244,0.12287117934,15.5194039345
0.984418748285,-0.0161472257244,0.12287117934,15.5361499786
0.984418748285,-0.0161472257244,0.12287117934,15.5527451038
0.984418748285,-0.0161472257244,0.123045712266,15.5697450638
0.984418748285,-0.0161472257244,0.123045712266,15.5862669945
0.984418748285,-0.0161472257244,0.123045712266,15.6035919189
0.984418748285,-0.0161472257244,0.123045712266,15.6200790405
Actuacion(lineal,angular) = 0.000581356190853,0.7
0.984418748285,-0.0161472257244,0.123045712266,15.6359939575
0.984418748285,-0.0161472257244,0.123045712266,15.65335989
0.984334101054,-0.0161576940878,0.12287117934,15.6692860126
0.984334101054,-0.0161576940878,0.12287117934,15.6862850189
0.984207127469,-0.0161733744722,0.123045712266,15.7032620907
0.984207127469,-0.0161733744722,0.123045712266,15.7200579643
0.984207127469,-0.0161733744722,0.123045712266,15.735888958
0.984080156623,-0.0161890770173,0.123569311041,15.7529220581
0.984080156623,-0.0161890770173,0.123569311041,15.7691450119
0.984080156623,-0.0161890770173,0.123569311041,15.7859508991
0.983995514885,-0.0161995897005,0.123569311041,15.8024969101
0.983995514885,-0.0161995897005,0.123569311041,15.8193619251
Actuacion(lineal,angular) = 0.000580976807983,0.7
0.983995514885,-0.0161995897005,0.123569311041,15.8360619545
0.983826231409,-0.0162206150668,0.123918376892,15.8528220654
0.983826231409,-0.0162206150668,0.123918376892,15.8693790436
0.983783912377,-0.0162258861808,0.123918376892,15.8860430717
0.983783912377,-0.0162258861808,0.123918376892,15.9027121067
0.983783912377,-0.0162258861808,0.123918376892,15.919672966
0.983318403029,-0.0162838684352,0.124092909817,15.9361209869
0.983318403029,-0.0162838684352,0.124092909817,15.9537119865
0.983318403029,-0.0162838684352,0.124092909817,15.9705889225
0.983191448696,-0.0162997039353,0.124267442742,15.98706007
0.983191448696,-0.0162997039353,0.124267442742,16.0048909187
0.983191448696,-0.0162997039353,0.124267442742,16.0200970173
Actuacion(lineal,angular) = 0.000583569518002,0.7
0.982641325238,-0.0163684204513,0.124441975667,16.0359809399
0.982641325238,-0.0163684204513,0.124441975667,16.0531020164
0.982641325238,-0.0163684204513,0.124616508592,16.0707409382
0.982641325238,-0.0163684204513,0.124616508592,16.0864019394
0.982641325238,-0.0163684204513,0.124616508592,16.1035881042
0.982429748531,-0.0163949237363,0.124791041518,16.1201810837
0.982429748531,-0.0163949237363,0.124791041518,16.1365830898
0.982429748531,-0.0163949237363,0.124791041518,16.1536068916
0.982429748531,-0.0163949237363,0.124791041518,16.1701729298
0.982260490868,-0.0164161559057,0.125140107368,16.1868100166
0.982260490868,-0.0164161559057,0.125140107368,16.2047510147
0.982260490868,-0.0164161559057,0.125140107368,16.220138073
Actuacion(lineal,angular) = 0.000580727796517,0.7
0.982048928067,-0.0164427699684,0.126012771994,16.2374870777
0.982048928067,-0.0164427699684,0.126012771994,16.2534229755
0.982091235966,-0.0164374102332,0.12653637077,16.2703869343
0.982091235966,-0.0164374102332,0.12653637077,16.2862370014
0.982091235966,-0.0164374102332,0.12653637077,16.3025550842
0.982048930879,-0.01644279212,0.131772358526,16.319963932
0.982048930879,-0.01644279212,0.131772358526,16.3361990452
0.982048930879,-0.01644279212,0.131772358526,16.352725029
0.982091207207,-0.0164371887991,0.141371669412,16.3695549965
0.982091207207,-0.0164371887991,0.141371669412,16.3862679005
0.982091207207,-0.0164371887991,0.141371669412,16.4027500153
0.982006766022,-0.0164492065594,0.145211393766,16.4195480347
Actuacion(lineal,angular) = 0.000578916065507,0.7
0.982006766022,-0.0164492065594,0.145211393766,16.4361670017
0.982006766022,-0.0164492065594,0.145211393766,16.4527161121
0.981795779977,-0.0164800613139,0.158301363156,16.4694180489
0.981795779977,-0.0164800613139,0.158301363156,16.4866030216
0.981837892795,-0.0164733385473,0.162315620435,16.502918005
0.981837892795,-0.0164733385473,0.162315620435,16.5194830894
0.981837892795,-0.0164733385473,0.162315620435,16.5370590687
0.981879978288,-0.0164664467836,0.177325452003,16.5535199642
0.981879978288,-0.0164664467836,0.177325452003,16.5700109005
0.981879978288,-0.0164664467836,0.177325452003,16.586826086
0.981754046353,-0.016489014763,0.194778744523,16.605547905
0.981754046353,-0.016489014763,0.194778744523,16.6199820042
Actuacion(lineal,angular) = 0.000580969859698,0.7
0.981754046353,-0.016489014763,0.194778744523,16.6359269619
0.981586687835,-0.0165220312396,0.215199096771,16.6526401043
0.981586687835,-0.0165220312396,0.215199096771,16.6694478989
0.981586687835,-0.0165220312396,0.215199096771,16.687805891
0.981586687835,-0.0165220312396,0.215199096771,16.702835083
0.981628350201,-0.0165129245208,0.231081592964,16.7194099426
0.981628350201,-0.0165129245208,0.231081592964,16.736011982
0.981628350201,-0.0165129245208,0.231081592964,16.7539770603
0.981586837721,-0.0165226917656,0.246440490382,16.7700090408
0.981586837721,-0.0165226917656,0.246440490382,16.7863240242
0.981586837721,-0.0165226917656,0.246440490382,16.803894043
0.981586837721,-0.0165226917656,0.246440490382,16.8199679852
Actuacion(lineal,angular) = 0.00314508516223,0.398707084281
0.981421407418,-0.0165643063804,0.263021118276,16.8360140324
0.981421407418,-0.0165643063804,0.263021118276,16.8533248901
0.981421407418,-0.0165643063804,0.263021118276,16.8695809841
0.981339048619,-0.0165864822341,0.268955237732,16.8869459629
0.981339048619,-0.0165864822341,0.268955237732,16.9029200077
0.981462387253,-0.0165524859532,0.289201057055,16.9196801186
0.981462387253,-0.0165524859532,0.289201057055,16.9360480309
0.981462387253,-0.0165524859532,0.289201057055,16.9532799721
0.981462387253,-0.0165524859532,0.295135176512,16.9695401192
0.981462387253,-0.0165524859532,0.295135176512,16.988090992
0.981339980803,-0.0165896992134,0.307352481276,17.0055949688
0.981339980803,-0.0165896992134,0.307352481276,17.02029109
0.981339980803,-0.0165896992134,0.307352481276,17.0360639095
0.981339980803,-0.0165896992134,0.309097810528,17.0530059338
0.981339980803,-0.0165896992134,0.309097810528,17.0696969032
0.981339980803,-0.0165896992134,0.309097810528,17.0862829685
0.981177480883,-0.0166415908052,0.313810199509,17.1030108929
0.981177480883,-0.0166415908052,0.313810199509,17.1198189259
0.981136917487,-0.0166547549991,0.322013246993,17.136646986
0.981136917487,-0.0166547549991,0.322013246993,17.1536691189
0.981136917487,-0.0166547549991,0.322013246993,17.17019701
0.981136917487,-0.0166547549991,0.322013246993,17.1860339642
0.981177371533,-0.0166412585084,0.327074701824,17.2027599812
0.981177371533,-0.0166412585084,0.327074701824,17.2195549011
0.981177371533,-0.0166412585084,0.327074701824,17.2361049652
0.981177371533,-0.0166412585084,0.33231068958,17.2528469563
0.981177371533,-0.0166412585084,0.33231068958,17.2698409557
0.981177371533,-0.0166412585084,0.33231068958,17.2864160538
0.981177371533,-0.0166412585084,0.33231068958,17.302891016
0.981177371533,-0.0166412585084,0.339292006588,17.3194160461
0.981177371533,-0.0166412585084,0.339292006588,17.3366000652
0.981217586349,-0.0166270650714,0.341211868765,17.3528299332
0.981217586349,-0.0166270650714,0.341211868765,17.3695290089
0.981217586349,-0.0166270650714,0.341211868765,17.3863120079
0.981338148826,-0.0165842532183,0.347495054072,17.402575016
0.981338148826,-0.0165842532183,0.347495054072,17.419604063
0.981338148826,-0.0165842532183,0.347495054072,17.4360530376
0.981298051791,-0.0165987760581,0.353429173529,17.452671051
0.981298051791,-0.0165987760581,0.353429173529,17.4694271088
0.981298051791,-0.0165987760581,0.353429173529,17.4860129356
0.981298051791,-0.0165987760581,0.353429173529,17.5026760101
0.98137807209,-0.0165692550115,0.360585023462,17.5198059082
0.98137807209,-0.0165692550115,0.360585023462,17.536137104
0.98137807209,-0.0165692550115,0.36320301734,17.5535290241
0.98137807209,-0.0165692550115,0.36320301734,17.5693459511
0.98137807209,-0.0165692550115,0.36320301734,17.5861480236
0.981457800036,-0.0165389532815,0.370358867273,17.6026329994
0.981457800036,-0.0165389532815,0.370358867273,17.6193470955
0.981457800036,-0.0165389532815,0.373151394076,17.6359438896
0.981457800036,-0.0165389532815,0.373151394076,17.6527020931
0.981457800036,-0.0165389532815,0.373151394076,17.6695590019
0.981457800036,-0.0165389532815,0.374722190403,17.685997963
0.981457800036,-0.0165389532815,0.374722190403,17.702698946
0.981457800036,-0.0165389532815,0.374722190403,17.7209000587
0.981457800036,-0.0165389532815,0.374722190403,17.7366769314
0.981457800036,-0.0165389532815,0.374722190403,17.7527070045
0.981457800036,-0.0165389532815,0.374722190403,17.76957798
0.981457800036,-0.0165389532815,0.374896723328,17.7884969711
0.981457800036,-0.0165389532815,0.374896723328,17.8029670715
0.981457800036,-0.0165389532815,0.374896723328,17.8196120262
0.981457800036,-0.0165389532815,0.374896723328,17.8360431194
0.981457800036,-0.0165389532815,0.374722190403,17.8528571129
0.981457800036,-0.0165389532815,0.374722190403,17.8693740368
0.981457800036,-0.0165389532815,0.374722190403,17.8865950108
0.981457800036,-0.0165389532815,0.374722190403,17.9024848938
0.981457800036,-0.0165389532815,0.374722190403,17.919246912
0.981457800036,-0.0165389532815,0.374722190403,17.9359140396
0.981457800036,-0.0165389532815,0.374722190403,17.9531779289
0.981457800036,-0.0165389532815,0.374722190403,17.969301939
0.981457800036,-0.0165389532815,0.374722190403,17.9859828949
0.981457800036,-0.0165389532815,0.374722190403,18.0027859211
0.981457800036,-0.0165389532815,0.374722190403,18.0195319653
0.981457800036,-0.0165389532815,0.374722190403,18.0361540318
0.981457800036,-0.0165389532815,0.374722190403,18.0529749393
0.981457800036,-0.0165389532815,0.374722190403,18.0695500374
0.981457800036,-0.0165389532815,0.374722190403,18.0861310959
0.981457800036,-0.0165389532815,0.374722190403,18.102766037
0.981457800036,-0.0165389532815,0.374722190403,18.1195290089
0.981457800036,-0.0165389532815,0.374722190403,18.1360449791
0.981457800036,-0.0165389532815,0.374722190403,18.1527760029
0.981457800036,-0.0165389532815,0.374722190403,18.1693940163
0.981457800036,-0.0165389532815,0.374722190403,18.1860458851
0.981457800036,-0.0165389532815,0.374722190403,18.2028830051
0.981457800036,-0.0165389532815,0.374722190403,18.2200601101
0.981457800036,-0.0165389532815,0.374722190403,18.2361009121
0.981457800036,-0.0165389532815,0.374722190403,18.2527499199
0.981457800036,-0.0165389532815,0.374722190403,18.2695100307
0.981457800036,-0.0165389532815,0.374722190403,18.2860910892
0.981457800036,-0.0165389532815,0.374722190403,18.3042609692
0.981457800036,-0.0165389532815,0.374722190403,18.3196320534
0.981457800036,-0.0165389532815,0.374722190403,18.3362529278
0.981457800036,-0.0165389532815,0.374722190403,18.3528380394
0.981457800036,-0.0165389532815,0.374722190403,18.3696029186
0.981457800036,-0.0165389532815,0.374722190403,18.3864738941
0.981457800036,-0.0165389532815,0.374722190403,18.4027709961
0.981457800036,-0.0165389532815,0.374722190403,18.420445919
0.981457800036,-0.0165389532815,0.374722190403,18.4360721111
0.981457800036,-0.0165389532815,0.374722190403,18.4526410103
0.981457800036,-0.0165389532815,0.374722190403,18.4702301025
0.981457800036,-0.0165389532815,0.374722190403,18.4863460064
0.981457800036,-0.0165389532815,0.374722190403,18.5030589104
0.981457800036,-0.0165389532815,0.374722190403,18.5199460983
0.981457800036,-0.0165389532815,0.374722190403,18.5364539623
0.981457800036,-0.0165389532815,0.374722190403,18.5540869236
0.981457800036,-0.0165389532815,0.374722190403,18.5708110332
0.981457800036,-0.0165389532815,0.374722190403,18.5874729156
0.981457800036,-0.0165389532815,0.374722190403,18.6049489975
0.981457800036,-0.0165389532815,0.374722190403,18.6195700169
0.981457800036,-0.0165389532815,0.374722190403,18.6364219189
0.981457800036,-0.0165389532815,0.374722190403,18.6528460979
0.981457800036,-0.0165389532815,0.374722190403,18.6713418961
0.981457800036,-0.0165389532815,0.374722190403,18.6861290932
0.981457800036,-0.0165389532815,0.374722190403,18.702878952
0.981457800036,-0.0165389532815,0.374722190403,18.719408989
0.981457800036,-0.0165389532815,0.374722190403,18.7360370159
0.981457800036,-0.0165389532815,0.374722190403,18.7529740334
0.981418113229,-0.0165545623312,0.374547657478,18.7693300247
0.981418113229,-0.0165545623312,0.374547657478,18.7863729
0.981418113229,-0.0165545623312,0.374547657478,18.8028790951
0.981338734168,-0.0165857665767,0.372627795301,18.8194160461
0.981338734168,-0.0165857665767,0.372627795301,18.8361690044
0.981338734168,-0.0165857665767,0.372627795301,18.8527290821
0.981577050637,-0.0164926112028,0.371406064824,18.86957407
0.981577050637,-0.0164926112028,0.371406064824,18.8862259388
0.982530771043,-0.016121154619,0.361632221013,18.9026179314
0.982530771043,-0.016121154619,0.361632221013,18.9205288887
0.982530771043,-0.016121154619,0.361632221013,18.9361960888
0.98364762729,-0.0156986842305,0.343131730942,18.9532010555
0.98364762729,-0.0156986842305,0.343131730942,18.9695990086
0.98364762729,-0.0156986842305,0.343131730942,18.9867870808
0.98601706852,-0.0148521672286,0.311366738556,19.0035169125
0.98601706852,-0.0148521672286,0.311366738556,19.0193181038
0.98601706852,-0.0148521672286,0.311366738556,19.0378470421
0.98601706852,-0.0148521672286,0.311366738556,19.0525429249
0.989264703792,-0.0138069640588,0.271398698685,19.069216013
0.989264703792,-0.0138069640588,0.271398698685,19.0859920979
0.989264703792,-0.0138069640588,0.271398698685,19.1025309563
0.989264703792,-0.0138069640588,0.271398698685,19.11927104
0.993414295434,-0.0126522797992,0.215897228472,19.1360049248
0.993414295434,-0.0126522797992,0.215897228472,19.1537139416
0.993414295434,-0.0126522797992,0.215897228472,19.1693820953
0.998163079243,-0.0116107983176,0.145734992542,19.1860320568
0.998163079243,-0.0116107983176,0.145734992542,19.2031300068
0.998163079243,-0.0116107983176,0.145734992542,19.219851017
0.999808644156,-0.0113692695835,0.119729586687,19.2361218929
0.999808644156,-0.0113692695835,0.119729586687,19.2526741028
1.00535528108,-0.0107019814212,0.0233874119767,19.2694160938
1.00535528108,-0.0107019814212,0.0233874119767,19.2861809731
1.00535528108,-0.0107019814212,0.0233874119767,19.3029279709
1.00757226893,-0.0106501223576,-0.00453785605519,19.3195259571
1.00757226893,-0.0106501223576,-0.00453785605519,19.3362300396
1.00757226893,-0.0106501223576,-0.00453785605519,19.352684021
1.01482202179,-0.0106830209184,-0.0912807198793,19.3695011139
1.01482202179,-0.0106830209184,-0.0912807198793,19.3861820698
1.02365546989,-0.0114915913834,-0.178721715404,19.4043419361
1.02365546989,-0.0114915913834,-0.178721715404,19.4193770885
Actuacion(lineal,angular) = 0.00219598259781,0.458696012122
1.02365546989,-0.0114915913834,-0.178721715404,19.436248064
1.02365546989,-0.0114915913834,-0.178721715404,19.4527740479
1.0332658595,-0.013227700801,-0.27523842304,19.469602108
1.0332658595,-0.013227700801,-0.27523842304,19.4861700535
1.03630288353,-0.0140853747192,-0.302640092296,19.503057003
1.03630288353,-0.0140853747192,-0.302640092296,19.519436121
1.03630288353,-0.0140853747192,-0.302640092296,19.5361359119
1.04285685667,-0.0161317305382,-0.384146968364,19.5525920391
1.04285685667,-0.0161317305382,-0.384146968364,19.5693569183
1.04285685667,-0.0161317305382,-0.384146968364,19.5863749981
1.04645480873,-0.0175861280503,-0.458672527424,19.6053071022
1.04645480873,-0.0175861280503,-0.458672527424,19.6194119453
Actuacion(lineal,angular) = 0.00148636064525,0.518752388579
1.04645480873,-0.0175861280503,-0.458672527424,19.6364738941
1.04645480873,-0.0175861280503,-0.458672527424,19.6532919407
1.04653128512,-0.0176238918244,-0.513999464712,19.6694331169
1.04653128512,-0.0176238918244,-0.513999464712,19.6861491203
1.04686550497,-0.0178125994865,-0.52028265002,19.70282197
1.04686550497,-0.0178125994865,-0.52028265002,19.7197101116
1.04686550497,-0.0178125994865,-0.52028265002,19.7364709377
1.04727253868,-0.0180458042393,-0.521504380496,19.7525310516
1.04727253868,-0.0180458042393,-0.521504380496,19.7695229053
1.04727253868,-0.0180458042393,-0.521504380496,19.7865080833
1.04723556154,-0.0180245586153,-0.522900643898,19.8038508892
1.04723556154,-0.0180245586153,-0.522900643898,19.8198320866
Actuacion(lineal,angular) = 0.0010509604172,0.578712777716
1.04723556154,-0.0180245586153,-0.522900643898,19.836220026
1.04723556154,-0.0180245586153,-0.522900643898,19.8526721001
1.04719861411,-0.0180032613822,-0.523249709748,19.8694849014
1.04719861411,-0.0180032613822,-0.523249709748,19.8865120411
1.0473094341,-0.0180671917688,-0.522551578047,19.9031789303
1.0473094341,-0.0180671917688,-0.522551578047,19.9196710587
1.0473094341,-0.0180671917688,-0.522551578047,19.9359691143
1.04745725357,-0.0181523291077,-0.52098078172,19.9529180527
1.04745725357,-0.0181523291077,-0.52098078172,19.9694170952
1.04745725357,-0.0181523291077,-0.52098078172,19.9863989353
1.04738327706,-0.0181098765879,-0.52028265002,20.0027060509
1.04738327706,-0.0181098765879,-0.52028265002,20.0194909573
Actuacion(lineal,angular) = 0.000774032295661,0.638713936431
1.04723526481,-0.0180250748596,-0.518362787842,20.0364050865
1.04723526481,-0.0180250748596,-0.518362787842,20.0528550148
1.04723526481,-0.0180250748596,-0.518362787842,20.0696799755
1.04719822111,-0.0180039455073,-0.517141057366,20.086689949
1.04719822111,-0.0180039455073,-0.517141057366,20.1029000282
1.04719822111,-0.0180039455073,-0.517141057366,20.1195909977
1.04719822111,-0.0180039455073,-0.517141057366,20.1360569
1.04690166523,-0.0178352728747,-0.516442925665,20.1527769566
1.04690166523,-0.0178352728747,-0.516442925665,20.1693599224
1.04690166523,-0.0178352728747,-0.516442925665,20.1860430241
1.04690166523,-0.0178352728747,-0.516442925665,20.2026319504
1.04682749684,-0.0177931564855,-0.515046662264,20.2199590206
Actuacion(lineal,angular) = 0.000587111588017,0.698692636115
1.04682749684,-0.0177931564855,-0.515046662264,20.236479044
1.04682749684,-0.0177931564855,-0.515046662264,20.2527430058
1.04671615616,-0.0177301373013,-0.512777734236,20.2696421146
1.04671615616,-0.0177301373013,-0.512777734236,20.2864260674
1.04679047841,-0.0177719815668,-0.51155600376,20.3030369282
1.04679047841,-0.0177719815668,-0.51155600376,20.3205289841
1.04679047841,-0.0177719815668,-0.51155600376,20.3360769749
1.04664173177,-0.0176884747017,-0.50754174648,20.3529698849
1.04664173177,-0.0176884747017,-0.50754174648,20.3694720268
1.04664173177,-0.0176884747017,-0.50754174648,20.3858809471
1.04645538093,-0.0175848383436,-0.501607627023,20.4038069248
1.04645538093,-0.0175848383436,-0.501607627023,20.4198279381
Actuacion(lineal,angular) = 0.000581345424416,0.7
1.04645538093,-0.0175848383436,-0.501607627023,20.4366099834
1.04645538093,-0.0175848383436,-0.501607627023,20.4526350498
1.04619363338,-0.017441298147,-0.49410271124,20.4700028896
1.04619363338,-0.017441298147,-0.49410271124,20.4865250587
1.04604345199,-0.0173603999873,-0.491659250287,20.5027151108
1.04604345199,-0.0173603999873,-0.491659250287,20.5192780495
1.04604345199,-0.0173603999873,-0.491659250287,20.5366771221
1.04589307338,-0.0172798690312,-0.48537606498,20.553894043
1.04589307338,-0.0172798690312,-0.48537606498,20.5692780018
1.04577991216,-0.0172201806441,-0.483805268653,20.5863699913
1.04577991216,-0.0172201806441,-0.483805268653,20.6033649445
1.04577991216,-0.0172201806441,-0.483805268653,20.6192340851
Actuacion(lineal,angular) = 0.000581005339903,0.7
1.04566665732,-0.0171606700839,-0.47734755042,20.6360030174
1.04566665732,-0.0171606700839,-0.47734755042,20.6527240276
1.04566665732,-0.0171606700839,-0.47734755042,20.6695199013
1.04536362591,-0.0170039288662,-0.469668101712,20.6861300468
1.04536362591,-0.0170039288662,-0.469668101712,20.702835083
1.04536362591,-0.0170039288662,-0.469668101712,20.7203021049
1.04505939976,-0.0168495193616,-0.461988653003,20.7365210056
1.04505939976,-0.0168495193616,-0.461988653003,20.752671957
1.04505939976,-0.0168495193616,-0.461988653003,20.7694270611
1.04502122439,-0.0168305107759,-0.460243323751,20.7880969048
1.04502122439,-0.0168305107759,-0.460243323751,20.8058869839
1.04502122439,-0.0168305107759,-0.460243323751,20.8192830086
Actuacion(lineal,angular) = 0.000580717022338,0.7
1.04467734801,-0.0166600334223,-0.456229066471,20.8360240459
1.04467734801,-0.0166600334223,-0.456229066471,20.8526990414
1.04467734801,-0.0166600334223,-0.456229066471,20.86977911
1.04414136899,-0.0163969958606,-0.451691210416,20.8862431049
1.04414136899,-0.0163969958606,-0.451691210416,20.9032640457
1.04414136899,-0.0163969958606,-0.451691210416,20.9196140766
1.04364257094,-0.0161550076705,-0.446804288511,20.9361729622
1.04364257094,-0.0161550076705,-0.446804288511,20.9530489445
1.04364257094,-0.0161550076705,-0.446804288511,20.9695830345
1.04348873258,-0.0160813006788,-0.445582558034,20.9862279892
1.04348873258,-0.0160813006788,-0.445582558034,21.0038130283
1.04348873258,-0.0160813006788,-0.445582558034,21.0200190544
Actuacion(lineal,angular) = 0.000581285249265,0.7
1.04306542977,-0.0158791234625,-0.441568300755,21.0360760689
1.04306542977,-0.0158791234625,-0.441568300755,21.0528430939
1.04306542977,-0.0158791234625,-0.441568300755,21.0696070194
1.04260276324,-0.0156604219947,-0.438601241026,21.0863521099
1.04260276324,-0.0156604219947,-0.438601241026,21.1028249264
1.04260276324,-0.0156604219947,-0.438601241026,21.1200060844
1.04210084039,-0.0154249836012,-0.434412450821,21.1389420033
1.04210084039,-0.0154249836012,-0.434412450821,21.1526110172
1.04210084039,-0.0154249836012,-0.434412450821,21.1694250107
1.04210084039,-0.0154249836012,-0.434412450821,21.1878240108
1.04163662072,-0.0152095984768,-0.430572726467,21.21270895
1.04163662072,-0.0152095984768,-0.430572726467,21.2191150188
Actuacion(lineal,angular) = 0.000580884269415,0.7
1.04163662072,-0.0152095984768,-0.430572726467,21.235970974
1.04163662072,-0.0152095984768,-0.430572726467,21.2525069714
1.04128783828,-0.0150493976777,-0.42900193014,21.269340992
1.04128783828,-0.0150493976777,-0.42900193014,21.2859818935
1.04128783828,-0.0150493976777,-0.42900193014,21.3027539253
1.04078367855,-0.0148187881709,-0.426907535038,21.3196759224
1.04078367855,-0.0148187881709,-0.426907535038,21.3368749619
1.04078367855,-0.0148187881709,-0.426907535038,21.3530731201
1.04078367855,-0.0148187881709,-0.426907535038,21.3703889847
1.04020139976,-0.0145539192185,-0.422893277758,21.3859550953
1.04020139976,-0.0145539192185,-0.422893277758,21.4032549858
1.04004584314,-0.0144839113764,-0.421671547282,21.4192230701
Actuacion(lineal,angular) = 0.000581156508234,0.7
1.04004584314,-0.0144839113764,-0.421671547282,21.4361801147
1.04004584314,-0.0144839113764,-0.421671547282,21.4527039528
1.03961782753,-0.014291912587,-0.416261026601,21.469522953
1.03961782753,-0.014291912587,-0.416261026601,21.486205101
1.03961782753,-0.014291912587,-0.416261026601,21.5029110909
