0,0,0,0.0773749351501
0,0,0,0.0942549705505
0.0,0.0,0.0,0.00347805023193
0.0,0.0,0.0,0.020681142807
0.0,0.0,0.0,0.0366871356964
0.0,0.0,0.0,0.0535190105438
0.0,0.0,0.0,0.0698349475861
0.0,0.0,0.0,0.0867109298706
0.0,0.0,0.0,0.103217124939
0.0,0.0,0.0,0.119998931885
0.0,0.0,0.0,0.137001991272
0.0,0.0,0.0,0.15504193306
0.0,0.0,0.0,0.170302152634
0.0,0.0,0.0,0.187021017075
0.0,0.0,0.0,0.203853130341
0.0,0.0,0.0,0.220159053802
0.0,0.0,0.0,0.236904144287
0.0,0.0,0.0,0.254059076309
0.0,0.0,0.0,0.270365953445
0.0,0.0,0.0,0.286978960037
0.0,0.0,0.0,0.303656101227
0.0,0.0,0.0,0.320641994476
0.0,0.0,0.0,0.337027072906
0.0,0.0,0.0,0.353688955307
0.0,0.0,0.0,0.370409011841
0.0,0.0,0.0,0.386868953705
0.0,0.0,0.0,0.404013156891
0.0,0.0,0.0,0.420017004013
0.0,0.0,0.0,0.436885118484
0.0,0.0,0.0,0.454275131226
0.0,0.0,0.0,0.470345020294
0.0,0.0,0.0,0.487097978592
0.0,0.0,0.0,0.503919124603
0.0,0.0,0.0,0.520751953125
0.0,0.0,0.0,0.536882162094
0.0,0.0,0.0,0.553612947464
0.0,0.0,0.0,0.570462942123
0.0,0.0,0.0,0.58689904213
0.0,0.0,0.0,0.604006052017
0.0,0.0,0.0,0.620414018631
0.0,0.0,0.0,0.636716127396
0.0,0.0,0.0,0.653372049332
0.0,0.0,0.0,0.670204162598
0.0,0.0,0.0,0.686833143234
0.0,0.0,0.0,0.703423976898
0.0,0.0,0.0,0.720139980316
0.0,0.0,0.0,0.736839056015
0.0,0.0,0.0,0.753432035446
0.0,0.0,0.0,0.770241975784
0.0,0.0,0.0,0.787466049194
0.0,0.0,0.0,0.803287982941
0.0,0.0,0.0,0.82017493248
0.0,0.0,0.0,0.836847066879
0.0,0.0,0.0,0.853626012802
0.0,0.0,0.0,0.870063066483
0.0,0.0,0.0,0.886778116226
0.0,0.0,0.0,0.903650045395
0.0,0.0,0.0,0.920264959335
0.0,0.0,0.0,0.936643123627
0.0,0.0,0.0,0.953596115112
0.0,0.0,0.0,0.970288991928
0.0,0.0,0.0,0.986925125122
0.0,0.0,0.0,1.003510952
0.0,0.0,0.0,1.02027511597
0.0,0.0,0.0,1.03657793999
0.0,0.0,0.0,1.0532989502
0.0,0.0,0.0,1.07000398636
0.0,0.0,0.0,1.08665800095
0.0,0.0,0.0,1.10334610939
0.0,0.0,0.0,1.12002801895
0.0,0.0,0.0,1.13724207878
0.0,0.0,0.0,1.15348315239
0.0,0.0,0.0,1.17041993141
0.0,0.0,0.0,1.18679594994
0.0,0.0,0.0,1.20353603363
0.0,0.0,0.0,1.22029995918
0.0,0.0,0.0,1.23677897453
0.0,0.0,0.0,1.25354099274
0.0,0.0,0.0,1.27013707161
0.0,0.0,0.0,1.28678393364
0.0,0.0,0.0,1.30341506004
0.0,0.0,0.0,1.32027697563
0.0,0.0,0.0,1.33684396744
0.0,0.0,0.0,1.35364413261
0.0,0.0,0.0,1.37012815475
0.0,0.0,0.0,1.38708400726
0.0,0.0,0.0,1.40341997147
0.0,0.0,0.0,1.42017602921
0.0,0.0,0.0,1.43714594841
0.0,0.0,0.0,1.45348715782
0.0,0.0,0.0,1.47042608261
0.0,0.0,0.0,1.48687911034
0.0,0.0,0.0,1.50339198112
0.0,0.0,0.0,1.52120399475
0.0,0.0,0.0,1.53683400154
0.0,0.0,0.0,1.55383396149
0.0,0.0,0.0,1.57017493248
0.0,0.0,0.0,1.58683896065
0.0,0.0,0.0,1.60350203514
0.0,0.0,0.0,1.62005209923
0.0,0.0,0.0,1.6368060112
0.0,0.0,0.0,1.65343093872
0.0,0.0,0.0,1.66983008385
0.0,0.0,0.0,1.68666005135
0.0,0.0,0.0,1.70338892937
0.0,0.0,0.0,1.72012805939
0.0,0.0,0.0,1.7367041111
0.0,0.0,0.0,1.75345396996
0.0,0.0,0.0,1.77028512955
0.0,0.0,0.0,1.78677916527
0.0,0.0,0.0,1.80349898338
0.0,0.0,0.0,1.82072997093
0.0,0.0,0.0,1.83663010597
0.0,0.0,0.0,1.8533411026
0.0,0.0,0.0,1.87015509605
0.0,0.0,0.0,1.88677215576
0.0,0.0,0.0,1.90347599983
0.0,0.0,0.0,1.92040109634
0.0,0.0,0.0,1.93667411804
0.0,0.0,0.0,1.95359706879
0.0,0.0,0.0,1.96989202499
0.0,0.0,0.0,1.9867811203
0.0,0.0,0.0,2.00331497192
0.0,0.0,0.0,2.02042913437
0.0,0.0,0.0,2.03663015366
0.0,0.0,0.0,2.05340600014
0.0,0.0,0.0,2.06989192963
0.0,0.0,0.0,2.08668208122
0.0,0.0,0.0,2.10364508629
0.0,0.0,0.0,2.12014007568
0.0,0.0,0.0,2.13670706749
0.0,0.0,0.0,2.15406012535
0.0,0.0,0.0,2.16985607147
0.0,0.0,0.0,2.18705606461
0.0,0.0,0.0,2.20345211029
0.0,0.0,0.0,2.22006416321
0.0,0.0,0.0,2.23671293259
0.0,0.0,0.0,2.25328803062
0.0,0.0,0.0,2.26977610588
0.0,0.0,0.0,2.28654313087
0.0,0.0,0.0,2.30339503288
0.0,0.0,0.0,2.32014894485
0.0,0.0,0.0,2.33672213554
0.0,0.0,0.0,2.35373210907
0.0,0.0,0.0,2.37045693398
0.0,0.0,0.0,2.38677000999
0.0,0.0,0.0,2.40347504616
0.0,0.0,0.0,2.42011594772
0.0,0.0,0.0,2.43682694435
0.0,0.0,0.0,2.45426702499
0.0,0.0,0.0,2.47012996674
0.0,0.0,0.0,2.48671197891
0.0,0.0,0.0,2.50354814529
0.0,0.0,0.0,2.52020597458
0.0,0.0,0.0,2.53717303276
0.0,0.0,0.0,2.55362606049
0.0,0.0,0.0,2.56992411613
0.0,0.0,0.0,2.58664608002
0.0,0.0,0.0,2.60323810577
0.0,0.0,0.0,2.62012004852
0.0,0.0,0.0,2.6365480423
0.0,0.0,0.0,2.6533010006
0.0,0.0,0.0,2.66982913017
0.0,0.0,0.0,2.68653106689
0.0,0.0,0.0,2.7034060955
0.0,0.0,0.0,2.72002196312
0.0,0.0,0.0,2.73658514023
0.0,0.0,0.0,2.75345802307
0.0,0.0,0.0,2.77032899857
0.0,0.0,0.0,2.78671503067
0.0,0.0,0.0,2.80320096016
0.0,0.0,0.0,2.82008504868
0.0,0.0,0.0,2.83669805527
0.0,0.0,0.0,2.85371494293
0.0,0.0,0.0,2.87001395226
0.0,0.0,0.0,2.88683700562
0.0,0.0,0.0,2.90330815315
0.0,0.0,0.0,2.92012310028
0.0,0.0,0.0,2.93665003777
0.0,0.0,0.0,2.95360708237
0.0,0.0,0.0,2.97000694275
0.0,0.0,0.0,2.98679304123
0.0,0.0,0.0,3.00350308418
0.0,0.0,0.0,3.02107214928
0.0,0.0,0.0,3.0371389389
0.0,0.0,0.0,3.05422401428
0.0,0.0,0.0,3.0708501339
0.0,0.0,0.0,3.08661007881
0.0,0.0,0.0,3.10363197327
0.0,0.0,0.0,3.11995816231
0.0,0.0,0.0,3.13675904274
0.0,0.0,0.0,3.15344214439
0.0,0.0,0.0,3.17075896263
0.0,0.0,0.0,3.18657612801
0.0,0.0,0.0,3.20389795303
0.0,0.0,0.0,3.22025513649
0.0,0.0,0.0,3.23689699173
0.0,0.0,0.0,3.25364804268
0.0,0.0,0.0,3.2702600956
0.0,0.0,0.0,3.28684306145
0.0,0.0,0.0,3.30432295799
0.0,0.0,0.0,3.32062911987
0.0,0.0,0.0,3.33667206764
0.0,0.0,0.0,3.35337305069
0.0,0.0,0.0,3.37031006813
0.0,0.0,0.0,3.38683199883
0.0,0.0,0.0,3.40356111526
0.0,0.0,0.0,3.41991209984
0.0,0.0,0.0,3.43669009209
0.0,0.0,0.0,3.45323109627
0.0,0.0,0.0,3.47044110298
0.0,0.0,0.0,3.48665595055
0.0,0.0,0.0,3.50447416306
0.0,0.0,0.0,3.52043509483
0.0,0.0,0.0,3.53688812256
0.0,0.0,0.0,3.55354499817
0.0,0.0,0.0,3.57038807869
0.0,0.0,0.0,3.58736300468
0.0,0.0,0.0,3.60342407227
0.0,0.0,0.0,3.62009215355
0.0,0.0,0.0,3.63696098328
0.0,0.0,0.0,3.65370416641
0.0,0.0,0.0,3.67033815384
0.0,0.0,0.0,3.68682599068
0.0,0.0,0.0,3.70353913307
0.0,0.0,0.0,3.72013711929
0.0,0.0,0.0,3.73699593544
0.0,0.0,0.0,3.7534840107
0.0,0.0,0.0,3.77007913589
0.0,0.0,0.0,3.78669714928
0.0,0.0,0.0,3.80322504044
0.0,0.0,0.0,3.82010698318
0.0,0.0,0.0,3.83656215668
0.0,0.0,0.0,3.85339903831
0.0,0.0,0.0,3.87005710602
0.0,0.0,0.0,3.88672399521
0.0,0.0,0.0,3.9034819603
0.0,0.0,0.0,3.92024493217
0.0,0.0,0.0,3.93700003624
0.0,0.0,0.0,3.95355415344
0.0,0.0,0.0,3.97031211853
0.0,0.0,0.0,3.9868350029
0.0,0.0,0.0,4.00454497337
0.0,0.0,0.0,4.02017307281
0.0,0.0,0.0,4.0369811058
0.0,0.0,0.0,4.05344009399
0.0,0.0,0.0,4.07000994682
0.0,0.0,0.0,4.08681297302
0.0,0.0,0.0,4.10431814194
0.0,0.0,0.0,4.12041807175
0.0,0.0,0.0,4.13789701462
0.0,0.0,0.0,4.15389895439
0.0,0.0,0.0,4.17006397247
0.0,0.0,0.0,4.18683195114
0.0,0.0,0.0,4.20538115501
0.0,0.0,0.0,4.22055315971
0.0,0.0,0.0,4.23723316193
0.0,0.0,0.0,4.25373911858
0.0,0.0,0.0,4.27059006691
0.0,0.0,0.0,4.28800916672
0.0,0.0,0.0,4.30348396301
0.0,0.0,0.0,4.31999707222
0.0,0.0,0.0,4.33671307564
0.0,0.0,0.0,4.35339593887
0.0,0.0,0.0,4.37032103539
0.0,0.0,0.0,4.38695216179
0.0,0.0,0.0,4.40406012535
0.0,0.0,0.0,4.42061400414
0.0,0.0,0.0,4.43694615364
0.0,0.0,0.0,4.45433115959
0.0,0.0,0.0,4.4702129364
0.0,0.0,0.0,4.48739814758
0.0,0.0,0.0,4.5036611557
0.0,0.0,0.0,4.51991915703
0.0,0.0,0.0,4.53659701347
0.0,0.0,0.0,4.5532951355
0.0,0.0,0.0,4.56991410255
0.0,0.0,0.0,4.58658695221
0.0,0.0,0.0,4.60322904587
0.0,0.0,0.0,4.61995315552
0.0,0.0,0.0,4.63662195206
0.0,0.0,0.0,4.65406703949
0.0,0.0,0.0,4.67003893852
0.0,0.0,0.0,4.68667197227
0.0,0.0,0.0,4.70326805115
0.0,0.0,0.0,4.71998405457
0.0,0.0,0.0,4.73662304878
0.0,0.0,0.0,4.75332593918
0.0,0.0,0.0,4.77004694939
0.0,0.0,0.0,4.78662204742
0.0,0.0,0.0,4.80332994461
0.0,0.0,0.0,4.81997799873
0.0,0.0,0.0,4.83666396141
0.0,0.0,0.0,4.85330104828
0.0,0.0,0.0,4.86997795105
0.0,0.0,0.0,4.88665008545
0.0,0.0,0.0,4.90326595306
0.0,0.0,0.0,4.9199860096
0.0,0.0,0.0,4.93673706055
0.0,0.0,0.0,4.95334410667
0.0,0.0,0.0,4.9699640274
0.0,0.0,0.0,4.98664593697
0.0,0.0,0.0,5.00330400467
0.0,0.0,0.0,5.01997494698
0.0,0.0,0.0,5.03661704063
0.0,0.0,0.0,5.05331516266
0.0,0.0,0.0,5.06995201111
0.0,0.0,0.0,5.08661198616
0.0,0.0,0.0,5.10326695442
0.0,0.0,0.0,5.11994099617
0.0,0.0,0.0,5.13666200638
0.0,0.0,0.0,5.15324616432
0.0,0.0,0.0,5.17004108429
0.0,0.0,0.0,5.1869161129
0.0,0.0,0.0,5.20368695259
0.0,0.0,0.0,5.22003602982
0.0,0.0,0.0,5.23733496666
0.0,0.0,0.0,5.25349903107
0.0,0.0,0.0,5.27011799812
0.0,0.0,0.0,5.28671097755
0.0,0.0,0.0,5.30337810516
0.0,0.0,0.0,5.32019400597
0.0,0.0,0.0,5.33659410477
0.0,0.0,0.0,5.35349392891
0.0,0.0,0.0,5.37046909332
0.0,0.0,0.0,5.38672995567
0.0,0.0,0.0,5.40362906456
0.0,0.0,0.0,5.42009115219
0.0,0.0,0.0,5.43691015244
0.0,0.0,0.0,5.45448803902
0.0,0.0,0.0,5.47016096115
0.0,0.0,0.0,5.48673605919
0.0,0.0,0.0,5.50359106064
0.0,0.0,0.0,5.51992201805
0.0,0.0,0.0,5.53654408455
0.0,0.0,0.0,5.5536980629
0.0,0.0,0.0,5.57022809982
0.0,0.0,0.0,5.58695602417
0.0,0.0,0.0,5.60364413261
0.0,0.0,0.0,5.62010908127
0.0,0.0,0.0,5.63682413101
0.0,0.0,0.0,5.65357398987
0.0,0.0,0.0,5.67028403282
0.0,0.0,0.0,5.68734002113
0.0,0.0,0.0,5.70486807823
0.0,0.0,0.0,5.72071695328
0.0,0.0,0.0,5.73678398132
0.0,0.0,0.0,5.75357604027
0.0,0.0,0.0,5.77042603493
0.0,0.0,0.0,5.78663015366
0.0,0.0,0.0,5.80531716347
0.0,0.0,0.0,5.82090497017
0.0,0.0,0.0,5.83686304092
0.0,0.0,0.0,5.85339593887
0.0,0.0,0.0,5.87050008774
0.0,0.0,0.0,5.88724207878
Actuacion(lineal,angular) = 0.0398374080658,0.0
0.0,0.0,0.0,5.90345907211
0.0,0.0,0.0,5.92111515999
0.0,0.0,0.0,5.93665599823
0.0,0.0,0.0,5.95357608795
0.0,0.0,0.0,5.97028613091
0.0,0.0,0.0,5.98671603203
0.0,0.0,0.0,6.00387406349
0.0,0.0,0.0,6.02003908157
0.0,0.0,0.0,6.03718113899
0.0,0.0,0.0,6.05360412598
8.52920883335e-05,-4.97902907055e-17,0.0,6.07032012939
8.52920883335e-05,-4.97902907055e-17,0.0,6.08737611771
Actuacion(lineal,angular) = 0.0798143863678,6.56342765188e-17
8.52920883335e-05,-4.97902907055e-17,0.0,6.10369110107
8.52920883335e-05,-4.97902907055e-17,0.0,6.12052893639
0.00110879714834,1.30646361785e-17,0.0,6.13695406914
0.00110879714834,1.30646361785e-17,0.0,6.15363001823
0.00110879714834,1.30646361785e-17,0.0,6.17025613785
0.00268670078251,2.74845250725e-17,-0.000523598775598,6.18673396111
0.00268670078251,2.74845250725e-17,-0.000523598775598,6.20442509651
0.00268670078251,2.74845250725e-17,-0.000523598775598,6.22078800201
0.00268670078251,2.74845250725e-17,-0.000523598775598,6.23681712151
0.00490429477519,-1.1611296054e-06,-0.000698131700798,6.25369310379
0.00490429477519,-1.1611296054e-06,-0.000698131700798,6.27045798302
0.00490429477519,-1.1611296054e-06,-0.000698131700798,6.28748512268
Actuacion(lineal,angular) = 0.119807004929,0.00108374303943
0.00810274730826,-3.3940710751e-06,-0.000698131700798,6.30351996422
0.00904096005129,-4.04906723952e-06,-0.000698131700798,6.32207798958
0.00904096005129,-4.04906723952e-06,-0.000698131700798,6.33680915833
0.00904096005129,-4.04906723952e-06,-0.000698131700798,6.35346198082
0.00904096005129,-4.04906723952e-06,-0.000698131700798,6.37010598183
0.0131349792936,-6.90723232059e-06,-0.000698131700798,6.38786816597
0.0131349792936,-6.90723232059e-06,-0.000698131700798,6.40348505974
0.0131349792936,-6.90723232059e-06,-0.000698131700798,6.42004799843
0.0131349792936,-6.90723232059e-06,-0.000698131700798,6.43692803383
0.0177407509412,-1.01226680368e-05,-0.000523598775598,6.45344114304
0.0177407509412,-1.01226680368e-05,-0.000523598775598,6.47005605698
0.0177407509412,-1.01226680368e-05,-0.000523598775598,6.48778700829
Actuacion(lineal,angular) = 0.159822225571,0.000769700471321
0.0233700279996,-1.30701508814e-05,-0.0010471975512,6.50337910652
0.0233700279996,-1.30701508814e-05,-0.0010471975512,6.51999306679
0.0233700279996,-1.30701508814e-05,-0.0010471975512,6.53678393364
0.0233700279996,-1.30701508814e-05,-0.0010471975512,6.55334305763
0.028999302743,-1.89651157625e-05,-0.000698131700798,6.57070708275
0.028999302743,-1.89651157625e-05,-0.000698131700798,6.5877790451
0.028999302743,-1.89651157625e-05,-0.000698131700798,6.603703022
0.0358226681469,-2.3728724231e-05,-0.0010471975512,6.62027597427
0.0358226681469,-2.3728724231e-05,-0.0010471975512,6.63691711426
0.037954969186,-2.59616654739e-05,-0.000523598775598,6.65453410149
0.037954969186,-2.59616654739e-05,-0.000523598775598,6.67120695114
0.037954969186,-2.59616654739e-05,-0.000523598775598,6.68685293198
Actuacion(lineal,angular) = 0.200041007996,0.00071961795581
0.0453327338156,-2.98246543536e-05,-0.0010471975512,6.70354104042
0.0475076808755,-3.21022544212e-05,-0.000698131700798,6.72088503838
0.0475076808755,-3.21022544212e-05,-0.000698131700798,6.73697900772
0.0475076808755,-3.21022544212e-05,-0.000698131700798,6.75356411934
0.0475076808755,-3.21022544212e-05,-0.000698131700798,6.77012515068
0.0562074717654,-3.81758552185e-05,-0.000698131700798,6.78711509705
0.0562074717654,-3.81758552185e-05,-0.000698131700798,6.80343794823
0.0562074717654,-3.81758552185e-05,-0.000698131700798,6.82028794289
0.0562074717654,-3.81758552185e-05,-0.000698131700798,6.83678913116
0.0646940324865,-4.41005932512e-05,-0.000174532925199,6.85350704193
0.0680204238809,-4.46811580775e-05,0.0,6.87024211884
0.0680204238809,-4.46811580775e-05,0.0,6.88685393333
Actuacion(lineal,angular) = 0.239781188965,9.40662639937e-06
0.0680204238809,-4.46811580775e-05,0.0,6.90354895592
0.0773172615092,-4.46811580775e-05,0.000174532925198,6.92066597939
0.0773172615092,-4.46811580775e-05,0.000174532925198,6.93698406219
0.0773172615092,-4.46811580775e-05,0.000174532925198,6.9534330368
0.0773172615092,-4.46811580775e-05,0.000174532925198,6.97024703026
0.0875949579969,-4.28873616269e-05,0.000698131700799,6.9866271019
0.0875949579969,-4.28873616269e-05,0.000698131700799,7.00343799591
0.0875949579969,-4.28873616269e-05,0.000698131700799,7.02003192902
0.0875949579969,-4.28873616269e-05,0.000698131700799,7.03676199913
0.098341758508,-3.53846782889e-05,0.000698131700799,7.05353713036
0.098341758508,-3.53846782889e-05,0.000698131700799,7.07063293457
0.098341758508,-3.53846782889e-05,0.000698131700799,7.08685112
Actuacion(lineal,angular) = 0.279804611206,-0.000992589584879
0.109984125728,-2.72567713396e-05,0.000174532925198,7.1035220623
0.109984125728,-2.72567713396e-05,0.000174532925198,7.120221138
0.109984125728,-2.72567713396e-05,0.000174532925198,7.13682508469
0.109984125728,-2.72567713396e-05,0.000174532925198,7.15349316597
0.121114743086,-2.53141121132e-05,0.000174532925198,7.17013907433
0.121114743086,-2.53141121132e-05,0.000174532925198,7.18681406975
0.121114743086,-2.53141121132e-05,0.000174532925198,7.20385599136
0.133396803619,-2.31704881392e-05,0.000698131700799,7.22009205818
0.133396803619,-2.31704881392e-05,0.000698131700799,7.23684597015
0.133396803619,-2.31704881392e-05,0.000698131700799,7.25342297554
0.133396803619,-2.31704881392e-05,0.000698131700799,7.27001595497
0.146190613752,-1.42387222608e-05,0.000698131700799,7.28696298599
Actuacion(lineal,angular) = 0.3,-0.000995073533014
0.15058315523,-1.11721493093e-05,0.000698131700799,7.30391001701
0.15058315523,-1.11721493093e-05,0.000698131700799,7.31997609138
0.15058315523,-1.11721493093e-05,0.000698131700799,7.33694911003
0.15058315523,-1.11721493093e-05,0.000698131700799,7.35351109505
0.16469899241,-1.3174342901e-06,0.000698131700799,7.37066602707
0.16469899241,-1.3174342901e-06,0.000698131700799,7.38798213005
0.16469899241,-1.3174342901e-06,0.000698131700799,7.40545010567
0.178729537521,8.47773562312e-06,0.0012217304764,7.42100906372
0.178729537521,8.47773562312e-06,0.0012217304764,7.43695402145
0.178729537521,8.47773562312e-06,0.0012217304764,7.45329093933
0.178729537521,8.47773562312e-06,0.0012217304764,7.47100496292
0.193612995828,2.66613192774e-05,0.0013962634016,7.48677396774
Actuacion(lineal,angular) = 0.3,-0.00191803140605
0.198346702116,3.32708244168e-05,0.0013962634016,7.50354814529
0.198346702116,3.32708244168e-05,0.0013962634016,7.5201280117
0.198346702116,3.32708244168e-05,0.0013962634016,7.53698706627
0.198346702116,3.32708244168e-05,0.0013962634016,7.55379295349
0.212888989001,5.35757005656e-05,0.0013962634016,7.57027792931
0.212888989001,5.35757005656e-05,0.0013962634016,7.58675003052
0.212888989001,5.35757005656e-05,0.0013962634016,7.60362696648
0.227303337879,7.37019414403e-05,0.0013962634016,7.62016010284
0.227303337879,7.37019414403e-05,0.0013962634016,7.63667201996
0.227303337879,7.37019414403e-05,0.0013962634016,7.65371894836
0.227303337879,7.37019414403e-05,0.0013962634016,7.67037415504
0.241930916769,9.41259077717e-05,0.00191986217719,7.68676400185
Actuacion(lineal,angular) = 0.3,-0.00247933283314
0.246749910879,0.000103377723662,0.00209439510239,7.70384907722
0.246749910879,0.000103377723662,0.00209439510239,7.71984815598
0.246749910879,0.000103377723662,0.00209439510239,7.73695015907
0.246749910879,0.000103377723662,0.00209439510239,7.75473499298
0.261420117897,0.000134102978317,0.00191986217719,7.77052903175
0.266239112007,0.000143354794208,0.00191986217719,7.78664112091
0.266239112007,0.000143354794208,0.00191986217719,7.80389714241
0.266239112007,0.000143354794208,0.00191986217719,7.8200750351
0.280994616095,0.000171683363217,0.00191986217719,7.83693194389
0.280994616095,0.000171683363217,0.00191986217719,7.85342693329
0.280994616095,0.000171683363217,0.00191986217719,7.87049007416
0.280994616095,0.000171683363217,0.00191986217719,7.88672113419
Actuacion(lineal,angular) = 0.3,-0.00323926136441
0.295451598424,0.000199438810888,0.00226892802759,7.9039170742
0.295451598424,0.000199438810888,0.00226892802759,7.92012095451
0.295451598424,0.000199438810888,0.00226892802759,7.93701195717
0.295451598424,0.000199438810888,0.00226892802759,7.95369911194
0.310207091725,0.00023291802065,0.00261799387799,7.97037816048
0.310207091725,0.00023291802065,0.00261799387799,7.98672795296
0.310207091725,0.00023291802065,0.00261799387799,8.00346207619
0.325005218338,0.000271659514039,0.00261799387799,8.02001810074
0.325005218338,0.000271659514039,0.00261799387799,8.03693795204
0.325005218338,0.000271659514039,0.00261799387799,8.05346107483
0.325005218338,0.000271659514039,0.00261799387799,8.07029604912
0.339760699054,0.000310289360474,0.00209439510239,8.08782315254
Actuacion(lineal,angular) = 0.3,-0.00432864698318
0.344792921228,0.000320828837361,0.00226892802759,8.10352706909
0.344792921228,0.000320828837361,0.00226892802759,8.12009215355
0.344792921228,0.000320828837361,0.00226892802759,8.13687515259
0.359804290136,0.000354888611454,0.00279252680319,8.15446710587
0.359804290136,0.000354888611454,0.00279252680319,8.17154192924
0.364708566092,0.000368583969113,0.00296705972839,8.18667006493
0.364708566092,0.000368583969113,0.00296705972839,8.20378899574
0.364708566092,0.000368583969113,0.00296705972839,8.22013401985
0.379165511429,0.000411478715292,0.00296705972839,8.23675012589
0.379165511429,0.000411478715292,0.00296705972839,8.25350809097
0.379165511429,0.000411478715292,0.00296705972839,8.27028608322
0.379165511429,0.000411478715292,0.00296705972839,8.28692913055
Actuacion(lineal,angular) = 0.3,-0.00544789409094
0.394219498756,0.000456144925914,0.00296705972839,8.30338406563
0.394219498756,0.000456144925914,0.00296705972839,8.32083797455
0.394219498756,0.000456144925914,0.00296705972839,8.33703494072
0.394219498756,0.000456144925914,0.00296705972839,8.35377311707
0.409273486084,0.000500811136537,0.00383972435439,8.37117004395
0.409273486084,0.000500811136537,0.00383972435439,8.38663506508
0.409273486084,0.000500811136537,0.00383972435439,8.40362501144
0.424156845781,0.000557959416096,0.00349065850399,8.42051315308
0.424156845781,0.000557959416096,0.00349065850399,8.43668413162
0.424156845781,0.000557959416096,0.00349065850399,8.45337414742
0.424156845781,0.000557959416096,0.00349065850399,8.47038793564
0.439296099226,0.000610805594517,0.00349065850399,8.48787903786
Actuacion(lineal,angular) = 0.3,-0.0067503216695
0.439296099226,0.000610805594517,0.00349065850399,8.50387096405
0.439296099226,0.000610805594517,0.00349065850399,8.51997900009
0.454392706887,0.000663502910463,0.00366519142919,8.53691315651
0.454392706887,0.000663502910463,0.00366519142919,8.55334305763
0.454392706887,0.000663502910463,0.00366519142919,8.57220315933
0.454392706887,0.000663502910463,0.00366519142919,8.58670401573
0.469446659362,0.000718678775123,0.00349065850399,8.60370802879
0.469446659362,0.000718678775123,0.00349065850399,8.62031006813
0.469446659362,0.000718678775123,0.00349065850399,8.63698005676
0.484628558592,0.000771673816018,0.00383972435439,8.65586614609
0.484628558592,0.000771673816018,0.00383972435439,8.67035007477
0.484628558592,0.000771673816018,0.00383972435439,8.68677401543
Actuacion(lineal,angular) = 0.3,-0.00791624396832
0.484628558592,0.000771673816018,0.00383972435439,8.70356106758
0.49934133537,0.00082816710097,0.00401425727959,8.72022795677
0.49934133537,0.00082816710097,0.00401425727959,8.73811602592
0.49934133537,0.00082816710097,0.00401425727959,8.75403213501
0.49934133537,0.00082816710097,0.00401425727959,8.77012014389
0.514949661776,0.00089082327542,0.00418879020479,8.78685808182
0.514949661776,0.00089082327542,0.00418879020479,8.80387616158
0.514949661776,0.00089082327542,0.00418879020479,8.82032799721
0.530003583298,0.000953881363241,0.00453785605518,8.83657693863
0.530003583298,0.000953881363241,0.00453785605518,8.85438513756
0.530003583298,0.000953881363241,0.00453785605518,8.87055206299
0.530003583298,0.000953881363241,0.00453785605518,8.88716602325
Actuacion(lineal,angular) = 0.3,-0.00986999408727
0.545014836286,0.00102200073609,0.00471238898039,8.90365815163
0.545014836286,0.00102200073609,0.00471238898039,8.92031407356
0.545014836286,0.00102200073609,0.00471238898039,8.9375910759
0.560324596152,0.00109414681381,0.00506145483078,8.95362305641
0.560324596152,0.00109414681381,0.00506145483078,8.97049808502
0.560324596152,0.00109414681381,0.00506145483078,8.98663902283
0.560324596152,0.00109414681381,0.00506145483078,9.00390100479
0.575463747909,0.00117077360096,0.00541052068118,9.02014398575
0.575463747909,0.00117077360096,0.00541052068118,9.03773713112
0.575463747909,0.00117077360096,0.00541052068118,9.05385613441
0.575463747909,0.00117077360096,0.00541052068118,9.07061195374
0.591071971616,0.00125522304217,0.00558505360638,9.08667993546
0.591071971616,0.00125522304217,0.00558505360638,9.10358810425
0.591071971616,0.00125522304217,0.00558505360638,9.12013316154
0.606253726555,0.00134001483898,0.00610865238198,9.13678407669
0.606253726555,0.00134001483898,0.00610865238198,9.15320205688
0.606253726555,0.00134001483898,0.00610865238198,9.17060995102
0.606253726555,0.00134001483898,0.00610865238198,9.1867749691
0.621733951756,0.00143457932977,0.00663225115758,9.20364713669
0.62702194493,0.00146965114285,0.00663225115758,9.21998810768
0.62702194493,0.00146965114285,0.00663225115758,9.23698806763
0.62702194493,0.00146965114285,0.00663225115758,9.25351905823
0.642160957645,0.00157005834966,0.00680678408278,9.27106904984
0.642160957645,0.00157005834966,0.00680678408278,9.28684401512
0.647278364392,0.00160489197042,0.00698131700798,9.30357193947
0.647278364392,0.00160489197042,0.00698131700798,9.32018303871
0.647278364392,0.00160489197042,0.00698131700798,9.33689212799
0.662843791185,0.0017135609147,0.00698131700798,9.35340809822
0.662843791185,0.0017135609147,0.00698131700798,9.37022995949
0.662843791185,0.0017135609147,0.00698131700798,9.38696599007
0.662843791185,0.0017135609147,0.00698131700798,9.40395998955
0.678409217978,0.00182222985898,0.00698131700798,9.42001414299
0.683654553582,0.00185884980459,0.00715584993318,9.43682813644
0.683654553582,0.00185884980459,0.00715584993318,9.45360708237
0.683654553582,0.00185884980459,0.00715584993318,9.47029709816
0.683654553582,0.00185884980459,0.00715584993318,9.48676514626
0.698580286888,0.00196565793535,0.00767944870877,9.50334215164
0.698580286888,0.00196565793535,0.00767944870877,9.51997900009
0.698580286888,0.00196565793535,0.00767944870877,9.53678393364
0.714060344449,0.00208453858036,0.00820304748437,9.55362915993
0.714060344449,0.00208453858036,0.00820304748437,9.57024312019
0.714060344449,0.00208453858036,0.00820304748437,9.58783507347
0.714060344449,0.00208453858036,0.00820304748437,9.60378599167
0.723356869287,0.0021608001256,0.00855211333477,9.62000894547
0.723356869287,0.0021608001256,0.00855211333477,9.63685393333
0.723356869287,0.0021608001256,0.00855211333477,9.65375614166
0.723356869287,0.0021608001256,0.00855211333477,9.67011904716
0.722887779956,0.00215678832267,0.00907571211037,9.68737602234
0.722887779956,0.00215678832267,0.00907571211037,9.70345306396
0.722887779956,0.00215678832267,0.00907571211037,9.72034502029
0.724636195757,0.00217265687682,0.0108210413624,9.7369389534
0.724636195757,0.00217265687682,0.0108210413624,9.75487399101
0.724636195757,0.00217265687682,0.0108210413624,9.77046394348
0.724636195757,0.00217265687682,0.0108210413624,9.78753209114
0.724465621568,0.00217081101441,0.011344640138,9.80411410332
0.724465621568,0.00217081101441,0.011344640138,9.8201520443
0.724465621568,0.00217081101441,0.011344640138,9.83745408058
0.724422978268,0.00217032722077,0.0109955742876,9.85342001915
0.724422978268,0.00217032722077,0.0109955742876,9.87072014809
0.724422978268,0.00217032722077,0.0109955742876,9.88678503036
0.724422978268,0.00217032722077,0.0109955742876,9.90351605415
0.724422978268,0.00217032722077,0.010471975512,9.92242598534
0.724422978268,0.00217032722077,0.010471975512,9.93678498268
0.724422978268,0.00217032722077,0.010471975512,9.95328998566
0.724422978268,0.00217032722077,0.010471975512,9.97462415695
0.724422978268,0.00217032722077,0.010471975512,9.98657894135
0.724422978268,0.00217032722077,0.010471975512,10.0034439564
0.724422978268,0.00217032722077,0.010471975512,10.0199389458
0.724465621974,0.00217077380094,0.0106465084372,10.0368051529
0.724465621974,0.00217077380094,0.0106465084372,10.0534350872
0.724465621974,0.00217077380094,0.0106465084372,10.0703840256
0.724465621974,0.00217077380094,0.0106465084372,10.0867609978
0.724465621974,0.00217077380094,0.0106465084372,10.1036839485
0.724465621974,0.00217077380094,0.0106465084372,10.1201879978
0.724465621974,0.00217077380094,0.0106465084372,10.1370129585
0.724465621974,0.00217077380094,0.0106465084372,10.1534619331
0.724465621974,0.00217077380094,0.0106465084372,10.17040205
0.724465621974,0.00217077380094,0.0106465084372,10.1866400242
0.724465621974,0.00217077380094,0.0106465084372,10.2034981251
0.724465621974,0.00217077380094,0.0106465084372,10.2199161053
0.724465621974,0.00217077380094,0.0106465084372,10.2369170189
0.724465621974,0.00217077380094,0.0106465084372,10.2534320354
0.724465621974,0.00217077380094,0.0106465084372,10.2702009678
0.724465621974,0.00217077380094,0.0106465084372,10.2870359421
0.724465621974,0.00217077380094,0.0106465084372,10.3055040836
0.724465621974,0.00217077380094,0.0106465084372,10.3204090595
0.724465621974,0.00217077380094,0.0106465084372,10.337895155
0.724465621974,0.00217077380094,0.0106465084372,10.3540210724
0.724465621974,0.00217077380094,0.0106465084372,10.3706400394
0.724465621974,0.00217077380094,0.0106465084372,10.3867931366
0.724465621974,0.00217077380094,0.0106465084372,10.4037570953
0.724465621974,0.00217077380094,0.0106465084372,10.4201011658
0.724465621974,0.00217077380094,0.0106465084372,10.4374041557
0.724465621974,0.00217077380094,0.0106465084372,10.4556350708
0.724465621974,0.00217077380094,0.0106465084372,10.4703509808
0.724465621974,0.00217077380094,0.0106465084372,10.4882371426
0.724465621974,0.00217077380094,0.0106465084372,10.5036809444
0.724465621974,0.00217077380094,0.0106465084372,10.5204539299
0.724465621974,0.00217077380094,0.0106465084372,10.5375831127
0.724465621974,0.00217077380094,0.0106465084372,10.5537970066
0.724465621974,0.00217077380094,0.0106465084372,10.5704159737
0.724465621974,0.00217077380094,0.0106465084372,10.5871520042
0.724465621974,0.00217077380094,0.0106465084372,10.6039140224
0.724465621974,0.00217077380094,0.0106465084372,10.6202600002
0.724465621974,0.00217077380094,0.0106465084372,10.6374630928
0.724465621974,0.00217077380094,0.0106465084372,10.6537690163
0.724465621974,0.00217077380094,0.0106465084372,10.6707029343
0.724465621974,0.00217077380094,0.0106465084372,10.6868290901
0.724465621974,0.00217077380094,0.0106465084372,10.7038171291
0.724465621974,0.00217077380094,0.0106465084372,10.7212581635
0.724465621974,0.00217077380094,0.0106465084372,10.7371959686
0.724465621974,0.00217077380094,0.0106465084372,10.7535040379
0.724465621974,0.00217077380094,0.0106465084372,10.7700920105
0.724465621974,0.00217077380094,0.0106465084372,10.7866590023
0.724465621974,0.00217077380094,0.0106465084372,10.8038611412
0.724465621974,0.00217077380094,0.0106465084372,10.8206441402
0.724465621974,0.00217077380094,0.0106465084372,10.8372440338
0.724465621974,0.00217077380094,0.0106465084372,10.8534200191
0.724465621974,0.00217077380094,0.0106465084372,10.8703689575
0.724465621974,0.00217077380094,0.0106465084372,10.8867881298
0.724465621974,0.00217077380094,0.0106465084372,10.9044339657
0.724465621974,0.00217077380094,0.0106465084372,10.9201760292
0.724465621974,0.00217077380094,0.0106465084372,10.9372811317
0.724465621974,0.00217077380094,0.0106465084372,10.9538140297
0.724465621974,0.00217077380094,0.0106465084372,10.9706561565
0.724465621974,0.00217077380094,0.0106465084372,10.9871139526
0.724465621974,0.00217077380094,0.0106465084372,11.003631115
0.724465621974,0.00217077380094,0.0106465084372,11.0198979378
0.724465621974,0.00217077380094,0.0106465084372,11.0369491577
0.724465621974,0.00217077380094,0.0106465084372,11.0534760952
0.724465621974,0.00217077380094,0.0106465084372,11.0704870224
0.724465621974,0.00217077380094,0.0106465084372,11.087280035
0.724465621974,0.00217077380094,0.0106465084372,11.1047990322
0.724465621974,0.00217077380094,0.0106465084372,11.1200630665
0.724465621974,0.00217077380094,0.0106465084372,11.137321949
0.724465621974,0.00217077380094,0.0106465084372,11.1540510654
0.724465621974,0.00217077380094,0.0106465084372,11.171257019
0.724465621974,0.00217077380094,0.0106465084372,11.1868100166
0.724465621974,0.00217077380094,0.0106465084372,11.2065711021
0.724465621974,0.00217077380094,0.0106465084372,11.2209019661
0.724465621974,0.00217077380094,0.0106465084372,11.2377679348
0.724465621974,0.00217077380094,0.0106465084372,11.2540800571
0.724465621974,0.00217077380094,0.0106465084372,11.2720880508
0.724465621974,0.00217077380094,0.0106465084372,11.2873690128
0.724465621974,0.00217077380094,0.0106465084372,11.3062169552
0.724465621974,0.00217077380094,0.0106465084372,11.3206391335
0.724465621974,0.00217077380094,0.0106465084372,11.3383100033
0.724465621974,0.00217077380094,0.0106465084372,11.353935957
0.724465621974,0.00217077380094,0.0106465084372,11.3705890179
0.724465621974,0.00217077380094,0.0106465084372,11.3869860172
0.724465621974,0.00217077380094,0.0106465084372,11.4052419662
0.724465621974,0.00217077380094,0.0106465084372,11.4202890396
0.724465621974,0.00217077380094,0.0106465084372,11.4371650219
0.724465621974,0.00217077380094,0.0106465084372,11.4534590244
0.724465621974,0.00217077380094,0.0106465084372,11.4712650776
0.724465621974,0.00217077380094,0.0106465084372,11.4870409966
0.724465621974,0.00217077380094,0.0106465084372,11.5034561157
0.724465621974,0.00217077380094,0.0106465084372,11.5201170444
0.724465621974,0.00217077380094,0.0106465084372,11.5370869637
0.724465621974,0.00217077380094,0.0106465084372,11.5535171032
0.724465621974,0.00217077380094,0.0106465084372,11.5703451633
0.724465621974,0.00217077380094,0.0106465084372,11.5869791508
0.724465621974,0.00217077380094,0.0106465084372,11.6048190594
0.724465621974,0.00217077380094,0.0106465084372,11.6199710369
0.724465621974,0.00217077380094,0.0106465084372,11.636934042
0.724465621974,0.00217077380094,0.0106465084372,11.6536979675
0.724465621974,0.00217077380094,0.0106465084372,11.6706261635
0.724465621974,0.00217077380094,0.0106465084372,11.6871500015
0.724465621974,0.00217077380094,0.0106465084372,11.7044899464
0.724465621974,0.00217077380094,0.0106465084372,11.7199850082
0.724465621974,0.00217077380094,0.0106465084372,11.7370159626
0.724465621974,0.00217077380094,0.0106465084372,11.7536859512
0.724465621974,0.00217077380094,0.0106465084372,11.7707409859
0.724465621974,0.00217077380094,0.0106465084372,11.7878520489
0.724465621974,0.00217077380094,0.0106465084372,11.8045871258
0.724465621974,0.00217077380094,0.0106465084372,11.819920063
0.724465621974,0.00217077380094,0.0106465084372,11.8377521038
0.724465621974,0.00217077380094,0.0106465084372,11.854501009
0.724465621974,0.00217077380094,0.0106465084372,11.8711221218
0.724465621974,0.00217077380094,0.0106465084372,11.8867020607
0.724465621974,0.00217077380094,0.0106465084372,11.9055550098
0.724465621974,0.00217077380094,0.0106465084372,11.9224939346
0.724465621974,0.00217077380094,0.0106465084372,11.9372990131
0.724465621974,0.00217077380094,0.0106465084372,11.9533319473
0.724465621974,0.00217077380094,0.0106465084372,11.9705460072
0.724465621974,0.00217077380094,0.0106465084372,11.9871101379
0.724465621974,0.00217077380094,0.0106465084372,12.0047030449
0.724465621974,0.00217077380094,0.0106465084372,12.0205359459
0.724465621974,0.00217077380094,0.0106465084372,12.0372900963
0.724465621974,0.00217077380094,0.0106465084372,12.0548141003
0.724465621974,0.00217077380094,0.0106465084372,12.0731730461
0.724465621974,0.00217077380094,0.0106465084372,12.0866000652
0.724465621974,0.00217077380094,0.0106465084372,12.1036529541
0.724465621974,0.00217077380094,0.0106465084372,12.1201131344
0.724465621974,0.00217077380094,0.0106465084372,12.1371350288
0.724465621974,0.00217077380094,0.0106465084372,12.1540369987
0.724465621974,0.00217077380094,0.0106465084372,12.170112133
0.724465621974,0.00217077380094,0.0106465084372,12.1869430542
0.724465621974,0.00217077380094,0.0106465084372,12.2033259869
0.724465621974,0.00217077380094,0.0106465084372,12.2206299305
0.724465621974,0.00217077380094,0.0106465084372,12.2366740704
0.724465621974,0.00217077380094,0.0106465084372,12.2543849945
0.724465621974,0.00217077380094,0.0106465084372,12.270138979
0.724465621974,0.00217077380094,0.0106465084372,12.2866621017
0.724465621974,0.00217077380094,0.0106465084372,12.3049869537
0.724465621974,0.00217077380094,0.0106465084372,12.3202440739
0.724465621974,0.00217077380094,0.0106465084372,12.336810112
0.724465621974,0.00217077380094,0.0106465084372,12.3542721272
0.724465621974,0.00217077380094,0.0106465084372,12.3699121475
0.724465621974,0.00217077380094,0.0106465084372,12.3866860867
0.724465621974,0.00217077380094,0.0106465084372,12.403373003
0.724465621974,0.00217077380094,0.0106465084372,12.419907093
0.724465621974,0.00217077380094,0.0106465084372,12.4368169308
0.724465621974,0.00217077380094,0.0106465084372,12.4533770084
0.724465621974,0.00217077380094,0.0106465084372,12.4702510834
0.724465621974,0.00217077380094,0.0106465084372,12.4867839813
0.724465621974,0.00217077380094,0.0106465084372,12.5039300919
0.724465621974,0.00217077380094,0.0106465084372,12.5200281143
0.724465621974,0.00217077380094,0.0106465084372,12.5401101112
0.724465621974,0.00217077380094,0.0106465084372,12.5532960892
0.724465621974,0.00217077380094,0.0106465084372,12.5702960491
0.724465621974,0.00217077380094,0.0106465084372,12.5867660046
0.724465621974,0.00217077380094,0.0106465084372,12.6036810875
0.724465621974,0.00217077380094,0.0106465084372,12.6199910641
0.724465621974,0.00217077380094,0.0106465084372,12.6368811131
0.724465621974,0.00217077380094,0.0106465084372,12.6535141468
0.724465621974,0.00217077380094,0.0106465084372,12.6703579426
0.724465621974,0.00217077380094,0.0106465084372,12.6867699623
0.724465621974,0.00217077380094,0.0106465084372,12.7049510479
0.724465621974,0.00217077380094,0.0106465084372,12.7200450897
0.724465621974,0.00217077380094,0.0106465084372,12.7368330956
0.724465621974,0.00217077380094,0.0106465084372,12.7539770603
0.724465621974,0.00217077380094,0.0106465084372,12.7703471184
0.724465621974,0.00217077380094,0.0106465084372,12.7867751122
0.724465621974,0.00217077380094,0.0106465084372,12.8035869598
0.724465621974,0.00217077380094,0.0106465084372,12.8200621605
0.724465621974,0.00217077380094,0.0106465084372,12.8369419575
0.724465621974,0.00217077380094,0.0106465084372,12.8534960747
0.724465621974,0.00217077380094,0.0106465084372,12.8705501556
0.724465621974,0.00217077380094,0.0106465084372,12.8866269588
0.724465621974,0.00217077380094,0.0106465084372,12.9033639431
0.724465621974,0.00217077380094,0.0106465084372,12.9200119972
0.724465621974,0.00217077380094,0.0106465084372,12.937071085
0.724465621974,0.00217077380094,0.0106465084372,12.9535501003
0.724465621974,0.00217077380094,0.0106465084372,12.9702301025
0.724465621974,0.00217077380094,0.0106465084372,12.9866471291
0.724465621974,0.00217077380094,0.0106465084372,13.0035569668
0.724465621974,0.00217077380094,0.0106465084372,13.0200140476
0.724465621974,0.00217077380094,0.0106465084372,13.0368001461
0.724465621974,0.00217077380094,0.0106465084372,13.0533640385
0.724465621974,0.00217077380094,0.0106465084372,13.0702331066
0.724465621974,0.00217077380094,0.0106465084372,13.086730957
0.724465621974,0.00217077380094,0.0106465084372,13.1042871475
0.724465621974,0.00217077380094,0.0106465084372,13.1199200153
0.724465621974,0.00217077380094,0.0106465084372,13.1369020939
0.724465621974,0.00217077380094,0.0106465084372,13.1538579464
0.724465621974,0.00217077380094,0.0106465084372,13.1704139709
0.724465621974,0.00217077380094,0.0106465084372,13.1867549419
0.724465621974,0.00217077380094,0.0106465084372,13.2039110661
0.724465621974,0.00217077380094,0.0106465084372,13.2201640606
0.724465621974,0.00217077380094,0.0106465084372,13.2366659641
0.724465621974,0.00217077380094,0.0106465084372,13.2533280849
0.724465621974,0.00217077380094,0.0106465084372,13.2725031376
0.724465621974,0.00217077380094,0.0106465084372,13.2871251106
0.724465621974,0.00217077380094,0.0106465084372,13.304461956
0.724465621974,0.00217077380094,0.0106465084372,13.3200440407
0.724465621974,0.00217077380094,0.0106465084372,13.336769104
0.724465621974,0.00217077380094,0.0106465084372,13.3539061546
0.724465621974,0.00217077380094,0.0106465084372,13.3701400757
0.724465621974,0.00217077380094,0.0106465084372,13.38667202
0.724465621974,0.00217077380094,0.0106465084372,13.4033510685
0.724465621974,0.00217077380094,0.0106465084372,13.4207000732
0.724465621974,0.00217077380094,0.0106465084372,13.4368491173
0.724465621974,0.00217077380094,0.0106465084372,13.4534521103
0.724465621974,0.00217077380094,0.0106465084372,13.4706799984
0.724465621974,0.00217077380094,0.0106465084372,13.4866371155
0.724465621974,0.00217077380094,0.0106465084372,13.5040111542
0.724465621974,0.00217077380094,0.0106465084372,13.5205790997
0.724465621974,0.00217077380094,0.0106465084372,13.5369670391
0.724465621974,0.00217077380094,0.0106465084372,13.5533480644
0.724465621974,0.00217077380094,0.0106465084372,13.5700600147
0.724465621974,0.00217077380094,0.0106465084372,13.5866360664
0.724465621974,0.00217077380094,0.0106465084372,13.6036441326
0.724465621974,0.00217077380094,0.0106465084372,13.6200940609
0.724465621974,0.00217077380094,0.0106465084372,13.6375930309
0.724465621974,0.00217077380094,0.0106465084372,13.6536669731
0.724465621974,0.00217077380094,0.0106465084372,13.670235157
0.724465621974,0.00217077380094,0.0106465084372,13.6866030693
0.724465621974,0.00217077380094,0.0106465084372,13.7035880089
0.724465621974,0.00217077380094,0.0106465084372,13.7200770378
0.724465621974,0.00217077380094,0.0106465084372,13.736921072
0.724465621974,0.00217077380094,0.0106465084372,13.7535791397
0.724465621974,0.00217077380094,0.0106465084372,13.7702901363
0.724465621974,0.00217077380094,0.0106465084372,13.7867650986
0.724465621974,0.00217077380094,0.0106465084372,13.8036091328
0.724465621974,0.00217077380094,0.0106465084372,13.819945097
0.724465621974,0.00217077380094,0.0106465084372,13.8368301392
0.724465621974,0.00217077380094,0.0106465084372,13.8533639908
0.724465621974,0.00217077380094,0.0106465084372,13.8700489998
0.724465621974,0.00217077380094,0.0106465084372,13.8867959976
0.724465621974,0.00217077380094,0.0106465084372,13.9036669731
0.724465621974,0.00217077380094,0.0106465084372,13.9200451374
0.724465621974,0.00217077380094,0.0106465084372,13.9370110035
0.724465621974,0.00217077380094,0.0106465084372,13.9534051418
0.724465621974,0.00217077380094,0.0106465084372,13.9701831341
0.724465621974,0.00217077380094,0.0106465084372,13.9866549969
0.724465621974,0.00217077380094,0.0106465084372,14.003428936
0.724465621974,0.00217077380094,0.0106465084372,14.0199971199
0.724465621974,0.00217077380094,0.0106465084372,14.0370440483
0.724465621974,0.00217077380094,0.0106465084372,14.0532951355
0.724465621974,0.00217077380094,0.0106465084372,14.0703091621
0.724465621974,0.00217077380094,0.0106465084372,14.086853981
0.724465621974,0.00217077380094,0.0106465084372,14.1034150124
0.724465621974,0.00217077380094,0.0106465084372,14.1205160618
0.724465621974,0.00217077380094,0.0106465084372,14.1366560459
0.724465621974,0.00217077380094,0.0106465084372,14.1533491611
0.724465621974,0.00217077380094,0.0106465084372,14.1702339649
0.724465621974,0.00217077380094,0.0106465084372,14.1866149902
0.724465621974,0.00217077380094,0.0106465084372,14.203690052
0.724465621974,0.00217077380094,0.0106465084372,14.2202420235
0.724465621974,0.00217077380094,0.0106465084372,14.236978054
0.724465621974,0.00217077380094,0.0106465084372,14.2535350323
0.724465621974,0.00217077380094,0.0106465084372,14.2704119682
0.724465621974,0.00217077380094,0.0106465084372,14.2867040634
0.724465621974,0.00217077380094,0.0106465084372,14.3034470081
0.724465621974,0.00217077380094,0.0106465084372,14.3207380772
0.724465621974,0.00217077380094,0.0106465084372,14.3369760513
0.724465621974,0.00217077380094,0.0106465084372,14.3532481194
0.724465621974,0.00217077380094,0.0106465084372,14.3700971603
0.724465621974,0.00217077380094,0.0106465084372,14.3867969513
0.724465621974,0.00217077380094,0.0106465084372,14.4033780098
0.724465621974,0.00217077380094,0.0106465084372,14.4203829765
0.724465621974,0.00217077380094,0.0106465084372,14.4370100498
0.724465621974,0.00217077380094,0.0106465084372,14.4532790184
0.724465621974,0.00217077380094,0.0106465084372,14.4699349403
0.724465621974,0.00217077380094,0.0106465084372,14.4869611263
0.724465621974,0.00217077380094,0.0106465084372,14.5037901402
0.724465621974,0.00217077380094,0.0106465084372,14.5204560757
0.724465621974,0.00217077380094,0.0106465084372,14.537266016
0.724465621974,0.00217077380094,0.0106465084372,14.553207159
0.724465621974,0.00217077380094,0.0106465084372,14.5706419945
0.724465621974,0.00217077380094,0.0106465084372,14.5866291523
0.724465621974,0.00217077380094,0.0106465084372,14.6034650803
0.724465621974,0.00217077380094,0.0106465084372,14.620429039
0.724465621974,0.00217077380094,0.0106465084372,14.6370410919
0.724465621974,0.00217077380094,0.0106465084372,14.6534321308
0.724465621974,0.00217077380094,0.0106465084372,14.6701719761
0.724465621974,0.00217077380094,0.0106465084372,14.6869311333
0.724465621974,0.00217077380094,0.0106465084372,14.7035861015
0.724465621974,0.00217077380094,0.0106465084372,14.7201349735
0.724465621974,0.00217077380094,0.0106465084372,14.7368381023
0.724465621974,0.00217077380094,0.0106465084372,14.7534351349
0.724465621974,0.00217077380094,0.0106465084372,14.7702021599
0.724465621974,0.00217077380094,0.0106465084372,14.7866060734
0.724465621974,0.00217077380094,0.0106465084372,14.8034210205
0.724465621974,0.00217077380094,0.0106465084372,14.8205161095
0.724465621974,0.00217077380094,0.0106465084372,14.8366780281
0.724465621974,0.00217077380094,0.0106465084372,14.8532631397
0.724465621974,0.00217077380094,0.0106465084372,14.8701610565
0.724465621974,0.00217077380094,0.0106465084372,14.8866331577
0.724465621974,0.00217077380094,0.0106465084372,14.9035699368
0.724465621974,0.00217077380094,0.0106465084372,14.920263052
0.724465621974,0.00217077380094,0.0106465084372,14.9375259876
0.724465621974,0.00217077380094,0.0106465084372,14.9536139965
0.724465621974,0.00217077380094,0.0106465084372,14.9731669426
0.724465621974,0.00217077380094,0.0106465084372,14.9871160984
0.724465621974,0.00217077380094,0.0106465084372,15.0034470558
0.724465621974,0.00217077380094,0.0106465084372,15.0199079514
0.724465621974,0.00217077380094,0.0106465084372,15.0366711617
0.724465621974,0.00217077380094,0.0106465084372,15.0558619499
0.724465621974,0.00217077380094,0.0106465084372,15.070276022
0.724465621974,0.00217077380094,0.0106465084372,15.0866320133
0.724465621974,0.00217077380094,0.0106465084372,15.103317976
0.724465621974,0.00217077380094,0.0106465084372,15.1200060844
0.724465621974,0.00217077380094,0.0106465084372,15.1369719505
0.724465621974,0.00217077380094,0.0106465084372,15.1533110142
0.724465621974,0.00217077380094,0.0106465084372,15.1702570915
0.724465621974,0.00217077380094,0.0106465084372,15.1866979599
0.724465621974,0.00217077380094,0.0106465084372,15.2033979893
0.724465621974,0.00217077380094,0.0106465084372,15.2202861309
0.724465621974,0.00217077380094,0.0106465084372,15.2368199825
0.724465621974,0.00217077380094,0.0106465084372,15.2534501553
0.724465621974,0.00217077380094,0.0106465084372,15.2700641155
0.724465621974,0.00217077380094,0.0106465084372,15.2866351604
0.724465621974,0.00217077380094,0.0106465084372,15.3035459518
0.724465621974,0.00217077380094,0.0106465084372,15.3201630116
0.724465621974,0.00217077380094,0.0106465084372,15.3367199898
0.724465621974,0.00217077380094,0.0106465084372,15.353192091
0.724465621974,0.00217077380094,0.0106465084372,15.3699121475
0.724465621974,0.00217077380094,0.0106465084372,15.3868210316
0.724465621974,0.00217077380094,0.0106465084372,15.4033279419
0.724465621974,0.00217077380094,0.0106465084372,15.4199781418
0.724465621974,0.00217077380094,0.0106465084372,15.436686039
0.724465621974,0.00217077380094,0.0106465084372,15.4532620907
0.724465621974,0.00217077380094,0.0106465084372,15.4702560902
0.724465621974,0.00217077380094,0.0106465084372,15.4876379967
0.724465621974,0.00217077380094,0.0106465084372,15.5033800602
0.724465621974,0.00217077380094,0.0106465084372,15.5209729671
0.724465621974,0.00217077380094,0.0106465084372,15.5377049446
0.724465621974,0.00217077380094,0.0106465084372,15.5548610687
0.724465621974,0.00217077380094,0.0106465084372,15.5706031322
0.724465621974,0.00217077380094,0.0106465084372,15.5870821476
0.724465621974,0.00217077380094,0.0106465084372,15.6034829617
0.724465621974,0.00217077380094,0.0106465084372,15.6213600636
0.724465621974,0.00217077380094,0.0106465084372,15.6375579834
0.724465621974,0.00217077380094,0.0106465084372,15.6536109447
0.724465621974,0.00217077380094,0.0106465084372,15.6730370522
0.724465621974,0.00217077380094,0.0106465084372,15.6869380474
0.724465621974,0.00217077380094,0.0106465084372,15.7050731182
0.724465621974,0.00217077380094,0.0106465084372,15.7199430466
0.724465621974,0.00217077380094,0.0106465084372,15.7366540432
0.724465621974,0.00217077380094,0.0106465084372,15.7545471191
0.724465621974,0.00217077380094,0.0106465084372,15.773168087
0.724465621974,0.00217077380094,0.0106465084372,15.7878861427
0.724465621974,0.00217077380094,0.0106465084372,15.8054511547
0.724465621974,0.00217077380094,0.0106465084372,15.8207290173
0.724465621974,0.00217077380094,0.0106465084372,15.8376641273
0.724465621974,0.00217077380094,0.0106465084372,15.8543429375
0.724465621974,0.00217077380094,0.0106465084372,15.8715059757
0.724465621974,0.00217077380094,0.0106465084372,15.8866770267
0.724465621974,0.00217077380094,0.0106465084372,15.9032890797
0.724465621974,0.00217077380094,0.0106465084372,15.920732975
0.724465621974,0.00217077380094,0.0106465084372,15.937361002
0.724465621974,0.00217077380094,0.0106465084372,15.9533660412
0.724465621974,0.00217077380094,0.0106465084372,15.9741640091
0.724465621974,0.00217077380094,0.0106465084372,15.9873540401
0.724465621974,0.00217077380094,0.0106465084372,16.0058591366
0.724465621974,0.00217077380094,0.0106465084372,16.0209341049
0.724465621974,0.00217077380094,0.0106465084372,16.037555933
0.724465621974,0.00217077380094,0.0106465084372,16.0544309616
0.724465621974,0.00217077380094,0.0106465084372,16.0707731247
0.724465621974,0.00217077380094,0.0106465084372,16.0872130394
0.724465621974,0.00217077380094,0.0106465084372,16.1032640934
0.724465621974,0.00217077380094,0.0106465084372,16.1206550598
0.724465621974,0.00217077380094,0.0106465084372,16.1368050575
0.724465621974,0.00217077380094,0.0106465084372,16.1532490253
0.724465621974,0.00217077380094,0.0106465084372,16.1703760624
0.724465621974,0.00217077380094,0.0106465084372,16.186948061
0.724465621974,0.00217077380094,0.0106465084372,16.2033951283
0.724465621974,0.00217077380094,0.0106465084372,16.2206721306
0.724465621974,0.00217077380094,0.0106465084372,16.2374639511
0.724465621974,0.00217077380094,0.0106465084372,16.2533659935
0.724465621974,0.00217077380094,0.0106465084372,16.2701320648
0.724465621974,0.00217077380094,0.0106465084372,16.2866420746
0.724465621974,0.00217077380094,0.0106465084372,16.3033511639
0.724465621974,0.00217077380094,0.0106465084372,16.3200540543
0.724465621974,0.00217077380094,0.0106465084372,16.3368880749
0.724465621974,0.00217077380094,0.0106465084372,16.353397131
0.724465621974,0.00217077380094,0.0106465084372,16.3701379299
0.724465621974,0.00217077380094,0.0106465084372,16.3865270615
0.724465621974,0.00217077380094,0.0106465084372,16.4035520554
0.724465621974,0.00217077380094,0.0106465084372,16.4199950695
0.724465621974,0.00217077380094,0.0106465084372,16.4368519783
0.724465621974,0.00217077380094,0.0106465084372,16.4534900188
0.724465621974,0.00217077380094,0.0106465084372,16.4707670212
0.724465621974,0.00217077380094,0.0106465084372,16.4875459671
0.724465621974,0.00217077380094,0.0106465084372,16.5037209988
0.724465621974,0.00217077380094,0.0106465084372,16.5204780102
0.724465621974,0.00217077380094,0.0106465084372,16.5371510983
0.724465621974,0.00217077380094,0.0106465084372,16.5536761284
0.724465621974,0.00217077380094,0.0106465084372,16.5706031322
0.724465621974,0.00217077380094,0.0106465084372,16.5870630741
0.724465621974,0.00217077380094,0.0106465084372,16.6037800312
0.724465621974,0.00217077380094,0.0106465084372,16.6204531193
0.724465621974,0.00217077380094,0.0106465084372,16.636687994
0.724465621974,0.00217077380094,0.0106465084372,16.6531910896
0.724465621974,0.00217077380094,0.0106465084372,16.6705291271
0.724465621974,0.00217077380094,0.0106465084372,16.6865489483
0.724465621974,0.00217077380094,0.0106465084372,16.7033469677
0.724465621974,0.00217077380094,0.0106465084372,16.7204930782
0.724465621974,0.00217077380094,0.0106465084372,16.7368819714
0.724465621974,0.00217077380094,0.0106465084372,16.7532880306
0.724465621974,0.00217077380094,0.0106465084372,16.7706429958
0.724465621974,0.00217077380094,0.0106465084372,16.7866179943
0.724465621974,0.00217077380094,0.0106465084372,16.8033969402
0.724465621974,0.00217077380094,0.0106465084372,16.820289135
0.724465621974,0.00217077380094,0.0106465084372,16.8368060589
0.724465621974,0.00217077380094,0.0106465084372,16.8532581329
0.724465621974,0.00217077380094,0.0106465084372,16.8703019619
0.724465621974,0.00217077380094,0.0106465084372,16.8868100643
0.724465621974,0.00217077380094,0.0106465084372,16.9037649632
0.724465621974,0.00217077380094,0.0106465084372,16.9201200008
0.724465621974,0.00217077380094,0.0106465084372,16.936866045
0.724465621974,0.00217077380094,0.0106465084372,16.953551054
0.724465621974,0.00217077380094,0.0106465084372,16.9700040817
0.724465621974,0.00217077380094,0.0106465084372,16.9867711067
0.724465621974,0.00217077380094,0.0106465084372,17.0035290718
0.724465621974,0.00217077380094,0.0106465084372,17.0206661224
0.724465621974,0.00217077380094,0.0106465084372,17.0373220444
0.724465621974,0.00217077380094,0.0106465084372,17.0535171032
0.724465621974,0.00217077380094,0.0106465084372,17.0708370209
0.724465621974,0.00217077380094,0.0106465084372,17.0876131058
0.724465621974,0.00217077380094,0.0106465084372,17.1048791409
0.724465621974,0.00217077380094,0.0106465084372,17.1204431057
0.724465621974,0.00217077380094,0.0106465084372,17.1372261047
0.724465621974,0.00217077380094,0.0106465084372,17.1534090042
0.724465621974,0.00217077380094,0.0106465084372,17.1702930927
0.724465621974,0.00217077380094,0.0106465084372,17.1867930889
0.724465621974,0.00217077380094,0.0106465084372,17.203510046
0.724465621974,0.00217077380094,0.0106465084372,17.2204051018
0.724465621974,0.00217077380094,0.0106465084372,17.2371120453
0.724465621974,0.00217077380094,0.0106465084372,17.2534050941
0.724465621974,0.00217077380094,0.0106465084372,17.270565033
0.724465621974,0.00217077380094,0.0106465084372,17.2870371342
0.724465621974,0.00217077380094,0.0106465084372,17.3037359715
0.724465621974,0.00217077380094,0.0106465084372,17.3217160702
0.724465621974,0.00217077380094,0.0106465084372,17.3378019333
0.724465621974,0.00217077380094,0.0106465084372,17.3544609547
0.724465621974,0.00217077380094,0.0106465084372,17.370470047
0.724465621974,0.00217077380094,0.0106465084372,17.3868169785
0.724465621974,0.00217077380094,0.0106465084372,17.4052951336
0.724465621974,0.00217077380094,0.0106465084372,17.4209070206
0.724465621974,0.00217077380094,0.0106465084372,17.4369909763
0.724465621974,0.00217077380094,0.0106465084372,17.4537551403
0.724465621974,0.00217077380094,0.0106465084372,17.4703719616
0.724465621974,0.00217077380094,0.0106465084372,17.4870090485
0.724465621974,0.00217077380094,0.0106465084372,17.5038001537
0.724465621974,0.00217077380094,0.0106465084372,17.5209901333
0.724465621974,0.00217077380094,0.0106465084372,17.5374391079
0.724465621974,0.00217077380094,0.0106465084372,17.5534739494
0.724465621974,0.00217077380094,0.0106465084372,17.5704269409
0.724465621974,0.00217077380094,0.0106465084372,17.5867819786
0.724465621974,0.00217077380094,0.0106465084372,17.6035921574
0.724465621974,0.00217077380094,0.0106465084372,17.6200971603
0.724465621974,0.00217077380094,0.0106465084372,17.6367950439
0.724465621974,0.00217077380094,0.0106465084372,17.6534070969
0.724465621974,0.00217077380094,0.0106465084372,17.6701779366
0.724465621974,0.00217077380094,0.0106465084372,17.6866669655
0.724465621974,0.00217077380094,0.0106465084372,17.7034449577
0.724465621974,0.00217077380094,0.0106465084372,17.7200000286
0.724465621974,0.00217077380094,0.0106465084372,17.737609148
0.724465621974,0.00217077380094,0.0106465084372,17.7533521652
0.724465621974,0.00217077380094,0.0106465084372,17.7703361511
0.724465621974,0.00217077380094,0.0106465084372,17.7869181633
0.724465621974,0.00217077380094,0.0106465084372,17.8036050797
0.724465621974,0.00217077380094,0.0106465084372,17.8201670647
0.724465621974,0.00217077380094,0.0106465084372,17.8369560242
0.724465621974,0.00217077380094,0.0106465084372,17.85364604
0.724465621974,0.00217077380094,0.0106465084372,17.8705070019
0.724465621974,0.00217077380094,0.0106465084372,17.8866770267
0.724465621974,0.00217077380094,0.0106465084372,17.9034910202
0.724465621974,0.00217077380094,0.0106465084372,17.9208490849
0.724465621974,0.00217077380094,0.0106465084372,17.9367830753
0.724465621974,0.00217077380094,0.0106465084372,17.9533519745
0.724465621974,0.00217077380094,0.0106465084372,17.9702210426
0.724465621974,0.00217077380094,0.0106465084372,17.9868960381
0.724465621974,0.00217077380094,0.0106465084372,18.0035099983
0.724465621974,0.00217077380094,0.0106465084372,18.0200741291
0.724465621974,0.00217077380094,0.0106465084372,18.0367650986
0.724465621974,0.00217077380094,0.0106465084372,18.0533361435
0.724465621974,0.00217077380094,0.0106465084372,18.0702259541
0.724465621974,0.00217077380094,0.0106465084372,18.0866830349
0.724465621974,0.00217077380094,0.0106465084372,18.1035270691
0.724465621974,0.00217077380094,0.0106465084372,18.1200449467
0.724465621974,0.00217077380094,0.0106465084372,18.1367061138
0.724465621974,0.00217077380094,0.0106465084372,18.1536300182
0.724465621974,0.00217077380094,0.0106465084372,18.1701779366
0.724465621974,0.00217077380094,0.0106465084372,18.1865899563
0.724465621974,0.00217077380094,0.0106465084372,18.2033669949
0.724465621974,0.00217077380094,0.0106465084372,18.2206640244
0.724465621974,0.00217077380094,0.0106465084372,18.2369310856
0.724465621974,0.00217077380094,0.0106465084372,18.2540409565
0.724465621974,0.00217077380094,0.0106465084372,18.2712049484
0.724465621974,0.00217077380094,0.0106465084372,18.2867901325
0.724465621974,0.00217077380094,0.0106465084372,18.3034410477
0.724465621974,0.00217077380094,0.0106465084372,18.3218979836
0.724465621974,0.00217077380094,0.0106465084372,18.3374321461
0.724465621974,0.00217077380094,0.0106465084372,18.3536100388
0.724465621974,0.00217077380094,0.0106465084372,18.3707470894
0.724465621974,0.00217077380094,0.0106465084372,18.3867840767
0.724465621974,0.00217077380094,0.0106465084372,18.4052400589
0.724465621974,0.00217077380094,0.0106465084372,18.4206039906
0.724465621974,0.00217077380094,0.0106465084372,18.4368851185
0.724465621974,0.00217077380094,0.0106465084372,18.4542541504
0.724465621974,0.00217077380094,0.0106465084372,18.4700920582
0.724465621974,0.00217077380094,0.0106465084372,18.4866499901
0.724465621974,0.00217077380094,0.0106465084372,18.5044939518
0.724465621974,0.00217077380094,0.0106465084372,18.5206711292
0.724465621974,0.00217077380094,0.0106465084372,18.5370941162
0.724465621974,0.00217077380094,0.0106465084372,18.5538980961
0.724465621974,0.00217077380094,0.0106465084372,18.5704770088
0.724465621974,0.00217077380094,0.0106465084372,18.5866351128
0.724465621974,0.00217077380094,0.0106465084372,18.6033489704
0.724465621974,0.00217077380094,0.0106465084372,18.6201269627
0.724465621974,0.00217077380094,0.0106465084372,18.6369299889
0.724465621974,0.00217077380094,0.0106465084372,18.6533181667
0.724465621974,0.00217077380094,0.0106465084372,18.6704189777
0.724465621974,0.00217077380094,0.0106465084372,18.686576128
0.724465621974,0.00217077380094,0.0106465084372,18.7038469315
0.724465621974,0.00217077380094,0.0106465084372,18.7202579975
0.724465621974,0.00217077380094,0.0106465084372,18.7366890907
0.724465621974,0.00217077380094,0.0106465084372,18.7536580563
0.724465621974,0.00217077380094,0.0106465084372,18.7706050873
0.724465621974,0.00217077380094,0.0106465084372,18.787361145
0.724465621974,0.00217077380094,0.0106465084372,18.803976059
0.724465621974,0.00217077380094,0.0106465084372,18.8210160732
0.724465621974,0.00217077380094,0.0106465084372,18.8366701603
0.724465621974,0.00217077380094,0.0106465084372,18.8538310528
0.724465621974,0.00217077380094,0.0106465084372,18.8701241016
0.724465621974,0.00217077380094,0.0106465084372,18.8875010014
0.724465621974,0.00217077380094,0.0106465084372,18.9040651321
0.724465621974,0.00217077380094,0.0106465084372,18.9202649593
0.724465621974,0.00217077380094,0.0106465084372,18.9367239475
0.724465621974,0.00217077380094,0.0106465084372,18.9537651539
0.724465621974,0.00217077380094,0.0106465084372,18.9702401161
0.724465621974,0.00217077380094,0.0106465084372,18.9871709347
0.724465621974,0.00217077380094,0.0106465084372,19.0034899712
0.724465621974,0.00217077380094,0.0106465084372,19.0224640369
0.724465621974,0.00217077380094,0.0106465084372,19.0377371311
0.724465621974,0.00217077380094,0.0106465084372,19.0549850464
0.724465621974,0.00217077380094,0.0106465084372,19.0719270706
0.724465621974,0.00217077380094,0.0106465084372,19.0877859592
0.724465621974,0.00217077380094,0.0106465084372,19.1037960052
0.724465621974,0.00217077380094,0.0106465084372,19.1203949451
0.724465621974,0.00217077380094,0.0106465084372,19.1366131306
0.724465621974,0.00217077380094,0.0106465084372,19.1537370682
0.724465621974,0.00217077380094,0.0106465084372,19.1708509922
0.724465621974,0.00217077380094,0.0106465084372,19.1867530346
0.724465621974,0.00217077380094,0.0106465084372,19.2034089565
0.724465621974,0.00217077380094,0.0106465084372,19.2220380306
0.724465621974,0.00217077380094,0.0106465084372,19.2374899387
0.724465621974,0.00217077380094,0.0106465084372,19.2548100948
0.724465621974,0.00217077380094,0.0106465084372,19.2701900005
0.724465621974,0.00217077380094,0.0106465084372,19.2882471085
0.724465621974,0.00217077380094,0.0106465084372,19.304074049
0.724465621974,0.00217077380094,0.0106465084372,19.3227820396
0.724465621974,0.00217077380094,0.0106465084372,19.3367381096
0.724465621974,0.00217077380094,0.0106465084372,19.3534550667
0.724465621974,0.00217077380094,0.0106465084372,19.3701851368
0.724465621974,0.00217077380094,0.0106465084372,19.3874280453
0.724465621974,0.00217077380094,0.0106465084372,19.4046499729
0.724465621974,0.00217077380094,0.0106465084372,19.4209170341
0.724465621974,0.00217077380094,0.0106465084372,19.4373600483
0.724465621974,0.00217077380094,0.0106465084372,19.4543471336
0.724465621974,0.00217077380094,0.0106465084372,19.4708399773
0.724465621974,0.00217077380094,0.0106465084372,19.4873981476
0.724465621974,0.00217077380094,0.0106465084372,19.5034680367
0.724465621974,0.00217077380094,0.0106465084372,19.5212390423
0.724465621974,0.00217077380094,0.0106465084372,19.536937952
0.724465621974,0.00217077380094,0.0106465084372,19.5533370972
0.724465621974,0.00217077380094,0.0106465084372,19.5702669621
0.724465621974,0.00217077380094,0.0106465084372,19.587033987
0.724465621974,0.00217077380094,0.0106465084372,19.6035311222
0.724465621974,0.00217077380094,0.0106465084372,19.6202290058
0.724465621974,0.00217077380094,0.0106465084372,19.6369860172
0.724465621974,0.00217077380094,0.0106465084372,19.6536030769
0.724465621974,0.00217077380094,0.0106465084372,19.6701850891
0.724465621974,0.00217077380094,0.0106465084372,19.6871061325
0.724465621974,0.00217077380094,0.0106465084372,19.7038321495
0.724465621974,0.00217077380094,0.0106465084372,19.7203941345
0.724465621974,0.00217077380094,0.0106465084372,19.7381279469
0.724465621974,0.00217077380094,0.0106465084372,19.7535140514
0.724465621974,0.00217077380094,0.0106465084372,19.7704601288
0.724465621974,0.00217077380094,0.0106465084372,19.7869441509
0.724465621974,0.00217077380094,0.0106465084372,19.8036401272
0.724465621974,0.00217077380094,0.0106465084372,19.8202359676
0.724465621974,0.00217077380094,0.0106465084372,19.836933136
0.724465621974,0.00217077380094,0.0106465084372,19.8535950184
0.724465621974,0.00217077380094,0.0106465084372,19.8703081608
0.724465621974,0.00217077380094,0.0106465084372,19.8869199753
0.724465621974,0.00217077380094,0.0106465084372,19.903386116
0.724465621974,0.00217077380094,0.0106465084372,19.9208250046
0.724465621974,0.00217077380094,0.0106465084372,19.9368209839
0.724465621974,0.00217077380094,0.0106465084372,19.9532470703
0.724465621974,0.00217077380094,0.0106465084372,19.9700689316
0.724465621974,0.00217077380094,0.0106465084372,19.9867551327
0.724465621974,0.00217077380094,0.0106465084372,20.0035190582
0.724465621974,0.00217077380094,0.0106465084372,20.0210821629
0.724465621974,0.00217077380094,0.0106465084372,20.0369520187
0.724465621974,0.00217077380094,0.0106465084372,20.0536091328
0.724465621974,0.00217077380094,0.0106465084372,20.0704131126
0.724465621974,0.00217077380094,0.0106465084372,20.0868079662
0.724465621974,0.00217077380094,0.0106465084372,20.1036760807
0.724465621974,0.00217077380094,0.0106465084372,20.1201610565
0.724465621974,0.00217077380094,0.0106465084372,20.1367781162
0.724465621974,0.00217077380094,0.0106465084372,20.1538600922
0.724465621974,0.00217077380094,0.0106465084372,20.1708769798
0.724465621974,0.00217077380094,0.0106465084372,20.1869950294
0.724465621974,0.00217077380094,0.0106465084372,20.2034871578
0.724465621974,0.00217077380094,0.0106465084372,20.2205989361
0.724465621974,0.00217077380094,0.0106465084372,20.2372469902
0.724465621974,0.00217077380094,0.0106465084372,20.2534470558
0.724465621974,0.00217077380094,0.0106465084372,20.2700359821
0.724465621974,0.00217077380094,0.0106465084372,20.2866101265
0.724465621974,0.00217077380094,0.0106465084372,20.3033840656
0.724465621974,0.00217077380094,0.0106465084372,20.3199551105
0.724465621974,0.00217077380094,0.0106465084372,20.3367140293
0.724465621974,0.00217077380094,0.0106465084372,20.353302002
0.724465621974,0.00217077380094,0.0106465084372,20.3701491356
0.724465621974,0.00217077380094,0.0106465084372,20.3867590427
0.724465621974,0.00217077380094,0.0106465084372,20.4033119678
0.724465621974,0.00217077380094,0.0106465084372,20.4203619957
0.724465621974,0.00217077380094,0.0106465084372,20.437005043
0.724465621974,0.00217077380094,0.0106465084372,20.4533009529
0.724465621974,0.00217077380094,0.0106465084372,20.4699311256
0.724465621974,0.00217077380094,0.0106465084372,20.487185955
0.724465621974,0.00217077380094,0.0106465084372,20.5033431053
0.724465621974,0.00217077380094,0.0106465084372,20.5206360817
0.724465621974,0.00217077380094,0.0106465084372,20.5378370285
0.724465621974,0.00217077380094,0.0106465084372,20.5540211201
0.724465621974,0.00217077380094,0.0106465084372,20.5700221062
0.724465621974,0.00217077380094,0.0106465084372,20.5875351429
0.724465621974,0.00217077380094,0.0106465084372,20.6043660641
0.724465621974,0.00217077380094,0.0106465084372,20.6213190556
0.724465621974,0.00217077380094,0.0106465084372,20.6375420094
0.724465621974,0.00217077380094,0.0106465084372,20.6533780098
0.724465621974,0.00217077380094,0.0106465084372,20.6701231003
0.724465621974,0.00217077380094,0.0106465084372,20.6871421337
0.724465621974,0.00217077380094,0.0106465084372,20.7033929825
0.724465621974,0.00217077380094,0.0106465084372,20.7212221622
0.724465621974,0.00217077380094,0.0106465084372,20.7367291451
0.724465621974,0.00217077380094,0.0106465084372,20.7535099983
0.724465621974,0.00217077380094,0.0106465084372,20.7703509331
0.724465621974,0.00217077380094,0.0106465084372,20.7872400284
0.724465621974,0.00217077380094,0.0106465084372,20.8033790588
0.724465621974,0.00217077380094,0.0106465084372,20.8200769424
0.724465621974,0.00217077380094,0.0106465084372,20.8366410732
0.724465621974,0.00217077380094,0.0106465084372,20.8537409306
0.724465621974,0.00217077380094,0.0106465084372,20.8703770638
0.724465621974,0.00217077380094,0.0106465084372,20.8868069649
0.724465621974,0.00217077380094,0.0106465084372,20.9035539627
0.724465621974,0.00217077380094,0.0106465084372,20.9205801487
0.724465621974,0.00217077380094,0.0106465084372,20.9371390343
0.724465621974,0.00217077380094,0.0106465084372,20.9536149502
0.724465621974,0.00217077380094,0.0106465084372,20.9701600075
0.724465621974,0.00217077380094,0.0106465084372,20.9901950359
0.724465621974,0.00217077380094,0.0106465084372,21.004306078
0.724465621974,0.00217077380094,0.0106465084372,21.0201900005
0.724465621974,0.00217077380094,0.0106465084372,21.0374150276
0.724465621974,0.00217077380094,0.0106465084372,21.0537490845
0.724465621974,0.00217077380094,0.0106465084372,21.0703120232
0.724465621974,0.00217077380094,0.0106465084372,21.0868821144
0.724465621974,0.00217077380094,0.0106465084372,21.103662014
0.724465621974,0.00217077380094,0.0106465084372,21.1212611198
0.724465621974,0.00217077380094,0.0106465084372,21.1365499496
0.724465621974,0.00217077380094,0.0106465084372,21.153222084
0.724465621974,0.00217077380094,0.0106465084372,21.1703641415
0.724465621974,0.00217077380094,0.0106465084372,21.1869029999
0.724465621974,0.00217077380094,0.0106465084372,21.2034320831
0.724465621974,0.00217077380094,0.0106465084372,21.2204799652
0.724465621974,0.00217077380094,0.0106465084372,21.2368171215
0.724465621974,0.00217077380094,0.0106465084372,21.253455162
0.724465621974,0.00217077380094,0.0106465084372,21.2701830864
0.724465621974,0.00217077380094,0.0106465084372,21.2867400646
0.724465621974,0.00217077380094,0.0106465084372,21.3034861088
0.724465621974,0.00217077380094,0.0106465084372,21.3203730583
0.724465621974,0.00217077380094,0.0106465084372,21.3367249966
0.724465621974,0.00217077380094,0.0106465084372,21.3536360264
0.724465621974,0.00217077380094,0.0106465084372,21.3704371452
0.724465621974,0.00217077380094,0.0106465084372,21.3872771263
0.724465621974,0.00217077380094,0.0106465084372,21.4033911228
0.724465621974,0.00217077380094,0.0106465084372,21.4199080467
0.724465621974,0.00217077380094,0.0106465084372,21.436578989
0.724465621974,0.00217077380094,0.0106465084372,21.4536149502
0.724465621974,0.00217077380094,0.0106465084372,21.4707491398
0.724465621974,0.00217077380094,0.0106465084372,21.4874751568
0.724465621974,0.00217077380094,0.0106465084372,21.5033681393
0.724465621974,0.00217077380094,0.0106465084372,21.5200459957
0.724465621974,0.00217077380094,0.0106465084372,21.5377280712
0.724465621974,0.00217077380094,0.0106465084372,21.5536401272
0.724465621974,0.00217077380094,0.0106465084372,21.5701241493
0.724465621974,0.00217077380094,0.0106465084372,21.5869240761
0.724465621974,0.00217077380094,0.0106465084372,21.6034419537
0.724465621974,0.00217077380094,0.0106465084372,21.6198620796
0.724465621974,0.00217077380094,0.0106465084372,21.636744976
0.724465621974,0.00217077380094,0.0106465084372,21.6538119316
0.724465621974,0.00217077380094,0.0106465084372,21.6707251072
0.724465621974,0.00217077380094,0.0106465084372,21.6867930889
0.724465621974,0.00217077380094,0.0106465084372,21.7033109665
0.724465621974,0.00217077380094,0.0106465084372,21.7211959362
0.724465621974,0.00217077380094,0.0106465084372,21.7366881371
0.724465621974,0.00217077380094,0.0106465084372,21.7549581528
0.724465621974,0.00217077380094,0.0106465084372,21.7700130939
0.724465621974,0.00217077380094,0.0106465084372,21.7876670361
0.724465621974,0.00217077380094,0.0106465084372,21.8036029339
0.724465621974,0.00217077380094,0.0106465084372,21.8205420971
0.724465621974,0.00217077380094,0.0106465084372,21.8369231224
0.724465621974,0.00217077380094,0.0106465084372,21.8536710739
0.724465621974,0.00217077380094,0.0106465084372,21.8702480793
0.724465621974,0.00217077380094,0.0106465084372,21.8868839741
0.724465621974,0.00217077380094,0.0106465084372,21.9033629894
0.724465621974,0.00217077380094,0.0106465084372,21.9201819897
0.724465621974,0.00217077380094,0.0106465084372,21.9367210865
0.724465621974,0.00217077380094,0.0106465084372,21.9548780918
0.724465621974,0.00217077380094,0.0106465084372,21.9700810909
0.724465621974,0.00217077380094,0.0106465084372,21.9879391193
0.724465621974,0.00217077380094,0.0106465084372,22.005669117
0.724465621974,0.00217077380094,0.0106465084372,22.0228130817
0.724465621974,0.00217077380094,0.0106465084372,22.0373871326
0.724465621974,0.00217077380094,0.0106465084372,22.0533211231
0.724465621974,0.00217077380094,0.0106465084372,22.0707099438
0.724465621974,0.00217077380094,0.0106465084372,22.0866620541
0.724465621974,0.00217077380094,0.0106465084372,22.1033329964
0.724465621974,0.00217077380094,0.0106465084372,22.1204659939
0.724465621974,0.00217077380094,0.0106465084372,22.1366651058
0.724465621974,0.00217077380094,0.0106465084372,22.1538939476
0.724465621974,0.00217077380094,0.0106465084372,22.1701309681
0.724465621974,0.00217077380094,0.0106465084372,22.1867570877
0.724465621974,0.00217077380094,0.0106465084372,22.203453064
0.724465621974,0.00217077380094,0.0106465084372,22.2203700542
0.724465621974,0.00217077380094,0.0106465084372,22.2367601395
0.724465621974,0.00217077380094,0.0106465084372,22.253401041
0.724465621974,0.00217077380094,0.0106465084372,22.2701430321
0.724465621974,0.00217077380094,0.0106465084372,22.2866930962
0.724465621974,0.00217077380094,0.0106465084372,22.3034729958
0.724465621974,0.00217077380094,0.0106465084372,22.3207950592
0.724465621974,0.00217077380094,0.0106465084372,22.3367540836
0.724465621974,0.00217077380094,0.0106465084372,22.3533840179
0.724465621974,0.00217077380094,0.0106465084372,22.3701491356
0.724465621974,0.00217077380094,0.0106465084372,22.3867051601
0.724465621974,0.00217077380094,0.0106465084372,22.4034481049
0.724465621974,0.00217077380094,0.0106465084372,22.4203641415
0.724465621974,0.00217077380094,0.0106465084372,22.4366669655
0.724465621974,0.00217077380094,0.0106465084372,22.4537191391
0.724465621974,0.00217077380094,0.0106465084372,22.4702811241
0.724465621974,0.00217077380094,0.0106465084372,22.4868600368
0.724465621974,0.00217077380094,0.0106465084372,22.5034379959
0.724465621974,0.00217077380094,0.0106465084372,22.5227639675
0.724465621974,0.00217077380094,0.0106465084372,22.5373711586
0.724465621974,0.00217077380094,0.0106465084372,22.5537791252
0.724465621974,0.00217077380094,0.0106465084372,22.5702800751
0.724465621974,0.00217077380094,0.0106465084372,22.5867221355
0.724465621974,0.00217077380094,0.0106465084372,22.6042101383
0.724465621974,0.00217077380094,0.0106465084372,22.6212570667
0.724465621974,0.00217077380094,0.0106465084372,22.6377060413
0.724465621974,0.00217077380094,0.0106465084372,22.6541500092
0.724465621974,0.00217077380094,0.0106465084372,22.6715829372
0.724465621974,0.00217077380094,0.0106465084372,22.6868350506
0.724465621974,0.00217077380094,0.0106465084372,22.7034840584
0.724465621974,0.00217077380094,0.0106465084372,22.721460104
0.724465621974,0.00217077380094,0.0106465084372,22.7368350029
0.724465621974,0.00217077380094,0.0106465084372,22.7537691593
0.724465621974,0.00217077380094,0.0106465084372,22.7702770233
0.724465621974,0.00217077380094,0.0106465084372,22.7896609306
0.724465621974,0.00217077380094,0.0106465084372,22.8032660484
0.724465621974,0.00217077380094,0.0106465084372,22.8205311298
0.724465621974,0.00217077380094,0.0106465084372,22.8366911411
0.724465621974,0.00217077380094,0.0106465084372,22.8536450863
0.724465621974,0.00217077380094,0.0106465084372,22.8709990978
0.724465621974,0.00217077380094,0.0106465084372,22.8867609501
0.724465621974,0.00217077380094,0.0106465084372,22.9035620689
0.724465621974,0.00217077380094,0.0106465084372,22.9204039574
0.724465621974,0.00217077380094,0.0106465084372,22.9376020432
0.724465621974,0.00217077380094,0.0106465084372,22.9532990456
0.724465621974,0.00217077380094,0.0106465084372,22.9717600346
0.724465621974,0.00217077380094,0.0106465084372,22.9869060516
0.724465621974,0.00217077380094,0.0106465084372,23.0044000149
0.724465621974,0.00217077380094,0.0106465084372,23.0226070881
0.724465621974,0.00217077380094,0.0106465084372,23.0377850533
0.724465621974,0.00217077380094,0.0106465084372,23.0546791553
0.724465621974,0.00217077380094,0.0106465084372,23.0713720322
0.724465621974,0.00217077380094,0.0106465084372,23.0869319439
0.724465621974,0.00217077380094,0.0106465084372,23.1034300327
0.724465621974,0.00217077380094,0.0106465084372,23.1202809811
0.724465621974,0.00217077380094,0.0106465084372,23.1367640495
0.724465621974,0.00217077380094,0.0106465084372,23.1535971165
0.724465621974,0.00217077380094,0.0106465084372,23.1705031395
0.724465621974,0.00217077380094,0.0106465084372,23.1872341633
0.724465621974,0.00217077380094,0.0106465084372,23.2035810947
0.724465621974,0.00217077380094,0.0106465084372,23.220042944
0.724465621974,0.00217077380094,0.0106465084372,23.2367601395
0.724465621974,0.00217077380094,0.0106465084372,23.253426075
0.724465621974,0.00217077380094,0.0106465084372,23.2701101303
0.724465621974,0.00217077380094,0.0106465084372,23.2870659828
0.724465621974,0.00217077380094,0.0106465084372,23.3034369946
0.724465621974,0.00217077380094,0.0106465084372,23.3200559616
0.724465621974,0.00217077380094,0.0106465084372,23.3370029926
0.724465621974,0.00217077380094,0.0106465084372,23.3534650803
0.724465621974,0.00217077380094,0.0106465084372,23.3700039387
0.724465621974,0.00217077380094,0.0106465084372,23.3867509365
0.724465621974,0.00217077380094,0.0106465084372,23.4034900665
0.724465621974,0.00217077380094,0.0106465084372,23.4200799465
0.724465621974,0.00217077380094,0.0106465084372,23.436964035
0.724465621974,0.00217077380094,0.0106465084372,23.4533979893
0.724465621974,0.00217077380094,0.0106465084372,23.4702789783
0.724465621974,0.00217077380094,0.0106465084372,23.4869790077
0.724465621974,0.00217077380094,0.0106465084372,23.5036349297
0.724465621974,0.00217077380094,0.0106465084372,23.5202679634
0.724465621974,0.00217077380094,0.0106465084372,23.536976099
0.724465621974,0.00217077380094,0.0106465084372,23.5535421371
0.724465621974,0.00217077380094,0.0106465084372,23.5701961517
0.724465621974,0.00217077380094,0.0106465084372,23.5871150494
0.724465621974,0.00217077380094,0.0106465084372,23.6037769318
0.724465621974,0.00217077380094,0.0106465084372,23.6201679707
0.724465621974,0.00217077380094,0.0106465084372,23.6368010044
0.724465621974,0.00217077380094,0.0106465084372,23.6534011364
0.724465621974,0.00217077380094,0.0106465084372,23.6702001095
0.724465621974,0.00217077380094,0.0106465084372,23.6882560253
0.724465621974,0.00217077380094,0.0106465084372,23.7034790516
0.724465621974,0.00217077380094,0.0106465084372,23.7207269669
0.724465621974,0.00217077380094,0.0106465084372,23.736978054
0.724465621974,0.00217077380094,0.0106465084372,23.7534990311
0.724465621974,0.00217077380094,0.0106465084372,23.7703261375
0.724465621974,0.00217077380094,0.0106465084372,23.7872960567
0.724465621974,0.00217077380094,0.0106465084372,23.8034961224
0.724465621974,0.00217077380094,0.0106465084372,23.8208899498
0.724465621974,0.00217077380094,0.0106465084372,23.8370251656
0.724465621974,0.00217077380094,0.0106465084372,23.8536579609
0.724465621974,0.00217077380094,0.0106465084372,23.8700530529
0.724465621974,0.00217077380094,0.0106465084372,23.8871290684
0.724465621974,0.00217077380094,0.0106465084372,23.9035129547
0.724465621974,0.00217077380094,0.0106465084372,23.920071125
0.724465621974,0.00217077380094,0.0106465084372,23.9366090298
0.724465621974,0.00217077380094,0.0106465084372,23.9535479546
0.724465621974,0.00217077380094,0.0106465084372,23.9701600075
0.724465621974,0.00217077380094,0.0106465084372,23.987030983
0.724465621974,0.00217077380094,0.0106465084372,24.0035190582
0.724465621974,0.00217077380094,0.0106465084372,24.0202150345
0.724465621974,0.00217077380094,0.0106465084372,24.0373499393
0.724465621974,0.00217077380094,0.0106465084372,24.0535099506
0.724465621974,0.00217077380094,0.0106465084372,24.0702159405
0.724465621974,0.00217077380094,0.0106465084372,24.087195158
0.724465621974,0.00217077380094,0.0106465084372,24.1040360928
0.724465621974,0.00217077380094,0.0106465084372,24.1202430725
0.724465621974,0.00217077380094,0.0106465084372,24.1368830204
0.724465621974,0.00217077380094,0.0106465084372,24.1537430286
0.724465621974,0.00217077380094,0.0106465084372,24.1705019474
0.724465621974,0.00217077380094,0.0106465084372,24.1872110367
0.724465621974,0.00217077380094,0.0106465084372,24.2033989429
0.724465621974,0.00217077380094,0.0106465084372,24.2201361656
0.724465621974,0.00217077380094,0.0106465084372,24.237185955
0.724465621974,0.00217077380094,0.0106465084372,24.2534611225
0.724465621974,0.00217077380094,0.0106465084372,24.2702000141
0.724465621974,0.00217077380094,0.0106465084372,24.2875020504
0.724465621974,0.00217077380094,0.0106465084372,24.3034319878
0.724465621974,0.00217077380094,0.0106465084372,24.3203680515
0.724465621974,0.00217077380094,0.0106465084372,24.3367710114
0.724465621974,0.00217077380094,0.0106465084372,24.3535890579
0.724465621974,0.00217077380094,0.0106465084372,24.3709011078
0.724465621974,0.00217077380094,0.0106465084372,24.3869509697
0.724465621974,0.00217077380094,0.0106465084372,24.4036140442
0.724465621974,0.00217077380094,0.0106465084372,24.4208631516
0.724465621974,0.00217077380094,0.0106465084372,24.4376561642
0.724465621974,0.00217077380094,0.0106465084372,24.4535570145
0.724465621974,0.00217077380094,0.0106465084372,24.4707350731
0.724465621974,0.00217077380094,0.0106465084372,24.4868049622
0.724465621974,0.00217077380094,0.0106465084372,24.5035691261
0.724465621974,0.00217077380094,0.0106465084372,24.5208759308
0.724465621974,0.00217077380094,0.0106465084372,24.5366921425
0.724465621974,0.00217077380094,0.0106465084372,24.5534181595
0.724465621974,0.00217077380094,0.0106465084372,24.5701980591
0.724465621974,0.00217077380094,0.0106465084372,24.5869050026
0.724465621974,0.00217077380094,0.0106465084372,24.6034750938
0.724465621974,0.00217077380094,0.0106465084372,24.6216909885
0.724465621974,0.00217077380094,0.0106465084372,24.6367051601
0.724465621974,0.00217077380094,0.0106465084372,24.6540141106
0.724465621974,0.00217077380094,0.0106465084372,24.6702389717
0.724465621974,0.00217077380094,0.0106465084372,24.6866850853
0.724465621974,0.00217077380094,0.0106465084372,24.7035660744
0.724465621974,0.00217077380094,0.0106465084372,24.7201290131
0.724465621974,0.00217077380094,0.0106465084372,24.7381131649
0.724465621974,0.00217077380094,0.0106465084372,24.7535829544
0.724465621974,0.00217077380094,0.0106465084372,24.770635128
0.724465621974,0.00217077380094,0.0106465084372,24.7864749432
0.724465621974,0.00217077380094,0.0106465084372,24.8033151627
0.724465621974,0.00217077380094,0.0106465084372,24.8200531006
0.724465621974,0.00217077380094,0.0106465084372,24.8365590572
0.724465621974,0.00217077380094,0.0106465084372,24.8533959389
0.724465621974,0.00217077380094,0.0106465084372,24.8701341152
0.724465621974,0.00217077380094,0.0106465084372,24.88717103
0.724465621974,0.00217077380094,0.0106465084372,24.903414011
0.724465621974,0.00217077380094,0.0106465084372,24.9203660488
0.724465621974,0.00217077380094,0.0106465084372,24.936480999
0.724465621974,0.00217077380094,0.0106465084372,24.9546871185
0.724465621974,0.00217077380094,0.0106465084372,24.9701640606
0.724465621974,0.00217077380094,0.0106465084372,24.9867920876
0.724465621974,0.00217077380094,0.0106465084372,25.0036270618
0.724465621974,0.00217077380094,0.0106465084372,25.0206279755
0.724465621974,0.00217077380094,0.0106465084372,25.0369679928
0.724465621974,0.00217077380094,0.0106465084372,25.053743124
0.724465621974,0.00217077380094,0.0106465084372,25.0703580379
0.724465621974,0.00217077380094,0.0106465084372,25.0868971348
0.724465621974,0.00217077380094,0.0106465084372,25.1052529812
0.724465621974,0.00217077380094,0.0106465084372,25.1221489906
0.724465621974,0.00217077380094,0.0106465084372,25.1366939545
0.724465621974,0.00217077380094,0.0106465084372,25.1534450054
0.724465621974,0.00217077380094,0.0106465084372,25.1700489521
0.724465621974,0.00217077380094,0.0106465084372,25.1881229877
0.724465621974,0.00217077380094,0.0106465084372,25.2042069435
0.724465621974,0.00217077380094,0.0106465084372,25.2202730179
0.724465621974,0.00217077380094,0.0106465084372,25.2369511127
0.724465621974,0.00217077380094,0.0106465084372,25.2534489632
0.724465621974,0.00217077380094,0.0106465084372,25.2702679634
0.724465621974,0.00217077380094,0.0106465084372,25.287019968
0.724465621974,0.00217077380094,0.0106465084372,25.3035969734
0.724465621974,0.00217077380094,0.0106465084372,25.3205051422
0.724465621974,0.00217077380094,0.0106465084372,25.3372321129
0.724465621974,0.00217077380094,0.0106465084372,25.3534281254
0.724465621974,0.00217077380094,0.0106465084372,25.3700051308
0.724465621974,0.00217077380094,0.0106465084372,25.3867061138
0.724465621974,0.00217077380094,0.0106465084372,25.4040589333
0.724465621974,0.00217077380094,0.0106465084372,25.4202120304
0.724465621974,0.00217077380094,0.0106465084372,25.4371869564
0.724465621974,0.00217077380094,0.0106465084372,25.453578949
0.724465621974,0.00217077380094,0.0106465084372,25.470277071
0.724465621974,0.00217077380094,0.0106465084372,25.4872670174
0.724465621974,0.00217077380094,0.0106465084372,25.5035741329
0.724465621974,0.00217077380094,0.0106465084372,25.520704031
0.724465621974,0.00217077380094,0.0106465084372,25.5369310379
0.724465621974,0.00217077380094,0.0106465084372,25.5535161495
0.724465621974,0.00217077380094,0.0106465084372,25.5701060295
0.724465621974,0.00217077380094,0.0106465084372,25.5873219967
0.724465621974,0.00217077380094,0.0106465084372,25.6034500599
0.724465621974,0.00217077380094,0.0106465084372,25.6206600666
0.724465621974,0.00217077380094,0.0106465084372,25.6383619308
0.724465621974,0.00217077380094,0.0106465084372,25.6570160389
0.724465621974,0.00217077380094,0.0106465084372,25.6699790955
0.724465621974,0.00217077380094,0.0106465084372,25.6869521141
0.724465621974,0.00217077380094,0.0106465084372,25.7033760548
0.724465621974,0.00217077380094,0.0106465084372,25.7210080624
0.724465621974,0.00217077380094,0.0106465084372,25.7369589806
0.724465621974,0.00217077380094,0.0106465084372,25.7535769939
0.724465621974,0.00217077380094,0.0106465084372,25.7701439857
0.724465621974,0.00217077380094,0.0106465084372,25.7868909836
0.724465621974,0.00217077380094,0.0106465084372,25.8036680222
0.724465621974,0.00217077380094,0.0106465084372,25.8219029903
0.724465621974,0.00217077380094,0.0106465084372,25.8369100094
0.724465621974,0.00217077380094,0.0106465084372,25.8568470478
0.724465621974,0.00217077380094,0.0106465084372,25.8703069687
0.724465621974,0.00217077380094,0.0106465084372,25.8868260384
0.724465621974,0.00217077380094,0.0106465084372,25.9034819603
0.724465621974,0.00217077380094,0.0106465084372,25.9219350815
0.724465621974,0.00217077380094,0.0106465084372,25.936784029
0.724465621974,0.00217077380094,0.0106465084372,25.9536840916
0.724465621974,0.00217077380094,0.0106465084372,25.971362114
0.724465621974,0.00217077380094,0.0106465084372,25.9869551659
0.724465621974,0.00217077380094,0.0106465084372,26.0034379959
0.724465621974,0.00217077380094,0.0106465084372,26.02008605
0.724465621974,0.00217077380094,0.0106465084372,26.036798954
0.724465621974,0.00217077380094,0.0106465084372,26.053342104
0.724465621974,0.00217077380094,0.0106465084372,26.0702819824
0.724465621974,0.00217077380094,0.0106465084372,26.0869419575
0.724465621974,0.00217077380094,0.0106465084372,26.1034660339
0.724465621974,0.00217077380094,0.0106465084372,26.1203801632
0.724465621974,0.00217077380094,0.0106465084372,26.1367170811
0.724465621974,0.00217077380094,0.0106465084372,26.1535429955
0.724465621974,0.00217077380094,0.0106465084372,26.1701791286
0.724465621974,0.00217077380094,0.0106465084372,26.1869790554
0.724465621974,0.00217077380094,0.0106465084372,26.2034859657
0.724465621974,0.00217077380094,0.0106465084372,26.2201969624
0.724465621974,0.00217077380094,0.0106465084372,26.2367751598
0.724465621974,0.00217077380094,0.0106465084372,26.2535581589
0.724465621974,0.00217077380094,0.0106465084372,26.2703170776
0.724465621974,0.00217077380094,0.0106465084372,26.2889809608
0.724465621974,0.00217077380094,0.0106465084372,26.3033220768
0.724465621974,0.00217077380094,0.0106465084372,26.3201150894
0.724465621974,0.00217077380094,0.0106465084372,26.3369891644
0.724465621974,0.00217077380094,0.0106465084372,26.3541669846
0.724465621974,0.00217077380094,0.0106465084372,26.3704509735
0.724465621974,0.00217077380094,0.0106465084372,26.3875570297
0.724465621974,0.00217077380094,0.0106465084372,26.403414011
0.724465621974,0.00217077380094,0.0106465084372,26.420429945
0.724465621974,0.00217077380094,0.0106465084372,26.4371070862
0.724465621974,0.00217077380094,0.0106465084372,26.4535560608
0.724465621974,0.00217077380094,0.0106465084372,26.4700450897
0.724465621974,0.00217077380094,0.0106465084372,26.4867999554
0.724465621974,0.00217077380094,0.0106465084372,26.5034239292
0.724465621974,0.00217077380094,0.0106465084372,26.5200760365
0.724465621974,0.00217077380094,0.0106465084372,26.5368659496
0.724465621974,0.00217077380094,0.0106465084372,26.5569050312
0.724465621974,0.00217077380094,0.0106465084372,26.5700809956
0.724465621974,0.00217077380094,0.0106465084372,26.5870189667
0.724465621974,0.00217077380094,0.0106465084372,26.6035070419
0.724465621974,0.00217077380094,0.0106465084372,26.6202411652
0.724465621974,0.00217077380094,0.0106465084372,26.6365640163
0.724465621974,0.00217077380094,0.0106465084372,26.6535029411
0.724465621974,0.00217077380094,0.0106465084372,26.6705329418
0.724465621974,0.00217077380094,0.0106465084372,26.6870689392
0.724465621974,0.00217077380094,0.0106465084372,26.7034890652
0.724465621974,0.00217077380094,0.0106465084372,26.7202279568
0.724465621974,0.00217077380094,0.0106465084372,26.7366731167
0.724465621974,0.00217077380094,0.0106465084372,26.7535669804
0.724465621974,0.00217077380094,0.0106465084372,26.7698910236
