0,0,0,0.0784130096436
0.0,0.0,0.0,0.0134398937225
0.0,0.0,0.0,0.0302410125732
0.0,0.0,0.0,0.0468518733978
0.0,0.0,0.0,0.0635850429535
0.0,0.0,0.0,0.0808990001678
0.0,0.0,0.0,0.0969491004944
0.0,0.0,0.0,0.113435983658
0.0,0.0,0.0,0.130136013031
0.0,0.0,0.0,0.146815061569
0.0,0.0,0.0,0.163564920425
0.0,0.0,0.0,0.180355072021
0.0,0.0,0.0,0.197077035904
0.0,0.0,0.0,0.213636875153
0.0,0.0,0.0,0.230381965637
0.0,0.0,0.0,0.247090101242
0.0,0.0,0.0,0.263376951218
0.0,0.0,0.0,0.280560970306
0.0,0.0,0.0,0.296889066696
0.0,0.0,0.0,0.31377696991
0.0,0.0,0.0,0.330331087112
0.0,0.0,0.0,0.346879959106
0.0,0.0,0.0,0.363467931747
0.0,0.0,0.0,0.380201101303
0.0,0.0,0.0,0.396956920624
0.0,0.0,0.0,0.413587093353
0.0,0.0,0.0,0.430316925049
0.0,0.0,0.0,0.447062015533
0.0,0.0,0.0,0.463569879532
0.0,0.0,0.0,0.480175018311
0.0,0.0,0.0,0.496846914291
0.0,0.0,0.0,0.513468980789
0.0,0.0,0.0,0.530379056931
0.0,0.0,0.0,0.546922922134
0.0,0.0,0.0,0.563597917557
0.0,0.0,0.0,0.580372095108
0.0,0.0,0.0,0.597081899643
0.0,0.0,0.0,0.613564014435
0.0,0.0,0.0,0.630177974701
0.0,0.0,0.0,0.64683008194
0.0,0.0,0.0,0.663599967957
0.0,0.0,0.0,0.681190013885
0.0,0.0,0.0,0.697047948837
0.0,0.0,0.0,0.713627099991
0.0,0.0,0.0,0.730261087418
0.0,0.0,0.0,0.74717092514
0.0,0.0,0.0,0.76357793808
0.0,0.0,0.0,0.780333042145
0.0,0.0,0.0,0.797204017639
0.0,0.0,0.0,0.813359022141
0.0,0.0,0.0,0.830034017563
0.0,0.0,0.0,0.84686088562
0.0,0.0,0.0,0.863561868668
0.0,0.0,0.0,0.880254983902
0.0,0.0,0.0,0.897129058838
0.0,0.0,0.0,0.913616895676
0.0,0.0,0.0,0.930145025253
0.0,0.0,0.0,0.946901082993
0.0,0.0,0.0,0.963959932327
0.0,0.0,0.0,0.980012893677
0.0,0.0,0.0,0.996692895889
0.0,0.0,0.0,1.01342391968
0.0,0.0,0.0,1.03008103371
0.0,0.0,0.0,1.04689097404
0.0,0.0,0.0,1.06380200386
0.0,0.0,0.0,1.08024287224
0.0,0.0,0.0,1.09748792648
0.0,0.0,0.0,1.11338305473
0.0,0.0,0.0,1.13005304337
0.0,0.0,0.0,1.14691209793
0.0,0.0,0.0,1.16389393806
0.0,0.0,0.0,1.18034505844
0.0,0.0,0.0,1.19713306427
0.0,0.0,0.0,1.21359395981
0.0,0.0,0.0,1.23025202751
0.0,0.0,0.0,1.24698996544
0.0,0.0,0.0,1.26382088661
0.0,0.0,0.0,1.28032803535
0.0,0.0,0.0,1.29776406288
0.0,0.0,0.0,1.31358194351
0.0,0.0,0.0,1.33031797409
0.0,0.0,0.0,1.34726595879
0.0,0.0,0.0,1.36375904083
0.0,0.0,0.0,1.38033795357
0.0,0.0,0.0,1.39669489861
0.0,0.0,0.0,1.41353797913
0.0,0.0,0.0,1.43027091026
0.0,0.0,0.0,1.44690394402
0.0,0.0,0.0,1.46335506439
0.0,0.0,0.0,1.4799618721
0.0,0.0,0.0,1.49672293663
0.0,0.0,0.0,1.51335597038
0.0,0.0,0.0,1.5302670002
0.0,0.0,0.0,1.54696702957
0.0,0.0,0.0,1.56352496147
0.0,0.0,0.0,1.58030891418
0.0,0.0,0.0,1.59694099426
0.0,0.0,0.0,1.61344408989
0.0,0.0,0.0,1.63015294075
0.0,0.0,0.0,1.64666008949
0.0,0.0,0.0,1.66346907616
0.0,0.0,0.0,1.68015193939
0.0,0.0,0.0,1.69705295563
0.0,0.0,0.0,1.71365809441
0.0,0.0,0.0,1.73033189774
0.0,0.0,0.0,1.74699807167
0.0,0.0,0.0,1.76366400719
0.0,0.0,0.0,1.78052687645
0.0,0.0,0.0,1.79693293571
0.0,0.0,0.0,1.81368994713
0.0,0.0,0.0,1.83035588264
0.0,0.0,0.0,1.84696292877
0.0,0.0,0.0,1.86361098289
0.0,0.0,0.0,1.88033699989
0.0,0.0,0.0,1.8971889019
0.0,0.0,0.0,1.91382288933
0.0,0.0,0.0,1.93025803566
0.0,0.0,0.0,1.94716095924
0.0,0.0,0.0,1.96367001534
0.0,0.0,0.0,1.98031902313
0.0,0.0,0.0,1.99707603455
0.0,0.0,0.0,2.01356196404
0.0,0.0,0.0,2.03033208847
0.0,0.0,0.0,2.04688286781
0.0,0.0,0.0,2.06356191635
0.0,0.0,0.0,2.08033204079
0.0,0.0,0.0,2.09721302986
0.0,0.0,0.0,2.11371898651
0.0,0.0,0.0,2.13027596474
0.0,0.0,0.0,2.14702796936
0.0,0.0,0.0,2.16366386414
0.0,0.0,0.0,2.18031001091
0.0,0.0,0.0,2.19672203064
0.0,0.0,0.0,2.2133538723
0.0,0.0,0.0,2.23003602028
0.0,0.0,0.0,2.24674701691
0.0,0.0,0.0,2.26341795921
0.0,0.0,0.0,2.28002595901
0.0,0.0,0.0,2.2969250679
0.0,0.0,0.0,2.31439089775
0.0,0.0,0.0,2.33029699326
0.0,0.0,0.0,2.34699106216
0.0,0.0,0.0,2.36363601685
0.0,0.0,0.0,2.3800740242
0.0,0.0,0.0,2.39663505554
0.0,0.0,0.0,2.41327190399
0.0,0.0,0.0,2.42993497849
0.0,0.0,0.0,2.44661188126
0.0,0.0,0.0,2.46327400208
0.0,0.0,0.0,2.47994089127
0.0,0.0,0.0,2.49673986435
0.0,0.0,0.0,2.51349401474
0.0,0.0,0.0,2.53029799461
0.0,0.0,0.0,2.54701209068
0.0,0.0,0.0,2.56390595436
0.0,0.0,0.0,2.58028197289
0.0,0.0,0.0,2.59687399864
0.0,0.0,0.0,2.61345291138
0.0,0.0,0.0,2.63024806976
0.0,0.0,0.0,2.6468129158
0.0,0.0,0.0,2.66335105896
0.0,0.0,0.0,2.68007993698
0.0,0.0,0.0,2.69690608978
0.0,0.0,0.0,2.7133910656
0.0,0.0,0.0,2.73029708862
0.0,0.0,0.0,2.74694895744
0.0,0.0,0.0,2.76367592812
0.0,0.0,0.0,2.780397892
0.0,0.0,0.0,2.79699587822
0.0,0.0,0.0,2.8135099411
0.0,0.0,0.0,2.83002996445
0.0,0.0,0.0,2.84659695625
0.0,0.0,0.0,2.86339306831
0.0,0.0,0.0,2.88009309769
0.0,0.0,0.0,2.89691305161
0.0,0.0,0.0,2.91350293159
0.0,0.0,0.0,2.93018889427
0.0,0.0,0.0,2.94730186462
0.0,0.0,0.0,2.96381998062
0.0,0.0,0.0,2.98058104515
0.0,0.0,0.0,2.99706602097
0.0,0.0,0.0,3.01366400719
0.0,0.0,0.0,3.03003692627
0.0,0.0,0.0,3.04742002487
0.0,0.0,0.0,3.06363391876
0.0,0.0,0.0,3.08031606674
0.0,0.0,0.0,3.09702086449
0.0,0.0,0.0,3.11354589462
0.0,0.0,0.0,3.13009905815
0.0,0.0,0.0,3.14700007439
0.0,0.0,0.0,3.16495299339
0.0,0.0,0.0,3.18007898331
0.0,0.0,0.0,3.19690203667
0.0,0.0,0.0,3.21391201019
0.0,0.0,0.0,3.23039889336
0.0,0.0,0.0,3.24700689316
0.0,0.0,0.0,3.26388907433
0.0,0.0,0.0,3.28017187119
0.0,0.0,0.0,3.29696702957
0.0,0.0,0.0,3.31354904175
0.0,0.0,0.0,3.33003997803
0.0,0.0,0.0,3.34702992439
0.0,0.0,0.0,3.36373996735
0.0,0.0,0.0,3.38010787964
0.0,0.0,0.0,3.39687108994
0.0,0.0,0.0,3.41345095634
0.0,0.0,0.0,3.43048405647
0.0,0.0,0.0,3.44685101509
0.0,0.0,0.0,3.46349906921
0.0,0.0,0.0,3.4806470871
0.0,0.0,0.0,3.49692296982
0.0,0.0,0.0,3.51353001595
0.0,0.0,0.0,3.53017902374
0.0,0.0,0.0,3.54713892937
0.0,0.0,0.0,3.56375694275
0.0,0.0,0.0,3.58026695251
0.0,0.0,0.0,3.59685993195
0.0,0.0,0.0,3.61356306076
0.0,0.0,0.0,3.63018107414
0.0,0.0,0.0,3.64680695534
0.0,0.0,0.0,3.66357088089
0.0,0.0,0.0,3.68048191071
0.0,0.0,0.0,3.69691491127
0.0,0.0,0.0,3.71371889114
0.0,0.0,0.0,3.73022294044
0.0,0.0,0.0,3.74685287476
0.0,0.0,0.0,3.76391100883
0.0,0.0,0.0,3.78053498268
0.0,0.0,0.0,3.79718494415
0.0,0.0,0.0,3.81376099586
0.0,0.0,0.0,3.83060503006
0.0,0.0,0.0,3.8471288681
0.0,0.0,0.0,3.86409091949
0.0,0.0,0.0,3.88068389893
0.0,0.0,0.0,3.8972530365
0.0,0.0,0.0,3.91382002831
0.0,0.0,0.0,3.93048000336
0.0,0.0,0.0,3.94723701477
0.0,0.0,0.0,3.96387600899
0.0,0.0,0.0,3.98063898087
0.0,0.0,0.0,3.99730086327
0.0,0.0,0.0,4.01398491859
0.0,0.0,0.0,4.03026199341
0.0,0.0,0.0,4.04707503319
0.0,0.0,0.0,4.06586194038
0.0,0.0,0.0,4.0810379982
0.0,0.0,0.0,4.09737300873
0.0,0.0,0.0,4.11390709877
0.0,0.0,0.0,4.13049602509
0.0,0.0,0.0,4.14757990837
0.0,0.0,0.0,4.16381907463
0.0,0.0,0.0,4.18089103699
