-0.0,0.0,0.0
-0.0,0.0,0.0
-0.0,0.0,0.0
-0.0,0.0,0.0
-0.0,0.0,0.0
-0.0,0.0,0.0
-0.0,0.0,0.0
-0.0,0.0,0.0
-0.0,0.0,0.0
-0.0,0.0,0.0
-0.0,0.0,0.0
-0.0,0.0,0.0
-0.0,0.0,0.0
-0.0,0.0,0.0
-0.0,0.0,0.0
-0.0,0.0,0.0
-0.0,0.0,0.0
-0.0,0.0,0.0
-0.0,0.0,0.0
-0.0,0.0,0.0
-0.0,0.0,0.0
-0.0,0.0,0.0
-0.0,0.0,0.0
-0.0,0.0,0.0
-0.0,0.0,0.0
-0.0,0.0,0.0
-0.0,0.0,0.0
-0.0,0.0,0.0
-0.0,0.0,0.0
-0.0,0.0,0.0
-0.0,0.0,0.0
-0.0,0.0,0.0
-0.0,0.0,0.0
-0.0,0.0,0.0
-0.0,0.0,0.0
-0.0,0.0,0.0
-0.0,0.0,0.0
-0.0,0.0,0.0
-0.0,0.0,0.0
-0.0,0.0,0.0
-0.0,0.0,0.0
-0.0,0.0,0.0
-0.0,0.0,0.0
-0.0,0.0,0.0
-0.0,0.0,0.0
-0.0,0.0,0.0
-0.0,0.0,0.0
-0.0,0.0,0.0
-0.0,0.0,0.0
-0.0,0.0,0.0
-0.0,0.0,0.0
-0.0,0.0,0.0
-0.0,0.0,0.0
-0.0,0.0,0.0
-0.0,0.0,0.0
-0.0,0.0,0.0
-0.0,0.0,0.0
-0.0,0.0,0.0
-0.0,0.0,0.0
-0.0,0.0,0.0
-0.0,0.0,0.0
-0.0,0.0,0.0
-0.0,0.0,0.0
-0.0,0.0,0.0
-0.0,0.0,0.0
-0.0,0.0,0.0
-0.0,0.0,0.0
-0.0,0.0,0.0
-0.0,0.0,0.0
-0.0,0.0,0.0
-0.0,0.0,0.0
-0.0,0.0,0.0
-0.0,0.0,0.0
-0.0,0.0,0.0
-0.0,0.0,0.0
-0.0,0.0,0.0
-0.0,0.0,0.0
-0.0,0.0,0.0
-0.0,0.0,0.0
-0.0,0.0,0.0
-0.0,0.0,0.0
-0.0,0.0,0.0
-0.0,0.0,0.0
-0.0,0.0,0.0
-0.0,0.0,0.0
-0.0,0.0,0.0
-0.0,0.0,0.0
-0.0,0.0,0.0
-0.0,0.0,0.0
-0.0,0.0,0.0
-0.0,0.0,0.0
-0.0,0.0,0.0
-0.0,0.0,0.0
-0.0,0.0,0.0
-0.0,0.0,0.0
-0.0,0.0,0.0
-0.0,0.0,0.0
-0.0,0.0,0.0
-0.0,0.0,0.0
-0.0,0.0,0.0
-0.0,0.0,0.0
-0.0,0.0,0.0
-0.0,0.0,0.0
-0.0,0.0,0.0
-0.0,0.0,0.0
-0.0,0.0,0.0
-0.0,0.0,0.0
-0.0,0.0,0.0
-0.0,0.0,0.0
-0.0,0.0,0.0
-0.0,0.0,0.0
-0.0,0.0,0.0
-0.0,0.0,0.0
-0.0,0.0,0.0
-0.0,0.0,0.0
-0.0,0.0,0.0
-0.0,0.0,0.0
-0.0,0.0,0.0
-0.0,0.0,0.0
-0.0,0.0,0.0
-0.0,0.0,0.0
-0.0,0.0,0.0
-0.0,0.0,0.0
-0.0,0.0,0.0
-0.0,0.0,0.0
-0.0,0.0,0.0
-0.0,0.0,0.0
-0.0,0.0,0.0
-0.0,0.0,0.0
-0.0,0.0,0.0
-0.0,0.0,0.0
-0.0,0.0,0.0
-0.0,0.0,0.0
-0.0,0.0,0.0
-0.0,0.0,0.0
-0.0,0.0,0.0
-0.0,0.0,0.0
-0.0,0.0,0.0
-0.0,0.0,0.0
-0.0,0.0,0.0
-0.0,0.0,0.0
-0.0,0.0,0.0
-0.0,0.0,0.0
-0.0,0.0,0.0
-0.0,0.0,0.0
-0.0,0.0,0.0
-0.0,0.0,0.0
-0.0,0.0,0.0
-0.0,0.0,0.0
-0.0,0.0,0.0
-0.0,0.0,0.0
-0.0,0.0,0.0
-0.0,0.0,0.0
-0.0,0.0,0.0
-0.0,0.0,0.0
-0.0,0.0,0.0
-0.0,0.0,0.0
-0.0,0.0,0.0
-0.0,0.0,0.0
-0.0,0.0,0.0
-0.0,0.0,0.0
-0.0,0.0,0.0
-0.0,0.0,0.0
-0.0,0.0,0.0
-0.0,0.0,0.0
-0.0,0.0,0.0
-0.0,0.0,0.0
-0.0,0.0,0.0
-0.0,0.0,0.0
-0.0,0.0,0.0
-0.0,0.0,0.0
-0.0,0.0,0.0
-0.0,0.0,0.0
-0.0,0.0,0.0
-0.0,0.0,0.0
-0.0,0.0,0.0
-0.0,0.0,0.0
-0.0,0.0,0.0012217304764
-0.0,0.0,0.0012217304764
-0.0,0.0,0.0012217304764
-0.0,0.0,0.0012217304764
-0.0,0.0,0.00366519142919
-0.0,0.0,0.00366519142919
-0.0,0.0,0.00366519142919
-8.52915154431e-05,-3.12611131219e-07,0.00645771823238
-8.52915154431e-05,-3.12611131219e-07,0.00645771823238
-8.52915154431e-05,-3.12611131219e-07,0.00645771823238
-8.52915154431e-05,-3.12611131219e-07,0.00645771823238
-1.20553401328e-09,2.38177314496e-07,0.00802851455917
8.52881339762e-05,9.22938731126e-07,0.00837758040957
8.52881339762e-05,9.22938731126e-07,0.00837758040957
8.52881339762e-05,9.22938731126e-07,0.00837758040957
8.52881339762e-05,9.22938731126e-07,0.00837758040957
0.00012793268162,1.28020521619e-06,0.0109955742876
0.000213219613985,2.21802181192e-06,0.0118682389136
0.000213219613985,2.21802181192e-06,0.0118682389136
0.000213219613985,2.21802181192e-06,0.0118682389136
0.000213219613985,2.21802181192e-06,0.0118682389136
0.000341148736223,3.7363864891e-06,0.0157079632679
0.000341148736223,3.7363864891e-06,0.0157079632679
0.000341148736223,3.7363864891e-06,0.0157079632679
0.000383789519253,4.40624143692e-06,0.0230383461263
0.000383789519253,4.40624143692e-06,0.0230383461263
0.000383789519253,4.40624143692e-06,0.0230383461263
0.000383789519253,4.40624143692e-06,0.0230383461263
0.000724867336414,1.22655007682e-05,0.0366519142919
0.000724867336414,1.22655007682e-05,0.0366519142919
0.000724867336414,1.22655007682e-05,0.0366519142919
0.00132151097587,3.41434298473e-05,0.0518362787842
0.00132151097587,3.41434298473e-05,0.0518362787842
0.00132151097587,3.41434298473e-05,0.0518362787842
0.00132151097587,3.41434298473e-05,0.0518362787842
0.00187516488237,6.28685208093e-05,0.072605696883
0.00213036700658,8.14302769906e-05,0.0804596785169
0.00213036700658,8.14302769906e-05,0.0804596785169
0.00213036700658,8.14302769906e-05,0.0804596785169
0.00213036700658,8.14302769906e-05,0.0804596785169
0.00242792355605,0.000105423378854,0.107686814848
0.00247032256772,0.000110006924706,0.114842664781
0.00247032256772,0.000110006924706,0.114842664781
0.00247032256772,0.000110006924706,0.114842664781
0.00247032256772,0.000110006924706,0.114842664781
0.00234322718599,9.53464440807e-05,0.132994089002
0.00234322718599,9.53464440807e-05,0.132994089002
0.00234322718599,9.53464440807e-05,0.132994089002
0.0020473410337,5.57616748981e-05,0.145036860841
0.0020473410337,5.57616748981e-05,0.145036860841
0.0020473410337,5.57616748981e-05,0.145036860841
0.0020473410337,5.57616748981e-05,0.145036860841
0.0021317376045,6.80888469134e-05,0.149225651046
0.0021317376045,6.80888469134e-05,0.149225651046
0.0021317376045,6.80888469134e-05,0.149225651046
0.0021739097018,7.44291380958e-05,0.151320046148
0.0021739097018,7.44291380958e-05,0.151320046148
0.0021739097018,7.44291380958e-05,0.151320046148
0.0021739097018,7.44291380958e-05,0.151320046148
0.0021739097018,7.44291380958e-05,0.153763507101
0.0021739097018,7.44291380958e-05,0.153763507101
0.0021739097018,7.44291380958e-05,0.153763507101
0.0021739097018,7.44291380958e-05,0.153763507101
0.0021739097018,7.44291380958e-05,0.158301363156
0.0021739097018,7.44291380958e-05,0.158301363156
0.0021739097018,7.44291380958e-05,0.158301363156
0.0021739097018,7.44291380958e-05,0.163886416762
0.0021739097018,7.44291380958e-05,0.163886416762
0.0021739097018,7.44291380958e-05,0.163886416762
0.0021739097018,7.44291380958e-05,0.163886416762
0.0021739097018,7.44291380958e-05,0.169471470369
0.0021739097018,7.44291380958e-05,0.169471470369
0.0021739097018,7.44291380958e-05,0.169471470369
0.0021739097018,7.44291380958e-05,0.176103721526
0.0021739097018,7.44291380958e-05,0.176103721526
0.0021739097018,7.44291380958e-05,0.176103721526
0.0021739097018,7.44291380958e-05,0.176103721526
0.0021739097018,7.44291380958e-05,0.184830367786
0.0021739097018,7.44291380958e-05,0.187273828739
0.0021739097018,7.44291380958e-05,0.187273828739
0.0021739097018,7.44291380958e-05,0.187273828739
0.0021739097018,7.44291380958e-05,0.187273828739
0.0022577104961,9.03089116239e-05,0.194429678672
0.0022577104961,9.03089116239e-05,0.194429678672
0.0022577104961,9.03089116239e-05,0.194429678672
0.0024669230372,0.000131506480996,0.196524073775
0.0024669230372,0.000131506480996,0.196524073775
0.0024669230372,0.000131506480996,0.196524073775
0.0024669230372,0.000131506480996,0.196524073775
0.00271787399519,0.000181469263897,0.197571271326
0.00271787399519,0.000181469263897,0.197571271326
0.00271787399519,0.000181469263897,0.197571271326
0.00271787399519,0.000181469263897,0.197571271326
0.00275969041177,0.000189840189012,0.202458193231
0.00275969041177,0.000189840189012,0.202458193231
0.00275969041177,0.000189840189012,0.202458193231
0.00280146542113,0.000198415366918,0.207868713913
0.00280146542113,0.000198415366918,0.207868713913
0.00280146542113,0.000198415366918,0.207868713913
0.00280146542113,0.000198415366918,0.207868713913
0.00292664942699,0.000224818594444,0.212755635818
0.00288496493331,0.00021581370302,0.214326432145
0.00288496493331,0.00021581370302,0.214326432145
0.00288496493331,0.00021581370302,0.214326432145
0.00300997582554,0.000243024777431,0.220609617452
0.00300997582554,0.000243024777431,0.220609617452
0.00300997582554,0.000243024777431,0.222529479629
0.00300997582554,0.000243024777431,0.222529479629
0.00300997582554,0.000243024777431,0.222529479629
0.00317635379226,0.000280672267677,0.227067335684
0.00317635379226,0.000280672267677,0.227067335684
0.00317635379226,0.000280672267677,0.227067335684
0.00317635379226,0.000280672267677,0.227067335684
0.00313480243841,0.000271071742853,0.228463599086
0.00313480243841,0.000271071742853,0.228463599086
0.00313480243841,0.000271071742853,0.228463599086
0.00296865080448,0.000232437614525,0.230557994188
0.00296865080448,0.000232437614525,0.230557994188
0.00288561562726,0.000212946599271,0.230732527114
0.00288561562726,0.000212946599271,0.230732527114
0.00288561562726,0.000212946599271,0.230732527114
0.00255348853072,0.000134924569955,0.230732527114
0.00255348853072,0.000134924569955,0.230732527114
0.00255348853072,0.000134924569955,0.230732527114
0.00255348853072,0.000134924569955,0.230732527114
0.00242894086951,0.000105666308961,0.230732527114
0.00242894086951,0.000105666308961,0.230732527114
0.00242894086951,0.000105666308961,0.230732527114
0.00242894086951,0.000105666308961,0.230034395413
0.00242894086951,0.000105666308961,0.230034395413
0.00242894086951,0.000105666308961,0.230034395413
0.00242894086951,0.000105666308961,0.230034395413
0.00259503161214,0.000144561379895,0.229685329562
0.00259503161214,0.000144561379895,0.229685329562
0.00259503161214,0.000144561379895,0.229685329562
0.00259503161214,0.000144561379895,0.229685329562
0.00280266199895,0.000193107744843,0.229161730787
0.00280266199895,0.000193107744843,0.229161730787
0.00280266199895,0.000193107744843,0.229161730787
0.00288572430982,0.000212482802156,0.228638132011
0.00288572430982,0.000212482802156,0.228638132011
0.00288572430982,0.000212482802156,0.228638132011
0.00288572430982,0.000212482802156,0.228638132011
0.00321801408676,0.000289809055495,0.22724186861
0.00321801408676,0.000289809055495,0.22724186861
0.00321801408676,0.000289809055495,0.22724186861
0.00355041150758,0.000366671269555,0.225147473507
0.00355041150758,0.000366671269555,0.225147473507
0.00355041150758,0.000366671269555,0.225147473507
0.00355041150758,0.000366671269555,0.225147473507
0.00384139947016,0.000433316409709,0.224798407657
0.00384139947016,0.000433316409709,0.224798407657
0.00384139947016,0.000433316409709,0.224798407657
0.00417398370832,0.000509366195006,0.224798407657
0.00417398370832,0.000509366195006,0.224798407657
0.00417398370832,0.000509366195006,0.224798407657
0.00417398370832,0.000509366195006,0.224798407657
0.00442342188694,0.000566403533978,0.224623874732
0.00442342188694,0.000566403533978,0.224623874732
0.00442342188694,0.000566403533978,0.224623874732
0.00442342188694,0.000566403533978,0.224623874732
0.00463129532837,0.000613898369752,0.224449341806
0.00463129532837,0.000613898369752,0.224449341806
0.00463129532837,0.000613898369752,0.224449341806
0.00496390609265,0.000689832056618,0.223925743031
0.00496390609265,0.000689832056618,0.223925743031
0.00496390609265,0.000689832056618,0.223925743031
0.00496390609265,0.000689832056618,0.223925743031
0.00537971918949,0.000784531458964,0.223751210106
0.00550446807509,0.000812919507312,0.22357667718
0.00550446807509,0.000812919507312,0.22357667718
0.00550446807509,0.000812919507312,0.22357667718
0.00579556036457,0.00087910748261,0.223402144255
0.00579556036457,0.00087910748261,0.223402144255
0.005837146627,0.000888555649625,0.223402144255
0.005837146627,0.000888555649625,0.223402144255
0.005837146627,0.000888555649625,0.223402144255
0.0060866642016,0.000945244651712,0.223402144255
0.0060866642016,0.000945244651712,0.223402144255
0.0060866642016,0.000945244651712,0.223402144255
0.0060866642016,0.000945244651712,0.223402144255
0.00675204440053,0.00109641532395,0.222704012554
0.00696000864234,0.00114351098408,0.222354946704
0.00696000864234,0.00114351098408,0.222354946704
0.00696000864234,0.00114351098408,0.222354946704
0.00696000864234,0.00114351098408,0.222354946704
0.00754235451451,0.00127517556341,0.222005880854
0.00754235451451,0.00127517556341,0.222005880854
0.00754235451451,0.00127517556341,0.222005880854
0.00758395392853,0.00128456565586,0.221831347928
0.00758395392853,0.00128456565586,0.221831347928
0.00770875708533,0.00131271415137,0.221482282078
0.00770875708533,0.00131271415137,0.221482282078
0.00770875708533,0.00131271415137,0.221482282078
0.00824961330981,0.00143450217824,0.219736952826
0.00837447514691,0.00146238922508,0.218689755275
0.00837447514691,0.00146238922508,0.218689755275
0.00837447514691,0.00146238922508,0.218689755275
0.00837447514691,0.00146238922508,0.218689755275
0.00904056033031,0.00161042270011,0.217468024798
0.00904056033031,0.00161042270011,0.217468024798
0.00904056033031,0.00161042270011,0.217468024798
0.00904056033031,0.00161042270011,0.217468024798
0.00924876831257,0.00165642882142,0.216420827247
0.00924876831257,0.00165642882142,0.216420827247
0.00924876831257,0.00165642882142,0.216420827247
0.00974858282199,0.00176632016838,0.208566845613
0.0099154702119,0.00180164098972,0.204028989558
0.0099154702119,0.00180164098972,0.204028989558
0.0099154702119,0.00180164098972,0.204028989558
0.0099154702119,0.00180164098972,0.204028989558
0.0099154702119,0.00180164098972,0.187622894589
0.0099154702119,0.00180164098972,0.187622894589
0.0099154702119,0.00180164098972,0.187622894589
0.0101668559502,0.00184936806339,0.171391332546
0.0101668559502,0.00184936806339,0.171391332546
0.0102929195875,0.00187118835469,0.165806278939
0.0102929195875,0.00187118835469,0.165806278939
0.0102929195875,0.00187118835469,0.165806278939
0.0102087972288,0.00185711109971,0.146084058392
0.0102087972288,0.00185711109971,0.146084058392
0.0102509890366,0.00186331887227,0.141546202337
0.0102509890366,0.00186331887227,0.141546202337
0.0102509890366,0.00186331887227,0.141546202337
0.0102509890366,0.00186331887227,0.140499004786
0.0102509890366,0.00186331887227,0.140499004786
0.0102509890366,0.00186331887227,0.140499004786
0.0102509890366,0.00186331887227,0.140499004786
0.0103354406772,0.00187526293919,0.140499004786
0.0103354406772,0.00187526293919,0.140499004786
0.0103354406772,0.00187526293919,0.140499004786
0.0103776664975,0.00188123497265,0.14032447186
0.0103776664975,0.00188123497265,0.14032447186
0.0103776664975,0.00188123497265,0.14032447186
0.0103776664975,0.00188123497265,0.14032447186
0.0104621202214,0.00189316429979,0.140149938935
0.0104621202214,0.00189316429979,0.140149938935
0.0104621202214,0.00189316429979,0.140149938935
0.0105043481237,0.0018991215933,0.140149938935
0.0105043481237,0.0018991215933,0.140149938935
0.0105043481237,0.0018991215933,0.140149938935
0.0105043481237,0.0018991215933,0.140149938935
0.0106310318308,0.00191699347381,0.140149938935
0.0106310318308,0.00191699347381,0.140149938935
0.0106310318308,0.00191699347381,0.140149938935
0.0106310318308,0.00191699347381,0.140149938935
0.0106310318308,0.00191699347381,0.140149938935
0.0106310318308,0.00191699347381,0.140149938935
0.0106310318308,0.00191699347381,0.140149938935
0.0106732597332,0.00192295076731,0.140149938935
0.0106732597332,0.00192295076731,0.140149938935
0.0106732597332,0.00192295076731,0.140149938935
0.0106732597332,0.00192295076731,0.140149938935
0.0106732597332,0.00192295076731,0.13997540601
0.0106732597332,0.00192295076731,0.13997540601
0.0106732597332,0.00192295076731,0.13997540601
0.0106732597332,0.00192295076731,0.13997540601
0.0106732597332,0.00192295076731,0.13997540601
0.0106732597332,0.00192295076731,0.13997540601
0.0106732597332,0.00192295076731,0.13997540601
0.0106732597332,0.00192295076731,0.13997540601
0.0106732597332,0.00192295076731,0.13997540601
0.0106732597332,0.00192295076731,0.13997540601
0.0106732597332,0.00192295076731,0.13997540601
0.0106732597332,0.00192295076731,0.13997540601
0.0106732597332,0.00192295076731,0.13997540601
0.0107577176161,0.00193485061382,0.140149938935
0.0107577176161,0.00193485061382,0.140149938935
0.0107577176161,0.00193485061382,0.140149938935
0.0107154897137,0.00192889332031,0.140149938935
0.0107154897137,0.00192889332031,0.140149938935
0.0107154897137,0.00192889332031,0.140149938935
0.0107154897137,0.00192889332031,0.140149938935
0.0107154897137,0.00192889332031,0.140149938935
0.0107154897137,0.00192889332031,0.140149938935
0.0107154897137,0.00192889332031,0.140149938935
0.0107154897137,0.00192889332031,0.140149938935
0.0107154897137,0.00192889332031,0.140149938935
0.0107154897137,0.00192889332031,0.140149938935
0.0107154897137,0.00192889332031,0.140149938935
0.0107154897137,0.00192889332031,0.140149938935
0.0107154897137,0.00192889332031,0.140149938935
0.0107154897137,0.00192889332031,0.140149938935
0.0107154897137,0.00192889332031,0.140149938935
0.0107154897137,0.00192889332031,0.140149938935
0.010631033909,0.00191697873331,0.140149938935
0.0105888060067,0.0019110214398,0.140149938935
0.0105888060067,0.0019110214398,0.140149938935
0.0105888060067,0.0019110214398,0.140149938935
0.0105888060067,0.0019110214398,0.140149938935
0.0105465781043,0.0019050641463,0.14032447186
0.0105465781043,0.0019050641463,0.14032447186
0.0105465781043,0.0019050641463,0.14032447186
0.0103776706564,0.00188120549201,0.140149938935
0.0103776706564,0.00188120549201,0.140149938935
0.0103776706564,0.00188120549201,0.140149938935
0.0103776706564,0.00188120549201,0.140149938935
0.0103776706564,0.00188120549201,0.140149938935
0.0103776706564,0.00188120549201,0.140149938935
0.0103776706564,0.00188120549201,0.140149938935
0.0103776706564,0.00188120549201,0.140149938935
0.0103776706564,0.00188120549201,0.140149938935
0.0103776706564,0.00188120549201,0.140149938935
0.0103776706564,0.00188120549201,0.140149938935
0.0103354427541,0.00187524819851,0.140149938935
0.0103354427541,0.00187524819851,0.140149938935
0.0103354427541,0.00187524819851,0.140149938935
0.0103354427541,0.00187524819851,0.140149938935
0.0103354427541,0.00187524819851,0.140149938935
0.0103354427541,0.00187524819851,0.140149938935
0.0103354427541,0.00187524819851,0.140149938935
0.0102932148517,0.001869290905,0.140149938935
0.0102932148517,0.001869290905,0.140149938935
0.0102932148517,0.001869290905,0.140149938935
0.0102932148517,0.001869290905,0.140149938935
0.0102509869494,0.0018633336115,0.140149938935
0.0102509869494,0.0018633336115,0.140149938935
0.0102509869494,0.0018633336115,0.140149938935
0.0102509869494,0.0018633336115,0.140149938935
0.0102509869494,0.0018633336115,0.13997540601
0.0102509869494,0.0018633336115,0.13997540601
0.0102509869494,0.0018633336115,0.13997540601
0.0102087580079,0.00185738368824,0.13997540601
0.0102087580079,0.00185738368824,0.13997540601
0.0102087580079,0.00185738368824,0.13997540601
0.0102087580079,0.00185738368824,0.13997540601
0.0102087580079,0.00185738368824,0.13997540601
0.00991315541774,0.00181573422547,0.141895268187
0.00982872053654,0.00180367225349,0.143466064514
0.00982872053654,0.00180367225349,0.143466064514
0.00982872053654,0.00180367225349,0.143466064514
0.00982872053654,0.00180367225349,0.143466064514
0.00953326513102,0.00176099119886,0.146607657168
0.00953326513102,0.00176099119886,0.146607657168
0.00953326513102,0.00176099119886,0.146607657168
0.00915356816658,0.00170492242927,0.152367243699
0.00915356816658,0.00170492242927,0.152367243699
0.00915356816658,0.00170492242927,0.152367243699
0.00915356816658,0.00170492242927,0.152367243699
0.00868989648986,0.00163372220976,0.15777776438
0.00868989648986,0.00163372220976,0.15777776438
0.00868989648986,0.00163372220976,0.15777776438
0.0082266168282,0.00156001433945,0.162664686286
0.0082266168282,0.00156001433945,0.162664686286
0.0082266168282,0.00156001433945,0.162664686286
0.0082266168282,0.00156001433945,0.162664686286
0.00797411832285,0.00151857561617,0.169471470369
0.00789004812496,0.00150419013189,0.172089464247
0.00789004812496,0.00150419013189,0.172089464247
0.00789004812496,0.00150419013189,0.172089464247
0.00789004812496,0.00150419013189,0.172089464247
0.00759593525442,0.0014530707769,0.186052098263
0.00759593525442,0.0014530707769,0.191288086019
0.00759593525442,0.0014530707769,0.191288086019
0.00759593525442,0.0014530707769,0.191288086019
0.00759593525442,0.0014530707769,0.191288086019
0.0072609897593,0.00138820660639,0.203854456633
0.0072609897593,0.00138820660639,0.203854456633
0.0072609897593,0.00138820660639,0.203854456633
0.00701041178669,0.00133640561572,0.2188642882
0.00701041178669,0.00133640561572,0.2188642882
0.00701041178669,0.00133640561572,0.2188642882
0.00701041178669,0.00133640561572,0.2188642882
0.00680226824403,0.00129010882617,0.235619449019
0.00680226824403,0.00129010882617,0.235619449019
0.00680226824403,0.00129010882617,0.235619449019
0.00680226824403,0.00129010882617,0.250803813512
0.00680226824403,0.00129010882617,0.250803813512
0.00680226824403,0.00129010882617,0.250803813512
0.00680226824403,0.00129010882617,0.250803813512
0.00655439751779,0.0012266047628,0.264591914602
0.00655439751779,0.0012266047628,0.264591914602
0.00655439751779,0.0012266047628,0.264591914602
0.00622510206133,0.00113738398229,0.281870674197
0.00622510206133,0.00113738398229,0.281870674197
0.00610221277878,0.00110179760877,0.286932129028
0.00610221277878,0.00110179760877,0.286932129028
0.00610221277878,0.00110179760877,0.286932129028
0.00597950518838,0.00106558969518,0.303512756922
0.00597950518838,0.00106558969518,0.303512756922
0.00597950518838,0.00106558969518,0.303512756922
0.00597950518838,0.00106558969518,0.303512756922
0.00581671798687,0.00101460647879,0.320791516517
0.00581671798687,0.00101460647879,0.320791516517
0.00581671798687,0.00101460647879,0.320791516517
0.00581671798687,0.00101460647879,0.320791516517
0.00553342445414,0.000920477081755,0.338419341962
0.00553342445414,0.000920477081755,0.338419341962
0.00553342445414,0.000920477081755,0.338419341962
0.00545297008046,0.000892160406659,0.353952772304
0.00545297008046,0.000892160406659,0.353952772304
0.00545297008046,0.000892160406659,0.353952772304
0.00545297008046,0.000892160406659,0.353952772304
0.00549297249554,0.000906941877203,0.367391807545
0.00549297249554,0.000906941877203,0.367391807545
0.00549297249554,0.000906941877203,0.367391807545
0.00549297249554,0.000906941877203,0.36721727462
0.00549297249554,0.000906941877203,0.36721727462
0.00549297249554,0.000906941877203,0.36721727462
0.00549297249554,0.000906941877203,0.36721727462
0.00549297249554,0.000906941877203,0.36721727462
0.00549297249554,0.000906941877203,0.36721727462
0.00549297249554,0.000906941877203,0.36721727462
0.00549297249554,0.000906941877203,0.36721727462
0.00549297249554,0.000906941877203,0.36721727462
0.00549297249554,0.000906941877203,0.36721727462
0.00549297249554,0.000906941877203,0.36721727462
0.00537356399692,0.000861009576945,0.36721727462
0.00537356399692,0.000861009576945,0.36721727462
0.00537356399692,0.000861009576945,0.36721727462
0.00537356399692,0.000861009576945,0.36721727462
0.00529395833118,0.00083038804344,0.36721727462
0.00529395833118,0.00083038804344,0.36721727462
0.00529395833118,0.00083038804344,0.36721727462
0.00529395833118,0.00083038804344,0.36721727462
0.00521435266544,0.000799766509935,0.36721727462
0.00521435266544,0.000799766509935,0.36721727462
0.00517454983257,0.000784455743183,0.36721727462
0.00517454983257,0.000784455743183,0.36721727462
0.00517454983257,0.000784455743183,0.36721727462
0.0051347469997,0.00076914497643,0.36721727462
0.0051347469997,0.00076914497643,0.36721727462
0.0051347469997,0.00076914497643,0.36721727462
0.0051347469997,0.00076914497643,0.36721727462
0.00509494416683,0.000753834209677,0.36721727462
0.00509494416683,0.000753834209677,0.367391807545
0.00509494416683,0.000753834209677,0.367391807545
0.00509494416683,0.000753834209677,0.367391807545
0.00509494416683,0.000753834209677,0.367391807545
0.00509494416683,0.000753834209677,0.367391807545
0.00509494416683,0.000753834209677,0.367391807545
0.00509494416683,0.000753834209677,0.367391807545
0.00509494416683,0.000753834209677,0.367391807545
0.00509494416683,0.000753834209677,0.367391807545
0.00509494416683,0.000753834209677,0.367391807545
0.00509494416683,0.000753834209677,0.367391807545
0.00509494416683,0.000753834209677,0.367391807545
0.00509494416683,0.000753834209677,0.367391807545
0.00509494416683,0.000753834209677,0.367391807545
0.00509494416683,0.000753834209677,0.367391807545
0.00509494416683,0.000753834209677,0.367391807545
0.00509494416683,0.000753834209677,0.367391807545
0.00509494416683,0.000753834209677,0.367391807545
0.00509494416683,0.000753834209677,0.367391807545
0.00509494416683,0.000753834209677,0.367391807545
0.00509494416683,0.000753834209677,0.367391807545
0.00509494416683,0.000753834209677,0.367391807545
0.00509494416683,0.000753834209677,0.367391807545
0.00509494416683,0.000753834209677,0.367391807545
0.00509494416683,0.000753834209677,0.367391807545
0.00509494416683,0.000753834209677,0.367391807545
0.00509494416683,0.000753834209677,0.367391807545
0.00509494416683,0.000753834209677,0.367391807545
0.00509494416683,0.000753834209677,0.367391807545
0.00509494416683,0.000753834209677,0.36721727462
0.00509494416683,0.000753834209677,0.36721727462
0.00509494416683,0.000753834209677,0.36721727462
0.00509494416683,0.000753834209677,0.36721727462
0.00509494416683,0.000753834209677,0.36721727462
0.00509494416683,0.000753834209677,0.36721727462
0.00509494416683,0.000753834209677,0.36721727462
0.00509494416683,0.000753834209677,0.367042741694
0.00509494416683,0.000753834209677,0.367042741694
0.00509494416683,0.000753834209677,0.367042741694
0.00509494416683,0.000753834209677,0.367042741694
0.00509494416683,0.000753834209677,0.36721727462
0.00509494416683,0.000753834209677,0.36721727462
0.00509494416683,0.000753834209677,0.36721727462
0.00509494416683,0.000753834209677,0.367391807545
0.00509494416683,0.000753834209677,0.367391807545
0.00509494416683,0.000753834209677,0.367391807545
0.00509494416683,0.000753834209677,0.367391807545
0.00509494416683,0.000753834209677,0.367391807545
0.00509494416683,0.000753834209677,0.367391807545
0.00509494416683,0.000753834209677,0.367391807545
0.00509494416683,0.000753834209677,0.367391807545
0.00509494416683,0.000753834209677,0.367391807545
0.00509494416683,0.000753834209677,0.367391807545
0.00509494416683,0.000753834209677,0.367391807545
0.00509494416683,0.000753834209677,0.367391807545
0.00509494416683,0.000753834209677,0.367391807545
0.00509494416683,0.000753834209677,0.367391807545
0.00509494416683,0.000753834209677,0.367391807545
0.00509494416683,0.000753834209677,0.367391807545
0.00509494416683,0.000753834209677,0.367391807545
0.00509494416683,0.000753834209677,0.367391807545
0.00509494416683,0.000753834209677,0.367391807545
0.00509494416683,0.000753834209677,0.367391807545
0.00509494416683,0.000753834209677,0.367391807545
0.00509494416683,0.000753834209677,0.367391807545
0.00509494416683,0.000753834209677,0.367391807545
0.00509494416683,0.000753834209677,0.367391807545
0.00509494416683,0.000753834209677,0.367391807545
0.00509494416683,0.000753834209677,0.367391807545
0.00509494416683,0.000753834209677,0.367391807545
0.00509494416683,0.000753834209677,0.367391807545
0.00509494416683,0.000753834209677,0.367391807545
0.00509494416683,0.000753834209677,0.367391807545
0.00509494416683,0.000753834209677,0.367391807545
0.00509494416683,0.000753834209677,0.367391807545
0.00509494416683,0.000753834209677,0.367391807545
0.00509494416683,0.000753834209677,0.367391807545
0.00509494416683,0.000753834209677,0.367391807545
0.00509494416683,0.000753834209677,0.367391807545
0.00509494416683,0.000753834209677,0.367391807545
0.00509494416683,0.000753834209677,0.367391807545
0.00509494416683,0.000753834209677,0.367391807545
0.00509494416683,0.000753834209677,0.367391807545
0.00509494416683,0.000753834209677,0.367391807545
0.00509494416683,0.000753834209677,0.367391807545
0.00509494416683,0.000753834209677,0.367391807545
0.00509494416683,0.000753834209677,0.367391807545
0.00509494416683,0.000753834209677,0.367391807545
0.00509494416683,0.000753834209677,0.367391807545
0.00509494416683,0.000753834209677,0.367391807545
0.00509494416683,0.000753834209677,0.367391807545
0.00509494416683,0.000753834209677,0.367391807545
0.00509494416683,0.000753834209677,0.367391807545
0.00509494416683,0.000753834209677,0.367391807545
0.00509494416683,0.000753834209677,0.367391807545
0.00509494416683,0.000753834209677,0.367391807545
0.00509494416683,0.000753834209677,0.367391807545
0.00509494416683,0.000753834209677,0.367391807545
0.00509494416683,0.000753834209677,0.367391807545
0.00509494416683,0.000753834209677,0.367391807545
0.00509494416683,0.000753834209677,0.367391807545
0.00509494416683,0.000753834209677,0.367391807545
0.00509494416683,0.000753834209677,0.367391807545
0.00509494416683,0.000753834209677,0.367391807545
0.00509494416683,0.000753834209677,0.367391807545
0.00509494416683,0.000753834209677,0.367391807545
0.00509494416683,0.000753834209677,0.367391807545
0.00509494416683,0.000753834209677,0.367391807545
0.00509494416683,0.000753834209677,0.367391807545
0.00509494416683,0.000753834209677,0.367391807545
0.00509494416683,0.000753834209677,0.367391807545
0.00509494416683,0.000753834209677,0.367391807545
0.00509494416683,0.000753834209677,0.367391807545
0.00509494416683,0.000753834209677,0.367391807545
0.00509494416683,0.000753834209677,0.367391807545
0.00509494416683,0.000753834209677,0.367391807545
0.00509494416683,0.000753834209677,0.367391807545
0.00509494416683,0.000753834209677,0.367391807545
0.00509494416683,0.000753834209677,0.367391807545
0.00509494416683,0.000753834209677,0.367391807545
0.00509494416683,0.000753834209677,0.367391807545
0.00509494416683,0.000753834209677,0.367391807545
0.00509494416683,0.000753834209677,0.367391807545
0.00509494416683,0.000753834209677,0.367391807545
0.00509494416683,0.000753834209677,0.367391807545
0.00509494416683,0.000753834209677,0.367391807545
0.00509494416683,0.000753834209677,0.367391807545
0.00509494416683,0.000753834209677,0.367391807545
0.00509494416683,0.000753834209677,0.367391807545
0.00509494416683,0.000753834209677,0.367391807545
0.00509494416683,0.000753834209677,0.367391807545
0.00509494416683,0.000753834209677,0.367391807545
0.00509494416683,0.000753834209677,0.367391807545
0.00509494416683,0.000753834209677,0.367391807545
0.00509494416683,0.000753834209677,0.367391807545
0.00509494416683,0.000753834209677,0.367391807545
0.00509494416683,0.000753834209677,0.367391807545
0.00509494416683,0.000753834209677,0.367391807545
0.00509494416683,0.000753834209677,0.367391807545
0.00509494416683,0.000753834209677,0.367391807545
0.00509494416683,0.000753834209677,0.367391807545
0.00509494416683,0.000753834209677,0.367391807545
0.00509494416683,0.000753834209677,0.367391807545
0.00509494416683,0.000753834209677,0.367391807545
0.00509494416683,0.000753834209677,0.367391807545
0.00509494416683,0.000753834209677,0.367391807545
0.00509494416683,0.000753834209677,0.367391807545
0.00509494416683,0.000753834209677,0.367391807545
0.00509494416683,0.000753834209677,0.367391807545
0.00509494416683,0.000753834209677,0.367391807545
0.00509494416683,0.000753834209677,0.367391807545
0.00509494416683,0.000753834209677,0.367391807545
0.00509494416683,0.000753834209677,0.367391807545
0.00509494416683,0.000753834209677,0.367391807545
0.00509494416683,0.000753834209677,0.367391807545
0.00509494416683,0.000753834209677,0.367391807545
0.00509494416683,0.000753834209677,0.367391807545
0.00509494416683,0.000753834209677,0.367391807545
0.00509494416683,0.000753834209677,0.367391807545
0.00509494416683,0.000753834209677,0.367391807545
0.00509494416683,0.000753834209677,0.367391807545
0.00509494416683,0.000753834209677,0.367391807545
0.00509494416683,0.000753834209677,0.367391807545
0.00509494416683,0.000753834209677,0.367391807545
0.00509494416683,0.000753834209677,0.367391807545
0.00509494416683,0.000753834209677,0.367391807545
0.00509494416683,0.000753834209677,0.367391807545
0.00509494416683,0.000753834209677,0.367391807545
0.00509494416683,0.000753834209677,0.367391807545
0.00509494416683,0.000753834209677,0.367391807545
0.00509494416683,0.000753834209677,0.367391807545
0.00509494416683,0.000753834209677,0.367391807545
0.00509494416683,0.000753834209677,0.367391807545
0.00509494416683,0.000753834209677,0.367391807545
0.00509494416683,0.000753834209677,0.367391807545
0.00509494416683,0.000753834209677,0.367391807545
0.00509494416683,0.000753834209677,0.367391807545
0.00509494416683,0.000753834209677,0.367391807545
0.00509494416683,0.000753834209677,0.367391807545
0.00509494416683,0.000753834209677,0.367391807545
0.00509494416683,0.000753834209677,0.367391807545
0.00509494416683,0.000753834209677,0.367391807545
0.00509494416683,0.000753834209677,0.367391807545
0.00509494416683,0.000753834209677,0.367391807545
0.00509494416683,0.000753834209677,0.367391807545
0.00509494416683,0.000753834209677,0.367391807545
0.00509494416683,0.000753834209677,0.367391807545
0.00509494416683,0.000753834209677,0.367391807545
0.00509494416683,0.000753834209677,0.367391807545
0.00509494416683,0.000753834209677,0.367391807545
0.00509494416683,0.000753834209677,0.367391807545
0.00509494416683,0.000753834209677,0.367391807545
0.00509494416683,0.000753834209677,0.367391807545
0.00509494416683,0.000753834209677,0.367391807545
0.00509494416683,0.000753834209677,0.367391807545
0.00509494416683,0.000753834209677,0.367391807545
0.00509494416683,0.000753834209677,0.367391807545
0.00509494416683,0.000753834209677,0.367391807545
0.00509494416683,0.000753834209677,0.367391807545
0.00509494416683,0.000753834209677,0.36721727462
0.00509494416683,0.000753834209677,0.36721727462
0.00509494416683,0.000753834209677,0.36721727462
0.00509494416683,0.000753834209677,0.367391807545
0.00509494416683,0.000753834209677,0.367391807545
0.00509494416683,0.000753834209677,0.367391807545
0.00509494416683,0.000753834209677,0.367391807545
0.00517454448689,0.000784469636526,0.367391807545
0.00517454448689,0.000784469636526,0.367391807545
0.00501534384677,0.000723198782829,0.36721727462
0.00501534384677,0.000723198782829,0.36721727462
0.00501534384677,0.000723198782829,0.36721727462
0.00553278067408,0.000922238750612,0.364773813667
0.00553278067408,0.000922238750612,0.364773813667
0.00553278067408,0.000922238750612,0.364773813667
0.00569214117518,0.000983092608512,0.363901149041
0.00569214117518,0.000983092608512,0.363901149041
0.00569214117518,0.000983092608512,0.363901149041
0.00569214117518,0.000983092608512,0.363901149041
0.00628994197047,0.00121077298279,0.361108622238
0.00628994197047,0.00121077298279,0.361108622238
0.00628994197047,0.00121077298279,0.361108622238
0.00680858500199,0.00140664841488,0.356396233257
0.00680858500199,0.00140664841488,0.356396233257
0.00680858500199,0.00140664841488,0.356396233257
0.00680858500199,0.00140664841488,0.356396233257
0.00704838206846,0.00149592343884,0.35447637108
0.00704838206846,0.00149592343884,0.35447637108
0.00704838206846,0.00149592343884,0.35447637108
0.00740833409873,0.00162914516243,0.35412730523
0.00740833409873,0.00162914516243,0.35412730523
0.00740833409873,0.00162914516243,0.35412730523
0.00740833409873,0.00162914516243,0.35412730523
0.00744833393334,0.00164393361449,0.353952772304
0.00744833393334,0.00164393361449,0.353952772304
0.00744833393334,0.00164393361449,0.353952772304
0.00744833393334,0.00164393361449,0.353952772304
0.00768834842377,0.00173262243775,0.353254640604
0.00768834842377,0.00173262243775,0.353254640604
0.00768834842377,0.00173262243775,0.353254640604
0.00788841204746,0.0018063901377,0.352556508903
0.00788841204746,0.0018063901377,0.352556508903
0.00788841204746,0.0018063901377,0.352556508903
0.00788841204746,0.0018063901377,0.352556508903
0.00828864219645,0.00195364616015,0.352556508903
0.00828864219645,0.00195364616015,0.352556508903
0.00856880330074,0.00205672537587,0.352556508903
0.00856880330074,0.00205672537587,0.352556508903
0.00856880330074,0.00205672537587,0.352556508903
0.00876891837523,0.00213035338709,0.352556508903
0.00876891837523,0.00213035338709,0.352556508903
0.00876891837523,0.00213035338709,0.352556508903
0.00876891837523,0.00213035338709,0.352556508903
0.00876891837523,0.00213035338709,0.352556508903
0.00952935565831,0.00241013982975,0.352381975978
0.00952935565831,0.00241013982975,0.352381975978
0.00952935565831,0.00241013982975,0.352381975978
0.00972948358027,0.00248373291319,0.351858377202
0.00972948358027,0.00248373291319,0.351858377202
0.00972948358027,0.00248373291319,0.351858377202
0.00968945029471,0.00246903525586,0.351683844277
0.00968945029471,0.00246903525586,0.351683844277
0.00984959369539,0.00252779793576,0.351509311352
0.00984959369539,0.00252779793576,0.351509311352
0.00984959369539,0.00252779793576,0.351509311352
0.00976951686826,0.00249843057141,0.351683844277
0.00976951686826,0.00249843057141,0.351683844277
0.00976951686826,0.00249843057141,0.351683844277
0.00988962441877,0.00254250258132,0.351509311352
0.00988962441877,0.00254250258132,0.351509311352
0.00988962441877,0.00254250258132,0.351509311352
0.0106103158629,0.00280680886048,0.351334778426
0.0106103158629,0.00280680886048,0.351334778426
0.0106103158629,0.00280680886048,0.351334778426
0.0108105207417,0.00288019233013,0.351334778426
0.0108105207417,0.00288019233013,0.351334778426
0.0110908075718,0.00298292918765,0.350636646726
0.0110908075718,0.00298292918765,0.350636646726
0.0110908075718,0.00298292918765,0.350636646726
0.0118918318168,0.00327590391728,0.350287580875
0.0118918318168,0.00327590391728,0.350287580875
0.0118918318168,0.00327590391728,0.350287580875
0.01193188814,0.00329053867236,0.35011304795
0.01193188814,0.00329053867236,0.35011304795
0.01193188814,0.00329053867236,0.35011304795
0.01193188814,0.00329053867236,0.35011304795
0.0122523591545,0.00340756078203,0.3497639821
0.0122523591545,0.00340756078203,0.3497639821
0.0122523591545,0.00340756078203,0.3497639821
0.0125328070176,0.00350985723945,0.348193185773
0.0125328070176,0.00350985723945,0.348193185773
0.0125328070176,0.00350985723945,0.348193185773
0.0125328070176,0.00350985723945,0.348193185773
0.0127733283352,0.00359716221511,0.343480796792
0.0127733283352,0.00359716221511,0.343480796792
0.0127733283352,0.00359716221511,0.343480796792
0.0127733283352,0.00359716221511,0.343480796792
0.0130945684158,0.0037120563224,0.338419341962
0.0130945684158,0.0037120563224,0.338419341962
0.0130945684158,0.0037120563224,0.338419341962
0.0134566130974,0.00383948136033,0.334928683458
0.0134566130974,0.00383948136033,0.334928683458
0.0134566130974,0.00383948136033,0.334928683458
0.0134566130974,0.00383948136033,0.334928683458
0.0138996530968,0.00399367751457,0.33265975543
0.0138996530968,0.00399367751457,0.33265975543
0.0138996530968,0.00399367751457,0.33265975543
0.0140608853581,0.00404938316269,0.325678438422
0.0140608853581,0.00404938316269,0.325678438422
0.0140608853581,0.00404938316269,0.325678438422
0.014182098279,0.00409031717736,0.322711378694
0.014182098279,0.00409031717736,0.322711378694
0.0140203198246,0.00403621825864,0.312413936107
0.0140203198246,0.00403621825864,0.312413936107
0.0140203198246,0.00403621825864,0.312413936107
0.0140203198246,0.00403621825864,0.312413936107
0.0140609015615,0.00404932580254,0.308923277603
0.0140609015615,0.00404932580254,0.308923277603
0.0140609015615,0.00404932580254,0.308923277603
0.0139796470743,0.00402339418785,0.308923277603
0.0139796470743,0.00402339418785,0.308923277603
0.0139796470743,0.00402339418785,0.308923277603
0.0139796470743,0.00402339418785,0.308923277603
0.0141015288051,0.00406229160988,0.307352481276
0.0141015288051,0.00406229160988,0.307352481276
0.0141015288051,0.00406229160988,0.307352481276
0.0145486519664,0.00420421332663,0.301592894745
0.0145486519664,0.00420421332663,0.301592894745
0.0145486519664,0.00420421332663,0.301592894745
0.0145486519664,0.00420421332663,0.301592894745
0.0151594698997,0.00439422805274,0.294262511886
0.0151594698997,0.00439422805274,0.294262511886
0.0151594698997,0.00439422805274,0.294262511886
0.0151594698997,0.00439422805274,0.294262511886
0.0159349161276,0.00462923541962,0.282219740047
0.0159349161276,0.00462923541962,0.282219740047
0.0159349161276,0.00462923541962,0.282219740047
0.016508341442,0.00479550533606,0.274714824264
0.016508341442,0.00479550533606,0.274714824264
0.016508341442,0.00479550533606,0.274714824264
0.016508341442,0.00479550533606,0.274714824264
0.0166314822268,0.0048302114287,0.270176968209
0.0166314822268,0.0048302114287,0.270176968209
0.0166314822268,0.0048302114287,0.270176968209
0.0171246702574,0.004966799197,0.264591914602
0.0171246702574,0.004966799197,0.264591914602
0.0171246702574,0.004966799197,0.264591914602
0.0171246702574,0.004966799197,0.264591914602
0.0174539657139,0.0050560199775,0.254294472016
0.0174539657139,0.0050560199775,0.254294472016
0.0174539657139,0.0050560199775,0.254294472016
0.0178667116232,0.00516330148882,0.240157305074
0.0178667116232,0.00516330148882,0.240157305074
0.0178667116232,0.00516330148882,0.240157305074
0.0179909780043,0.00519373226704,0.235444916094
0.0179909780043,0.00519373226704,0.235444916094
0.0179909780043,0.00519373226704,0.235444916094
0.0183227337444,0.00527331853633,0.221133216228
0.0183227337444,0.00527331853633,0.221133216228
0.0183227337444,0.00527331853633,0.221133216228
0.0183643413369,0.00528267232287,0.206646983436
0.0183643413369,0.00528267232287,0.206646983436
0.0183226026136,0.00527392223396,0.202283660306
0.0183226026136,0.00527392223396,0.202283660306
0.0183226026136,0.00527392223396,0.202283660306
0.0183226026136,0.00527392223396,0.197920337176
0.0183226026136,0.00527392223396,0.197920337176
0.0183226026136,0.00527392223396,0.197920337176
0.0183226026136,0.00527392223396,0.197920337176
0.0183226026136,0.00527392223396,0.197920337176
0.0183226026136,0.00527392223396,0.197920337176
0.0183226026136,0.00527392223396,0.197920337176
0.0183226026136,0.00527392223396,0.197920337176
0.0183226026136,0.00527392223396,0.197920337176
0.0183226026136,0.00527392223396,0.197920337176
0.0183226026136,0.00527392223396,0.197920337176
0.0183226026136,0.00527392223396,0.197920337176
0.0185316700737,0.00531584984039,0.197920337176
0.0185316700737,0.00531584984039,0.197920337176
0.0185316700737,0.00531584984039,0.197920337176
0.0185316700737,0.00531584984039,0.197745804251
0.0185316700737,0.00531584984039,0.197745804251
0.0185316700737,0.00531584984039,0.197745804251
0.0185316700737,0.00531584984039,0.197745804251
0.0185316700737,0.00531584984039,0.197745804251
0.0185734850287,0.00532422806372,0.197571271326
0.0185734850287,0.00532422806372,0.197571271326
0.0185734850287,0.00532422806372,0.197571271326
0.0185734850287,0.00532422806372,0.197571271326
0.0186153014453,0.00533259898884,0.197571271326
0.0186153014453,0.00533259898884,0.197571271326
0.0186153014453,0.00533259898884,0.197571271326
0.0185734850287,0.00532422806372,0.197571271326
0.0185734850287,0.00532422806372,0.197571271326
0.0185734850287,0.00532422806372,0.197571271326
0.0185734850287,0.00532422806372,0.197571271326
0.0185734850287,0.00532422806372,0.197571271326
0.0185734850287,0.00532422806372,0.197571271326
0.0185734850287,0.00532422806372,0.197571271326
0.0185734850287,0.00532422806372,0.197571271326
0.0185734850287,0.00532422806372,0.197571271326
0.0185316686121,0.00531585713861,0.197745804251
0.0185316686121,0.00531585713861,0.197745804251
0.0185316686121,0.00531585713861,0.197745804251
0.0184898536572,0.00530747891528,0.197745804251
0.0184898536572,0.00530747891528,0.197745804251
0.0184898536572,0.00530747891528,0.197745804251
0.0184898536572,0.00530747891528,0.197745804251
0.0184898536572,0.00530747891528,0.197920337176
0.0184898536572,0.00530747891528,0.197920337176
0.0184898536572,0.00530747891528,0.197920337176
0.0184898536572,0.00530747891528,0.197920337176
0.0184898536572,0.00530747891528,0.197920337176
0.0184898536572,0.00530747891528,0.197920337176
0.0184898536572,0.00530747891528,0.198094870101
0.0184898536572,0.00530747891528,0.198094870101
0.0184898536572,0.00530747891528,0.197920337176
0.0184898536572,0.00530747891528,0.197920337176
0.0184898536572,0.00530747891528,0.197920337176
0.0184898536572,0.00530747891528,0.197920337176
0.018322599689,0.00527393683013,0.198094870101
0.018322599689,0.00527393683013,0.198094870101
0.018322599689,0.00527393683013,0.198094870101
0.0181553515777,0.00524036555417,0.198094870101
0.0181553515777,0.00524036555417,0.198094870101
0.0181553515777,0.00524036555417,0.198094870101
0.0181553515777,0.00524036555417,0.198094870101
0.0179044794106,0.00519000864023,0.198094870101
0.0179044794106,0.00519000864023,0.198094870101
0.0179044794106,0.00519000864023,0.198094870101
0.0177372312992,0.00515643736426,0.198094870101
0.0177372312992,0.00515643736426,0.198094870101
0.0177372312992,0.00515643736426,0.198094870101
0.0177372312992,0.00515643736426,0.198094870101
0.0176117952157,0.00513125890729,0.198094870101
0.0176117952157,0.00513125890729,0.198094870101
0.0176117952157,0.00513125890729,0.198094870101
0.0176117952157,0.00513125890729,0.198094870101
0.0172772989929,0.00506411635537,0.198094870101
0.0172772989929,0.00506411635537,0.198094870101
0.0169428027702,0.00499697380345,0.198094870101
0.0169428027702,0.00499697380345,0.198094870101
0.0169428027702,0.00499697380345,0.198094870101
0.0167755546588,0.00496340252748,0.198443935952
0.0167755546588,0.00496340252748,0.198443935952
0.0166501273718,0.00493818028659,0.198443935952
0.0166501273718,0.00493818028659,0.198443935952
0.0166501273718,0.00493818028659,0.198443935952
0.0164828909892,0.00490455063207,0.198618468877
0.0164828909892,0.00490455063207,0.198618468877
0.0164828909892,0.00490455063207,0.198618468877
0.0161902375957,0.00484564765812,0.199840199353
0.0161902375957,0.00484564765812,0.199840199353
0.0161902375957,0.00484564765812,0.199840199353
0.0159394537001,0.00479485296656,0.200712863979
0.0159394537001,0.00479485296656,0.200712863979
0.0159394537001,0.00479485296656,0.200712863979
0.0159394537001,0.00479485296656,0.200712863979
0.015730504139,0.00475234169788,0.201236462755
0.015730504139,0.00475234169788,0.201236462755
0.015730504139,0.00475234169788,0.201236462755
0.0156051477747,0.00472676929673,0.201585528605
0.0156051477747,0.00472676929673,0.201585528605
0.0156051477747,0.00472676929673,0.201585528605
0.015563365298,0.00471823057766,0.201585528605
0.015563365298,0.00471823057766,0.201585528605
0.015563365298,0.00471823057766,0.201760061531
0.015563365298,0.00471823057766,0.201760061531
0.015563365298,0.00471823057766,0.201760061531
0.0155215843123,0.00470968456629,0.201760061531
0.0155215843123,0.00470968456629,0.201760061531
0.0155215843123,0.00470968456629,0.201760061531
0.0155215843123,0.00470968456629,0.201760061531
0.0155215843123,0.00470968456629,0.201760061531
0.0155215843123,0.00470968456629,0.201760061531
0.0154798033265,0.00470113855493,0.201760061531
0.0154798033265,0.00470113855493,0.201760061531
0.0154798033265,0.00470113855493,0.201760061531
0.0153544603691,0.00467550052085,0.203330857857
0.0153544603691,0.00467550052085,0.203330857857
0.0153544603691,0.00467550052085,0.203330857857
0.0153544603691,0.00467550052085,0.203330857857
0.0153126928589,0.00466688889064,0.204901654184
0.0153126928589,0.00466688889064,0.204901654184
0.0153126928589,0.00466688889064,0.204901654184
0.0153126928589,0.00466688889064,0.204901654184
0.0151039232011,0.0046235027516,0.207519648062
0.0151039232011,0.0046235027516,0.207519648062
0.0151039232011,0.0046235027516,0.207519648062
0.0147700746286,0.00455321067571,0.213104701669
0.0147700746286,0.00455321067571,0.213104701669
0.0147700746286,0.00455321067571,0.213104701669
0.0147700746286,0.00455321067571,0.213104701669
0.014144854411,0.00441791905309,0.22322761133
0.014144854411,0.00441791905309,0.22322761133
0.014144854411,0.00441791905309,0.22322761133
0.0135626236595,0.00428574633131,0.233699586842
0.0135626236595,0.00428574633131,0.233699586842
0.0135626236595,0.00428574633131,0.233699586842
0.0135626236595,0.00428574633131,0.233699586842
0.0131062692185,0.00417711153392,0.249233017185
0.0131062692185,0.00417711153392,0.249233017185
0.0131062692185,0.00417711153392,0.249233017185
0.0126516572359,0.00406140137752,0.262672052425
0.0126516572359,0.00406140137752,0.262672052425
0.0126516572359,0.00406140137752,0.262672052425
0.0126516572359,0.00406140137752,0.262672052425
0.012075091489,0.00390637165202,0.274889357189
0.012075091489,0.00390637165202,0.274889357189
0.0119109118549,0.00386006820637,0.279427213244
0.0119109118549,0.00386006820637,0.279427213244
0.0119109118549,0.00386006820637,0.279427213244
0.0115009922898,0.00374244823162,0.292866248485
0.0115009922898,0.00374244823162,0.292866248485
0.0115009922898,0.00374244823162,0.292866248485
0.0112151809619,0.00365626555389,0.310319541005
0.0112151809619,0.00365626555389,0.310319541005
0.0112151809619,0.00365626555389,0.310319541005
0.0112151809619,0.00365626555389,0.310319541005
0.011093353661,0.00361719799083,0.323409510395
0.011093353661,0.00361719799083,0.323409510395
0.011093353661,0.00361719799083,0.323409510395
0.011093353661,0.00361719799083,0.323409510395
0.0106485668821,0.00346811540829,0.33265975543
0.0106485668821,0.00346811540829,0.33265975543
0.0106485668821,0.00346811540829,0.33265975543
0.00980209751009,0.00317566075566,0.338244809037
0.00980209751009,0.00317566075566,0.338244809037
0.00980209751009,0.00317566075566,0.338244809037
0.00968140853812,0.00313320680657,0.338419341962
0.00968140853812,0.00313320680657,0.338419341962
0.00968140853812,0.00313320680657,0.338419341962
0.00968140853812,0.00313320680657,0.338419341962
0.00968140853812,0.00313320680657,0.338419341962
0.00968140853812,0.00313320680657,0.338419341962
0.00968140853812,0.00313320680657,0.338419341962
0.00968140853812,0.00313320680657,0.338419341962
0.00948027260393,0.00306241511883,0.338593874887
0.00948027260393,0.00306241511883,0.338593874887
0.00931937374341,0.00300575368562,0.338768407812
0.00931937374341,0.00300575368562,0.338768407812
0.00931937374341,0.00300575368562,0.338768407812
0.00919870701682,0.00296323654976,0.338768407812
0.00919870701682,0.00296323654976,0.338768407812
0.00919870701682,0.00296323654976,0.338768407812
0.00899759580584,0.00289237465665,0.339117473662
0.00899759580584,0.00289237465665,0.339117473662
0.00899759580584,0.00289237465665,0.339117473662
0.00863564017197,0.00276469689492,0.340339204139
0.00863564017197,0.00276469689492,0.340339204139
0.00863564017197,0.00276469689492,0.340339204139
0.00815324100402,0.00259387039018,0.343655329718
0.00815324100402,0.00259387039018,0.343655329718
0.00815324100402,0.00259387039018,0.343655329718
0.00815324100402,0.00259387039018,0.343655329718
0.00743049595234,0.00233523250202,0.345575191895
0.00743049595234,0.00233523250202,0.345575191895
0.00743049595234,0.00233523250202,0.345575191895
0.00743049595234,0.00233523250202,0.345575191895
0.00735024626669,0.0023063408374,0.345924257745
0.00735024626669,0.0023063408374,0.345924257745
0.00735024626669,0.0023063408374,0.345924257745
0.00739036606452,0.00232080067504,0.348193185773
0.00739036606452,0.00232080067504,0.348193185773
0.00739036606452,0.00232080067504,0.348193185773
0.00739036606452,0.00232080067504,0.348193185773
0.00747053983705,0.00234990233359,0.348716784548
0.00747053983705,0.00234990233359,0.348716784548
0.00747053983705,0.00234990233359,0.349065850399
0.00747053983705,0.00234990233359,0.349065850399
0.00747053983705,0.00234990233359,0.349065850399
0.00747053983705,0.00234990233359,0.349065850399
0.00747053983705,0.00234990233359,0.349065850399
0.00747053983705,0.00234990233359,0.349065850399
0.00747053983705,0.00234990233359,0.349240383324
0.00747053983705,0.00234990233359,0.349240383324
0.00747053983705,0.00234990233359,0.349240383324
0.00747053983705,0.00234990233359,0.349240383324
0.00747053983705,0.00234990233359,0.349065850399
0.00747053983705,0.00234990233359,0.349065850399
0.00747053983705,0.00234990233359,0.349065850399
0.00747053983705,0.00234990233359,0.349065850399
0.00747053983705,0.00234990233359,0.349065850399
0.00747053983705,0.00234990233359,0.348891317474
0.00747053983705,0.00234990233359,0.348891317474
0.00747053983705,0.00234990233359,0.348891317474
0.00747053983705,0.00234990233359,0.348891317474
0.00747053983705,0.00234990233359,0.348891317474
0.00747053983705,0.00234990233359,0.348891317474
0.00747053983705,0.00234990233359,0.348891317474
0.00747053983705,0.00234990233359,0.348891317474
0.00747053983705,0.00234990233359,0.348891317474
0.00747053983705,0.00234990233359,0.348891317474
0.00747053983705,0.00234990233359,0.348891317474
0.00747053983705,0.00234990233359,0.348891317474
0.00747053983705,0.00234990233359,0.349414916249
0.00747053983705,0.00234990233359,0.349414916249
0.00747053983705,0.00234990233359,0.349589449174
0.00747053983705,0.00234990233359,0.349589449174
0.00747053983705,0.00234990233359,0.349589449174
0.00747053983705,0.00234990233359,0.349589449174
0.00747053983705,0.00234990233359,0.349589449174
0.00747053983705,0.00234990233359,0.349589449174
0.00747053983705,0.00234990233359,0.349589449174
0.00747053983705,0.00234990233359,0.349589449174
0.00747053983705,0.00234990233359,0.349589449174
0.00747053983705,0.00234990233359,0.349414916249
0.00747053983705,0.00234990233359,0.349414916249
0.00747053983705,0.00234990233359,0.349414916249
0.00747053983705,0.00234990233359,0.349414916249
0.00747053983705,0.00234990233359,0.349589449174
0.00747053983705,0.00234990233359,0.349589449174
0.00747053983705,0.00234990233359,0.349589449174
0.00747053983705,0.00234990233359,0.349589449174
0.00747053983705,0.00234990233359,0.349589449174
0.00747053983705,0.00234990233359,0.349589449174
0.00747053983705,0.00234990233359,0.349589449174
0.00747053983705,0.00234990233359,0.349589449174
0.00747053983705,0.00234990233359,0.35011304795
0.00747053983705,0.00234990233359,0.35011304795
0.00747053983705,0.00234990233359,0.35011304795
0.00747053983705,0.00234990233359,0.35011304795
0.00747053983705,0.00234990233359,0.35011304795
0.00747053983705,0.00234990233359,0.35011304795
0.00747053983705,0.00234990233359,0.349938515025
