-0.0,0.0,-0.00698131700798
-0.0,0.0,-0.0171042266695
-0.0,0.0,-0.0272271363311
-0.0,0.0,-0.0368264472171
-0.0,0.0,-0.0459021593275
-0.0,0.0,-0.0549778714378
-0.0,0.0,-0.0652753140246
-0.0,0.0,-0.0748746249106
-0.0,0.0,-0.0842994028713
-0.0,0.0,-0.0949459113085
-0.0,0.0,-0.104370689269
-0.0,0.0,-0.114319066006
-0.0,0.0,-0.124092909817
-0.0,0.0,-0.134739418254
-0.0,0.0,-0.14468779499
-0.0,0.0,-0.154810704652
-0.0,0.0,-0.164933614313
-0.0,0.0,-0.174707458125
-0.0,0.0,-0.183434104385
-0.0,0.0,-0.194429678672
-0.0,0.0,-0.204727121259
-0.0,0.0,-0.214675497995
-0.0,0.0,-0.223402144255
-0.0,0.0,-0.234048652692
-0.0,0.0,-0.243647963578
-0.0,0.0,-0.252898208614
-0.0,0.0,-0.262672052425
-0.0,0.0,-0.272271363311
-0.0,0.0,-0.282917871748
-0.0,0.0,-0.292168116784
-0.0,0.0,-0.302465559371
-0.0,0.0,-0.311366738556
-0.0,0.0,-0.321664181143
-0.0,0.0,-0.330739893253
-0.0,0.0,-0.342084533391
-0.0,0.0,-0.351858377202
-0.0,0.0,-0.361283155163
-0.0,0.0,-0.370707933124
-0.0,0.0,-0.381354441561
-0.0,0.0,-0.391128285372
-0.0,0.0,-0.400378530407
-0.0,0.0,-0.410501440069
-0.0,0.0,-0.420798882656
-0.0,0.0,-0.430747259392
-0.0,0.0,-0.440346570278
-0.0,0.0,-0.449247749463
-0.0,0.0,-0.460068790826
-0.0,0.0,-0.468969970011
-0.0,0.0,-0.479267412598
-0.0,0.0,-0.489041256409
-0.0,0.0,-0.497767902669
-0.0,0.0,-0.508239878181
-0.0,0.0,-0.517315590291
-0.0,0.0,-0.527089434102
-0.0,0.0,-0.537212343764
-0.0,0.0,-0.5471607205
-0.0,0.0,-0.556585498461
-0.0,0.0,-0.566708408123
-0.0,0.0,-0.576831317784
-0.0,0.0,-0.58677969452
-0.0,0.0,-0.596553538332
-0.0,0.0,-0.605978316292
-0.0,0.0,-0.615228561328
-0.0,0.0,-0.624827872214
-0.0,0.0,-0.635474380651
-0.0,0.0,-0.645248224462
-0.0,0.0,-0.654847535348
-0.0,0.0,-0.66497044501
-0.0,0.0,-0.674395222971
-0.0,0.0,-0.685216264333
-0.0,0.0,-0.694815575219
-0.0,0.0,-0.704763951955
-0.0,0.0,-0.714886861617
-0.0,0.0,-0.723613507877
-0.0,0.0,-0.733561884613
-0.0,0.0,-0.74420839305
-0.0,0.0,-0.753284105161
-0.0,0.0,-0.763581547748
-0.0,0.0,-0.772482726933
-0.0,0.0,-0.782431103669
-0.0,0.0,-0.79220494748
-0.0,0.0,-0.802153324217
-0.0,0.0,-0.811403569252
-0.0,0.0,-0.821701011839
-0.0,0.0,-0.830951256875
-0.0,0.0,-0.84055056776
-0.0,0.0,-0.850848010347
-0.0,0.0,-0.860796387084
-0.0,0.0,-0.870221165044
-0.0,0.0,-0.880693140556
-0.0,0.0,-0.890990583143
-0.0,0.0,-0.900240828179
-0.0,0.0,-0.910189204915
-0.0,0.0,-0.919963048726
-0.0,0.0,-0.929562359612
-0.0,0.0,-0.939510736349
-0.0,0.0,-0.949459113085
-0.0,0.0,-0.95801122642
-0.0,0.0,-0.968657734857
-0.0,0.0,-0.977558914042
-0.0,0.0,-0.987681823704
-0.0,0.0,-0.998328332141
-0.0,0.0,-1.00757857718
-0.0,0.0,-1.01700335514
-0.0,0.0,-1.02695173187
-0.0,0.0,-1.03690010861
-0.0,0.0,-1.04754661705
-0.0,0.0,-1.05609873038
-0.0,0.0,-1.06639617297
-0.0,0.0,-1.07669361556
-0.0,0.0,-1.08664199229
-0.0,0.0,-1.09589223733
-0.0,0.0,-1.10618967991
-0.0,0.0,-1.11613805665
-0.0,0.0,-1.12556283461
-0.0,0.0,-1.13568574427
-0.0,0.0,-1.14458692346
-0.0,0.0,-1.1552334319
-0.0,0.0,-1.16430914401
-0.0,0.0,-1.17443205367
-0.0,0.0,-1.18472949625
-0.0,0.0,-1.19380520836
-0.0,0.0,-1.20392811803
-0.0,0.0,-1.21405102769
-0.0,0.0,-1.22295220687
-0.0,0.0,-1.23202791898
-0.0,0.0,-1.24180176279
-0.0,0.0,-1.25175013953
-0.0,0.0,-1.26134945042
-0.0,0.0,-1.271646893
-0.0,0.0,-1.28281700022
-0.0,0.0,-1.29206724525
-0.0,0.0,-1.30201562199
-0.0,0.0,-1.31144039995
-0.0,0.0,-1.32173784254
-0.0,0.0,-1.33168621927
-0.0,0.0,-1.34180912893
-0.0,0.0,-1.35158297274
-0.0,0.0,-1.36222948118
-0.0,0.0,-1.37182879207
-0.0,0.0,-1.38212623465
-0.0,0.0,-1.39207461139
-0.0,0.0,-1.40132485643
-0.0,0.0,-1.41127323316
-0.0,0.0,-1.4212216099
-0.0,0.0,-1.43047185493
-0.0,0.0,-1.44146742922
-0.0,0.0,-1.45089220718
-0.0,0.0,-1.45996791929
-0.0,0.0,-1.47096349358
-0.0,0.0,-1.48038827154
-0.0,0.0,-1.4905111812
-0.0,0.0,-1.50098315672
-0.0,0.0,-1.5105824676
-0.0,0.0,-1.52105444311
-0.0,0.0,-1.53170095155
-0.0,0.0,-1.54112572951
-0.0,0.0,-1.54950330992
-0.0,0.0,-1.55962621958
-0.0,0.0,-1.56940006339
-0.0,0.0,-1.57899937428
-0.0,0.0,-1.58947134979
-0.0,0.0,-1.5985470619
-0.0,0.0,-1.60884450449
-0.0,0.0,-1.61826928245
-0.0,0.0,-1.62804312626
-0.0,0.0,-1.63694430545
-0.0,0.0,-1.64811441266
-0.0,0.0,-1.65753919062
-0.0,0.0,-1.66783663321
-0.0,0.0,-1.67743594409
-0.0,0.0,-1.6872097879
-0.0,0.0,-1.69733269756
-0.0,0.0,-1.70675747553
-0.00318568542808,-0.0228074502335,-1.70972453525
-0.00770518531263,-0.0550309842526,-1.71024813403
-0.0120191886381,-0.0858191818139,-1.70920093648
-0.0165355233064,-0.118904126122,-1.70291775117
-0.0210261002911,-0.153412270218,-1.69576190124
-0.0254774690345,-0.191576317302,-1.66748756736
-0.0292596163637,-0.229556602538,-1.67289808804
-0.0334770441593,-0.269592884748,-1.67918127334
-0.0382443984379,-0.31240069335,-1.6851153928
-0.0431536762549,-0.354119102924,-1.69157311103
-0.0486052795538,-0.3977477826,-1.69907802682
-0.0542299806379,-0.440451385466,-1.70553574505
-0.0601693695211,-0.483413737017,-1.71199346328
-0.0660181420586,-0.523890878158,-1.71304066083
-0.0723749810882,-0.567440006334,-1.71914931321
-0.0793313207481,-0.613012426499,-1.72613063022
-0.0852807613023,-0.651318389055,-1.72106917539
-0.0917148788007,-0.694942321584,-1.71234252913
-0.097915107388,-0.740365235868,-1.69872896097
-0.103012045638,-0.781674310559,-1.6879079196
-0.105345614639,-0.801925065598,-1.68406819525
-0.105345614639,-0.801925065598,-1.69419110491
-0.105345614639,-0.801925065598,-1.70361588287
-0.105345614639,-0.801925065598,-1.71338972668
-0.105345614639,-0.801925065598,-1.72316357049
-0.105345614639,-0.801925065598,-1.73241381553
-0.105345614639,-0.801925065598,-1.74183859349
-0.10532354508,-0.801799045647,-1.75143790438
-0.10532354508,-0.801799045647,-1.76016455064
-0.10532354508,-0.801799045647,-1.76941479567
-0.105002455018,-0.800516577093,-1.83329384629
-0.106323240011,-0.805360144292,-1.96349540849
-0.115781573004,-0.827565918292,-2.00032185571
-0.117770605171,-0.831909898086,-2.07327661844
-0.11758575988,-0.831573526699,-2.08531939028
-0.11758575988,-0.831573526699,-2.09579136579
-0.11758575988,-0.831573526699,-2.10573974253
-0.11758575988,-0.831573526699,-2.11516452049
-0.11758575988,-0.831573526699,-2.12441476553
-0.11758575988,-0.831573526699,-2.13401407641
-0.11758575988,-0.831573526699,-2.14343885437
-0.11758575988,-0.831573526699,-2.15338723111
-0.118749721931,-0.833308994536,-2.1671753322
-0.119659904051,-0.834649796448,-2.16193934445
-0.119659904051,-0.834649796448,-2.3008675529
-0.119659904051,-0.834649796448,-2.41448848721
-0.119659904051,-0.834649796448,-2.53334540927
-0.119659904051,-0.834649796448,-2.52304796668
-0.119659904051,-0.834649796448,-2.47801847198
-0.119659904051,-0.834649796448,-2.53107648124
-0.12714633026,-0.839791875766,-2.59460646601
-0.127449162735,-0.839949000117,-2.65918364834
-0.13166865766,-0.842362880515,-2.59303566969
-0.129502185794,-0.841082987679,-2.62008827309
-0.127789014335,-0.840127489637,-2.650631535
-0.127789014335,-0.840127489637,-2.66180164222
-0.127789014335,-0.840127489637,-2.67157548603
-0.127789014335,-0.840127489637,-2.68222199446
-0.127789014335,-0.840127489637,-2.6921703712
-0.127789014335,-0.840127489637,-2.70124608331
-0.127789014335,-0.840127489637,-2.7122416576
-0.127789014335,-0.840127489637,-2.72114283678
-0.127789014335,-0.840127489637,-2.73248747692
-0.127789014335,-0.840127489637,-2.74243585366
-0.127789014335,-0.840127489637,-2.75168609869
-0.127789014335,-0.840127489637,-2.76198354128
-0.127789014335,-0.840127489637,-2.77123378632
-0.127789014335,-0.840127489637,-2.78135669598
-0.127789014335,-0.840127489637,-2.79165413856
-0.127789014335,-0.840127489637,-2.80125344945
-0.127789014335,-0.840127489637,-2.81102729326
-0.127789014335,-0.840127489637,-2.82115020292
-0.127789014335,-0.840127489637,-2.83057498088
-0.127789014335,-0.840127489637,-2.84139602225
-0.127789014335,-0.840127489637,-2.85116986606
-0.127789014335,-0.840127489637,-2.86059464402
-0.127789014335,-0.840127489637,-2.87124115246
-0.127789014335,-0.840127489637,-2.88118952919
-0.127789014335,-0.840127489637,-2.8902652413
-0.127789014335,-0.840127489637,-2.90073721681
-0.127789014335,-0.840127489637,-2.9103365277
-0.127789014335,-0.840127489637,-2.92045943736
-0.127789014335,-0.840127489637,-2.92988421532
-0.127789014335,-0.840127489637,-2.94000712498
-0.127789014335,-0.840127489637,-2.94943190295
-0.127789014335,-0.840127489637,-2.95903121383
-0.127789014335,-0.840127489637,-2.96985225519
-0.127789014335,-0.840127489637,-2.97857890145
-0.127789014335,-0.840127489637,-2.98905087697
-0.127789014335,-0.840127489637,-2.9989992537
-0.127789014335,-0.840127489637,-3.00947122921
-0.127789014335,-0.840127489637,-3.01924507302
-0.127789014335,-0.840127489637,-3.02989158146
-0.127789014335,-0.840127489637,-3.03896729357
-0.127789014335,-0.840127489637,-3.04926473616
-0.127789014335,-0.840127489637,-3.0592131129
-0.127789014335,-0.840127489637,-3.07055775303
-0.127789014335,-0.840127489637,-3.07998253099
-0.127789014335,-0.840127489637,-3.09045450651
-0.127789014335,-0.840127489637,-3.09987928447
-0.127789014335,-0.840127489637,-3.1091295295
-0.127789014335,-0.840127489637,-3.11960150501
-0.127789014335,-0.840127489637,-3.12937534883
-0.127789014335,-0.840127489637,-3.13932372556
-0.127789014335,-0.840127489637,3.13373867196
-0.127789014335,-0.840127489637,3.12396482814
-0.127789014335,-0.840127489637,3.11384191848
-0.127789014335,-0.840127489637,3.10336994297
-0.127789014335,-0.840127489637,3.09429423086
-0.127789014335,-0.840127489637,3.08364772242
-0.127789014335,-0.840127489637,3.07404841154
-0.127789014335,-0.840127489637,3.06392550188
-0.127789014335,-0.840127489637,3.05362805929
-0.127789014335,-0.840127489637,3.04420328133
-0.127789014335,-0.840127489637,3.03373130582
-0.127789014335,-0.840127489637,3.02343386323
-0.127789014335,-0.840127489637,3.01348548649
-0.127789014335,-0.840127489637,3.00493337316
-0.127789014335,-0.840127489637,2.99376326595
-0.127789014335,-0.840127489637,2.98398942213
-0.127789014335,-0.840127489637,2.97439011125
-0.127789014335,-0.840127489637,2.96548893206
-0.127789014335,-0.840127489637,2.95449335778
-0.127789014335,-0.840127489637,2.94576671152
-0.127789014335,-0.840127489637,2.93581833478
-0.127789014335,-0.840127489637,2.92691715559
-0.127789014335,-0.840127489637,2.91696877886
-0.127789014335,-0.840127489637,2.90632227042
-0.127789014335,-0.840127489637,2.89689749246
-0.127789014335,-0.840127489637,2.88642551695
-0.127789014335,-0.840127489637,2.87682620606
-0.127789014335,-0.840127489637,2.86635423055
-0.127789014335,-0.840127489637,2.85675491966
-0.127789014335,-0.840127489637,2.84698107585
-0.127789014335,-0.840127489637,2.83703269912
-0.127789014335,-0.840127489637,2.82708432238
-0.127789014335,-0.840127489637,2.81696141272
-0.127789014335,-0.840127489637,2.80614037136
-0.127789014335,-0.840127489637,2.79689012632
-0.127789014335,-0.840127489637,2.78781441421
-0.127789014335,-0.840127489637,2.7773424387
-0.127789014335,-0.840127489637,2.76739406196
-0.127789014335,-0.840127489637,2.75622395475
-0.127789014335,-0.840127489637,2.74662464386
-0.127789014335,-0.840127489637,2.73702533298
-0.131537898958,-0.838482234519,2.72655335747
-0.15109490341,-0.829773852308,2.71346338808
-0.179665101042,-0.816572625037,2.70386407719
-0.205611146494,-0.804303482223,2.69391570045
-0.229925425034,-0.792477948089,2.68483998834
-0.262141346748,-0.776522629426,2.67646240793
-0.290668739282,-0.762059179863,2.6672121629
-0.325597475923,-0.743910893202,2.65656565446
-0.358762120041,-0.726256184849,2.64731540942
-0.391163789892,-0.708623579979,2.63823969731
-0.425297978397,-0.689628252483,2.62829132058
-0.461911737679,-0.668778407989,2.61869200969
-0.498327095532,-0.647583879404,2.60961629758
-0.533851410661,-0.626472638119,2.6000169867
-0.568487732073,-0.605456500063,2.59111580751
-0.603510212325,-0.583764762648,2.5820400954
-0.641292935371,-0.55989172133,2.57296438329
-0.677579857763,-0.53652836461,2.56563400043
-0.714588534503,-0.512241040961,2.55586015662
-0.753033576655,-0.486492979956,2.54608631281
-0.787270592639,-0.46312454717,2.53858139703
-0.827260098612,-0.435327327616,2.52880755321
-0.861951769774,-0.410745468182,2.52077903866
-0.900620154959,-0.382853572075,2.51170332655
-0.939822033911,-0.354028068341,2.50245308151
-0.979621531618,-0.324147956781,2.49145750722
-1.01414188026,-0.297681139862,2.48255632804
-1.05497227458,-0.265780599676,2.47243341838
-1.08792192659,-0.239520228891,2.46370677212
-1.12822865468,-0.206757355973,2.45271119783
-1.1634004947,-0.177552391571,2.44346095279
-1.19825988814,-0.148041171065,2.43368710898
-1.23581541252,-0.115580613309,2.42321513347
-1.2708434053,-0.0846990157042,2.41413942136
-1.3085133221,-0.050884372423,2.4047146434
-1.34558265304,-0.0169785040087,2.39511533251
-1.38272218447,0.0176683678202,2.38569055455
-1.41550597208,0.0487921137589,2.37783657292
-1.45235792419,0.0844228916026,2.36684099863
-1.45863448154,0.0905696423651,2.35916154992
-1.46621234322,0.0981297253296,2.34886410733
-1.46621234322,0.0981297253296,2.33856666475
-1.46621234322,0.0981297253296,2.32949095264
-1.46621234322,0.0981297253296,2.32041524053
-1.46621234322,0.0981297253296,2.31081592964
-1.47176242486,0.104207520315,2.32076430638
-1.47176242486,0.104207520315,2.18829381615
-1.47176242486,0.104207520315,2.05652145762
-1.47176242486,0.104207520315,1.91794231502
-1.47176242486,0.104207520315,1.87326188617
-1.47176242486,0.104207520315,1.90991380046
-1.47176242486,0.104207520315,2.06524810388
-1.47176242486,0.104207520315,2.20976136595
-1.47176242486,0.104207520315,2.16036854812
-1.47151378791,0.103861046217,2.19510060023
-1.47011679951,0.101924086753,2.19283167221
-1.47009151982,0.101889735422,2.18689755275
-1.47009151982,0.101889735422,2.17869450526
-1.47057203998,0.102594415787,2.16822252975
-1.49141549607,0.133442628661,2.15967041642
-1.52812397542,0.18587888236,2.17764730771
-1.53047560795,0.189282079032,2.16455733832
-1.53047560795,0.189282079032,2.15548162621
-1.52882424241,0.186744173585,2.14553324948
-1.52679049891,0.183590180143,2.13767926784
-1.51637785533,0.167015053245,2.1263346277
-1.49395031169,0.130492355879,2.11551358634
-1.49372875583,0.130127960482,2.10626334131
-1.49372875583,0.130127960482,2.09683856335
-1.49372875583,0.130127960482,2.08689018661
-1.49372875583,0.130127960482,2.07676727695
-1.49372875583,0.130127960482,2.06821516361
-1.49372875583,0.130127960482,2.05861585273
-1.49372875583,0.130127960482,2.04919107477
-1.49372875583,0.130127960482,2.03941723096
-1.49372875583,0.130127960482,2.03034151885
-1.49372875583,0.130127960482,2.02109127381
-1.49372875583,0.130127960482,2.0106192983
-1.49372875583,0.130127960482,2.00136905326
-1.49372875583,0.130127960482,1.992642407
-1.49372875583,0.130127960482,1.98217043149
-1.49372875583,0.130127960482,1.9725711206
-1.49372875583,0.130127960482,1.96314634264
-1.49372875583,0.130127960482,1.95476876223
-1.49372875583,0.130127960482,1.94499491842
-1.49372875583,0.130127960482,1.93591920631
-1.49372875583,0.130127960482,1.92666896128
-1.49372875583,0.130127960482,1.91654605161
-1.49372875583,0.130127960482,1.90729580658
-1.49372875583,0.130127960482,1.89856916032
-1.49372875583,0.130127960482,1.88879531651
-1.49372875583,0.130127960482,1.87919600562
-1.49372875583,0.130127960482,1.86889856304
-1.49372875583,0.130127960482,1.859648318
-1.49372875583,0.130127960482,1.84952540834
-1.49372875583,0.130127960482,1.84079876208
-1.49372875583,0.130127960482,1.83102491827
-1.49372875583,0.130127960482,1.82177467323
-1.49372875583,0.130127960482,1.81234989527
-1.49372875583,0.130127960482,1.80379778194
-1.49372875583,0.130127960482,1.79419847105
-1.49372875583,0.130127960482,1.78529729186
-1.49372875583,0.130127960482,1.77552344805
-1.49372875583,0.130127960482,1.76644773594
-1.49372875583,0.130127960482,1.75719749091
-1.49372875583,0.130127960482,1.74777271295
-1.49372875583,0.130127960482,1.73869700084
-1.49372875583,0.130127960482,1.72927222288
-1.49372875583,0.130127960482,1.72072010954
-1.49372875583,0.130127960482,1.71059719988
-1.49372875583,0.130127960482,1.70134695484
-1.49372875583,0.130127960482,1.69192217688
-1.49372875583,0.130127960482,1.68337006355
-1.49372875583,0.130127960482,1.67377075266
-1.49372875583,0.130127960482,1.6643459747
-1.49372875583,0.130127960482,1.65492119674
-1.49372875583,0.130127960482,1.64514735293
-1.49372875583,0.130127960482,1.63572257497
-1.49372875583,0.130127960482,1.62577419823
-1.49372875583,0.130127960482,1.6165239532
-1.49372875583,0.130127960482,1.60832090571
-1.49372875583,0.130127960482,1.59872159483
-1.49372875583,0.130127960482,1.58894775102
-1.49372875583,0.130127960482,1.57987203891
-1.49372875583,0.130127960482,1.57044726094
-1.49372875583,0.130127960482,1.56137154883
-1.49372875583,0.130127960482,1.55229583672
-1.49372875583,0.130127960482,1.54287105876
-1.49372875583,0.130127960482,1.5341444125
-1.49360542037,0.132854519204,1.52454510162
-1.49228817518,0.16143967789,1.52402150284
-1.49074828141,0.194369084198,1.52384696992
-1.48915394493,0.22827787401,1.52402150284
-1.48767728877,0.260740580735,1.52733762842
-1.4862093943,0.295850220703,1.53187548448
-1.48441928153,0.337989039134,1.52419603577
-1.48267356308,0.373726424368,1.52279977237
-1.48089101325,0.412151798254,1.5271630955
-1.47917960777,0.453611065042,1.52943202352
-1.47756346351,0.49208649283,1.53187548448
-1.47588277391,0.536406513925,1.5334462808
-1.47442497452,0.577790075199,1.53955493318
-1.47310546325,0.619220983101,1.53815866978
-1.47152929986,0.664782304034,1.5334462808
-1.46984840644,0.707395166601,1.5285593589
-1.46804331969,0.751240678922,1.53292268203
-1.46632364223,0.797394194381,1.53676240638
-1.46484782299,0.838905192341,1.53257361618
-1.46296715567,0.884881764654,1.52698856257
-1.46070814355,0.934641052331,1.52349790407
-1.45836182814,0.983115486044,1.52192710774
-1.45599169676,1.030393208,1.51965817971
-1.45371763732,1.07408890994,1.51756378461
-1.45086345499,1.12573972239,1.51302592855
-1.44812276787,1.17218574729,1.51005886883
-1.44510801437,1.22053773535,1.50656821032
-1.44192525972,1.26862251137,1.50220488719
-1.43836444244,1.31890414785,1.49714343236
-1.43497962123,1.36359710918,1.49278010923
-1.43090420484,1.41409635879,1.4870205227
-1.42673051609,1.46231927996,1.48143546909
-1.42193602499,1.51455429089,1.47654854719
-1.4176276832,1.55921053357,1.47183615821
-1.41268845825,1.60787548086,1.46677470338
-1.40726260839,1.65871935142,1.46188778147
-1.40204405732,1.70568208134,1.45787352419
-1.39663336825,1.75258012728,1.45368473399
-1.39049840206,1.80351509857,1.4482742133
-1.38437079042,1.85225964585,1.4426891597
-1.37775131777,1.90274687188,1.43762770487
-1.37086954917,1.95324205975,1.43239171711
-1.36389712653,2.00226064078,1.42680666351
-1.35677543527,2.05061127956,1.42139614282
-1.34964820486,2.09710669772,1.41511295752
-1.34167679934,2.14696632073,1.40882977221
-1.33404272343,2.19273277518,1.40132485643
-1.32571789895,2.240328055,1.39294727602
-1.32276070916,2.25669499762,1.38282436636
-1.32276070916,2.25669499762,1.37462131887
-1.32276070916,2.25669499762,1.36432387628
-1.32276070916,2.25669499762,1.35524816417
-1.32276070916,2.25669499762,1.34529978744
-1.32276070916,2.25669499762,1.33587500948
-1.32276070916,2.25669499762,1.32662476444
-1.32276070916,2.25669499762,1.31754905233
-1.32276070916,2.25669499762,1.30742614267
-1.32276070916,2.25669499762,1.29817589763
-1.32276070916,2.25669499762,1.28910018552
-1.32276070916,2.25669499762,1.27932634171
-1.32276070916,2.25669499762,1.26920343205
-1.32276070916,2.25669499762,1.25977865409
-1.32276070916,2.25669499762,1.2508774749
-1.32276070916,2.25669499762,1.24058003232
-1.32111030392,2.26104028521,1.14615771978
-1.32111030392,2.26104028521,0.800757060815
-1.32111030392,2.26104028521,0.792030414555
-1.32111030392,2.26104028521,0.979478776219
-1.32111030392,2.26104028521,0.918217719474
-1.32111030392,2.26104028521,0.97145026166
-1.32111030392,2.26104028521,0.995012206562
-1.32111030392,2.26104028521,0.955218699616
-1.32111030392,2.26104028521,1.05313167065
-1.32111030392,2.26104028521,1.05313167065
-1.32111030392,2.26104028521,1.07808987896
-1.32111030392,2.26104028521,0.793252145031
-1.32111030392,2.26104028521,0.671079097392
-1.32124500432,2.26093520396,0.693942910593
-1.32408480351,2.25861435638,0.699527964199
-1.32375658025,2.25888667869,0.703193155629
-1.32375656105,2.25888665593,0.693419311817
-1.32375656105,2.25888665593,0.683645468006
-1.32375656105,2.25888665593,0.673871624195
-1.32375656105,2.25888665593,0.663399648683
-1.32375656105,2.25888665593,0.654498469498
-1.32375656105,2.25888665593,0.644375559836
-1.32375656105,2.25888665593,0.633729051399
-1.32375656105,2.25888665593,0.623257075887
-1.32375656105,2.25888665593,0.613657765001
-1.32375656105,2.25888665593,0.60388392119
-1.32375656105,2.25888665593,0.593761011528
-1.32375656105,2.25888665593,0.584510766493
-1.32375656105,2.25888665593,0.574736922682
-1.32375656105,2.25888665593,0.564090414245
-1.31955465798,2.26149744608,0.559203492339
-1.29597858565,2.27655706525,0.578053048261
-1.26868718651,2.29466410274,0.595331807855
-1.24302711176,2.31236591984,0.617672022281
-1.21429874704,2.33347547601,0.65222954147
-1.18659175045,2.35515718096,0.677362282699
-1.15734389428,2.3791444995,0.698829832499
-1.12913597751,2.40317951546,0.713839664066
-1.10169114175,2.42737866775,0.730943890735
-1.07169753186,2.4546132114,0.744557458901
-1.04377783248,2.48063785256,0.75729836244
-1.03067302607,2.49309652647,0.76131261972
-1.03067302607,2.49309652647,0.750840644208
-1.03067302607,2.49309652647,0.741590399172
-1.03067302607,2.49309652647,0.731467489511
-1.03067302607,2.49309652647,0.72204271155
-1.03067302607,2.49309652647,0.712268867739
-1.03067302607,2.49309652647,0.703193155629
-1.03067302607,2.49309652647,0.693070245967
-1.03067302607,2.49309652647,0.683820000931
-1.03067302607,2.49309652647,0.673871624195
-1.03067302607,2.49309652647,0.664795912085
-1.03067302607,2.49309652647,0.654847535348
-1.03067302607,2.49309652647,0.644899158612
-1.03067302607,2.49309652647,0.634950781876
-1.03067302607,2.49309652647,0.625526003915
-1.03067302607,2.49309652647,0.615577627178
-1.03067302607,2.49309652647,0.606152849218
-1.03067302607,2.49309652647,0.596902604182
-1.03067302607,2.49309652647,0.587477826221
-1.03067302607,2.49309652647,0.57735491656
-1.03067302607,2.49309652647,0.567755605674
-1.03071001032,2.49307526791,0.519060919543
-1.05094806519,2.48483630839,0.30176742767
-1.0860974937,2.47407698736,0.359014227135
-1.06714657617,2.48032567166,0.263544717051
-1.04435765427,2.4856837326,0.248360352559
-1.04549466406,2.48566002639,0.232477856366
-1.07164562945,2.47949866689,0.228289066161
-1.07164562945,2.47949866689,0.218340689424
-1.07164562945,2.47949866689,0.208741378539
-1.07172921816,2.47948170615,0.198793001802
-1.07139452189,2.47954784122,0.189368223841
-1.07143641395,2.47953985746,0.178547182479
-1.07143641395,2.47953985746,0.169122404518
-1.07143641395,2.47953985746,0.159348560707
-1.07143641395,2.47953985746,0.14905111812
-1.07143641395,2.47953985746,0.13962634016
-1.07143641395,2.47953985746,0.128979831722
-1.07143641395,2.47953985746,0.119904119612
-1.07143641395,2.47953985746,0.109606677025
-1.07143641395,2.47953985746,0.0989601685881
-1.07143641395,2.47953985746,0.0897099235525
-1.07143641395,2.47953985746,0.0799360797413
-1.07143641395,2.47953985746,0.0703367688554
-1.07143641395,2.47953985746,0.0598647933434
-1.07143641395,2.47953985746,0.0492182849062
-1.07143641395,2.47953985746,0.0401425727959
-1.07143641395,2.47953985746,0.0291469985083
-1.07143641395,2.47953985746,0.0202458193231
-1.07143641395,2.47953985746,0.0106465084372
-1.07143641395,2.47953985746,0.000523598775598
-1.07143641395,2.47953985746,-0.00925024503557
-1.07143641395,2.47953985746,-0.0191986217719
-1.07143641395,2.47953985746,-0.0289724655831
-1.07143641395,2.47953985746,-0.0397935069455
-1.07143641395,2.47953985746,-0.0488692190558
-1.07143641395,2.47953985746,-0.059515727493
-1.07143641395,2.47953985746,-0.0694641042294
-1.07143641395,2.47953985746,-0.0787143492649
-1.07143641395,2.47953985746,-0.0891863247769
-1.07143641395,2.47953985746,-0.0986111027377
-1.07143641395,2.47953985746,-0.108734012399
-1.07143641395,2.47953985746,-0.118682389136
-1.07143641395,2.47953985746,-0.127932634171
-1.07143641395,2.47953985746,-0.137706477982
-1.07143641395,2.47953985746,-0.147829387644
-1.07143641395,2.47953985746,-0.158301363156
-1.07143641395,2.47953985746,-0.168598805743
-1.07143641395,2.47953985746,-0.177849050778
-1.07143641395,2.47953985746,-0.188495559215
-1.07143641395,2.47953985746,-0.197571271326
-1.07143641395,2.47953985746,-0.207345115137
-1.07143641395,2.47953985746,-0.217642557724
-1.07143641395,2.47953985746,-0.228114533236
-1.07143641395,2.47953985746,-0.237364778271
-1.07143641395,2.47953985746,-0.247662220858
-1.07143641395,2.47953985746,-0.257610597594
-1.07143641395,2.47953985746,-0.267035375555
-1.07143641395,2.47953985746,-0.277681883992
-1.07143641395,2.47953985746,-0.287106661953
-1.07143641395,2.47953985746,-0.297927703315
-1.07143641395,2.47953985746,-0.308050612977
-1.07143641395,2.47953985746,-0.317649923863
-1.07143641395,2.47953985746,-0.327598300599
-1.07143641395,2.47953985746,-0.337372144411
-1.07143641395,2.47953985746,-0.346447856521
-1.07143641395,2.47953985746,-0.356047167407
-1.07143641395,2.47953985746,-0.366693675844
-1.07143641395,2.47953985746,-0.377165651356
-1.07143641395,2.47953985746,-0.387114028092
-1.07143641395,2.47953985746,-0.396887871904
-1.07143641395,2.47953985746,-0.406138116939
-1.07143641395,2.47953985746,-0.416610092451
-1.07143641395,2.47953985746,-0.426733002113
-1.07143641395,2.47953985746,-0.436332312999
-1.07143641395,2.47953985746,-0.447327887286
-1.07143641395,2.47953985746,-0.457101731097
-1.07143641395,2.47953985746,-0.466351976133
-1.07143641395,2.47953985746,-0.476823951645
-1.07143641395,2.47953985746,-0.486772328381
-1.07143641395,2.47953985746,-0.496022573417
-1.07143641395,2.47953985746,-0.506145483078
-1.07143641395,2.47953985746,-0.51591932689
-1.07143641395,2.47953985746,-0.526042236551
-1.07143641395,2.47953985746,-0.535641547437
-1.07143641395,2.47953985746,-0.545066325398
-1.07143641395,2.47953985746,-0.555189235059
-1.07143641395,2.47953985746,-0.565137611796
-1.07143641395,2.47953985746,-0.575260521457
-1.07143641395,2.47953985746,-0.585907029894
-1.07143641395,2.47953985746,-0.59550634078
-1.07143641395,2.47953985746,-0.604582052891
-1.07143641395,2.47953985746,-0.614704962552
-1.07143641395,2.47953985746,-0.625002405139
-1.07143641395,2.47953985746,-0.633903584324
-1.07143641395,2.47953985746,-0.644201026911
-1.07143641395,2.47953985746,-0.654149403647
-1.07143641395,2.47953985746,-0.663225115758
-1.07143641395,2.47953985746,-0.673348025419
-1.07143641395,2.47953985746,-0.683645468006
-1.07143641395,2.47953985746,-0.693942910593
-1.07143641395,2.47953985746,-0.703542221479
-1.07143641395,2.47953985746,-0.712443400664
-1.07143641395,2.47953985746,-0.722915376176
-1.07143641395,2.47953985746,-0.733561884613
-1.07143641395,2.47953985746,-0.7438593272
-1.07143641395,2.47953985746,-0.754156769787
-1.07143641395,2.47953985746,-0.763057948972
-1.07143641395,2.47953985746,-0.773180858633
-1.07143641395,2.47953985746,-0.782082037819
-1.07143641395,2.47953985746,-0.791506815779
-1.07143641395,2.47953985746,-0.801629725441
-1.07143641395,2.47953985746,-0.812276233878
-1.07143641395,2.47953985746,-0.822573676465
-1.07143641395,2.47953985746,-0.832347520276
-1.07143641395,2.47953985746,-0.842295897012
-1.07143641395,2.47953985746,-0.851895207898
-1.07143641395,2.47953985746,-0.86236718341
-1.07143641395,2.47953985746,-0.872315560147
-1.07143641395,2.47953985746,-0.881565805182
-1.07143641395,2.47953985746,-0.89221231362
-1.07143641395,2.47953985746,-0.902160690356
-1.07143641395,2.47953985746,-0.912109067092
-1.07143641395,2.47953985746,-0.921010246277
-1.07143641395,2.47953985746,-0.931482221789
-1.07143641395,2.47953985746,-0.941430598526
-1.07143641395,2.47953985746,-0.951728041113
-1.07143641395,2.47953985746,-0.961327351998
-1.07143641395,2.47953985746,-0.97110119581
-1.07143641395,2.47953985746,-0.981747704247
-1.07143641395,2.47953985746,-0.990997949282
-1.07143641395,2.47953985746,-1.00164445772
-1.07143641395,2.47953985746,-1.01211643323
-1.07143641395,2.47953985746,-1.02258840874
-1.07143641395,2.47953985746,-1.031315055
-1.07143641395,2.47953985746,-1.04196156344
-1.07143641395,2.47953985746,-1.05260807188
-1.07143641395,2.47953985746,-1.06203284984
-1.07143641395,2.47953985746,-1.07180669365
-1.07143641395,2.47953985746,-1.08245320209
-1.07143641395,2.47953985746,-1.09187798005
-1.07143641395,2.47953985746,-1.10200088971
-1.07143641395,2.47953985746,-1.11194926645
-1.07143641395,2.47953985746,-1.12242124196
-1.07143641395,2.47953985746,-1.13236961869
-1.07143641395,2.47953985746,-1.14214346251
-1.07143641395,2.47953985746,-1.15209183924
-1.07143641395,2.47953985746,-1.16273834768
-1.07143641395,2.47953985746,-1.17181405979
-1.07143641395,2.47953985746,-1.18141337067
-1.07143641395,2.47953985746,-1.19205987911
-1.07143641395,2.47953985746,-1.2009610583
-1.07143641395,2.47953985746,-1.21125850088
-1.07143641395,2.47953985746,-1.22068327884
-1.07143641395,2.47953985746,-1.23115525436
-1.07143641395,2.47953985746,-1.24162722987
-1.07143641395,2.47953985746,-1.25140107368
-1.07143641395,2.47953985746,-1.26030225287
-1.07143641395,2.47953985746,-1.27077422838
-1.07143641395,2.47953985746,-1.28037353926
-1.07143641395,2.47953985746,-1.290321916
-1.07143641395,2.47953985746,-1.30027029274
-1.07143641395,2.47953985746,-1.31074226825
-1.07143641395,2.47953985746,-1.31999251328
-1.07143641395,2.47953985746,-1.33081355465
-1.07143641395,2.47953985746,-1.34006379968
-1.07143641395,2.47953985746,-1.34983764349
-1.07143641395,2.47953985746,-1.35978602023
-1.07143641395,2.47953985746,-1.36973439697
-1.07143641395,2.47953985746,-1.38003183955
-1.07143641395,2.47953985746,-1.38945661751
-1.07143641395,2.47953985746,-1.3990559284
-1.07143641395,2.47953985746,-1.40865523928
-1.07143641395,2.47953985746,-1.4191272148
-1.07143641395,2.47953985746,-1.42872652568
-1.07143641395,2.47953985746,-1.43937303412
-1.07143641395,2.47953985746,-1.44949594378
-1.07143641395,2.47953985746,-1.45979338637
-1.07143641395,2.47953985746,-1.46869456555
-1.07143641395,2.47953985746,-1.47864294229
-1.07143641395,2.47953985746,-1.48894038488
-1.07143641395,2.47953985746,-1.49784156406
-1.07143641395,2.47953985746,-1.50883713835
-1.07143641395,2.47953985746,-1.51896004801
-1.07143641395,2.47953985746,-1.52908295767
-1.07143641395,2.47953985746,-1.53885680148
-1.07143641395,2.47953985746,-1.54863064529
-1.07143641395,2.47953985746,-1.55822995618
-1.07143641395,2.47953985746,-1.56765473414
-1.07143641395,2.47953985746,-1.57812670965
-1.07143641395,2.47953985746,-1.58807508639
-1.07143641395,2.47953985746,-1.59802346313
-1.07143641395,2.47953985746,-1.60779730694
-1.07143641395,2.47953985746,-1.61739661782
-1.07143641395,2.47953985746,-1.62734499456
-1.07143641395,2.47953985746,-1.6372933713
-1.07143641395,2.47953985746,-1.64776534681
-1.07143641395,2.47953985746,-1.65788825647
-1.07143641395,2.47953985746,-1.66783663321
-1.07143641395,2.47953985746,-1.67708687824
-1.07143641395,2.47953985746,-1.68686072205
-1.07143641395,2.47953985746,-1.69733269756
-1.07143641395,2.47953985746,-1.7065829426
-1.07143641395,2.47953985746,-1.71600772056
-1.07143641395,2.47953985746,-1.72700329485
-1.07143641395,2.47953985746,-1.73660260573
-1.07143641395,2.47953985746,-1.7467255154
-1.07143641395,2.47953985746,-1.75649935921
-1.07143641395,2.47953985746,-1.76627320302
-1.07143641395,2.47953985746,-1.7758725139
-1.07143641395,2.47953985746,-1.78616995649
-1.07143641395,2.47953985746,-1.79629286615
-1.07143641395,2.47953985746,-1.80641577581
-1.07143641395,2.47953985746,-1.81688775133
-1.07143641395,2.47953985746,-1.82596346344
-1.07143641395,2.47953985746,-1.83591184017
-1.07143641395,2.47953985746,-1.84638381568
-1.07143641395,2.47953985746,-1.85528499487
-1.07143641395,2.47953985746,-1.86558243746
-1.07143641395,2.47953985746,-1.87448361664
-1.07143641395,2.47953985746,-1.8846065263
-1.07143641395,2.47953985746,-1.89472943597
-1.07143641395,2.47953985746,-1.90380514808
-1.07143641395,2.47953985746,-1.91410259066
-1.07143641395,2.47953985746,-1.92492363202
-1.07143641395,2.47953985746,-1.93434840999
-1.07143641395,2.47953985746,-1.94394772087
-1.07143641395,2.47953985746,-1.95459422931
-1.07143641395,2.47953985746,-1.96436807312
-1.07143641395,2.47953985746,-1.97379285108
-1.07143641395,2.47953985746,-1.98409029367
-1.07143641395,2.47953985746,-1.99386413748
-1.07143641395,2.47953985746,-2.00433611299
-1.07143641395,2.47953985746,-2.01445902265
-1.07143641395,2.47953985746,-2.02318566891
-1.07143641395,2.47953985746,-2.0341812432
-1.07143641395,2.47953985746,-2.04343148823
-1.07143641395,2.47953985746,-2.05337986497
-1.07143641395,2.47953985746,-2.06402637341
-1.07143641395,2.47953985746,-2.07380021722
-1.07143641395,2.47953985746,-2.08392312688
-1.07143641395,2.47953985746,-2.09299883899
-1.07143641395,2.47953985746,-2.10312174865
-1.07143641395,2.47953985746,-2.11254652661
-1.07143641395,2.47953985746,-2.12266943628
-1.07143641395,2.47953985746,-2.13226874716
-1.07143641395,2.47953985746,-2.14239165682
-1.07143641395,2.47953985746,-2.15216550063
-1.07143641395,2.47953985746,-2.1622884103
-1.07143641395,2.47953985746,-2.17171318826
-1.07143641395,2.47953985746,-2.18235969669
-1.07143641395,2.47953985746,-2.19178447465
-1.07143641395,2.47953985746,-2.20243098309
-1.07143641395,2.47953985746,-2.21237935983
-1.07143641395,2.47953985746,-2.22162960486
-1.07143641395,2.47953985746,-2.2322761133
-1.07143641395,2.47953985746,-2.24135182541
-1.07143641395,2.47953985746,-2.251649268
-1.07143641395,2.47953985746,-2.26177217766
-1.07143641395,2.47953985746,-2.27154602147
-1.07143641395,2.47953985746,-2.28149439821
-1.07143641395,2.47953985746,-2.29126824202
-1.07143641395,2.47953985746,-2.3015656846
-1.07143641395,2.47953985746,-2.31116499549
-1.07143641395,2.47953985746,-2.32216056978
-1.07143641395,2.47953985746,-2.33228347944
-1.07143641395,2.47953985746,-2.34135919155
-1.07143641395,2.47953985746,-2.35183116706
-1.07143641395,2.47953985746,-2.3610814121
-1.07143641395,2.47953985746,-2.37102978883
-1.07143641395,2.47953985746,-2.38097816557
-1.07143641395,2.47953985746,-2.39145014108
-1.07143641395,2.47953985746,-2.40104945197
-1.07143641395,2.47953985746,-2.41082329578
-1.07143641395,2.47953985746,-2.42129527129
-1.07143641395,2.47953985746,-2.43141818095
-1.07143641395,2.47953985746,-2.44066842599
-1.07143641395,2.47953985746,-2.45096586858
-1.07143641395,2.47953985746,-2.46108877824
-1.07143641395,2.47953985746,-2.47033902327
-1.07143641395,2.47953985746,-2.47958926831
-1.07143641395,2.47953985746,-2.49041030967
-1.07143641395,2.47953985746,-2.50088228518
-1.07143641395,2.47953985746,-2.51030706314
-1.07143641395,2.47953985746,-2.51990637403
-1.07143641395,2.47953985746,-2.52968021784
-1.07143641395,2.47953985746,-2.53927952873
-1.07143641395,2.47953985746,-2.54975150424
-1.07143641395,2.47953985746,-2.55935081512
-1.07143641395,2.47953985746,-2.56912465894
-1.07143641395,2.47953985746,-2.57837490397
-1.07143641395,2.47953985746,-2.58867234656
-1.07143641395,2.47953985746,-2.59879525622
-1.07143641395,2.47953985746,-2.60996536343
-1.07143641395,2.47953985746,-2.61956467432
-1.07143641395,2.47953985746,-2.6291639852
-1.07143641395,2.47953985746,-2.63928689487
-1.07143641395,2.47953985746,-2.64958433745
-1.07143641395,2.47953985746,-2.65970724711
-1.07143641395,2.47953985746,-2.669306558
-1.07143641395,2.47953985746,-2.67908040181
-1.07143641395,2.47953985746,-2.68885424562
-1.07143641395,2.47953985746,-2.69915168821
-1.07143641395,2.47953985746,-2.7094491308
-1.07143641395,2.47953985746,-2.71922297461
-1.07143641395,2.47953985746,-2.72864775257
-1.07143641395,2.47953985746,-2.73894519515
-1.07143641395,2.47953985746,-2.74959170359
-1.07143641395,2.47953985746,-2.75919101448
-1.07143641395,2.47953985746,-2.76948845706
-1.07143641395,2.47953985746,-2.77978589965
-1.07143641395,2.47953985746,-2.78955974346
-1.07143641395,2.47953985746,-2.79898452142
-1.07143641395,2.47953985746,-2.80893289816
-1.07143641395,2.47953985746,-2.81923034075
-1.07143641395,2.47953985746,-2.82882965163
-1.07143641395,2.47953985746,-2.83877802837
-1.07143641395,2.47953985746,-2.84907547096
-1.07143641395,2.47953985746,-2.85902384769
-1.07143641395,2.47953985746,-2.8694958232
-1.07143641395,2.47953985746,-2.87892060116
-1.07143641395,2.47953985746,-2.88921804375
-1.07143641395,2.47953985746,-2.89934095341
-1.07143641395,2.47953985746,-2.90911479722
-1.07143641395,2.47953985746,-2.91888864104
-1.07143641395,2.47953985746,-2.9290115507
-1.07143641395,2.47953985746,-2.93948352621
-1.07143641395,2.47953985746,-2.94960643587
-1.07143641395,2.47953985746,-2.95938027968
-1.07143641395,2.47953985746,-2.96950318934
-1.07143641395,2.47953985746,-2.97910250023
-1.07143641395,2.47953985746,-2.98939994282
-1.07143641395,2.47953985746,-2.99934831955
-1.07143641395,2.47953985746,-3.00999482799
-1.07143641395,2.47953985746,-3.01941960595
-1.07143641395,2.47953985746,-3.02919344976
-1.07143641395,2.47953985746,-3.03949089235
-1.07143641395,2.47953985746,-3.04909020323
-1.07143641395,2.47953985746,-3.05938764582
-1.07143641395,2.47953985746,-3.06985962133
-1.07143641395,2.47953985746,-3.07945893222
-1.07143641395,2.47953985746,-3.08958184188
-1.07143641395,2.47953985746,-3.10005381739
-1.07143641395,2.47953985746,-3.10965312828
-1.07143641395,2.47953985746,-3.11907790624
-1.07143641395,2.47953985746,-3.13042254638
-1.07143641395,2.47953985746,-3.13949825849
-1.07143641395,2.47953985746,3.13391320488
-1.07143641395,2.47953985746,3.12396482814
-1.07143641395,2.47953985746,3.11366738556
-1.07143641395,2.47953985746,3.10336994297
-1.07143641395,2.47953985746,3.09359609916
-1.07143641395,2.47953985746,3.08242599195
-1.07143641395,2.47953985746,3.07300121399
-1.07143641395,2.47953985746,3.0634019031
-1.07143641395,2.47953985746,3.05380259221
-1.07143641395,2.47953985746,3.04298155085
-1.07143641395,2.47953985746,3.03373130582
-1.07143641395,2.47953985746,3.02238666568
-1.07143641395,2.47953985746,3.01400908527
-1.07143641395,2.47953985746,3.00318804391
-1.07143641395,2.47953985746,2.99446139765
-1.07143641395,2.47953985746,2.98381488921
-1.09203144281,2.48281468346,2.9948104635
-1.12218996254,2.4870098861,3.01174015724
-1.15585299318,2.49103646201,3.03268410827
-1.18762340511,2.49433845654,3.04856660446
-1.22237629472,2.49736223412,3.0654962982
-1.25730698431,2.49974693409,3.08102972855
-1.29558580742,2.50188635181,3.09150170406
-1.33247839061,2.50357752673,3.10127554787
-1.37565366374,2.50504314653,3.11523818188
-1.41509320607,2.50582481239,3.12885175005
-1.45513671901,2.50603769739,-3.13583306706
-1.45718368635,2.50602467199,3.14089452189
-1.45718368635,2.50602467199,3.13094614515
-1.45718368635,2.50602467199,3.12117230134
-1.45718368635,2.50602467199,3.11192205631
-1.45718368635,2.50602467199,3.1028463442
-1.45718368635,2.50602467199,3.09254890161
-1.45718368635,2.50602467199,3.08382225535
-1.45718368635,2.50602467199,3.07422294446
-1.45718368635,2.50602467199,3.0641000348
-1.45718368635,2.50602467199,3.05502432269
-1.45718368635,2.50602467199,3.04490141303
-1.45718368635,2.50602467199,3.03652383262
-1.45718368635,2.50602467199,3.02657545588
-1.45718368635,2.50602467199,3.01662707915
-1.45718368635,2.50602467199,3.00755136704
-1.45718368635,2.50602467199,2.99742845738
-1.45718368635,2.50602467199,2.98782914649
-1.45718368635,2.50602467199,2.97840436853
-1.45718368635,2.50602467199,2.96915412349
-1.45718368635,2.50602467199,2.96025294431
-1.45718368635,2.50602467199,2.9504791005
-1.45718368635,2.50602467199,2.94053072376
-1.45718368635,2.50602467199,2.93075687995
-1.45718368635,2.50602467199,2.92203023369
-1.45718368635,2.50602467199,2.9124309228
-1.45718368635,2.50602467199,2.90265707899
-1.45718368635,2.50602467199,2.89375589981
-1.45718368635,2.50602467199,2.88433112185
-1.45718368635,2.50602467199,2.87420821218
-1.45718368635,2.50602467199,2.86478343422
-1.45718368635,2.50602467199,2.85500959041
-1.45718368635,2.50602467199,2.84471214783
-1.45718368635,2.50602467199,2.83633456742
-1.45718368635,2.50602467199,2.82673525653
-1.45718368635,2.50602467199,2.81678687979
-1.45718368635,2.50602467199,2.80736210183
-1.45718368635,2.50602467199,2.79723919217
-1.45718368635,2.50602467199,2.78816348006
-1.45718368635,2.50602467199,2.77786603747
-1.45718368635,2.50602467199,2.76896485829
-1.45718368635,2.50602467199,2.75971461325
-1.45718368635,2.50602467199,2.74994076944
-1.45718368635,2.50602467199,2.74034145856
-1.45718368635,2.50602467199,2.73196387815
-1.45718368635,2.50602467199,2.72166643556
-1.45718368635,2.50602467199,2.71171805882
-1.45718368635,2.50602467199,2.70246781379
-1.45718368635,2.50602467199,2.6928685029
-1.45718368635,2.50602467199,2.68326919202
-1.45718368635,2.50602467199,2.67419347991
-1.45718368635,2.50602467199,2.6651177678
-1.45718368635,2.50602467199,2.65464579228
-1.45718368635,2.50602467199,2.64452288262
-1.45718368635,2.50602467199,2.63527263759
-1.45718368635,2.50602467199,2.62532426085
-1.45718368635,2.50602467199,2.61555041704
-1.45718368635,2.50602467199,2.60647470493
-1.45718368635,2.50602467199,2.59617726234
-1.45718368635,2.50602467199,2.58675248438
-1.45718368635,2.50602467199,2.57732770642
-1.45718368635,2.50602467199,2.56772839553
-1.45718368635,2.50602467199,2.55882721635
-1.45718368635,2.50602467199,2.54922790546
-1.45718368635,2.50602467199,2.53962859458
-1.45718368635,2.50602467199,2.53072741539
-1.45718368635,2.50602467199,2.52112810451
-1.45718368635,2.50602467199,2.51065612899
-1.45718368635,2.50602467199,2.50053321933
-1.45718368635,2.50602467199,2.49233017185
-1.45718368635,2.50602467199,2.48255632804
-1.45718368635,2.50602467199,2.47295701715
-1.45718368635,2.50602467199,2.46370677212
-1.45718368635,2.50602467199,2.45410746123
-1.44721395146,2.49715530187,2.38656321918
-1.44541084144,2.49546213012,2.38359615945
-1.44538012311,2.49543254855,2.37382231564
-1.44540958948,2.49546341475,2.36055781332
-1.44640482658,2.49645842028,2.36474660353
-1.44640482658,2.49645842028,2.34659517931
-1.44640482658,2.49645842028,2.09299883899
-1.44640482658,2.49645842028,2.31203766012
-1.44640482658,2.49645842028,2.66494323487
-1.44640482658,2.49645842028,2.28481052379
-1.44640482658,2.49645842028,2.30400914556
-1.44637705104,2.49642605975,2.24850767534
-1.44190532799,2.49014126661,2.15757602132
-1.44150533955,2.48953661287,2.14762764458
-1.44055999707,2.48806571636,2.13872646539
-1.43944031419,2.48630136458,2.12895262158
-1.43944031419,2.48630136458,2.11813158022
-1.43944031419,2.48630136458,2.10957946689
-1.43944031419,2.48630136458,2.09945655722
-1.43944031419,2.48630136458,2.08933364756
-1.43944031419,2.48630136458,2.07938527083
-1.43944031419,2.48630136458,2.07048409164
-1.43944031419,2.48630136458,2.0605357149
-1.43944031419,2.48630136458,2.05093640402
-1.43944031419,2.48630136458,2.04081349436
-1.43944031419,2.48630136458,2.03121418347
-1.43944031419,2.48630136458,2.02178940551
-1.43944031419,2.48630136458,2.01114289707
-1.43944031419,2.48630136458,2.00224171789
-1.43944031419,2.48630136458,1.99229334115
-1.43954334686,2.48653557957,1.98094870101
-1.43952662208,2.4864963499,1.97100032428
-1.43952662208,2.4864963499,1.96122648047
-1.43952662208,2.4864963499,1.95075450495
-1.43952662208,2.4864963499,1.94132972699
-1.43952662208,2.4864963499,1.93207948196
-1.43952662208,2.4864963499,1.92056030889
-1.43952662208,2.4864963499,1.91131006386
-1.43952662208,2.4864963499,1.90223435175
-1.43952662208,2.4864963499,1.89158784331
-1.43952662208,2.4864963499,1.88286119705
-1.43952662208,2.4864963499,1.87291282032
-1.44322573616,2.49861001598,1.87291282032
-1.45348482613,2.53128182442,1.87064389229
-1.46285920916,2.56203999982,1.86191724603
-1.47317465357,2.59696821388,1.85301606684
-1.48340819502,2.63249789942,1.84882727664
-1.49392713287,2.66967571221,1.84481301936
-1.50338688543,2.70360733385,1.84114782793
-1.51388776643,2.74118892116,1.84620928276
-1.52431985557,2.77861255456,1.8381807682
-1.5352705122,2.81921046397,1.82945412194
-1.54642763144,2.86187153958,1.82229827201
-1.5564160855,2.90131057169,1.81479335622
-1.56611150242,2.94077877658,1.80798657214
-1.57600687863,2.98226081156,1.80117978806
-1.58570759946,3.02427038229,1.79350033935
-1.59552578106,3.06835227654,1.78512275894
-1.60519009718,3.11355897576,1.77657064561
-1.61342498028,3.1525727762,1.79280220765
-1.6235831884,3.19837024506,1.78442462724
-1.63327628046,3.24387603523,1.77639611268
-1.64148636756,3.28372328601,1.77866504071
-1.65098616991,3.32831070129,1.79367487227
-1.66249969278,3.37891768116,1.7910568784
-1.67218732454,3.42285380416,1.78425009431
-1.6798813103,3.4587568538,1.77814144193
-1.6798723416,3.45871516061,1.76854213105
-1.6798723416,3.45871516061,1.75876828723
-1.6798723416,3.45871516061,1.74829631172
-1.6798723416,3.45871516061,1.73887153376
-1.6798723416,3.45871516061,1.7294467558
-1.6798723416,3.45871516061,1.71845118151
-1.6798723416,3.45871516061,1.70832827185
-1.6798723416,3.45871516061,1.69803082927
-1.6798723416,3.45871516061,1.68895511715
-1.6798723416,3.45871516061,1.67953033919
-1.6798723416,3.45871516061,1.66923289661
-1.6798723416,3.45871516061,1.6601571845
-1.6798723416,3.45871516061,1.64951067606
-1.6798723416,3.45871516061,1.6393877664
-1.6798723416,3.45871516061,1.62978845551
-1.6798723416,3.45871516061,1.61966554585
-1.6798723416,3.45871516061,1.60936810326
-1.6798723416,3.45871516061,1.5999433253
-1.6798723416,3.45871516061,1.59034401442
-1.6798723416,3.45871516061,1.57987203891
-1.6798723416,3.45871516061,1.56922553047
-1.6798723416,3.45871516061,1.56014981836
-1.6798723416,3.45871516061,1.54985237577
-1.6798723416,3.45871516061,1.54112572951
-1.6798723416,3.45871516061,1.53100281985
-1.6798723416,3.45871516061,1.52035631141
-1.6798723416,3.45871516061,1.51110606638
-1.6798723416,3.45871516061,1.49976142624
-1.6798723416,3.45871516061,1.49086024705
-1.6798723416,3.45871516061,1.48213360079
-1.6798723416,3.45871516061,1.47148709236
-1.6798723416,3.45871516061,1.46153871562
-1.6798723416,3.45871516061,1.45124127303
-1.6798723416,3.45871516061,1.44164196215
-1.6798723416,3.45871516061,1.43221718419
-1.6798723416,3.45871516061,1.4219197416
-1.6798723416,3.45871516061,1.41197136486
-1.6798723416,3.45871516061,1.40202298813
-1.6798723416,3.45871516061,1.39137647969
-1.6798723416,3.45871516061,1.38160263588
-1.6798723416,3.45871516061,1.37270145669
-1.6798723416,3.45871516061,1.36257854703
-1.6798723416,3.45871516061,1.35280470322
-1.6798723416,3.45871516061,1.34180912893
-1.6798723416,3.45871516061,1.33238435097
-1.6798723416,3.45871516061,1.32243597424
-1.6798723416,3.45871516061,1.31266213042
-1.6798723416,3.45871516061,1.30236468784
-1.6798723416,3.45871516061,1.2931144428
-1.6798723416,3.45871516061,1.28299153314
-1.6798723416,3.45871516061,1.27269409055
-1.6798723416,3.45871516061,1.26414197722
-1.6798723416,3.45871516061,1.25367000171
-1.6798723416,3.45871516061,1.24372162497
-1.6798723416,3.45871516061,1.23359871531
-1.6798723416,3.45871516061,1.22434847027
-1.67975588582,3.45903583841,1.23202791898
-1.67975588582,3.45903583841,1.15104464169
-1.67975588582,3.45903583841,1.03340945011
-1.67975588582,3.45903583841,1.03707464154
-1.67982419323,3.45892766141,1.07808987896
-1.67982419323,3.45892766141,1.05976392181
-1.67982419323,3.45892766141,1.01909775024
-1.67982419323,3.45892766141,0.998502865066
-1.68272662869,3.45440570295,0.992568745609
-1.68651839683,3.4485796289,0.996408469964
-1.68651839683,3.4485796289,0.986285560302
-1.68651839683,3.4485796289,0.976686249416
-1.68651839683,3.4485796289,0.966563339754
-1.68651839683,3.4485796289,0.956265897168
-1.68651839683,3.4485796289,0.945968454581
-1.68651839683,3.4485796289,0.936718209545
-1.68651839683,3.4485796289,0.926420766959
-1.68651839683,3.4485796289,0.916646923147
-1.68651839683,3.4485796289,0.90600041471
-1.68651839683,3.4485796289,0.896575636749
-1.68651839683,3.4485796289,0.885929128312
-1.68651839683,3.4485796289,0.875806218651
-1.68651839683,3.4485796289,0.86673050654
-1.68651839683,3.4485796289,0.856083998103
-1.68651839683,3.4485796289,0.846659220142
-1.68651839683,3.4485796289,0.836885376331
-1.68651839683,3.4485796289,0.826587933745
-1.68651839683,3.4485796289,0.817163155784
-1.68651839683,3.4485796289,0.806167581496
-1.68651839683,3.4485796289,0.797091869386
-1.68651839683,3.4485796289,0.786619893874
-1.68651839683,3.4485796289,0.776147918362
-1.68651839683,3.4485796289,0.765152344074
-1.68651839683,3.4485796289,0.755902099039
-1.68651839683,3.4485796289,0.746128255228
-1.68651839683,3.4485796289,0.735830812641
-1.68651839683,3.4485796289,0.726231501755
-1.68651839683,3.4485796289,0.716632190869
-1.68651839683,3.4485796289,0.706509281207
-1.68651839683,3.4485796289,0.696037305695
-1.68651839683,3.4485796289,0.686437994809
-1.68651839683,3.4485796289,0.676838683923
-1.68651839683,3.4485796289,0.666017642561
-1.68651839683,3.4485796289,0.656767397525
-1.68651839683,3.4485796289,0.646295422013
-1.68651839683,3.4485796289,0.637045176978
-1.68651839683,3.4485796289,0.627620399017
-1.68651839683,3.4485796289,0.616799357655
-1.68651839683,3.4485796289,0.606850980918
-1.68651839683,3.4485796289,0.596728071257
-1.68651839683,3.4485796289,0.58677969452
-1.68651839683,3.4485796289,0.577005850709
-1.68651839683,3.4485796289,0.566708408123
-1.68651839683,3.4485796289,0.556934564311
-1.68651839683,3.4485796289,0.5471607205
-1.68651839683,3.4485796289,0.537561409614
-1.68651839683,3.4485796289,0.526914901177
-1.68651839683,3.4485796289,0.516966524441
-1.68651839683,3.4485796289,0.506669081854
-1.68651839683,3.4485796289,0.497069770968
-1.68651839683,3.4485796289,0.487121394232
-1.68651839683,3.4485796289,0.477173017495
-1.68651839683,3.4485796289,0.466701041983
-1.68651839683,3.4485796289,0.456927198172
-1.68651839683,3.4485796289,0.447676953137
-1.68651839683,3.4485796289,0.437204977625
-1.68651839683,3.4485796289,0.427082067963
-1.68651839683,3.4485796289,0.418006355853
-1.68651839683,3.4485796289,0.407708913266
-1.68651839683,3.4485796289,0.398284135305
-1.68651839683,3.4485796289,0.388510291494
-1.68651839683,3.4485796289,0.378387381832
-1.68651839683,3.4485796289,0.36791540632
-1.68651839683,3.4485796289,0.357443430808
-1.68651839683,3.4485796289,0.348193185773
-1.68651839683,3.4485796289,0.338419341962
-1.68651839683,3.4485796289,0.329169096926
-1.68651839683,3.4485796289,0.318697121414
-1.68651839683,3.4485796289,0.309621409304
-1.68651839683,3.4485796289,0.299149433792
-1.68651839683,3.4485796289,0.289550122906
-1.68651839683,3.4485796289,0.27995081202
-1.68651839683,3.4485796289,0.270002435284
-1.68651839683,3.4485796289,0.260054058547
-1.68651839683,3.4485796289,0.24940755011
-1.68651839683,3.4485796289,0.239633706299
-1.68651839683,3.4485796289,0.229859862488
-1.68651839683,3.4485796289,0.21921335405
-1.68651839683,3.4485796289,0.208915911464
-1.68651839683,3.4485796289,0.199665666428
-1.68651839683,3.4485796289,0.189193690916
-1.68651839683,3.4485796289,0.180641577581
-1.68651839683,3.4485796289,0.170344134995
-1.68651839683,3.4485796289,0.161093889959
-1.68651839683,3.4485796289,0.150447381522
-1.68651839683,3.4485796289,0.141197136486
-1.68651839683,3.4485796289,0.131074226825
-1.68651839683,3.4485796289,0.120253185462
-1.68651839683,3.4485796289,0.111177473352
-1.68651839683,3.4485796289,0.10105456369
-1.68651839683,3.4485796289,0.0909316540289
-1.68651839683,3.4485796289,0.0808087443673
-1.68651839683,3.4485796289,0.0719075651822
-1.68651839683,3.4485796289,0.062133721371
-1.68651839683,3.4485796289,0.0520108117094
-1.68651839683,3.4485796289,0.0422369678983
-1.68651839683,3.4485796289,0.0317649923863
-1.68651839683,3.4485796289,0.0228638132011
-1.68651839683,3.4485796289,0.012217304764
-1.68651839683,3.4485796289,0.00279252680319
-1.68651839683,3.4485796289,-0.00698131700798
-1.68651839683,3.4485796289,-0.0171042266695
-1.68651839683,3.4485796289,-0.0270526034059
-1.68651839683,3.4485796289,-0.0363028484415
-1.68651839683,3.4485796289,-0.046425758103
-1.68651839683,3.4485796289,-0.056025068989
-1.68651839683,3.4485796289,-0.065624379875
-1.68651839683,3.4485796289,-0.0759218224618
-1.68651839683,3.4485796289,-0.0863937979737
-1.68651839683,3.4485796289,-0.0961676417849
-1.68651839683,3.4485796289,-0.105766952671
-1.68651839683,3.4485796289,-0.115540796482
-1.68651839683,3.4485796289,-0.126012771994
-1.68651839683,3.4485796289,-0.135437549955
-1.68651839683,3.4485796289,-0.145909525467
-1.68651839683,3.4485796289,-0.155334303427
-1.68651839683,3.4485796289,-0.165108147239
-1.68651839683,3.4485796289,-0.175754655676
-1.68651839683,3.4485796289,-0.185353966562
-1.68651839683,3.4485796289,-0.195476876223
-1.68651839683,3.4485796289,-0.205250720035
-1.68651839683,3.4485796289,-0.215373629696
-1.68651839683,3.4485796289,-0.224449341806
-1.68651839683,3.4485796289,-0.235095850244
-1.68651839683,3.4485796289,-0.245218759905
-1.68651839683,3.4485796289,-0.254818070791
-1.68651839683,3.4485796289,-0.264417381677
-1.68651839683,3.4485796289,-0.274016692563
-1.68651839683,3.4485796289,-0.283616003449
-1.68651839683,3.4485796289,-0.293913446036
-1.68651839683,3.4485796289,-0.303163691071
-1.68651839683,3.4485796289,-0.312588469032
-1.68651839683,3.4485796289,-0.323060444544
-1.68651839683,3.4485796289,-0.332136156655
-1.68651839683,3.4485796289,-0.342608132166
-1.68651839683,3.4485796289,-0.352905574753
-1.68651839683,3.4485796289,-0.361806753938
-1.68651839683,3.4485796289,-0.371755130675
-1.68651839683,3.4485796289,-0.381528974486
-1.68651839683,3.4485796289,-0.392000949998
-1.68651839683,3.4485796289,-0.402123859659
-1.68651839683,3.4485796289,-0.411897703471
-1.68651839683,3.4485796289,-0.420624349731
-1.68651839683,3.4485796289,-0.430223660617
-1.68651839683,3.4485796289,-0.440695636129
-1.68651839683,3.4485796289,-0.450993078715
-1.68651839683,3.4485796289,-0.459894257901
-1.68651839683,3.4485796289,-0.470540766338
-1.68651839683,3.4485796289,-0.480314610149
-1.68651839683,3.4485796289,-0.49008845396
-1.68651839683,3.4485796289,-0.500036830696
-1.68651839683,3.4485796289,-0.511032404984
-1.68651839683,3.4485796289,-0.52098078172
-1.68651839683,3.4485796289,-0.530231026756
-1.68651839683,3.4485796289,-0.540353936417
-1.68651839683,3.4485796289,-0.550127780229
-1.68651839683,3.4485796289,-0.560076156965
-1.68651839683,3.4485796289,-0.569850000776
-1.68651839683,3.4485796289,-0.579449311662
-1.68651839683,3.4485796289,-0.589397688398
-1.68651839683,3.4485796289,-0.59917153221
-1.68651839683,3.4485796289,-0.609294441871
-1.68651839683,3.4485796289,-0.619417351533
-1.68651839683,3.4485796289,-0.629016662419
-1.68651839683,3.4485796289,-0.638965039155
-1.68651839683,3.4485796289,-0.648564350041
-1.68651839683,3.4485796289,-0.659385391403
-1.68651839683,3.4485796289,-0.668810169364
-1.68651839683,3.4485796289,-0.678758546101
-1.68651839683,3.4485796289,-0.688183324061
-1.68651839683,3.4485796289,-0.698480766648
-1.68651839683,3.4485796289,-0.708429143384
-1.68651839683,3.4485796289,-0.718726585971
-1.68651839683,3.4485796289,-0.728151363932
-1.68651839683,3.4485796289,-0.738099740668
-1.68651839683,3.4485796289,-0.74822265033
-1.68651839683,3.4485796289,-0.757996494141
-1.68651839683,3.4485796289,-0.767944870878
-1.68651839683,3.4485796289,-0.777718714689
-1.68651839683,3.4485796289,-0.787318025575
-1.68651839683,3.4485796289,-0.798662665713
-1.68651839683,3.4485796289,-0.807389311973
-1.68651839683,3.4485796289,-0.816814089933
-1.68651839683,3.4485796289,-0.827286065445
-1.68651839683,3.4485796289,-0.837758040957
-1.68651839683,3.4485796289,-0.848404549394
-1.68651839683,3.4485796289,-0.857480261505
-1.68651839683,3.4485796289,-0.867254105316
-1.68651839683,3.4485796289,-0.877726080828
-1.68651839683,3.4485796289,-0.886627260013
-1.68651839683,3.4485796289,-0.89727376845
-1.68651839683,3.4485796289,-0.907396678112
-1.68651839683,3.4485796289,-0.916995988998
-1.68651839683,3.4485796289,-0.927293431585
-1.68651839683,3.4485796289,-0.937241808321
-1.68651839683,3.4485796289,-0.946142987506
-1.68651839683,3.4485796289,-0.956265897168
-1.68651839683,3.4485796289,-0.965690675128
-1.68651839683,3.4485796289,-0.975988117715
-1.68651839683,3.4485796289,-0.985936494452
-1.68651839683,3.4485796289,-0.995361272412
-1.68651839683,3.4485796289,-1.00530964915
-1.68651839683,3.4485796289,-1.01578162466
-1.68651839683,3.4485796289,-1.02555546847
-1.68651839683,3.4485796289,-1.03532931228
-1.68651839683,3.4485796289,-1.0458012878
-1.68651839683,3.4485796289,-1.05522606576
-1.68651839683,3.4485796289,-1.06499990957
-1.68651839683,3.4485796289,-1.07617001678
-1.68651839683,3.4485796289,-1.08559479474
-1.68651839683,3.4485796289,-1.09589223733
-1.68651839683,3.4485796289,-1.10584061406
-1.68651839683,3.4485796289,-1.11526539202
-1.68651839683,3.4485796289,-1.12608643339
-1.68651839683,3.4485796289,-1.1351621455
-1.68651839683,3.4485796289,-1.14598318686
-1.68651839683,3.4485796289,-1.15628062945
-1.68651839683,3.4485796289,-1.16535634156
-1.68651839683,3.4485796289,-1.17617738292
-1.68651839683,3.4485796289,-1.18630029258
-1.68651839683,3.4485796289,-1.19642320224
-1.68651839683,3.4485796289,-1.20532438143
-1.68651839683,3.4485796289,-1.21440009354
-1.68651839683,3.4485796289,-1.2245230032
-1.68651839683,3.4485796289,-1.23516951164
-1.68651839683,3.4485796289,-1.24511788837
-1.68651839683,3.4485796289,-1.25593892974
-1.68651839683,3.4485796289,-1.26553824062
-1.68651839683,3.4485796289,-1.27513755151
-1.68651839683,3.4485796289,-1.28508592824
-1.68651839683,3.4485796289,-1.29590696961
-1.68651839683,3.4485796289,-1.30637894512
-1.68651839683,3.4485796289,-1.31562919015
-1.68651839683,3.4485796289,-1.32592663274
-1.68651839683,3.4485796289,-1.3360495424
-1.68651839683,3.4485796289,-1.34512525451
-1.68651839683,3.4485796289,-1.35489909832
-1.68651839683,3.4485796289,-1.36554560676
-1.68651839683,3.4485796289,-1.37584304935
-1.68651839683,3.4485796289,-1.38526782731
-1.68651839683,3.4485796289,-1.39591433575
-1.68651839683,3.4485796289,-1.40551364663
-1.68651839683,3.4485796289,-1.41546202337
-1.68651839683,3.4485796289,-1.4261085318
-1.68651839683,3.4485796289,-1.43623144147
-1.68651839683,3.4485796289,-1.4454816865
-1.68651839683,3.4485796289,-1.45630272786
-1.68651839683,3.4485796289,-1.46677470338
-1.68651839683,3.4485796289,-1.47550134964
-1.68651839683,3.4485796289,-1.4856242593
-1.68651839683,3.4485796289,-1.49574716896
-1.68651839683,3.4485796289,-1.50499741399
-1.68651839683,3.4485796289,-1.51546938951
-1.68651839683,3.4485796289,-1.52559229917
-1.68651839683,3.4485796289,-1.53606427468
-1.68651839683,3.4485796289,-1.54548905264
-1.68651839683,3.4485796289,-1.55526289645
-1.68651839683,3.4485796289,-1.56556033904
-1.68651839683,3.4485796289,-1.57603231455
-1.68651839683,3.4485796289,-1.58510802666
-1.68651839683,3.4485796289,-1.59488187047
-1.68651839683,3.4485796289,-1.60552837891
-1.68651839683,3.4485796289,-1.61460409102
-1.68651839683,3.4485796289,-1.62455246776
-1.68651839683,3.4485796289,-1.63450084449
-1.68651839683,3.4485796289,-1.6435765566
-1.68651839683,3.4485796289,-1.65404853212
-1.68651839683,3.4485796289,-1.6643459747
-1.68651839683,3.4485796289,-1.67394528559
-1.68651839683,3.4485796289,-1.68459179402
-1.68651839683,3.4485796289,-1.69401657199
-1.68651839683,3.4485796289,-1.7044885475
-1.68651839683,3.4485796289,-1.71461145716
-1.68651839683,3.4485796289,-1.72386170219
-1.68651839683,3.4485796289,-1.73433367771
-1.68651839683,3.4485796289,-1.74410752152
-1.68651839683,3.4485796289,-1.75423043118
-1.68651839683,3.4485796289,-1.76382974207
-1.68651839683,3.4485796289,-1.77290545418
-1.68651839683,3.4485796289,-1.78285383091
-1.68651839683,3.4485796289,-1.79280220765
-1.68651839683,3.4485796289,-1.80222698561
-1.68651839683,3.4485796289,-1.81200082942
-1.68651839683,3.4485796289,-1.82194920616
-1.68651839683,3.4485796289,-1.83259571459
-1.68651839683,3.4485796289,-1.84341675596
-1.68651839683,3.4485796289,-1.85266700099
-1.68651839683,3.4485796289,-1.86331350943
-1.68651839683,3.4485796289,-1.87343641909
-1.68651839683,3.4485796289,-1.8832102629
-1.68651839683,3.4485796289,-1.89315863964
-1.68651839683,3.4485796289,-1.90345608223
-1.68651839683,3.4485796289,-1.91218272848
-1.68651839683,3.4485796289,-1.92230563815
-1.68651839683,3.4485796289,-1.93260308073
-1.68651839683,3.4485796289,-1.94167879284
-1.68651839683,3.4485796289,-1.95180170251
-1.68651839683,3.4485796289,-1.96262274387
-1.68651839683,3.4485796289,-1.9725711206
-1.68651839683,3.4485796289,-1.98286856319
-1.68651839683,3.4485796289,-1.99246787408
-1.68651839683,3.4485796289,-2.00224171789
-1.68651839683,3.4485796289,-2.0127136934
-1.68651839683,3.4485796289,-2.02283660306
-1.68651839683,3.4485796289,-2.03243591395
-1.68651839683,3.4485796289,-2.04203522483
-1.68651839683,3.4485796289,-2.0528562662
-1.68651839683,3.4485796289,-2.06228104416
-1.68651839683,3.4485796289,-2.07153128919
-1.68651839683,3.4485796289,-2.08147966593
-1.68651839683,3.4485796289,-2.09177710852
-1.68651839683,3.4485796289,-2.10259814988
-1.68651839683,3.4485796289,-2.11237199369
-1.68651839683,3.4485796289,-2.12249490335
-1.68651839683,3.4485796289,-2.13191968131
-1.68651839683,3.4485796289,-2.1415189922
-1.68651839683,3.4485796289,-2.15216550063
-1.68651839683,3.4485796289,-2.1622884103
-1.68651839683,3.4485796289,-2.17241131996
-1.68651839683,3.4485796289,-2.18166156499
-1.68651839683,3.4485796289,-2.19126087588
-1.68651839683,3.4485796289,-2.20120925262
-1.68651839683,3.4485796289,-2.21115762935
-1.68651839683,3.4485796289,-2.22128053901
-1.68651839683,3.4485796289,-2.23140344867
-1.68651839683,3.4485796289,-2.24170089126
-1.68651839683,3.4485796289,-2.25269646555
-1.68651839683,3.4485796289,-2.26281937521
-1.68651839683,3.4485796289,-2.27189508732
-1.68651839683,3.4485796289,-2.28184346406
-1.68651839683,3.4485796289,-2.29283903834
-1.68651839683,3.4485796289,-2.30174021753
-1.68651839683,3.4485796289,-2.31238672597
-1.68651839683,3.4485796289,-2.32320776733
-1.68651839683,3.4485796289,-2.33263254529
-1.68651839683,3.4485796289,-2.3424063891
-1.68651839683,3.4485796289,-2.35357649631
-1.68651839683,3.4485796289,-2.36422300475
-1.68651839683,3.4485796289,-2.37277511809
-1.68651839683,3.4485796289,-2.38342162652
-1.68651839683,3.4485796289,-2.39371906911
-1.68651839683,3.4485796289,-2.40279478122
-1.68651839683,3.4485796289,-2.41326675673
-1.68651839683,3.4485796289,-2.42338966639
-1.68651839683,3.4485796289,-2.43298897728
-1.68651839683,3.4485796289,-2.44346095279
-1.68651839683,3.4485796289,-2.45410746123
-1.68651839683,3.4485796289,-2.46335770626
-1.68651839683,3.4485796289,-2.47313155008
-1.68651839683,3.4485796289,-2.48307992681
-1.68651839683,3.4485796289,-2.49233017185
-1.68651839683,3.4485796289,-2.50245308151
-1.68651839683,3.4485796289,-2.51309958995
-1.68651839683,3.4485796289,-2.52287343376
-1.68651839683,3.4485796289,-2.53299634342
-1.68651839683,3.4485796289,-2.54259565431
-1.68651839683,3.4485796289,-2.55184589934
-1.68651839683,3.4485796289,-2.56214334193
-1.68651839683,3.4485796289,-2.57174265281
-1.68651839683,3.4485796289,-2.58116743077
-1.68651839683,3.4485796289,-2.59198847214
-1.68651839683,3.4485796289,-2.60228591472
-1.68651839683,3.4485796289,-2.61153615976
-1.68651839683,3.4485796289,-2.62131000357
-1.68651839683,3.4485796289,-2.63073478153
-1.68651839683,3.4485796289,-2.64120675704
-1.68651839683,3.4485796289,-2.65098060085
-1.68651839683,3.4485796289,-2.66040537881
-1.68651839683,3.4485796289,-2.67052828848
-1.68651839683,3.4485796289,-2.68030213229
-1.68651839683,3.4485796289,-2.6907741078
-1.68651839683,3.4485796289,-2.70159514916
-1.68651839683,3.4485796289,-2.71067086127
-1.68651839683,3.4485796289,-2.72079377093
-1.68651839683,3.4485796289,-2.73074214767
-1.68651839683,3.4485796289,-2.74051599148
-1.68651839683,3.4485796289,-2.75098796699
-1.68651839683,3.4485796289,-2.76198354128
-1.68651839683,3.4485796289,-2.77210645094
-1.68651839683,3.4485796289,-2.78100763013
-1.68651839683,3.4485796289,-2.79113053979
-1.68651839683,3.4485796289,-2.80125344945
-1.68651839683,3.4485796289,-2.81032916156
-1.68651839683,3.4485796289,-2.82115020292
-1.68651839683,3.4485796289,-2.83022591503
-1.68651839683,3.4485796289,-2.84122148932
-1.68651839683,3.4485796289,-2.85082080021
-1.68651839683,3.4485796289,-2.86076917694
-1.68651839683,3.4485796289,-2.8701939549
-1.68651839683,3.4485796289,-2.88101499627
-1.68651839683,3.4485796289,-2.89131243885
-1.68651839683,3.4485796289,-2.90178441437
-1.68651839683,3.4485796289,-2.91086012648
-1.68651839683,3.4485796289,-2.92133210199
-1.68651839683,3.4485796289,-2.93093141287
-1.68651839683,3.4485796289,-2.94122885546
-1.68651839683,3.4485796289,-2.9511772322
-1.68651839683,3.4485796289,-2.96060201016
-1.68651839683,3.4485796289,-2.97055038689
-1.68651839683,3.4485796289,-2.98032423071
-1.68651839683,3.4485796289,-2.99009807452
-1.68651839683,3.4485796289,-3.00057005003
-1.68651839683,3.4485796289,-3.01016936091
-1.68651839683,3.4485796289,-3.02011773765
-1.68651839683,3.4485796289,-3.03041518024
-1.68651839683,3.4485796289,-3.0391418265
-1.68651839683,3.4485796289,-3.04926473616
-1.68651839683,3.4485796289,-3.05956217875
-1.68651839683,3.4485796289,-3.06846335793
-1.68651839683,3.4485796289,-3.07876080052
-1.68651839683,3.4485796289,-3.08923277603
-1.68651839683,3.4485796289,-3.09865755399
-1.68651839683,3.4485796289,-3.10947859535
-1.68651839683,3.4485796289,-3.11872884039
-1.68651839683,3.4485796289,-3.1285026842
-1.68651839683,3.4485796289,-3.13932372556
-1.68651839683,3.4485796289,3.13443680366
-1.68651839683,3.4485796289,3.12413936107
-1.68651839683,3.4485796289,3.11488911603
-1.68651839683,3.4485796289,3.10459167345
-1.68651839683,3.4485796289,3.09429423086
-1.68651839683,3.4485796289,3.08504398583
-1.68651839683,3.4485796289,3.07457201031
-1.68651839683,3.4485796289,3.06462363358
-1.68651839683,3.4485796289,3.05484978977
-1.68651839683,3.4485796289,3.04577407766
-1.68651839683,3.4485796289,3.03512756922
-1.68651839683,3.4485796289,3.02570279126
-1.68651839683,3.4485796289,3.01540534867
-1.68651839683,3.4485796289,3.00493337316
-1.68651839683,3.4485796289,2.99533406227
-1.68651839683,3.4485796289,2.98538568554
-1.68651839683,3.4485796289,2.97508824295
-1.68651839683,3.4485796289,2.96531439914
-1.68651839683,3.4485796289,2.9546678907
-1.68651839683,3.4485796289,2.94437044811
-1.68651839683,3.4485796289,2.93512020308
-1.68651839683,3.4485796289,2.92447369464
-1.68651839683,3.4485796289,2.91400171913
-1.68651839683,3.4485796289,2.90440240824
-1.68651839683,3.4485796289,2.89393043273
-1.68651839683,3.4485796289,2.88415658892
-1.68651839683,3.4485796289,2.87316101463
-1.68651839683,3.4485796289,2.86425983545
-1.68651839683,3.4485796289,2.85448599164
-1.68651839683,3.4485796289,2.84349041735
-1.68651839683,3.4485796289,2.83371657354
-1.68651839683,3.4485796289,2.82341913095
-1.68651839683,3.4485796289,2.81416888592
-1.68651839683,3.4485796289,2.8036969104
-1.68651839683,3.4485796289,2.79339946782
-1.68651839683,3.4485796289,2.78397468986
-1.68651839683,3.4485796289,2.7745499119
-1.68651839683,3.4485796289,2.76477606808
-1.68651839683,3.4485796289,2.75482769135
-1.68651839683,3.4485796289,2.74470478169
-1.68651839683,3.4485796289,2.73405827325
-1.68651839683,3.4485796289,2.72376083066
-1.68651839683,3.4485796289,2.71381245393
-1.68651839683,3.4485796289,2.70351501134
-1.68651839683,3.4485796289,2.69321756875
-1.68651839683,3.4485796289,2.68344372494
-1.68651839683,3.4485796289,2.67384441406
-1.68651839683,3.4485796289,2.66389603732
-1.68651839683,3.4485796289,2.65359859473
-1.68651839683,3.4485796289,2.64347568507
-1.68651839683,3.4485796289,2.63300370956
-1.68651839683,3.4485796289,2.62375346452
-1.68651839683,3.4485796289,2.61328148901
-1.68651839683,3.4485796289,2.60298404642
-1.68651839683,3.4485796289,2.59268660384
-1.68651839683,3.4485796289,2.5834363588
-1.68651839683,3.4485796289,2.57348798207
-1.68651839683,3.4485796289,2.56301600655
-1.68651839683,3.4485796289,2.55359122859
-1.68651839683,3.4485796289,2.54346831893
-1.68651839683,3.4485796289,2.53439260682
-1.68651839683,3.4485796289,2.52444423008
-1.68651839683,3.4485796289,2.51379772165
-1.68651839683,3.4485796289,2.50507107539
-1.68651839683,3.4485796289,2.49512269865
-1.68651839683,3.4485796289,2.48395259144
-1.68651839683,3.4485796289,2.4747023464
-1.68651839683,3.4485796289,2.46492850259
-1.68651839683,3.4485796289,2.45463106
-1.68651839683,3.4485796289,2.44485721619
-1.68651839683,3.4485796289,2.43490883946
-1.68651839683,3.4485796289,2.42513499565
-1.68651839683,3.4485796289,2.41431395428
-1.68651839683,3.4485796289,2.40488917632
-1.68651839683,3.4485796289,2.39424266789
-1.68651839683,3.4485796289,2.38516695578
-1.68651839683,3.4485796289,2.37452044734
-1.68651839683,3.4485796289,2.3652702023
-1.68651839683,3.4485796289,2.35479822679
-1.68651839683,3.4485796289,2.34467531713
-1.68651839683,3.4485796289,2.33402880869
-1.68651839683,3.4485796289,2.32495309658
-1.68651839683,3.4485796289,2.31448112107
-1.68651839683,3.4485796289,2.30418367848
-1.68651839683,3.4485796289,2.2945843676
-1.68651839683,3.4485796289,2.28428692501
-1.68651839683,3.4485796289,2.27433854827
-1.68651839683,3.4485796289,2.26456470446
-1.68651839683,3.4485796289,2.2537436631
-1.68651839683,3.4485796289,2.24414435221
-1.68651839683,3.4485796289,2.2343705084
-1.68651839683,3.4485796289,2.22494573044
-1.68651839683,3.4485796289,2.21412468908
-1.68651839683,3.4485796289,2.20487444404
-1.68651839683,3.4485796289,2.19440246853
-1.68651839683,3.4485796289,2.18358142717
-1.68651839683,3.4485796289,2.17398211628
-1.68651839683,3.4485796289,2.16420827247
-1.68651839683,3.4485796289,2.15443442866
-1.68651839683,3.4485796289,2.1436133873
-1.68651839683,3.4485796289,2.13366501056
-1.68651839683,3.4485796289,2.12319303505
-1.68651839683,3.4485796289,2.11376825709
-1.68651839683,3.4485796289,2.10329628158
-1.68651839683,3.4485796289,2.09282430607
-1.68651839683,3.4485796289,2.08305046226
-1.68651839683,3.4485796289,2.07275301967
-1.68651839683,3.4485796289,2.06332824171
-1.68651839683,3.4485796289,2.05303079912
-1.68651839683,3.4485796289,2.04220975776
-1.68651839683,3.4485796289,2.03226138102
-1.68651839683,3.4485796289,2.02161487259
-1.68651839683,3.4485796289,2.0127136934
-1.68651839683,3.4485796289,2.00241625081
-1.68651839683,3.4485796289,1.99299147285
-1.68651839683,3.4485796289,1.98339216197
-1.68651839683,3.4485796289,1.97274565353
-1.68651839683,3.4485796289,1.96262274387
-1.68651839683,3.4485796289,1.95302343298
-1.68651839683,3.4485796289,1.94290052332
-1.68651839683,3.4485796289,1.93382481121
-1.68651839683,3.4485796289,1.9233528357
-1.68651839683,3.4485796289,1.91375352481
-1.68651839683,3.4485796289,1.90363061515
-1.68651839683,3.4485796289,1.89420583719
-1.68651839683,3.4485796289,1.88373386168
-1.68651839683,3.4485796289,1.87465814957
-1.68651839683,3.4485796289,1.86418617406
-1.68651839683,3.4485796289,1.85388873147
-1.68651839683,3.4485796289,1.84463848643
-1.68651839683,3.4485796289,1.83434104385
-1.68651839683,3.4485796289,1.82352000248
-1.68651839683,3.4485796289,1.81409522452
-1.68651839683,3.4485796289,1.80414684779
-1.68651839683,3.4485796289,1.79367487227
-1.68651839683,3.4485796289,1.78355196261
-1.68651839683,3.4485796289,1.77395265173
-1.68651839683,3.4485796289,1.76365520914
-1.68651839683,3.4485796289,1.75457949703
-1.68651839683,3.4485796289,1.74410752152
-1.68651839683,3.4485796289,1.73381007893
-1.68651839683,3.4485796289,1.72421076805
-1.68651839683,3.4485796289,1.71391332546
-1.68651839683,3.4485796289,1.7044885475
-1.68651839683,3.4485796289,1.69419110491
-1.68651839683,3.4485796289,1.68476632695
-1.68651839683,3.4485796289,1.67534154899
-1.68651839683,3.4485796289,1.66521863933
-1.68651839683,3.4485796289,1.65492119674
-1.68651839683,3.4485796289,1.64549641878
-1.68651839683,3.4485796289,1.63432631157
-1.68651839683,3.4485796289,1.62385433606
-1.68651839683,3.4485796289,1.61530222272
-1.68651839683,3.4485796289,1.60552837891
-1.68651839683,3.4485796289,1.59523093632
-1.68651839683,3.4485796289,1.58493349374
-1.68651839683,3.4485796289,1.574985117
-1.68651839683,3.4485796289,1.56486220734
-1.68651839683,3.4485796289,1.55456476475
-1.68651839683,3.4485796289,1.54391825631
-1.68651839683,3.4485796289,1.5341444125
-1.68651839683,3.4485796289,1.52402150284
-1.68651839683,3.4485796289,1.51372406025
-1.68651839683,3.4485796289,1.50517194692
-1.68651839683,3.4485796289,1.49435090556
-1.68651839683,3.4485796289,1.48440252882
-1.68651839683,3.4485796289,1.47497775086
-1.68651839683,3.4485796289,1.46433124242
-1.68651839683,3.4485796289,1.45403379984
-1.68651839683,3.4485796289,1.44460902188
-1.68651839683,3.4485796289,1.43466064514
-1.68651839683,3.4485796289,1.42506133425
-1.68651839683,3.4485796289,1.41493842459
-1.68651839683,3.4485796289,1.40551364663
-1.68651839683,3.4485796289,1.39416900649
-1.68651839683,3.4485796289,1.38509329438
-1.68651839683,3.4485796289,1.37514491765
-1.68651839683,3.4485796289,1.36362574458
-1.68651839683,3.4485796289,1.3547245654
-1.68651839683,3.4485796289,1.34512525451
-1.68651839683,3.4485796289,1.33447874607
-1.68651839683,3.4485796289,1.32505396811
-1.68651839683,3.4485796289,1.31580372308
-1.68651839683,3.4485796289,1.30550628049
-1.68651839683,3.4485796289,1.29590696961
-1.68651839683,3.4485796289,1.28648219165
-1.68651839683,3.4485796289,1.27566115028
-1.68651839683,3.4485796289,1.26553824062
-1.68651839683,3.4485796289,1.25628799559
-1.68651839683,3.4485796289,1.24633961885
-1.68651839683,3.4485796289,1.23639124211
-1.68651839683,3.4485796289,1.22749006293
-1.68651839683,3.4485796289,1.21684355449
-1.68651839683,3.4485796289,1.20689517775
-1.68651839683,3.4485796289,1.19747039979
-1.68651839683,3.4485796289,1.18630029258
-1.68651839683,3.4485796289,1.17600284999
-1.68651839683,3.4485796289,1.16640353911
-1.68651839683,3.4485796289,1.1566296953
-1.68651839683,3.4485796289,1.14633225271
-1.68651839683,3.4485796289,1.13603481012
-1.68651839683,3.4485796289,1.12626096631
-1.68651839683,3.4485796289,1.11561445787
-1.68651839683,3.4485796289,1.10531701529
-1.68651839683,3.4485796289,1.09624130318
-1.68651839683,3.4485796289,1.08559479474
-1.68651839683,3.4485796289,1.07617001678
-1.68651839683,3.4485796289,1.06552350834
-1.68651839683,3.4485796289,1.05452793405
-1.68651839683,3.4485796289,1.04545222194
-1.68651839683,3.4485796289,1.03532931228
-1.68651839683,3.4485796289,1.02485733677
-1.68651839683,3.4485796289,1.01490896003
-1.68651839683,3.4485796289,1.00583324792
-1.68651839683,3.4485796289,0.994488607786
-1.68651839683,3.4485796289,0.985412895676
-1.68651839683,3.4485796289,0.97546451894
-1.68651839683,3.4485796289,0.964643477577
-1.68651839683,3.4485796289,0.954171502065
-1.68651839683,3.4485796289,0.94527032288
-1.68651839683,3.4485796289,0.934972880293
-1.68651839683,3.4485796289,0.924849970632
-1.68651839683,3.4485796289,0.914552528045
-1.68651839683,3.4485796289,0.904604151309
-1.68651839683,3.4485796289,0.894830307497
-1.68651839683,3.4485796289,0.884707397836
-1.68651839683,3.4485796289,0.875282619875
-1.68651839683,3.4485796289,0.864461578513
-1.68651839683,3.4485796289,0.855211333477
-1.68651839683,3.4485796289,0.843866693339
-1.68651839683,3.4485796289,0.834441915378
-1.68651839683,3.4485796289,0.824319005717
-1.68651839683,3.4485796289,0.814196096055
-1.68651839683,3.4485796289,0.80494585102
-1.68651839683,3.4485796289,0.794997474283
-1.68651839683,3.4485796289,0.784001899996
-1.68651839683,3.4485796289,0.774053523259
-1.68651839683,3.4485796289,0.764977811149
-1.68651839683,3.4485796289,0.754331302712
-1.68651839683,3.4485796289,0.744557458901
-1.68651839683,3.4485796289,0.734085483389
-1.68651839683,3.4485796289,0.724311639578
-1.68651839683,3.4485796289,0.714014196991
-1.68651839683,3.4485796289,0.703716754404
-1.68651839683,3.4485796289,0.693768377668
-1.68651839683,3.4485796289,0.684169066782
-1.68651839683,3.4485796289,0.673871624195
-1.68651839683,3.4485796289,0.664446846234
-1.68651839683,3.4485796289,0.654498469498
-1.68651839683,3.4485796289,0.645073691537
-1.68651839683,3.4485796289,0.6344271831
-1.68651839683,3.4485796289,0.624827872214
-1.68651839683,3.4485796289,0.614181363777
-1.68651839683,3.4485796289,0.603360322414
-1.68651839683,3.4485796289,0.593062879828
-1.68651839683,3.4485796289,0.583812634792
-1.68651839683,3.4485796289,0.57299159343
-1.68651839683,3.4485796289,0.563566815469
-1.68651839683,3.4485796289,0.553269372882
-1.68651839683,3.4485796289,0.542971930295
-1.68651839683,3.4485796289,0.532499954783
-1.68651839683,3.4485796289,0.523075176823
-1.68651839683,3.4485796289,0.512428668386
-1.68651839683,3.4485796289,0.502480291649
-1.68651839683,3.4485796289,0.492706447838
-1.68651839683,3.4485796289,0.482234472326
-1.68651839683,3.4485796289,0.472111562664
-1.68514144901,3.44925849847,0.442790031231
-1.68180263275,3.45077570875,0.406312649864
-1.67861484541,3.45198720014,0.308923277603
-1.67601571906,3.45266104704,0.185353966562
-1.67343413496,3.45296437124,0.0438077642251
-1.67126224489,3.45289468851,-0.108384946549
-1.66916409163,3.45252234131,-0.259355926846
-1.66745846511,3.45197978244,-0.435110582522
-1.66652005237,3.45147697641,-0.607200046769
-1.66588230265,3.4509116231,-0.774053523259
-1.66538093335,3.45038838246,-0.864461578513
-1.66538093335,3.45038838246,-0.874409955249
-1.66538093335,3.45038838246,-0.884009266135
-1.66538093335,3.45038838246,-0.894655774572
-1.66538093335,3.45038838246,-0.904604151309
-1.66538093335,3.45038838246,-0.915425192671
-1.66538093335,3.45038838246,-0.925199036482
-1.66538093335,3.45038838246,-0.934449281518
-1.66538093335,3.45038838246,-0.945095789955
-1.66538093335,3.45038838246,-0.955393232542
-1.66538093335,3.45038838246,-0.964468944652
-1.66538093335,3.45038838246,-0.975289986014
-1.66538093335,3.45038838246,-0.9848892969
-1.66538093335,3.45038838246,-0.994488607786
-1.66538093335,3.45038838246,-1.00583324792
-1.66538093335,3.45038838246,-1.01508349296
-1.66538093335,3.45038838246,-1.0257300014
