0,0,0,0.0622119903564
0,0,0,0.0788450241089
0,0,0,0.0955181121826
0.0,0.0,0.0,0.0028510093689
0.0,0.0,0.0,0.019670009613
0.0,0.0,0.0,0.0365469455719
0.0,0.0,0.0,0.0528838634491
0.0,0.0,0.0,0.069445848465
0.0,0.0,0.0,0.0862429141998
0.0,0.0,0.0,0.103235006332
0.0,0.0,0.0,0.119423866272
0.0,0.0,0.0,0.136103868484
0.0,0.0,0.0,0.152878046036
0.0,0.0,0.0,0.169528007507
0.0,0.0,0.0,0.186279058456
0.0,0.0,0.0,0.203011035919
0.0,0.0,0.0,0.219872951508
0.0,0.0,0.0,0.236466884613
0.0,0.0,0.0,0.25336098671
0.0,0.0,0.0,0.269981861115
0.0,0.0,0.0,0.286344051361
0.0,0.0,0.0,0.302989006042
0.0,0.0,0.0,0.320178031921
0.0,0.0,0.0,0.336803913116
0.0,0.0,0.0,0.353150844574
0.0,0.0,0.0,0.369704008102
0.0,0.0,0.0,0.386502981186
0.0,0.0,0.0,0.403054952621
0.0,0.0,0.0,0.420105934143
0.0,0.0,0.0,0.436365842819
0.0,0.0,0.0,0.453436851501
0.0,0.0,0.0,0.469900846481
0.0,0.0,0.0,0.487277984619
0.0,0.0,0.0,0.503145933151
0.0,0.0,0.0,0.519696950912
0.0,0.0,0.0,0.536375999451
0.0,0.0,0.0,0.553102970123
0.0,0.0,0.0,0.569900035858
0.0,0.0,0.0,0.586833000183
0.0,0.0,0.0,0.605344057083
0.0,0.0,0.0,0.619554042816
0.0,0.0,0.0,0.636180877686
0.0,0.0,0.0,0.653028964996
0.0,0.0,0.0,0.669627904892
0.0,0.0,0.0,0.686280965805
0.0,0.0,0.0,0.702913045883
0.0,0.0,0.0,0.720466852188
0.0,0.0,0.0,0.736340999603
0.0,0.0,0.0,0.752969026566
0.0,0.0,0.0,0.769628047943
0.0,0.0,0.0,0.786396026611
0.0,0.0,0.0,0.803102016449
0.0,0.0,0.0,0.819838047028
0.0,0.0,0.0,0.836317062378
0.0,0.0,0.0,0.853143930435
0.0,0.0,0.0,0.869907855988
0.0,0.0,0.0,0.886455059052
0.0,0.0,0.0,0.903215885162
0.0,0.0,0.0,0.919851064682
0.0,0.0,0.0,0.936156988144
0.0,0.0,0.0,0.952998876572
0.0,0.0,0.0,0.969860076904
0.0,0.0,0.0,0.986418008804
0.0,0.0,0.0,1.00298595428
0.0,0.0,0.0,1.01987695694
0.0,0.0,0.0,1.03624391556
0.0,0.0,0.0,1.05334186554
0.0,0.0,0.0,1.07000589371
0.0,0.0,0.0,1.08622598648
0.0,0.0,0.0,1.10403490067
0.0,0.0,0.0,1.1195909977
0.0,0.0,0.0,1.13625192642
0.0,0.0,0.0,1.15300297737
0.0,0.0,0.0,1.16976284981
0.0,0.0,0.0,1.18640494347
0.0,0.0,0.0,1.20342898369
0.0,0.0,0.0,1.22008800507
0.0,0.0,0.0,1.23643684387
0.0,0.0,0.0,1.25355005264
0.0,0.0,0.0,1.26972007751
0.0,0.0,0.0,1.28643298149
0.0,0.0,0.0,1.30311799049
0.0,0.0,0.0,1.31975507736
0.0,0.0,0.0,1.34113001823
0.0,0.0,0.0,1.3531088829
0.0,0.0,0.0,1.36990594864
0.0,0.0,0.0,1.38625001907
0.0,0.0,0.0,1.40294384956
0.0,0.0,0.0,1.41982007027
0.0,0.0,0.0,1.43727302551
0.0,0.0,0.0,1.45320487022
0.0,0.0,0.0,1.46960806847
0.0,0.0,0.0,1.48634004593
0.0,0.0,0.0,1.50295996666
0.0,0.0,0.0,1.51964497566
0.0,0.0,0.0,1.53623485565
0.0,0.0,0.0,1.55322384834
0.0,0.0,0.0,1.56985998154
0.0,0.0,0.0,1.58643603325
0.0,0.0,0.0,1.60303401947
0.0,0.0,0.0,1.61965894699
0.0,0.0,0.0,1.63681006432
0.0,0.0,0.0,1.65343999863
0.0,0.0,0.0,1.67027807236
0.0,0.0,0.0,1.68638586998
0.0,0.0,0.0,1.70311498642
0.0,0.0,0.0,1.7197239399
0.0,0.0,0.0,1.73766303062
0.0,0.0,0.0,1.75385904312
0.0,0.0,0.0,1.769769907
0.0,0.0,0.0,1.78643703461
0.0,0.0,0.0,1.80306887627
0.0,0.0,0.0,1.81988096237
0.0,0.0,0.0,1.83635306358
0.0,0.0,0.0,1.85331988335
0.0,0.0,0.0,1.86976695061
0.0,0.0,0.0,1.88654303551
0.0,0.0,0.0,1.90422201157
0.0,0.0,0.0,1.91977190971
0.0,0.0,0.0,1.93645000458
0.0,0.0,0.0,1.95339298248
0.0,0.0,0.0,1.96972584724
0.0,0.0,0.0,1.98629307747
0.0,0.0,0.0,2.00308704376
0.0,0.0,0.0,2.01977586746
0.0,0.0,0.0,2.03627085686
0.0,0.0,0.0,2.05328297615
0.0,0.0,0.0,2.06997990608
0.0,0.0,0.0,2.08652806282
0.0,0.0,0.0,2.1032140255
0.0,0.0,0.0,2.11989402771
0.0,0.0,0.0,2.13660788536
0.0,0.0,0.0,2.15306591988
0.0,0.0,0.0,2.1710050106
0.0,0.0,0.0,2.18638086319
0.0,0.0,0.0,2.2039308548
0.0,0.0,0.0,2.21982598305
0.0,0.0,0.0,2.23653388023
0.0,0.0,0.0,2.25361084938
0.0,0.0,0.0,2.27063989639
0.0,0.0,0.0,2.28655791283
0.0,0.0,0.0,2.30307793617
0.0,0.0,0.0,2.3196079731
0.0,0.0,0.0,2.33632397652
0.0,0.0,0.0,2.35309696198
0.0,0.0,0.0,2.37326407433
0.0,0.0,0.0,2.38640189171
0.0,0.0,0.0,2.40361094475
0.0,0.0,0.0,2.41973805428
0.0,0.0,0.0,2.43627095222
0.0,0.0,0.0,2.45311784744
0.0,0.0,0.0,2.46976184845
0.0,0.0,0.0,2.48653697968
0.0,0.0,0.0,2.50327801704
0.0,0.0,0.0,2.519769907
0.0,0.0,0.0,2.53628206253
0.0,0.0,0.0,2.55314707756
0.0,0.0,0.0,2.56961297989
0.0,0.0,0.0,2.58651304245
0.0,0.0,0.0,2.60308790207
0.0,0.0,0.0,2.61978006363
0.0,0.0,0.0,2.63643789291
0.0,0.0,0.0,2.65321302414
0.0,0.0,0.0,2.66991186142
0.0,0.0,0.0,2.68648195267
0.0,0.0,0.0,2.7030479908
0.0,0.0,0.0,2.72150492668
0.0,0.0,0.0,2.73632502556
0.0,0.0,0.0,2.75311398506
0.0,0.0,0.0,2.76976203918
0.0,0.0,0.0,2.78655004501
0.0,0.0,0.0,2.80296492577
0.0,0.0,0.0,2.81973290443
0.0,0.0,0.0,2.83685684204
0.0,0.0,0.0,2.85307693481
0.0,0.0,0.0,2.86984586716
0.0,0.0,0.0,2.88665485382
0.0,0.0,0.0,2.9030649662
0.0,0.0,0.0,2.9197409153
0.0,0.0,0.0,2.93680787086
0.0,0.0,0.0,2.95299196243
0.0,0.0,0.0,2.96981096268
0.0,0.0,0.0,2.98642206192
0.0,0.0,0.0,3.00311303139
0.0,0.0,0.0,3.0210878849
0.0,0.0,0.0,3.03777503967
0.0,0.0,0.0,3.05340790749
0.0,0.0,0.0,3.07030391693
0.0,0.0,0.0,3.08680295944
0.0,0.0,0.0,3.10399007797
0.0,0.0,0.0,3.12026691437
0.0,0.0,0.0,3.13683891296
0.0,0.0,0.0,3.15365695953
0.0,0.0,0.0,3.17054486275
0.0,0.0,0.0,3.18700289726
0.0,0.0,0.0,3.20299696922
0.0,0.0,0.0,3.22014093399
0.0,0.0,0.0,3.23682284355
0.0,0.0,0.0,3.25338292122
0.0,0.0,0.0,3.27008891106
0.0,0.0,0.0,3.28677606583
0.0,0.0,0.0,3.30332303047
0.0,0.0,0.0,3.31976795197
0.0,0.0,0.0,3.33654999733
0.0,0.0,0.0,3.35337495804
0.0,0.0,0.0,3.36984801292
0.0,0.0,0.0,3.38661694527
0.0,0.0,0.0,3.40328884125
0.0,0.0,0.0,3.42033886909
0.0,0.0,0.0,3.43658399582
0.0,0.0,0.0,3.45355796814
0.0,0.0,0.0,3.46981096268
0.0,0.0,0.0,3.48657989502
0.0,0.0,0.0,3.50333786011
0.0,0.0,0.0,3.52072787285
0.0,0.0,0.0,3.53653693199
0.0,0.0,0.0,3.55298686028
0.0,0.0,0.0,3.56986284256
0.0,0.0,0.0,3.58657503128
0.0,0.0,0.0,3.60324501991
0.0,0.0,0.0,3.62002706528
0.0,0.0,0.0,3.63671207428
0.0,0.0,0.0,3.6533010006
0.0,0.0,0.0,3.66989088058
0.0,0.0,0.0,3.68652296066
0.0,0.0,0.0,3.70322489738
0.0,0.0,0.0,3.71990084648
0.0,0.0,0.0,3.73824906349
0.0,0.0,0.0,3.75362491608
0.0,0.0,0.0,3.77049803734
0.0,0.0,0.0,3.78792285919
0.0,0.0,0.0,3.80353784561
0.0,0.0,0.0,3.82044506073
0.0,0.0,0.0,3.8375120163
0.0,0.0,0.0,3.85332202911
0.0,0.0,0.0,3.87068390846
0.0,0.0,0.0,3.88643097878
0.0,0.0,0.0,3.90426492691
0.0,0.0,0.0,3.9213180542
0.0,0.0,0.0,3.93804597855
0.0,0.0,0.0,3.9534330368
0.0,0.0,0.0,3.97007894516
0.0,0.0,0.0,3.98683190346
0.0,0.0,0.0,4.00459384918
0.0,0.0,0.0,4.01980400085
0.0,0.0,0.0,4.0380730629
0.0,0.0,0.0,4.05303096771
0.0,0.0,0.0,4.06989789009
0.0,0.0,0.0,4.08726406097
0.0,0.0,0.0,4.10335206985
0.0,0.0,0.0,4.12012600899
0.0,0.0,0.0,4.13809084892
0.0,0.0,0.0,4.15348696709
0.0,0.0,0.0,4.1702439785
0.0,0.0,0.0,4.1876308918
0.0,0.0,0.0,4.20377087593
0.0,0.0,0.0,4.21983194351
0.0,0.0,0.0,4.2369248867
0.0,0.0,0.0,4.25345301628
0.0,0.0,0.0,4.27103805542
0.0,0.0,0.0,4.28674387932
0.0,0.0,0.0,4.30314302444
0.0,0.0,0.0,4.31982207298
0.0,0.0,0.0,4.33797907829
0.0,0.0,0.0,4.35314488411
0.0,0.0,0.0,4.36987805367
0.0,0.0,0.0,4.38651800156
0.0,0.0,0.0,4.40317797661
0.0,0.0,0.0,4.42010593414
0.0,0.0,0.0,4.43628406525
0.0,0.0,0.0,4.4529979229
0.0,0.0,0.0,4.46973204613
0.0,0.0,0.0,4.48641395569
0.0,0.0,0.0,4.50301790237
0.0,0.0,0.0,4.51971101761
0.0,0.0,0.0,4.53634405136
0.0,0.0,0.0,4.55307292938
0.0,0.0,0.0,4.56966495514
0.0,0.0,0.0,4.58635997772
0.0,0.0,0.0,4.60298991203
0.0,0.0,0.0,4.6197040081
0.0,0.0,0.0,4.63633203506
0.0,0.0,0.0,4.65306401253
0.0,0.0,0.0,4.66969394684
0.0,0.0,0.0,4.68637299538
0.0,0.0,0.0,4.7030339241
0.0,0.0,0.0,4.71979498863
0.0,0.0,0.0,4.73632001877
0.0,0.0,0.0,4.75313901901
0.0,0.0,0.0,4.76973605156
0.0,0.0,0.0,4.78633499146
0.0,0.0,0.0,4.80297899246
0.0,0.0,0.0,4.81969404221
0.0,0.0,0.0,4.83632302284
0.0,0.0,0.0,4.85303997993
0.0,0.0,0.0,4.86968898773
0.0,0.0,0.0,4.88634800911
0.0,0.0,0.0,4.90289187431
0.0,0.0,0.0,4.92002487183
0.0,0.0,0.0,4.93631696701
0.0,0.0,0.0,4.95320487022
0.0,0.0,0.0,4.96956086159
0.0,0.0,0.0,4.98633599281
0.0,0.0,0.0,5.00291895866
0.0,0.0,0.0,5.0201458931
0.0,0.0,0.0,5.03624200821
0.0,0.0,0.0,5.0532078743
0.0,0.0,0.0,5.06966090202
0.0,0.0,0.0,5.08633494377
0.0,0.0,0.0,5.10290288925
0.0,0.0,0.0,5.1196680069
0.0,0.0,0.0,5.13642287254
0.0,0.0,0.0,5.1530919075
0.0,0.0,0.0,5.16966891289
0.0,0.0,0.0,5.18658304214
0.0,0.0,0.0,5.20346093178
0.0,0.0,0.0,5.21981287003
0.0,0.0,0.0,5.23780202866
0.0,0.0,0.0,5.25330805779
0.0,0.0,0.0,5.26980495453
0.0,0.0,0.0,5.2865819931
0.0,0.0,0.0,5.30299091339
0.0,0.0,0.0,5.31983590126
0.0,0.0,0.0,5.3369948864
0.0,0.0,0.0,5.35342097282
0.0,0.0,0.0,5.36974906921
0.0,0.0,0.0,5.38643288612
0.0,0.0,0.0,5.40302491188
0.0,0.0,0.0,5.41964101791
0.0,0.0,0.0,5.43656492233
0.0,0.0,0.0,5.4532160759
0.0,0.0,0.0,5.47042989731
0.0,0.0,0.0,5.48641204834
0.0,0.0,0.0,5.50310397148
0.0,0.0,0.0,5.51964306831
0.0,0.0,0.0,5.53648090363
0.0,0.0,0.0,5.55328607559
0.0,0.0,0.0,5.57021188736
0.0,0.0,0.0,5.58677101135
0.0,0.0,0.0,5.60339307785
0.0,0.0,0.0,5.61980891228
0.0,0.0,0.0,5.63760185242
0.0,0.0,0.0,5.65311384201
0.0,0.0,0.0,5.6698050499
0.0,0.0,0.0,5.6865670681
0.0,0.0,0.0,5.70318007469
0.0,0.0,0.0,5.7200858593
Actuacion(lineal,angular) = 0.0399844169617,0.0
0.0,0.0,0.0,5.73751997948
0.0,0.0,0.0,5.7532749176
0.0,0.0,0.0,5.76980185509
0.0,0.0,0.0,5.78652596474
0.0,0.0,0.0,5.80298399925
0.0,0.0,0.000174532925199,5.81981706619
0.0,0.0,0.000174532925199,5.83642601967
0.0,0.0,0.000174532925199,5.85325098038
0.0,0.0,0.000174532925199,5.8703520298
0.0,0.0,0.000174532925199,5.88637804985
0.000426460435173,7.44313880917e-08,0.000174532925199,5.90329003334
0.000426460435173,7.44313880917e-08,0.000174532925199,5.92071986198
Actuacion(lineal,angular) = 0.0799488544464,-0.000262833686155
0.000426460435173,7.44313880917e-08,0.000174532925199,5.93635702133
0.000426460435173,7.44313880917e-08,0.000174532925199,5.95320391655
0.000938212957379,1.63749053557e-07,0.000174532925199,5.96989798546
0.001236735262,2.15851025265e-07,0.000174532925199,5.98667001724
0.001236735262,2.15851025265e-07,0.000174532925199,6.00405502319
0.001236735262,2.15851025265e-07,0.000174532925199,6.02104687691
0.001236735262,2.15851025265e-07,0.000174532925199,6.03760290146
0.00311316117676,5.43349132236e-07,0.000174532925199,6.05391001701
0.00311316117676,5.43349132236e-07,0.000174532925199,6.071352005
0.00311316117676,5.43349132236e-07,0.000174532925199,6.08674502373
0.00537340148317,9.37835488432e-07,0.000174532925199,6.10316896439
0.00537340148317,9.37835488432e-07,0.000174532925199,6.12018704414
Actuacion(lineal,angular) = 0.119973039627,-0.000263131054466
0.00537340148317,9.37835488432e-07,0.000174532925199,6.13750195503
0.00537340148317,9.37835488432e-07,0.000174532925199,6.15393686295
0.00861450079048,1.50351403727e-06,0.0003490658504,6.17061495781
0.00861450079048,1.50351403727e-06,0.0003490658504,6.18645405769
0.00861450079048,1.50351403727e-06,0.0003490658504,6.20313000679
0.0121541222407,2.73907505916e-06,0.0003490658504,6.22109389305
0.0121541222407,2.73907505916e-06,0.0003490658504,6.23790693283
0.0121541222407,2.73907505916e-06,0.0003490658504,6.25400090218
0.0121541222407,2.73907505916e-06,0.0003490658504,6.27126193047
0.0166319566054,4.30213418316e-06,0.000523598775598,6.28763103485
0.0182525060616,5.15065197192e-06,0.000698131700797,6.30484104156
0.0182525060616,5.15065197192e-06,0.000698131700797,6.320073843
0.0182525060616,5.15065197192e-06,0.000698131700797,6.33622503281
Actuacion(lineal,angular) = 0.160091018677,-0.00105520653568
0.0182525060616,5.15065197192e-06,0.000698131700797,6.35330891609
0.0234126761483,8.75313087625e-06,0.000872664625997,6.369754076
0.0234126761483,8.75313087625e-06,0.000872664625997,6.38639307022
0.0234126761483,8.75313087625e-06,0.000872664625997,6.40387392044
0.0292125359465,1.38144646425e-05,0.000523598775598,6.42009496689
0.0292125359465,1.38144646425e-05,0.000523598775598,6.43747591972
0.0292125359465,1.38144646425e-05,0.000523598775598,6.45337605476
0.0292125359465,1.38144646425e-05,0.000523598775598,6.47055792809
0.0355667956563,1.71415475503e-05,0.000872664625997,6.48668599129
0.0355667956563,1.71415475503e-05,0.000872664625997,6.50333189964
0.0355667956563,1.71415475503e-05,0.000872664625997,6.52121305466
Actuacion(lineal,angular) = 0.199981832504,-0.00139797908912
0.0355667956563,1.71415475503e-05,0.000872664625997,6.53654503822
0.04290191246,2.35426461375e-05,0.000523598775598,6.55314397812
0.04290191246,2.35426461375e-05,0.000523598775598,6.57002902031
0.04290191246,2.35426461375e-05,0.000523598775598,6.5867638588
0.0499811548213,2.7249329109e-05,0.000523598775598,6.60412096977
0.0499811548213,2.7249329109e-05,0.000523598775598,6.61988902092
0.0499811548213,2.7249329109e-05,0.000523598775598,6.63654994965
0.0499811548213,2.7249329109e-05,0.000523598775598,6.65310287476
0.0577427337957,3.1313282728e-05,0.000523598775598,6.67038106918
0.0577427337957,3.1313282728e-05,0.000523598775598,6.68685984612
0.0577427337957,3.1313282728e-05,0.000523598775598,6.70307087898
0.0661866493832,3.57345069948e-05,0.000698131700797,6.72020792961
Actuacion(lineal,angular) = 0.239969825745,-0.000914236085842
0.0661866493832,3.57345069948e-05,0.000698131700797,6.73864006996
0.0661866493832,3.57345069948e-05,0.000698131700797,6.75401091576
0.0661866493832,3.57345069948e-05,0.000698131700797,6.77001786232
0.075483484746,4.22249235333e-05,0.000872664625997,6.78680992126
0.0785539987568,4.49044531744e-05,0.000698131700797,6.80381894112
0.0785539987568,4.49044531744e-05,0.000698131700797,6.81978106499
0.0785539987568,4.49044531744e-05,0.000698131700797,6.83836197853
0.0785539987568,4.49044531744e-05,0.000698131700797,6.85338902473
0.0891728611666,5.23178188534e-05,0.000872664625997,6.87014889717
0.0927551275126,5.5443936768e-05,0.000698131700797,6.88765096664
0.0927551275126,5.5443936768e-05,0.000698131700797,6.90326595306
0.0927551275126,5.5443936768e-05,0.000698131700797,6.91986489296
Actuacion(lineal,angular) = 0.279988384247,-0.00111315149363
0.0927551275126,5.5443936768e-05,0.000698131700797,6.93655395508
0.103885742328,6.32145730823e-05,0.0015707963268,6.95307302475
0.103885742328,6.32145730823e-05,0.0015707963268,6.9697329998
0.103885742328,6.32145730823e-05,0.0015707963268,6.98637700081
0.115144284098,8.08994636852e-05,0.0013962634016,7.00348901749
0.115144284098,8.08994636852e-05,0.0013962634016,7.02082800865
0.115144284098,8.08994636852e-05,0.0013962634016,7.03669095039
0.115144284098,8.08994636852e-05,0.0013962634016,7.05362606049
0.126914580815,9.73339088963e-05,0.00122173047639,7.06970000267
0.126914580815,9.73339088963e-05,0.00122173047639,7.08633899689
0.126914580815,9.73339088963e-05,0.00122173047639,7.10413694382
0.140177490652,0.000113537618113,0.0015707963268,7.12011885643
Actuacion(lineal,angular) = 0.3,-0.00215739778422
0.140177490652,0.000113537618113,0.0015707963268,7.13872003555
0.140177490652,0.000113537618113,0.0015707963268,7.15330195427
0.140177490652,0.000113537618113,0.0015707963268,7.17034602165
0.153440394026,0.000134370955149,0.00174532925199,7.1864669323
0.153440394026,0.000134370955149,0.00174532925199,7.20315694809
0.153440394026,0.000134370955149,0.00174532925199,7.2198779583
0.167342983249,0.000158635575437,0.00191986217719,7.23676204681
0.167342983249,0.000158635575437,0.00191986217719,7.25337386131
0.171948747531,0.000167478018943,0.00191986217719,7.27041101456
0.171948747531,0.000167478018943,0.00191986217719,7.28647398949
0.171948747531,0.000167478018943,0.00191986217719,7.30324292183
0.186107208101,0.000194660345276,0.00226892802759,7.3201239109
Actuacion(lineal,angular) = 0.3,-0.00335183002651
0.186107208101,0.000194660345276,0.00226892802759,7.33635306358
0.190968844622,0.000205691067568,0.00244346095279,7.35297393799
0.190968844622,0.000205691067568,0.00244346095279,7.36985087395
0.190968844622,0.000205691067568,0.00244346095279,7.38633394241
0.205425810437,0.000241016169335,0.00279252680319,7.40348291397
0.205425810437,0.000241016169335,0.00279252680319,7.42005801201
0.205425810437,0.000241016169335,0.00279252680319,7.43686199188
0.205425810437,0.000241016169335,0.00279252680319,7.45359396935
0.219968054796,0.000281625882047,0.00279252680319,7.47055792809
0.219968054796,0.000281625882047,0.00279252680319,7.48693704605
0.219968054796,0.000281625882047,0.00279252680319,7.50334501266
0.234169132132,0.000321282874226,0.00261799387799,7.51979589462
Actuacion(lineal,angular) = 0.3,-0.00468155321364
0.234169132132,0.000321282874226,0.00261799387799,7.53779292107
0.234169132132,0.000321282874226,0.00261799387799,7.55328202248
0.234169132132,0.000321282874226,0.00261799387799,7.5698568821
0.248924612847,0.00035991272066,0.00261799387799,7.58655595779
0.248924612847,0.00035991272066,0.00261799387799,7.60333204269
0.248924612847,0.00035991272066,0.00261799387799,7.6200170517
0.26329628048,0.000397537744499,0.00279252680319,7.64158296585
0.26329628048,0.000397537744499,0.00279252680319,7.65420889854
0.26329628048,0.000397537744499,0.00279252680319,7.67229485512
0.26329628048,0.000397537744499,0.00279252680319,7.68641495705
0.277966462473,0.000438504727411,0.00296705972839,7.70326590538
0.282913381821,0.000453182575661,0.00279252680319,7.71991586685
Actuacion(lineal,angular) = 0.063918436395,0.0553700310301
0.282913381821,0.000453182575661,0.00279252680319,7.73790597916
0.282913381821,0.000453182575661,0.00279252680319,7.75297284126
0.282913381821,0.000453182575661,0.00279252680319,7.76988792419
0.297370334424,0.00049355410824,0.00314159265359,7.78637099266
0.302104021967,0.000508425475173,0.00314159265359,7.80342292786
0.302104021967,0.000508425475173,0.00314159265359,7.81978797913
0.302104021967,0.000508425475173,0.00314159265359,7.83696103096
0.307050938678,0.000523966723499,0.00349065850399,7.8538608551
0.307050938678,0.000523966723499,0.00349065850399,7.86979699135
0.307050938678,0.000523966723499,0.00349065850399,7.88640594482
0.307050938678,0.000523966723499,0.00349065850399,7.90336084366
0.312083141232,0.000541532495481,0.00541052068118,7.92010688782
0.313490440091,0.000549146789361,0.00663225115758,7.93677806854
Actuacion(lineal,angular) = 0.0449942880911,0.115314255388
0.313490440091,0.000549146789361,0.00663225115758,7.95336198807
0.313490440091,0.000549146789361,0.00663225115758,7.96991991997
0.313490440091,0.000549146789361,0.00663225115758,7.98650193214
0.315665340509,0.000563571486677,0.00663225115758,8.00345206261
0.315665340509,0.000563571486677,0.00663225115758,8.01977396011
0.315665340509,0.000563571486677,0.00663225115758,8.03650784492
0.317200564333,0.000573753625958,0.00698131700798,8.0539598465
0.317200564333,0.000573753625958,0.00698131700798,8.06978702545
0.317200564333,0.000573753625958,0.00698131700798,8.08651399612
0.317200564333,0.000573753625958,0.00698131700798,8.10325098038
0.319631329613,0.000590723844653,0.00715584993318,8.11975002289
Actuacion(lineal,angular) = 0.0774886018515,0.175325928361
0.320356293803,0.000595911668147,0.00698131700798,8.13734388351
0.320356293803,0.000595911668147,0.00698131700798,8.15319490433
0.320356293803,0.000595911668147,0.00698131700798,8.17334294319
0.320356293803,0.000595911668147,0.00698131700798,8.1879529953
0.322147384009,0.000608416039818,0.00750491578357,8.20416307449
0.322147384009,0.000608416039818,0.00750491578357,8.22054290771
0.322147384009,0.000608416039818,0.00750491578357,8.23816084862
0.324961943659,0.000629539469543,0.00802851455917,8.25389695168
0.324961943659,0.000629539469543,0.00802851455917,8.27101302147
0.324961943659,0.000629539469543,0.00802851455917,8.287129879
0.324961943659,0.000629539469543,0.00802851455917,8.30550885201
0.327904425872,0.000653163738417,0.00890117918517,8.31961798668
Actuacion(lineal,angular) = 0.0443043639503,0.23528903547
0.327904425872,0.000653163738417,0.00890117918517,8.33767700195
0.327904425872,0.000653163738417,0.00890117918517,8.35291004181
0.327904425872,0.000653163738417,0.00890117918517,8.36990189552
0.331699773443,0.000686947699469,0.00977384381117,8.38680005074
0.332936449653,0.000699035164489,0.00994837673637,8.40328192711
0.332936449653,0.000699035164489,0.00994837673637,8.41982007027
0.332936449653,0.000699035164489,0.00994837673637,8.43645596504
0.335495085683,0.000724490279423,0.010471975512,8.45386385918
0.335495085683,0.000724490279423,0.010471975512,8.47015285492
0.335495085683,0.000724490279423,0.010471975512,8.48657488823
0.335495085683,0.000724490279423,0.010471975512,8.50325584412
0.3377978458,0.000748605608491,0.0116937059884,8.51961398125
Actuacion(lineal,angular) = 0.0160867095913,0.295276389749
0.3377978458,0.000748605608491,0.0116937059884,8.53685498238
0.3377978458,0.000748605608491,0.0116937059884,8.55294299126
0.3377978458,0.000748605608491,0.0116937059884,8.57027101517
0.339119782781,0.00076406465553,0.012217304764,8.58841300011
0.339119782781,0.00076406465553,0.012217304764,8.60338497162
0.339119782781,0.00076406465553,0.012217304764,8.6200299263
0.340313782902,0.000778652844732,0.01308996939,8.63671588898
0.340313782902,0.000778652844732,0.01308996939,8.65327191353
0.340313782902,0.000778652844732,0.01308996939,8.66989398003
0.340313782902,0.000778652844732,0.01308996939,8.68653202057
0.340654922027,0.000783118600499,0.0136135681656,8.70338106155
0.340654922027,0.000783118600499,0.0136135681656,8.72003388405
Actuacion(lineal,angular) = 0.00614435593923,0.355255447061
0.340654922027,0.000783118600499,0.0136135681656,8.73722696304
0.340825490397,0.000785440788086,0.0157079632679,8.75310087204
0.340825490397,0.000785440788086,0.0160570291183,8.77042388916
0.340825490397,0.000785440788086,0.0160570291183,8.78660607338
0.340825490397,0.000785440788086,0.0160570291183,8.80347204208
0.340825490397,0.000785440788086,0.0160570291183,8.82005190849
0.34103869313,0.000788864484826,0.0169296937443,8.83648395538
0.341166612928,0.000791030334763,0.0171042266695,8.85319185257
0.341166612928,0.000791030334763,0.0171042266695,8.86981296539
0.341166612928,0.000791030334763,0.0171042266695,8.88645005226
0.341166612928,0.000791030334763,0.0171042266695,8.90351200104
0.341379811959,0.000794677294964,0.0185004900711,8.91984701157
Actuacion(lineal,angular) = 0.00316530748853,0.415222488077
0.341379811959,0.000794677294964,0.0185004900711,8.93775606155
0.341379811959,0.000794677294964,0.0185004900711,8.95313501358
0.341379811959,0.000794677294964,0.0185004900711,8.96976089478
0.341465089452,0.000796255150386,0.0202458193231,8.9863679409
0.341635638669,0.000799708530875,0.0209439510239,9.00358295441
0.341635638669,0.000799708530875,0.0209439510239,9.02022004128
0.341635638669,0.000799708530875,0.0209439510239,9.03907704353
0.341848822125,0.000804174087692,0.0216420827247,9.05377197266
0.341848822125,0.000804174087692,0.0216420827247,9.07210087776
0.341848822125,0.000804174087692,0.0216420827247,9.08635807037
0.341848822125,0.000804174087692,0.0216420827247,9.10442304611
0.342104638468,0.000809711350706,0.0239110107523,9.11988306046
Actuacion(lineal,angular) = 0.0019757086435,0.47520540777
0.342104638468,0.000809711350706,0.0239110107523,9.13707900047
0.342104638468,0.000809711350706,0.0239110107523,9.1541659832
0.342104638468,0.000809711350706,0.0239110107523,9.16998004913
0.342232540029,0.000812770189273,0.0256563400043,9.18631100655
0.342232540029,0.000812770189273,0.0256563400043,9.20424795151
0.342232540029,0.000812770189273,0.0256563400043,9.22016501427
0.342530964093,0.000820428338912,0.0268780704807,9.23647999763
0.342530964093,0.000820428338912,0.0268780704807,9.25568985939
0.342530964093,0.000820428338912,0.0268780704807,9.27398204803
0.342914639859,0.000830743287262,0.0293215314335,9.28760004044
0.342914639859,0.000830743287262,0.0293215314335,9.30540204048
0.343042522998,0.000834494091721,0.0301941960595,9.31976604462
Actuacion(lineal,angular) = 0.00134565288471,0.535238967569
0.343042522998,0.000834494091721,0.0301941960595,9.33942699432
0.343042522998,0.000834494091721,0.0301941960595,9.35408401489
0.343340909238,0.000843506363308,0.0329867228627,9.37242889404
0.343340909238,0.000843506363308,0.0329867228627,9.38642096519
0.343340909238,0.000843506363308,0.0329867228627,9.40314388275
0.343340909238,0.000843506363308,0.0329867228627,9.41999101639
0.343852383368,0.000860384340912,0.0357792496659,9.4365799427
0.343852383368,0.000860384340912,0.0357792496659,9.45384287834
0.343852383368,0.000860384340912,0.0357792496659,9.47115302086
0.343852383368,0.000860384340912,0.0357792496659,9.48635196686
0.344321189621,0.000877165038139,0.0397935069455,9.50351691246
0.344321189621,0.000877165038139,0.0397935069455,9.51966500282
Actuacion(lineal,angular) = 0.000963169281234,0.595238981874
0.344321189621,0.000877165038139,0.0397935069455,9.53682589531
0.344789924736,0.000895827504023,0.0441568300755,9.55297088623
0.344789924736,0.000895827504023,0.0441568300755,9.56987094879
0.344789924736,0.000895827504023,0.0441568300755,9.58647203445
0.344789924736,0.000895827504023,0.0441568300755,9.60330605507
0.345173365008,0.000912770024075,0.0488692190558,9.6199028492
0.345173365008,0.000912770024075,0.0488692190558,9.63678407669
0.345173365008,0.000912770024075,0.0488692190558,9.65321993828
0.345684506576,0.000937769017358,0.0532325421858,9.67045092583
0.345684506576,0.000937769017358,0.0532325421858,9.68645405769
0.345684506576,0.000937769017358,0.0532325421858,9.70322799683
0.345684506576,0.000937769017358,0.0532325421858,9.71992993355
Actuacion(lineal,angular) = 0.000715098149501,0.655204449327
0.345897434753,0.000949114444049,0.0614355896702,9.73760890961
0.345897434753,0.000949114444049,0.0614355896702,9.75318098068
0.345897434753,0.000949114444049,0.0614355896702,9.77038097382
0.346237959467,0.000970061140579,0.0703367688554,9.78701090813
0.346237959467,0.000970061140579,0.0703367688554,9.80328702927
0.346237959467,0.000970061140579,0.0703367688554,9.8199429512
0.346237959467,0.000970061140579,0.0703367688554,9.83698701859
0.346663365438,0.00100003226332,0.0818559419185,9.85321593285
0.346833378443,0.0010139800037,0.0849975345721,9.86983990669
0.346833378443,0.0010139800037,0.0849975345721,9.88632392883
0.346833378443,0.0010139800037,0.0849975345721,9.90328097343
0.346833378443,0.0010139800037,0.0849975345721,9.92012190819
Actuacion(lineal,angular) = 0.000583359650515,0.7
0.347173315139,0.00104294356826,0.0956440430093,9.93788504601
0.347173315139,0.00104294356826,0.0956440430093,9.95348000526
0.347173315139,0.00104294356826,0.0956440430093,9.97042894363
0.347173315139,0.00104294356826,0.0956440430093,9.98674106598
0.347428021946,0.00106737931347,0.105941485596,10.00345397
0.347428021946,0.00106737931347,0.105941485596,10.0203559399
0.347428021946,0.00106737931347,0.105941485596,10.0388958454
0.347682463627,0.00109443654551,0.119380520836,10.053262949
0.347682463627,0.00109443654551,0.119380520836,10.069742918
0.347767148658,0.00110459459101,0.123743843966,10.0864219666
0.347767148658,0.00110459459101,0.123743843966,10.1042530537
0.347767148658,0.00110459459101,0.123743843966,10.1199650764
Actuacion(lineal,angular) = 0.0005812261148,0.7
0.348232668119,0.00116249559781,0.137357412132,10.1386129856
0.348232668119,0.00116249559781,0.137357412132,10.1533138752
0.348232668119,0.00116249559781,0.137357412132,10.1753249168
0.348655111855,0.00122088907661,0.1530653754,10.1862380505
0.348655111855,0.00122088907661,0.1530653754,10.2034049034
0.348655111855,0.00122088907661,0.1530653754,10.2198419571
0.348655111855,0.00122088907661,0.1530653754,10.2376849651
0.348907996504,0.00125990211626,0.171216799621,10.253068924
0.348992041466,0.00127443430873,0.1752310569,10.269974947
0.348992041466,0.00127443430873,0.1752310569,10.2865669727
0.348992041466,0.00127443430873,0.1752310569,10.3033590317
0.348992041466,0.00127443430873,0.1752310569,10.3199388981
Actuacion(lineal,angular) = 0.000580992019904,0.7
0.349243999315,0.00131904266648,0.185179433637,10.3379080296
0.349369750118,0.00134259900676,0.188495559215,10.3532099724
0.349369750118,0.00134259900676,0.188495559215,10.3702399731
0.349369750118,0.00134259900676,0.188495559215,10.3866739273
0.349662984776,0.00139853650949,0.200538331054,10.4072320461
0.349662984776,0.00139853650949,0.200538331054,10.4198088646
0.349662984776,0.00139853650949,0.200538331054,10.4383440018
0.349662984776,0.00139853650949,0.200538331054,10.4530899525
0.349871941754,0.00144101130894,0.217118958948,10.4704830647
0.349871941754,0.00144101130894,0.217118958948,10.4865119457
0.349871941754,0.00144101130894,0.217118958948,10.5030109882
0.349871941754,0.00144101130894,0.217118958948,10.5205519199
0.350163455394,0.00150531812524,0.230732527114,10.5364179611
Actuacion(lineal,angular) = 0.000581367050589,0.7
0.350163455394,0.00150531812524,0.230732527114,10.5529720783
0.350163455394,0.00150531812524,0.230732527114,10.5697939396
0.350412550717,0.00156383464722,0.248011286708,10.5862729549
0.350412550717,0.00156383464722,0.248011286708,10.6032888889
0.350412550717,0.00156383464722,0.248011286708,10.6196670532
0.350412550717,0.00156383464722,0.248011286708,10.6364579201
0.350536574265,0.00159524046273,0.264940980453,10.6531000137
0.350536574265,0.00159524046273,0.264940980453,10.6699919701
0.350536574265,0.00159524046273,0.264940980453,10.6862969398
0.350906996594,0.0016957431487,0.281347075421,10.7041070461
0.350906996594,0.0016957431487,0.281347075421,10.7205159664
Actuacion(lineal,angular) = 0.000581231723726,0.7
0.350906996594,0.0016957431487,0.281347075421,10.7386250496
0.350988935193,0.00171942449802,0.285710398551,10.7529790401
0.350988935193,0.00171942449802,0.285710398551,10.7710089684
0.350988935193,0.00171942449802,0.285710398551,10.7865250111
0.351316273153,0.00181557908736,0.298276769166,10.8032829762
0.351316273153,0.00181557908736,0.298276769166,10.8202929497
0.351316273153,0.00181557908736,0.298276769166,10.8399498463
0.351520088049,0.00187824179939,0.311366738556,10.8547370434
0.351520088049,0.00187824179939,0.311366738556,10.869904995
0.351520088049,0.00187824179939,0.311366738556,10.8863809109
0.351844851576,0.00198276211637,0.330739893253,10.9049119949
0.351844851576,0.00198276211637,0.330739893253,10.9198000431
Actuacion(lineal,angular) = 0.000580903309829,0.7
0.351844851576,0.00198276211637,0.330739893253,10.9379498959
0.351925521032,0.00201046011734,0.335801348084,10.9531149864
0.351925521032,0.00201046011734,0.335801348084,10.9702448845
0.351925521032,0.00201046011734,0.335801348084,10.9864728451
0.352207369839,0.00210883093967,0.348542251623,11.0033390522
0.352207369839,0.00210883093967,0.348542251623,11.0196518898
0.352207369839,0.00210883093967,0.348542251623,11.0380849838
0.352528024276,0.00222534951049,0.359712358836,11.0534250736
0.352528024276,0.00222534951049,0.359712358836,11.0744709969
0.352528024276,0.00222534951049,0.359712358836,11.0864489079
0.352528024276,0.00222534951049,0.359712358836,11.1031079292
0.352767523978,0.00231541923931,0.377165651356,11.1196789742
Actuacion(lineal,angular) = 0.000580949830994,0.7
0.352767523978,0.00231541923931,0.377165651356,11.136744976
0.352767523978,0.00231541923931,0.377165651356,11.1531329155
0.353203658011,0.00248818497695,0.394968009726,11.1698100567
0.353203658011,0.00248818497695,0.394968009726,11.1864378452
0.353203658011,0.00248818497695,0.394968009726,11.2033569813
0.353203658011,0.00248818497695,0.394968009726,11.2197999954
0.353400471397,0.00257023141595,0.411723170545,11.236866951
0.353400471397,0.00257023141595,0.411723170545,11.2531909943
0.353400471397,0.00257023141595,0.411723170545,11.2722249031
0.353478635846,0.00260436437925,0.424464074085,11.2864248753
0.353478635846,0.00260436437925,0.424464074085,11.3034849167
0.353478635846,0.00260436437925,0.424464074085,11.3196320534
Actuacion(lineal,angular) = 0.000581311806035,0.7
0.353595220695,0.00265705345679,0.42900193014,11.3385930061
0.353595220695,0.00265705345679,0.42900193014,11.3533680439
0.353944254355,0.00281670619226,0.448026018987,11.370141983
0.353944254355,0.00281670619226,0.448026018987,11.3867249489
0.353944254355,0.00281670619226,0.448026018987,11.4032859802
0.354021128452,0.00285365363509,0.453436539668,11.4196989536
0.354021128452,0.00285365363509,0.453436539668,11.4379458427
0.354212811122,0.00294706070735,0.469144502936,11.4557099342
0.354212811122,0.00294706070735,0.469144502936,11.4702298641
0.354212811122,0.00294706070735,0.469144502936,11.4871070385
0.354174772752,0.00292777943347,0.474205957767,11.5044760704
0.354174772752,0.00292777943347,0.474205957767,11.5201508999
Actuacion(lineal,angular) = 0.000581188586226,0.7
0.354174772752,0.00292777943347,0.474205957767,11.5370180607
0.354364474209,0.0030251472113,0.488343124708,11.553030014
0.354364474209,0.0030251472113,0.488343124708,11.5700340271
0.354854069919,0.00328525069103,0.505796417228,11.5864288807
0.354854069919,0.00328525069103,0.505796417228,11.6031229496
0.354854069919,0.00328525069103,0.505796417228,11.6195659637
0.354854069919,0.00328525069103,0.505796417228,11.6373958588
0.35492868249,0.0033265750738,0.522551578047,11.6529359818
0.35492868249,0.0033265750738,0.522551578047,11.6698260307
0.35492868249,0.0033265750738,0.522551578047,11.6865479946
0.355113456824,0.00343299674738,0.537212343764,11.7034349442
0.355113456824,0.00343299674738,0.537212343764,11.7196660042
Actuacion(lineal,angular) = 0.000581312493861,0.7
0.355113456824,0.00343299674738,0.537212343764,11.7364029884
0.355113456824,0.00343299674738,0.537212343764,11.7530100346
0.355113456824,0.00343299674738,0.556410965536,11.7699558735
0.355113456824,0.00343299674738,0.556410965536,11.7864179611
0.355222096269,0.00350056624286,0.561821486217,11.803071022
0.355222096269,0.00350056624286,0.561821486217,11.8196308613
0.355222096269,0.00350056624286,0.561821486217,11.8374130726
0.355366459296,0.00359144130896,0.576831317784,11.8529858589
0.355366459296,0.00359144130896,0.576831317784,11.8701138496
0.355366459296,0.00359144130896,0.576831317784,11.8862669468
0.355545187793,0.00370773082497,0.591666616426,11.9030549526
0.355545187793,0.00370773082497,0.591666616426,11.9199068546
Actuacion(lineal,angular) = 0.000839303073424,0.619297754132
0.355545187793,0.00370773082497,0.591666616426,11.9374508858
0.355545187793,0.00370773082497,0.591666616426,11.9532270432
0.355686774755,0.00380287331517,0.609992573572,11.9700889587
0.355686774755,0.00380287331517,0.609992573572,11.9864919186
0.355686774755,0.00380287331517,0.609992573572,12.0033788681
0.355931459244,0.00397388521508,0.629191195344,12.020706892
0.355931459244,0.00397388521508,0.629191195344,12.0388109684
0.355931459244,0.00397388521508,0.629191195344,12.0533690453
0.355931459244,0.00397388521508,0.629191195344,12.0698618889
0.355965938731,0.00399898202949,0.64751715249,12.0864269733
0.355965938731,0.00399898202949,0.64751715249,12.1051120758
0.355965938731,0.00399898202949,0.64751715249,12.119576931
Actuacion(lineal,angular) = 0.00260624298482,0.425348858223
0.355965938731,0.00399898202949,0.64751715249,12.1372849941
0.356238049126,0.00420477750539,0.658512726777,12.1530358791
0.356238049126,0.00420477750539,0.658512726777,12.1699478626
0.356238049126,0.00420477750539,0.658512726777,12.1862509251
0.356609066961,0.00449184311003,0.671079097392,12.2052350044
0.356609066961,0.00449184311003,0.671079097392,12.2197110653
0.356609066961,0.00449184311003,0.671079097392,12.2376060486
0.356675863554,0.00454488041258,0.675616953447,12.2536640167
0.356675863554,0.00454488041258,0.675616953447,12.2703649998
0.356875529246,0.00470490001888,0.685216264333,12.2864699364
0.356875529246,0.00470490001888,0.685216264333,12.3030679226
0.356875529246,0.00470490001888,0.685216264333,12.3197000027
Actuacion(lineal,angular) = 0.00684857843168,0.312664496238
0.356875529246,0.00470490001888,0.685216264333,12.3375759125
0.357139689831,0.00492080516198,0.691673982565,12.3531198502
0.357139689831,0.00492080516198,0.691673982565,12.3701388836
0.357139689831,0.00492080516198,0.691673982565,12.3864090443
0.357468140871,0.00519281329202,0.701098760526,12.4036579132
0.357468140871,0.00519281329202,0.701098760526,12.4198009968
0.35759849002,0.00530284992468,0.703716754404,12.437376976
0.35759849002,0.00530284992468,0.703716754404,12.4529550076
0.35759849002,0.00530284992468,0.703716754404,12.4698328972
0.357956156747,0.00560638807295,0.707556478759,12.4863090515
0.357956156747,0.00560638807295,0.707556478759,12.5033960342
0.357956156747,0.00560638807295,0.707556478759,12.5197398663
Actuacion(lineal,angular) = 0.0468368100906,0.237376086908
0.358085792598,0.00571726416348,0.708429143384,12.5370879173
0.358085792598,0.00571726416348,0.708429143384,12.5530750751
0.35844202497,0.00602248439998,0.711919801888,12.5701348782
0.35844202497,0.00602248439998,0.711919801888,12.5900070667
0.35844202497,0.00602248439998,0.711919801888,12.6031820774
0.359346080782,0.0068025691346,0.714712328692,12.6197628975
0.359346080782,0.0068025691346,0.714712328692,12.6367299557
0.359346080782,0.0068025691346,0.714712328692,12.6529209614
0.359346080782,0.0068025691346,0.714712328692,12.6731619835
0.360892150295,0.00814417991711,0.71733032257,12.6864159107
0.360892150295,0.00814417991711,0.71733032257,12.7030098438
0.360892150295,0.00814417991711,0.71733032257,12.719591856
Actuacion(lineal,angular) = 0.0868255662704,0.205992024955
0.360892150295,0.00814417991711,0.71733032257,12.7377569675
0.363013159144,0.00999445386568,0.718726585971,12.7530219555
0.363013159144,0.00999445386568,0.718726585971,12.7699689865
0.363013159144,0.00999445386568,0.718726585971,12.7862439156
0.365259971748,0.0119600046865,0.719948316448,12.809016943
0.365259971748,0.0119600046865,0.719948316448,12.8201899529
0.366318050538,0.0128879148813,0.720646448148,12.8372118473
0.366318050538,0.0128879148813,0.720646448148,12.8532290459
0.366318050538,0.0128879148813,0.720646448148,12.86977005
0.369233995881,0.0154487338775,0.721868178625,12.8866400719
0.369233995881,0.0154487338775,0.721868178625,12.9032719135
0.369233995881,0.0154487338775,0.721868178625,12.91979599
Actuacion(lineal,angular) = 0.126841788271,0.194166717767
0.372690962584,0.0184921733831,0.723788040802,12.936770916
0.372690962584,0.0184921733831,0.723788040802,12.9529230595
0.372690962584,0.0184921733831,0.723788040802,12.9700579643
0.373841335034,0.0195088636472,0.724311639578,12.9864439964
0.373841335034,0.0195088636472,0.724311639578,13.0030200481
0.373841335034,0.0195088636472,0.724311639578,13.0200550556
0.377512875772,0.0227603089126,0.72640603468,13.0379610062
0.377512875772,0.0227603089126,0.72640603468,13.0530819893
0.377512875772,0.0227603089126,0.72640603468,13.0706310272
0.382167464551,0.0268957526044,0.728674962708,13.0864238739
0.382167464551,0.0268957526044,0.728674962708,13.1040718555
0.382167464551,0.0268957526044,0.728674962708,13.1203680038
0.386876291125,0.0310985410072,0.73111842366,13.1375510693
Actuacion(lineal,angular) = 0.167549376466,0.173698135264
0.386876291125,0.0310985410072,0.73111842366,13.1533038616
0.386876291125,0.0310985410072,0.73111842366,13.1697609425
0.386876291125,0.0310985410072,0.73111842366,13.1863980293
0.391987544176,0.0356829960768,0.733212818763,13.2032208443
0.391987544176,0.0356829960768,0.733212818763,13.2198050022
0.391987544176,0.0356829960768,0.733212818763,13.2367508411
0.391987544176,0.0356829960768,0.733212818763,13.2532179356
0.397215933188,0.0403923112843,0.735830812641,13.271435976
0.397215933188,0.0403923112843,0.735830812641,13.2862589359
0.397215933188,0.0403923112843,0.735830812641,13.3033568859
0.403506796145,0.04608851978,0.737576141893,13.320276022
Actuacion(lineal,angular) = 0.206802182176,0.15272863412
0.403506796145,0.04608851978,0.737576141893,13.3378660679
0.403506796145,0.04608851978,0.737576141893,13.3531010151
0.403506796145,0.04608851978,0.737576141893,13.3698308468
0.409850832507,0.0518530578088,0.740717734546,13.3868510723
0.409850832507,0.0518530578088,0.740717734546,13.4030609131
0.409850832507,0.0518530578088,0.740717734546,13.4199318886
0.417026474885,0.0584145120546,0.742812129649,13.4391548634
0.417026474885,0.0584145120546,0.742812129649,13.4530069828
0.417026474885,0.0584145120546,0.742812129649,13.4697809219
0.419413769676,0.0606066682127,0.743684794275,13.4862070084
0.419413769676,0.0606066682127,0.743684794275,13.5029828548
0.426915164764,0.0675069712753,0.746128255228,13.5197839737
Actuacion(lineal,angular) = 0.246843771913,0.123859695649
0.426915164764,0.0675069712753,0.746128255228,13.5363199711
0.426915164764,0.0675069712753,0.746128255228,13.5533299446
0.429670968379,0.0700544099339,0.746826386928,13.5697798729
0.429670968379,0.0700544099339,0.746826386928,13.5863318443
0.429670968379,0.0700544099339,0.746826386928,13.6031889915
0.437557493072,0.0773548555221,0.749269847881,13.6199729443
0.437557493072,0.0773548555221,0.749269847881,13.6365790367
0.437557493072,0.0773548555221,0.749269847881,13.6534838676
0.445894528672,0.0851102457955,0.751538775909,13.6700048447
0.445894528672,0.0851102457955,0.751538775909,13.6864209175
0.445894528672,0.0851102457955,0.751538775909,13.7033848763
0.454774806028,0.0934086414213,0.753982236862,13.7198839188
Actuacion(lineal,angular) = 0.286776165941,0.12501686268
0.454774806028,0.0934086414213,0.753982236862,13.7377860546
0.454774806028,0.0934086414213,0.753982236862,13.7537000179
0.454774806028,0.0934086414213,0.753982236862,13.7700028419
0.46431870791,0.102370961838,0.756774763665,13.7864670753
0.46431870791,0.102370961838,0.756774763665,13.8032228947
0.46431870791,0.102370961838,0.756774763665,13.8198709488
0.474085592967,0.111594138279,0.759392757543,13.8368458748
0.474085592967,0.111594138279,0.759392757543,13.8531730175
0.474085592967,0.111594138279,0.759392757543,13.8698089123
0.474085592967,0.111594138279,0.759392757543,13.8863139153
0.484477812054,0.121459433692,0.762010751421,13.9030840397
0.484477812054,0.121459433692,0.762010751421,13.9196548462
Actuacion(lineal,angular) = 0.3,0.124795999133
0.484477812054,0.121459433692,0.762010751421,13.9367110729
0.487994968628,0.124815806879,0.763057948972,13.9530990124
0.487994968628,0.124815806879,0.763057948972,13.9697458744
0.498597531016,0.134954918714,0.764977811149,13.9862990379
0.498597531016,0.134954918714,0.764977811149,14.0035488605
0.498597531016,0.134954918714,0.764977811149,14.0196769238
0.502135478323,0.138351246006,0.766199541626,14.0370218754
0.502135478323,0.138351246006,0.766199541626,14.053647995
0.502135478323,0.138351246006,0.766199541626,14.0715749264
0.51322852261,0.149026321048,0.768293936728,14.0864779949
0.51322852261,0.149026321048,0.768293936728,14.1031179428
0.523685851675,0.159131903118,0.771435529381,14.1198039055
Actuacion(lineal,angular) = 0.289788935185,0.128951120813
0.523685851675,0.159131903118,0.771435529381,14.1373460293
0.523685851675,0.159131903118,0.771435529381,14.1543998718
0.523685851675,0.159131903118,0.771435529381,14.1698420048
0.534355968777,0.169508138603,0.773180858633,14.1874060631
0.534355968777,0.169508138603,0.773180858633,14.2053048611
0.534355968777,0.169508138603,0.773180858633,14.2197070122
0.544428051874,0.179337072809,0.775798852511,14.2364990711
0.544428051874,0.179337072809,0.775798852511,14.2541680336
0.544428051874,0.179337072809,0.775798852511,14.2698299885
0.544428051874,0.179337072809,0.775798852511,14.2863190174
0.554778802229,0.189490986473,0.779638576866,14.3045489788
0.554778802229,0.189490986473,0.779638576866,14.3196878433
Actuacion(lineal,angular) = 0.249885832458,0.134338900249
0.554778802229,0.189490986473,0.779638576866,14.3367948532
0.564999502683,0.199594625839,0.781558439043,14.3530390263
0.564999502683,0.199594625839,0.781558439043,14.3697068691
0.564999502683,0.199594625839,0.781558439043,14.3864638805
0.568389840403,0.202959027096,0.782431103669,14.4033830166
0.568389840403,0.202959027096,0.782431103669,14.4198288918
0.577644702309,0.212159131853,0.785921762173,14.4372990131
0.577644702309,0.212159131853,0.785921762173,14.4531109333
0.577644702309,0.212159131853,0.785921762173,14.4697048664
0.577644702309,0.212159131853,0.785921762173,14.4863278866
0.586324882228,0.220848406398,0.787667091425,14.5031678677
0.586324882228,0.220848406398,0.787667091425,14.5196089745
Actuacion(lineal,angular) = 0.214409317583,0.143606312763
0.589092868678,0.223628982158,0.78784162435,14.5364508629
0.589092868678,0.223628982158,0.78784162435,14.5532128811
0.589092868678,0.223628982158,0.78784162435,14.5697610378
0.59703439359,0.231609411822,0.790285085303,14.5865519047
0.59703439359,0.231609411822,0.790285085303,14.604184866
0.59703439359,0.231609411822,0.790285085303,14.6198079586
0.599735075871,0.23433661999,0.791332282854,14.6372189522
0.599735075871,0.23433661999,0.791332282854,14.6536848545
0.607199058023,0.241889716326,0.794124809657,14.6699030399
0.607199058023,0.241889716326,0.794124809657,14.6862530708
0.607199058023,0.241889716326,0.794124809657,14.7032330036
0.614372899809,0.249189870764,0.795521073059,14.7205619812
Actuacion(lineal,angular) = 0.186872692367,0.153543959148
0.614372899809,0.249189870764,0.795521073059,14.736563921
0.614372899809,0.249189870764,0.795521073059,14.7529728413
0.621417147636,0.25637819859,0.797615468161,14.7698628902
0.621417147636,0.25637819859,0.797615468161,14.7866590023
0.621417147636,0.25637819859,0.797615468161,14.8032228947
0.623799919565,0.258819915704,0.798139066937,14.8205749989
0.623799919565,0.258819915704,0.798139066937,14.8368489742
0.630229950995,0.265415919574,0.800233462039,14.8538379669
0.630229950995,0.265415919574,0.800233462039,14.8695678711
0.630229950995,0.265415919574,0.800233462039,14.8863608837
0.630229950995,0.265415919574,0.800233462039,14.9030408859
0.637180837252,0.272576164029,0.802327857142,14.9199900627
Actuacion(lineal,angular) = 0.161051404724,0.168485920435
0.637180837252,0.272576164029,0.802327857142,14.9371459484
0.637180837252,0.272576164029,0.802327857142,14.953674078
0.643790666505,0.279413674376,0.80494585102,14.9705178738
0.643790666505,0.279413674376,0.80494585102,14.9868290424
0.643790666505,0.279413674376,0.80494585102,15.0031690598
0.645918994919,0.281626880564,0.805469449795,15.0196628571
0.645918994919,0.281626880564,0.805469449795,15.037003994
0.651798254487,0.287747015767,0.807738377823,15.0537369251
0.651798254487,0.287747015767,0.807738377823,15.0716190338
0.651798254487,0.287747015767,0.807738377823,15.0865988731
0.653714075037,0.289750406916,0.808436509524,15.1035330296
0.653714075037,0.289750406916,0.808436509524,15.1200010777
Actuacion(lineal,angular) = 0.136765733674,0.186523162439
0.653714075037,0.289750406916,0.808436509524,15.1385378838
0.659751865772,0.296073011099,0.810530904626,15.1540739536
0.659751865772,0.296073011099,0.810530904626,15.169962883
0.659751865772,0.296073011099,0.810530904626,15.1871938705
0.665394357531,0.302006500263,0.812450766803,15.203083992
0.665394357531,0.302006500263,0.812450766803,15.2205798626
0.665394357531,0.302006500263,0.812450766803,15.2387259007
0.670937461637,0.307857931432,0.814894227756,15.2539348602
0.670937461637,0.307857931432,0.814894227756,15.2723629475
0.670937461637,0.307857931432,0.814894227756,15.2875828743
0.670937461637,0.307857931432,0.814894227756,15.3033909798
0.676173722903,0.313412574237,0.817337688709,15.3210818768
Actuacion(lineal,angular) = 0.114907347514,0.210789035532
0.676173722903,0.313412574237,0.817337688709,15.3390650749
0.676173722903,0.313412574237,0.817337688709,15.3534328938
0.68127968822,0.31885558341,0.821002880138,15.3709528446
0.68127968822,0.31885558341,0.821002880138,15.386868
0.68127968822,0.31885558341,0.821002880138,15.4040129185
0.68127968822,0.31885558341,0.821002880138,15.4198348522
0.685871602851,0.323786706449,0.824319005717,15.4387800694
0.685871602851,0.323786706449,0.824319005717,15.4531319141
0.687551230427,0.325602445369,0.825540736193,15.4703228474
0.687551230427,0.325602445369,0.825540736193,15.4864180088
0.687551230427,0.325602445369,0.825540736193,15.5031430721
0.691947196167,0.330366307812,0.828682328847,15.5201098919
Actuacion(lineal,angular) = 0.0957968279755,0.235708462778
0.691947196167,0.330366307812,0.828682328847,15.5371699333
0.691947196167,0.330366307812,0.828682328847,15.5531818867
0.696241707452,0.335049661349,0.830951256874,15.5697860718
0.696241707452,0.335049661349,0.830951256874,15.5866289139
0.696241707452,0.335049661349,0.830951256874,15.6034760475
0.696241707452,0.335049661349,0.830951256874,15.6196210384
0.700238073175,0.339427774584,0.834267382453,15.6363668442
0.700238073175,0.339427774584,0.834267382453,15.6529350281
0.701383922212,0.340691470005,0.835314580004,15.673514843
0.701383922212,0.340691470005,0.835314580004,15.6863460541
0.701383922212,0.340691470005,0.835314580004,15.7031030655
0.704874723675,0.344549398714,0.838630705583,15.719853878
Actuacion(lineal,angular) = 0.0224236394542,0.267191064374
0.704874723675,0.344549398714,0.838630705583,15.7367229462
0.704874723675,0.344549398714,0.838630705583,15.7531349659
0.708324204487,0.348387165048,0.842644962863,15.7698299885
0.708324204487,0.348387165048,0.842644962863,15.7863719463
0.708324204487,0.348387165048,0.842644962863,15.8056809902
0.708324204487,0.348387165048,0.842644962863,15.819961071
0.710679790637,0.35102915964,0.845612022591,15.8364338875
0.710679790637,0.35102915964,0.845612022591,15.8529570103
0.710679790637,0.35102915964,0.845612022591,15.8699920177
0.710679790637,0.35102915964,0.845612022591,15.8863949776
0.711952660006,0.352465349343,0.848753615245,15.903275013
0.711952660006,0.352465349343,0.848753615245,15.9198260307
Actuacion(lineal,angular) = 0.0123874966334,0.291446426653
0.711952660006,0.352465349343,0.848753615245,15.9371519089
0.712685485128,0.353297454178,0.85800386028,15.9534649849
0.712685485128,0.353297454178,0.85800386028,15.9697179794
0.712685485128,0.353297454178,0.85800386028,15.9865188599
0.712685485128,0.353297454178,0.85800386028,16.0032329559
0.713299028494,0.354007248598,0.863239848036,16.0196790695
0.713299028494,0.354007248598,0.863239848036,16.0371980667
0.713742532856,0.354525792002,0.864461578513,16.0535578728
0.713742532856,0.354525792002,0.864461578513,16.0696349144
0.713742532856,0.354525792002,0.864461578513,16.0866639614
0.714545235657,0.355466633311,0.871617428446,16.1033709049
0.714545235657,0.355466633311,0.871617428446,16.1198818684
Actuacion(lineal,angular) = 0.0128600845619,0.271489169752
0.714764808012,0.35572775364,0.874584488174,16.1373980045
0.714764808012,0.35572775364,0.874584488174,16.1535069942
0.714764808012,0.35572775364,0.874584488174,16.169905901
0.71550324664,0.356611229626,0.880169541781,16.1867308617
0.71550324664,0.356611229626,0.880169541781,16.2034199238
0.71550324664,0.356611229626,0.880169541781,16.2199380398
0.716100907501,0.357334448179,0.886801792938,16.2366528511
0.716100907501,0.357334448179,0.886801792938,16.253937006
0.716100907501,0.357334448179,0.886801792938,16.2731199265
0.716747654248,0.358127720675,0.893783109946,16.2864589691
0.716747654248,0.358127720675,0.893783109946,16.304571867
0.716747654248,0.358127720675,0.893783109946,16.3202929497
Actuacion(lineal,angular) = 0.0528455028817,0.247951892935
0.716961385229,0.358393643433,0.896226570899,16.337583065
0.716961385229,0.358393643433,0.896226570899,16.3541579247
0.71749408666,0.359059753948,0.903731486683,16.3708779812
0.71749408666,0.359059753948,0.903731486683,16.3866288662
0.71749408666,0.359059753948,0.903731486683,16.4032418728
0.71749408666,0.359059753948,0.903731486683,16.4197440147
0.718523077036,0.360366428666,0.908792941513,16.4365038872
0.718523077036,0.360366428666,0.908792941513,16.4529669285
0.718523077036,0.360366428666,0.908792941513,16.4697358608
0.720200801834,0.362519234649,0.913505330494,16.4867539406
0.720200801834,0.362519234649,0.913505330494,16.5034968853
0.720200801834,0.362519234649,0.913505330494,16.5213890076
Actuacion(lineal,angular) = 0.0582281964495,0.237141159784
0.720878248632,0.363397014207,0.914552528045,16.536511898
0.720878248632,0.363397014207,0.914552528045,16.5538089275
0.720878248632,0.363397014207,0.914552528045,16.5699989796
0.723089972228,0.366268995833,0.917170521923,16.5865650177
0.723089972228,0.366268995833,0.917170521923,16.6033129692
0.723089972228,0.366268995833,0.917170521923,16.6197319031
0.723764197253,0.367149252461,0.918217719474,16.6364409924
0.723764197253,0.367149252461,0.918217719474,16.6532740593
0.725628728229,0.369588840072,0.921359312128,16.6697318554
0.725628728229,0.369588840072,0.921359312128,16.6863789558
0.725628728229,0.369588840072,0.921359312128,16.7032110691
0.727820851781,0.372475809774,0.924326371856,16.719810009
Actuacion(lineal,angular) = 0.014994170544,0.260640285208
0.727820851781,0.372475809774,0.924326371856,16.7366728783
0.728514449414,0.373394909197,0.925024503557,16.7533888817
0.728514449414,0.373394909197,0.925024503557,16.7699539661
0.728514449414,0.373394909197,0.925024503557,16.7866799831
0.730772972059,0.376392069977,0.929213293762,16.8032898903
0.730772972059,0.376392069977,0.929213293762,16.8197829723
0.730772972059,0.376392069977,0.929213293762,16.8365650177
0.732049079099,0.378100362555,0.935147413219,16.8535308838
0.732049079099,0.378100362555,0.935147413219,16.8700549603
0.732049079099,0.378100362555,0.935147413219,16.8865878582
0.732049079099,0.378100362555,0.935147413219,16.9032139778
0.732909923343,0.379267130373,0.937765407097,16.9197390079
Actuacion(lineal,angular) = 0.0111653055214,0.287558021693
0.732909923343,0.379267130373,0.937765407097,16.9371800423
0.732909923343,0.379267130373,0.937765407097,16.9530949593
0.733464961801,0.380023553463,0.947888316758,16.9698600769
0.733464961801,0.380023553463,0.947888316758,16.9867770672
0.733464961801,0.380023553463,0.947888316758,17.0031540394
0.733464961801,0.380023553463,0.947888316758,17.0197479725
0.734111833467,0.380924102276,0.953822436215,17.0364768505
0.734111833467,0.380924102276,0.953822436215,17.0534200668
0.734111833467,0.380924102276,0.953822436215,17.0697729588
0.734728676104,0.381793690303,0.959407489821,17.0863130093
0.734728676104,0.381793690303,0.959407489821,17.1031599045
0.734728676104,0.381793690303,0.959407489821,17.1200459003
Actuacion(lineal,angular) = 0.0120858054673,0.275002341432
0.734924508535,0.382073056558,0.962025483699,17.1364920139
0.734924508535,0.382073056558,0.962025483699,17.1534929276
0.735412259489,0.38277275152,0.969879465333,17.1696898937
0.735412259489,0.38277275152,0.969879465333,17.1865139008
0.735412259489,0.38277275152,0.969879465333,17.2036750317
0.735556931662,0.382983802759,0.971624794585,17.2201929092
0.735556931662,0.382983802759,0.971624794585,17.2367999554
0.736061994257,0.383723364722,0.977733446967,17.2535820007
0.736061994257,0.383723364722,0.977733446967,17.269769907
0.736061994257,0.383723364722,0.977733446967,17.2864210606
0.73665786982,0.384607452099,0.98454023105,17.3038208485
0.73665786982,0.384607452099,0.98454023105,17.3198318481
Actuacion(lineal,angular) = 0.0150145262321,0.257344103912
0.73665786982,0.384607452099,0.98454023105,17.3375089169
0.73665786982,0.384607452099,0.98454023105,17.3532109261
0.737176932552,0.385389000217,0.992568745609,17.3699059486
0.737176932552,0.385389000217,0.992568745609,17.3863968849
0.737176932552,0.385389000217,0.992568745609,17.4033088684
0.737293471507,0.385567566169,0.994663140712,17.4204759598
0.737293471507,0.385567566169,0.994663140712,17.4364759922
0.737688431526,0.38617551894,0.999026463842,17.4539890289
0.737688431526,0.38617551894,0.999026463842,17.4698860645
0.737688431526,0.38617551894,0.999026463842,17.486921072
0.738149965143,0.386892778136,1.00269165527,17.5029070377
0.738149965143,0.386892778136,1.00269165527,17.5202498436
Actuacion(lineal,angular) = 0.0347149315708,0.244921901029
0.738149965143,0.386892778136,1.00269165527,17.5374379158
0.738356470876,0.387216303828,1.00461151745,17.5533950329
0.738356470876,0.387216303828,1.00461151745,17.570070982
0.738356470876,0.387216303828,1.00461151745,17.5871989727
0.73888261946,0.388044103367,1.01281456493,17.603112936
0.73888261946,0.388044103367,1.01281456493,17.6200759411
0.739063259627,0.388333525162,1.01490896003,17.6363990307
0.739063259627,0.388333525162,1.01490896003,17.6535220146
0.739063259627,0.388333525162,1.01490896003,17.6699640751
0.740143461271,0.390072322114,1.02084307949,17.686549902
0.740143461271,0.390072322114,1.02084307949,17.7030448914
0.740143461271,0.390072322114,1.02084307949,17.7204930782
0.740522371599,0.390690405403,1.02363560629,17.7364890575
0.740522371599,0.390690405403,1.02363560629,17.7530589104
0.740522371599,0.390690405403,1.02363560629,17.7699398994
0.74147642231,0.392256462861,1.03026785745,17.7863328457
0.74147642231,0.392256462861,1.03026785745,17.8033149242
0.74147642231,0.392256462861,1.03026785745,17.8201310635
0.742683407949,0.394267608813,1.03550384521,17.8368880749
0.742683407949,0.394267608813,1.03550384521,17.8531849384
0.743727572725,0.39602828208,1.04126343174,17.8697929382
0.743727572725,0.39602828208,1.04126343174,17.8867259026
0.743727572725,0.39602828208,1.04126343174,17.9032888412
0.743727572725,0.39602828208,1.04126343174,17.9197230339
Actuacion(lineal,angular) = 0.0218040470912,0.184926965039
0.744847746719,0.397942161566,1.04562675487,17.9370939732
0.744847746719,0.397942161566,1.04562675487,17.9532830715
0.744847746719,0.397942161566,1.04562675487,17.9699058533
0.745938178192,0.399824011481,1.0506882097,17.986593008
0.745938178192,0.399824011481,1.0506882097,18.0030648708
0.745938178192,0.399824011481,1.0506882097,18.0212409496
0.745938178192,0.399824011481,1.0506882097,18.0363469124
0.746891906999,0.401489315855,1.05400433528,18.0533530712
0.746891906999,0.401489315855,1.05400433528,18.0702209473
0.746891906999,0.401489315855,1.05400433528,18.0865058899
0.747797965938,0.403083620066,1.05627326331,18.1038088799
0.747797965938,0.403083620066,1.05627326331,18.1196758747
Actuacion(lineal,angular) = 0.0138505651433,0.124875380795
0.747797965938,0.403083620066,1.05627326331,18.1363098621
0.748049809449,0.403529114732,1.05644779623,18.1529369354
0.748049809449,0.403529114732,1.05644779623,18.1697390079
0.748700204313,0.404680089487,1.05958938889,18.1862609386
0.748700204313,0.404680089487,1.05958938889,18.2030339241
0.748700204313,0.404680089487,1.05958938889,18.2199130058
0.748700204313,0.404680089487,1.05958938889,18.2365040779
0.749284388876,0.405721519994,1.06203284984,18.2532770634
0.749284388876,0.405721519994,1.06203284984,18.2698850632
0.749284388876,0.405721519994,1.06203284984,18.2865438461
0.749803708633,0.406652640377,1.06360364617,18.3031020164
0.749803708633,0.406652640377,1.06360364617,18.3202500343
Actuacion(lineal,angular) = 0.00662904769714,0.064981295865
0.749803708633,0.406652640377,1.06360364617,18.3365068436
0.749803708633,0.406652640377,1.06360364617,18.3532800674
0.750259422366,0.407472743159,1.06447631079,18.3697860241
0.750259422366,0.407472743159,1.06447631079,18.3866178989
0.750259422366,0.407472743159,1.06447631079,18.4031760693
0.750714420252,0.408293243314,1.06534897542,18.4207220078
0.750714420252,0.408293243314,1.06534897542,18.4364068508
0.750714420252,0.408293243314,1.06534897542,18.4532458782
0.750858964427,0.408554437783,1.06587257419,18.4699630737
0.750858964427,0.408554437783,1.06587257419,18.4866139889
0.750858964427,0.408554437783,1.06587257419,18.5031850338
0.751292186607,0.409338248133,1.06604710712,18.5196979046
0.751292186607,0.409338248133,1.06604710712,18.5416960716
Actuacion(lineal,angular) = 0.00360034927242,0.00292148808756
0.751292186607,0.409338248133,1.06604710712,18.5529608727
0.751622156415,0.40993549457,1.06657070589,18.5697190762
0.751622156415,0.40993549457,1.06657070589,18.5863480568
0.751622156415,0.40993549457,1.06657070589,18.6029388905
0.751848795634,0.41034622022,1.06726883759,18.6200418472
0.751848795634,0.41034622022,1.06726883759,18.6364839077
0.751848795634,0.41034622022,1.06726883759,18.6534879208
0.751869373127,0.41038357329,1.06691977174,18.6701049805
0.751869373127,0.41038357329,1.06691977174,18.6869249344
0.751869373127,0.41038357329,1.06691977174,18.7031600475
0.751931144718,0.410495610946,1.06709430467,18.7197320461
Actuacion(lineal,angular) = 0.00596047488422,-0.055060718257
0.751931144718,0.410495610946,1.06709430467,18.7372300625
0.751931144718,0.410495610946,1.06709430467,18.7532579899
0.752198736875,0.410981154164,1.06709430467,18.769826889
0.752198736875,0.410981154164,1.06709430467,18.7878198624
0.752198736875,0.410981154164,1.06709430467,18.8038730621
0.752363408971,0.411279949991,1.06744337052,18.8200259209
0.752363408971,0.411279949991,1.06744337052,18.8365719318
0.752363408971,0.411279949991,1.06744337052,18.8550999165
0.752363408971,0.411279949991,1.06744337052,18.8699939251
0.752383979944,0.411317306652,1.06691977174,18.8866379261
0.752383979944,0.411317306652,1.06691977174,18.9033808708
0.752383979944,0.411317306652,1.06691977174,18.919962883
Actuacion(lineal,angular) = 0.0121109199277,-0.115032265384
0.752383979944,0.411317306652,1.06709430467,18.9380819798
0.752383979944,0.411317306652,1.06709430467,18.9534349442
0.752383979944,0.411317306652,1.06709430467,18.9697480202
0.752383979944,0.411317306652,1.06709430467,18.9866919518
0.752466315992,0.411466704566,1.06709430467,19.0034120083
0.752466315992,0.411466704566,1.06709430467,19.0198369026
0.752466315992,0.411466704566,1.06709430467,19.0363879204
0.752466315992,0.411466704566,1.06709430467,19.054420948
0.752569236053,0.411653451957,1.06674523882,19.0698330402
0.752569236053,0.411653451957,1.06674523882,19.0866060257
0.752569236053,0.411653451957,1.06674523882,19.1032159328
0.752651624245,0.411802821121,1.06674523882,19.1207070351
Actuacion(lineal,angular) = 0.0257025235458,-0.175060174663
0.752651624245,0.411802821121,1.06674523882,19.1374099255
0.752651624245,0.411802821121,1.06674523882,19.1547498703
0.752651624245,0.411802821121,1.06674523882,19.1706869602
0.75271341539,0.411914847993,1.06639617297,19.1869950294
0.75271341539,0.411914847993,1.06639617297,19.2031559944
0.752734025472,0.411952183092,1.06639617297,19.2212998867
0.752734025472,0.411952183092,1.06639617297,19.2371430397
0.752734025472,0.411952183092,1.06639617297,19.2541139126
0.752919516209,0.412288198982,1.06622164004,19.2706298828
0.752919516209,0.412288198982,1.06622164004,19.2871420383
0.752919516209,0.412288198982,1.06622164004,19.3047389984
0.753022599197,0.412474856488,1.06569804127,19.3211688995
Actuacion(lineal,angular) = 0.0106238445681,-0.235009477336
0.753022599197,0.412474856488,1.06569804127,19.3371360302
0.753022599197,0.412474856488,1.06569804127,19.3532059193
0.753022599197,0.412474856488,1.06569804127,19.3699369431
0.753167052189,0.412736101397,1.06552350834,19.3863799572
0.753167052189,0.412736101397,1.06552350834,19.4031288624
0.753167052189,0.412736101397,1.06552350834,19.4204349518
0.753290908119,0.412960003991,1.06534897542,19.4397418499
0.753290908119,0.412960003991,1.06534897542,19.4529109001
0.753290908119,0.412960003991,1.06534897542,19.4696228504
0.753290908119,0.412960003991,1.06534897542,19.4862289429
0.75337350479,0.413109257973,1.06517444249,19.5029418468
0.75337350479,0.413109257973,1.06517444249,19.5199549198
Actuacion(lineal,angular) = 0.00537034359375,-0.295015785892
0.75337350479,0.413109257973,1.06517444249,19.5365378857
0.75337350479,0.413109257973,1.06499990957,19.5532128811
0.75337350479,0.413109257973,1.06499990957,19.5698840618
0.753414829173,0.413183870544,1.06499990957,19.5864958763
0.753414829173,0.413183870544,1.06499990957,19.6029920578
0.753414829173,0.413183870544,1.06499990957,19.6201760769
0.753476815747,0.4132957894,1.06482537664,19.636936903
0.753476815747,0.4132957894,1.06482537664,19.6537928581
0.753476815747,0.4132957894,1.06482537664,19.6699478626
0.753476815747,0.4132957894,1.06482537664,19.6868190765
0.753518153152,0.413370394757,1.06430177787,19.7033238411
0.753518153152,0.413370394757,1.06430177787,19.7204508781
Actuacion(lineal,angular) = 0.00308256793826,-0.354983685214
0.753518153152,0.413370394757,1.06430177787,19.7371149063
0.753518153152,0.413370394757,1.06430177787,19.753620863
0.753518153152,0.413370394757,1.06430177787,19.7699768543
0.753518153152,0.413370394757,1.06412724494,19.7865729332
0.753518153152,0.413370394757,1.06412724494,19.8029859066
