0,0,0
0,0,0
0,0,0
0,0,0
0,0,0
0,0,0
0.0,0.0,0.0
0.0,0.0,0.0
0.0,0.0,0.0
0.0,0.0,0.0
0.0,0.0,0.0
0.0,0.0,0.0
0.0,0.0,0.0
0.0,0.0,0.0
0.0,0.0,0.0
0.0,0.0,0.0
0.0,0.0,0.0
0.0,0.0,0.0
0.0,0.0,0.0
0.0,0.0,0.0
0.0,0.0,0.0
0.0,0.0,0.0
0.0,0.0,0.0
0.0,0.0,0.0
0.0,0.0,0.0
0.0,0.0,0.0
0.0,0.0,0.0
0.0,0.0,0.0
0.0,0.0,0.0
0.0,0.0,0.0
0.0,0.0,0.0
0.0,0.0,0.0
0.0,0.0,0.0
0.0,0.0,0.0
0.0,0.0,0.0
0.0,0.0,0.0
0.0,0.0,0.0
0.0,0.0,0.0
0.0,0.0,0.0
0.0,0.0,0.0
0.0,0.0,0.0
0.0,0.0,0.0
0.0,0.0,0.0
0.0,0.0,0.0
0.0,0.0,0.0
0.0,0.0,0.0
0.0,0.0,0.0
0.0,0.0,0.0
0.0,0.0,0.0
0.0,0.0,0.0
0.0,0.0,0.0
0.0,0.0,0.0
0.0,0.0,0.0
0.0,0.0,0.0
0.0,0.0,0.0
0.0,0.0,0.0
0.0,0.0,0.0
0.0,0.0,0.0
0.0,0.0,0.0
0.0,0.0,0.0
0.0,0.0,0.0
0.0,0.0,0.0
0.0,0.0,0.0
0.0,0.0,0.0
0.0,0.0,0.0
0.0,0.0,0.0
0.0,0.0,0.0
0.0,0.0,0.0
0.0,0.0,0.0
0.0,0.0,0.0
0.0,0.0,0.0
0.0,0.0,0.0
0.0,0.0,0.0
0.0,0.0,0.0
0.0,0.0,0.0
0.0,0.0,0.0
0.0,0.0,0.0
0.0,0.0,0.0
0.0,0.0,0.0
0.0,0.0,0.0
0.0,0.0,0.0
0.0,0.0,0.0
0.0,0.0,0.0
0.0,0.0,0.0
0.0,0.0,0.0
0.0,0.0,0.0
0.0,0.0,0.0
0.0,0.0,0.0
0.0,0.0,0.0
0.0,0.0,0.0
0.0,0.0,0.0
0.0,0.0,0.0
0.0,0.0,0.0
0.0,0.0,0.0
0.0,0.0,0.0
0.0,0.0,0.0
0.0,0.0,0.0
0.0,0.0,0.0
0.0,0.0,0.0
0.0,0.0,0.0
0.0,0.0,0.0
0.0,0.0,0.0
0.0,0.0,0.0
0.0,0.0,0.0
0.0,0.0,0.0
0.0,0.0,0.0
0.0,0.0,0.0
0.0,0.0,0.0
0.0,0.0,0.0
0.0,0.0,0.0
0.0,0.0,0.0
0.0,0.0,0.0
0.0,0.0,0.0
0.0,0.0,0.0
0.0,0.0,0.0
0.0,0.0,0.0
0.0,0.0,0.0
0.0,0.0,0.0
0.0,0.0,0.0
0.0,0.0,0.0
0.0,0.0,0.0
0.0,0.0,0.0
0.0,0.0,0.0
0.0,0.0,0.0
0.0,0.0,0.0
0.0,0.0,0.0
0.0,0.0,0.0
0.0,0.0,0.0
0.0,0.0,0.0
0.0,0.0,0.0
0.0,0.0,0.0
0.0,0.0,0.0
0.0,0.0,0.0
0.0,0.0,0.0
0.0,0.0,0.0
0.0,0.0,0.0
0.0,0.0,0.0
0.0,0.0,0.0
0.0,0.0,0.0
0.0,0.0,0.0
0.0,0.0,0.0
0.0,0.0,0.0
0.0,0.0,0.000174532925199
0.0,0.0,0.000174532925199
0.0,0.0,0.000174532925199
0.0,0.0,0.000174532925199
0.0,0.0,0.000174532925199
0.0,0.0,0.000174532925199
0.0,0.0,0.000174532925199
-0.000127938130552,-2.23294164039e-08,0.000174532925199
-0.000127938130552,-2.23294164039e-08,0.000174532925199
-0.000127938130552,-2.23294164039e-08,0.000174532925199
-0.000127938130552,-2.23294164039e-08,0.000174532925199
-0.000170584174069,-2.97725552082e-08,0.000349065850399
-0.000170584174069,-2.97725552082e-08,0.000349065850399
-0.000170584174069,-2.97725552082e-08,0.000349065850399
-0.000255876257206,-5.95451099559e-08,0.000349065850399
-0.000255876257206,-5.95451099559e-08,0.000349065850399
-0.000255876257206,-5.95451099559e-08,0.000349065850399
-0.000255876257206,-5.95451099559e-08,0.000349065850399
-0.000341168340343,-8.93176647035e-08,0.000872664625997
-0.000341168340343,-8.93176647035e-08,0.000872664625997
-0.000341168340343,-8.93176647035e-08,0.000872664625997
-0.000469106424128,-2.00964733074e-07,0.00226892802759
-0.000469106424128,-2.00964733074e-07,0.00226892802759
-0.000469106424128,-2.00964733074e-07,0.00226892802759
-0.000469106424128,-2.00964733074e-07,0.00226892802759
-0.000511752358524,-2.97725454928e-07,0.00296705972839
-0.000511752358524,-2.97725454928e-07,0.00296705972839
-0.000511752358524,-2.97725454928e-07,0.00296705972839
-0.000597044071425,-5.50791804066e-07,0.00331612557879
-0.000597044071425,-5.50791804066e-07,0.00331612557879
-0.000597044071425,-5.50791804066e-07,0.00331612557879
-0.000597044071425,-5.50791804066e-07,0.00331612557879
-0.000767627310163,-1.11646931888e-06,0.00366519142919
-0.000810273067884,-1.2727748845e-06,0.00401425727959
-0.000810273067884,-1.2727748845e-06,0.00401425727959
-0.000810273067884,-1.2727748845e-06,0.00401425727959
-0.000810273067884,-1.2727748845e-06,0.00401425727959
-0.000938210169572,-1.78635008492e-06,0.00541052068118
-0.000980855589535,-2.0170862631e-06,0.00575958653158
-0.000980855589535,-2.0170862631e-06,0.00575958653158
-0.000980855589535,-2.0170862631e-06,0.00575958653158
-0.000980855589535,-2.0170862631e-06,0.00575958653158
-0.00119408227365,-3.24519738112e-06,0.00680678408278
-0.00119408227365,-3.24519738112e-06,0.00680678408278
-0.00119408227365,-3.24519738112e-06,0.00680678408278
-0.00149259766723,-5.27715859252e-06,0.00837758040957
-0.00149259766723,-5.27715859252e-06,0.00837758040957
-0.00149259766723,-5.27715859252e-06,0.00837758040957
-0.00149259766723,-5.27715859252e-06,0.00837758040957
-0.00187639859603,-8.49255695812e-06,0.0111701072128
-0.00200432874711,-9.92160989685e-06,0.012217304764
-0.00200432874711,-9.92160989685e-06,0.012217304764
-0.00200432874711,-9.92160989685e-06,0.012217304764
-0.00200432874711,-9.92160989685e-06,0.012217304764
-0.00234547163893,-1.40896639545e-05,0.0151843644924
-0.00234547163893,-1.40896639545e-05,0.0151843644924
-0.00234547163893,-1.40896639545e-05,0.0151843644924
-0.00277188291813,-2.05649459068e-05,0.0179768912955
-0.00285716122497,-2.20981499235e-05,0.0188495559215
-0.00285716122497,-2.20981499235e-05,0.0188495559215
-0.00285716122497,-2.20981499235e-05,0.0188495559215
-0.00285716122497,-2.20981499235e-05,0.0188495559215
-0.00319826897056,-2.85286410641e-05,0.0223402144255
-0.00328353977577,-3.04339261138e-05,0.0232128790515
-0.00328353977577,-3.04339261138e-05,0.0232128790515
-0.00328353977577,-3.04339261138e-05,0.0232128790515
-0.00328353977577,-3.04339261138e-05,0.0232128790515
-0.00353934710597,-3.63730175041e-05,0.0253072741539
-0.00353934710597,-3.63730175041e-05,0.0253072741539
-0.00353934710597,-3.63730175041e-05,0.0253072741539
-0.00388040621312,-4.50061369604e-05,0.0268780704807
-0.00388040621312,-4.50061369604e-05,0.0268780704807
-0.00388040621312,-4.50061369604e-05,0.0268780704807
-0.00388040621312,-4.50061369604e-05,0.0268780704807
-0.00422145133863,-5.41749799385e-05,0.0300196631343
-0.0043493318278,-5.80150627498e-05,0.0307177948351
-0.0043493318278,-5.80150627498e-05,0.0307177948351
-0.0043493318278,-5.80150627498e-05,0.0307177948351
-0.0047755910849,-7.11129270553e-05,0.0333357887131
-0.0047755910849,-7.11129270553e-05,0.0333357887131
-0.00490345813677,-7.53770557365e-05,0.0342084533391
-0.00490345813677,-7.53770557365e-05,0.0342084533391
-0.00490345813677,-7.53770557365e-05,0.0342084533391
-0.00537229017087,-9.14213334231e-05,0.0373500459927
-0.00537229017087,-9.14213334231e-05,0.0373500459927
-0.00537229017087,-9.14213334231e-05,0.0373500459927
-0.00537229017087,-9.14213334231e-05,0.0373500459927
-0.00588368578834,-0.000110530870182,0.0417133691227
-0.00605412157785,-0.000117644447548,0.0429350995991
-0.00605412157785,-0.000117644447548,0.0429350995991
-0.00605412157785,-0.000117644447548,0.0429350995991
-0.00605412157785,-0.000117644447548,0.0429350995991
-0.00656540249218,-0.000139609843357,0.0466002910282
-0.00656540249218,-0.000139609843357,0.0466002910282
-0.00656540249218,-0.000139609843357,0.0466002910282
-0.00716179896061,-0.000167422227608,0.050789081233
-0.00716179896061,-0.000167422227608,0.050789081233
-0.00716179896061,-0.000167422227608,0.050789081233
-0.00716179896061,-0.000167422227608,0.050789081233
-0.00754511843399,-0.000186907428586,0.0574213323906
-0.00758769419101,-0.000189354875789,0.0591666616426
-0.00758769419101,-0.000189354875789,0.0591666616426
-0.00758769419101,-0.000189354875789,0.0591666616426
-0.00758769419101,-0.000189354875789,0.0591666616426
-0.00758769419101,-0.000189354875789,0.0600393262686
-0.00758769419101,-0.000189354875789,0.0600393262686
-0.00758769419101,-0.000189354875789,0.0600393262686
-0.00758769419101,-0.000189354875789,0.0600393262686
-0.00758769419101,-0.000189354875789,0.0600393262686
-0.00758769419101,-0.000189354875789,0.0600393262686
-0.00758769419101,-0.000189354875789,0.0600393262686
-0.00758769419101,-0.000189354875789,0.0600393262686
-0.00758769419101,-0.000189354875789,0.0600393262686
-0.00758769419101,-0.000189354875789,0.0600393262686
-0.00758769419101,-0.000189354875789,0.0600393262686
-0.00758769419101,-0.000189354875789,0.0600393262686
-0.00758769419101,-0.000189354875789,0.0600393262686
-0.00758769419101,-0.000189354875789,0.0600393262686
-0.00758769419101,-0.000189354875789,0.0600393262686
-0.00758769419101,-0.000189354875789,0.0600393262686
-0.00758769419101,-0.000189354875789,0.0600393262686
-0.00758769419101,-0.000189354875789,0.0600393262686
-0.00758769419101,-0.000189354875789,0.0600393262686
-0.00758769419101,-0.000189354875789,0.0600393262686
-0.00758769419101,-0.000189354875789,0.0600393262686
-0.00758769419101,-0.000189354875789,0.0600393262686
-0.00758769419101,-0.000189354875789,0.0600393262686
-0.00758769419101,-0.000189354875789,0.0600393262686
-0.00758769419101,-0.000189354875789,0.0600393262686
-0.00758769419101,-0.000189354875789,0.0600393262686
-0.00758769419101,-0.000189354875789,0.0600393262686
-0.00758769419101,-0.000189354875789,0.0600393262686
-0.00758769419101,-0.000189354875789,0.0600393262686
-0.00758769419101,-0.000189354875789,0.0600393262686
-0.00758769419101,-0.000189354875789,0.0600393262686
-0.00758769419101,-0.000189354875789,0.0600393262686
-0.00758769419101,-0.000189354875789,0.0600393262686
-0.00758769419101,-0.000189354875789,0.0600393262686
-0.00758769419101,-0.000189354875789,0.0600393262686
-0.00758769419101,-0.000189354875789,0.0600393262686
-0.00758769419101,-0.000189354875789,0.0600393262686
-0.00758769419101,-0.000189354875789,0.0600393262686
-0.00758769419101,-0.000189354875789,0.0600393262686
-0.00758769419101,-0.000189354875789,0.0600393262686
-0.00758769419101,-0.000189354875789,0.0600393262686
-0.00758769419101,-0.000189354875789,0.0600393262686
-0.00758769419101,-0.000189354875789,0.0600393262686
-0.00758769419101,-0.000189354875789,0.0600393262686
-0.00758769419101,-0.000189354875789,0.0600393262686
-0.00758769419101,-0.000189354875789,0.0600393262686
-0.00758769419101,-0.000189354875789,0.0600393262686
-0.00758769419101,-0.000189354875789,0.0600393262686
-0.00758769419101,-0.000189354875789,0.0600393262686
-0.00758769419101,-0.000189354875789,0.0600393262686
-0.00758769419101,-0.000189354875789,0.0600393262686
-0.00758769419101,-0.000189354875789,0.0600393262686
-0.00758769419101,-0.000189354875789,0.0600393262686
-0.00758769419101,-0.000189354875789,0.0600393262686
-0.00758769419101,-0.000189354875789,0.0600393262686
-0.00758769419101,-0.000189354875789,0.0600393262686
-0.00758769419101,-0.000189354875789,0.0600393262686
-0.00758769419101,-0.000189354875789,0.0600393262686
-0.00758769419101,-0.000189354875789,0.0600393262686
-0.00758769419101,-0.000189354875789,0.0600393262686
-0.00758769419101,-0.000189354875789,0.0600393262686
-0.00758769419101,-0.000189354875789,0.0600393262686
-0.00758769419101,-0.000189354875789,0.0600393262686
-0.00758769419101,-0.000189354875789,0.0600393262686
-0.00758769419101,-0.000189354875789,0.0600393262686
-0.00758769419101,-0.000189354875789,0.0600393262686
-0.00758769419101,-0.000189354875789,0.0600393262686
-0.00758769419101,-0.000189354875789,0.0600393262686
-0.00758769419101,-0.000189354875789,0.0600393262686
-0.00758769419101,-0.000189354875789,0.0600393262686
-0.00758769419101,-0.000189354875789,0.0600393262686
-0.00758769419101,-0.000189354875789,0.0600393262686
-0.00758769419101,-0.000189354875789,0.0600393262686
-0.00758769419101,-0.000189354875789,0.0600393262686
-0.00758769419101,-0.000189354875789,0.0600393262686
-0.00758769419101,-0.000189354875789,0.0600393262686
-0.00758769419101,-0.000189354875789,0.0600393262686
-0.00758769419101,-0.000189354875789,0.0600393262686
-0.00758769419101,-0.000189354875789,0.0600393262686
-0.00758769419101,-0.000189354875789,0.0600393262686
-0.00758769419101,-0.000189354875789,0.0600393262686
-0.00758769419101,-0.000189354875789,0.0600393262686
-0.00758769419101,-0.000189354875789,0.0600393262686
-0.00758769419101,-0.000189354875789,0.0600393262686
-0.00758769419101,-0.000189354875789,0.0600393262686
-0.00758769419101,-0.000189354875789,0.0600393262686
-0.00758769419101,-0.000189354875789,0.0600393262686
-0.00758769419101,-0.000189354875789,0.0600393262686
-0.00758769419101,-0.000189354875789,0.0600393262686
-0.00758769419101,-0.000189354875789,0.0600393262686
-0.00758769419101,-0.000189354875789,0.0600393262686
-0.00758769419101,-0.000189354875789,0.0600393262686
-0.00758769419101,-0.000189354875789,0.0600393262686
-0.00758769419101,-0.000189354875789,0.0600393262686
-0.00758769419101,-0.000189354875789,0.0600393262686
-0.00758769419101,-0.000189354875789,0.0600393262686
-0.00758769419101,-0.000189354875789,0.0600393262686
-0.00758769419101,-0.000189354875789,0.0600393262686
-0.00758769419101,-0.000189354875789,0.0600393262686
-0.00758769419101,-0.000189354875789,0.0600393262686
-0.00758769419101,-0.000189354875789,0.0600393262686
-0.00758769419101,-0.000189354875789,0.0600393262686
-0.00758769419101,-0.000189354875789,0.0600393262686
-0.00758769419101,-0.000189354875789,0.0600393262686
-0.00758769419101,-0.000189354875789,0.0600393262686
-0.00758769419101,-0.000189354875789,0.0600393262686
-0.00758769419101,-0.000189354875789,0.0600393262686
-0.00758769419101,-0.000189354875789,0.0600393262686
-0.00758769419101,-0.000189354875789,0.0600393262686
-0.00758769419101,-0.000189354875789,0.0600393262686
-0.00758769419101,-0.000189354875789,0.0600393262686
-0.00758769419101,-0.000189354875789,0.0600393262686
-0.00758769419101,-0.000189354875789,0.0600393262686
-0.00758769419101,-0.000189354875789,0.0600393262686
-0.00758769419101,-0.000189354875789,0.0600393262686
-0.00758769419101,-0.000189354875789,0.0600393262686
-0.00758769419101,-0.000189354875789,0.0600393262686
-0.00758769419101,-0.000189354875789,0.0600393262686
-0.00758769419101,-0.000189354875789,0.0600393262686
-0.00758769419101,-0.000189354875789,0.0600393262686
-0.00758769419101,-0.000189354875789,0.0600393262686
-0.00758769419101,-0.000189354875789,0.0600393262686
-0.00758769419101,-0.000189354875789,0.0600393262686
-0.00758769419101,-0.000189354875789,0.0600393262686
-0.00758769419101,-0.000189354875789,0.0600393262686
-0.00758769419101,-0.000189354875789,0.0600393262686
-0.00758769419101,-0.000189354875789,0.0600393262686
-0.00758769419101,-0.000189354875789,0.0600393262686
-0.00758769419101,-0.000189354875789,0.0600393262686
-0.00758769419101,-0.000189354875789,0.0600393262686
-0.00758769419101,-0.000189354875789,0.0600393262686
-0.00758769419101,-0.000189354875789,0.0600393262686
-0.00758769419101,-0.000189354875789,0.0600393262686
-0.00758769419101,-0.000189354875789,0.0600393262686
-0.00758769419101,-0.000189354875789,0.0600393262686
-0.00758769419101,-0.000189354875789,0.0600393262686
-0.00758769419101,-0.000189354875789,0.0600393262686
-0.00758769419101,-0.000189354875789,0.0600393262686
-0.00758769419101,-0.000189354875789,0.0600393262686
-0.00758769419101,-0.000189354875789,0.0600393262686
-0.00758769419101,-0.000189354875789,0.0600393262686
-0.00758769419101,-0.000189354875789,0.0600393262686
-0.00758769419101,-0.000189354875789,0.0600393262686
-0.00758769419101,-0.000189354875789,0.0600393262686
-0.00758769419101,-0.000189354875789,0.0600393262686
-0.00758769419101,-0.000189354875789,0.0600393262686
-0.00758769419101,-0.000189354875789,0.0600393262686
-0.00758769419101,-0.000189354875789,0.0600393262686
-0.00758769419101,-0.000189354875789,0.0600393262686
-0.00758769419101,-0.000189354875789,0.0600393262686
-0.00758769419101,-0.000189354875789,0.0600393262686
-0.00758769419101,-0.000189354875789,0.0600393262686
-0.00758769419101,-0.000189354875789,0.0600393262686
-0.00758769419101,-0.000189354875789,0.0600393262686
-0.00758769419101,-0.000189354875789,0.0600393262686
-0.00758769419101,-0.000189354875789,0.0600393262686
-0.00758769419101,-0.000189354875789,0.0600393262686
-0.00758769419101,-0.000189354875789,0.0600393262686
-0.00758769419101,-0.000189354875789,0.0600393262686
-0.00758769419101,-0.000189354875789,0.0600393262686
-0.00758769419101,-0.000189354875789,0.0600393262686
-0.00758769419101,-0.000189354875789,0.0600393262686
-0.00758769419101,-0.000189354875789,0.0600393262686
-0.00758769419101,-0.000189354875789,0.0600393262686
-0.00758769419101,-0.000189354875789,0.0600393262686
-0.00758769419101,-0.000189354875789,0.0600393262686
-0.00758769419101,-0.000189354875789,0.0600393262686
-0.00758769419101,-0.000189354875789,0.0600393262686
-0.00758769419101,-0.000189354875789,0.0600393262686
-0.00758769419101,-0.000189354875789,0.0600393262686
-0.00758769419101,-0.000189354875789,0.0600393262686
-0.00758769419101,-0.000189354875789,0.0600393262686
-0.00758769419101,-0.000189354875789,0.0600393262686
-0.00758769419101,-0.000189354875789,0.0600393262686
-0.00758769419101,-0.000189354875789,0.0600393262686
-0.00758769419101,-0.000189354875789,0.0600393262686
-0.00758769419101,-0.000189354875789,0.0600393262686
-0.00758769419101,-0.000189354875789,0.0600393262686
-0.00758769419101,-0.000189354875789,0.0600393262686
-0.00758769419101,-0.000189354875789,0.0600393262686
-0.00758769419101,-0.000189354875789,0.0600393262686
-0.00758769419101,-0.000189354875789,0.0600393262686
-0.00758769419101,-0.000189354875789,0.0600393262686
-0.00758769419101,-0.000189354875789,0.0600393262686
-0.00758769419101,-0.000189354875789,0.0600393262686
-0.00758769419101,-0.000189354875789,0.0600393262686
-0.00758769419101,-0.000189354875789,0.0600393262686
-0.00758769419101,-0.000189354875789,0.0600393262686
-0.00758769419101,-0.000189354875789,0.0600393262686
-0.00758769419101,-0.000189354875789,0.0600393262686
-0.00758769419101,-0.000189354875789,0.0600393262686
-0.00758769419101,-0.000189354875789,0.0600393262686
-0.00758769419101,-0.000189354875789,0.0600393262686
-0.00758769419101,-0.000189354875789,0.0600393262686
-0.00758769419101,-0.000189354875789,0.0600393262686
-0.00758769419101,-0.000189354875789,0.0600393262686
-0.00758769419101,-0.000189354875789,0.0600393262686
-0.00758769419101,-0.000189354875789,0.0600393262686
-0.00758769419101,-0.000189354875789,0.0600393262686
-0.00758769419101,-0.000189354875789,0.0600393262686
-0.00758769419101,-0.000189354875789,0.0600393262686
-0.00758769419101,-0.000189354875789,0.0600393262686
-0.00758769419101,-0.000189354875789,0.0600393262686
-0.00758769419101,-0.000189354875789,0.0600393262686
-0.00758769419101,-0.000189354875789,0.0600393262686
-0.00758769419101,-0.000189354875789,0.0600393262686
-0.00758769419101,-0.000189354875789,0.0600393262686
-0.00758769419101,-0.000189354875789,0.0600393262686
-0.00758769419101,-0.000189354875789,0.0600393262686
-0.00758769419101,-0.000189354875789,0.0600393262686
-0.00758769419101,-0.000189354875789,0.0600393262686
-0.00758769419101,-0.000189354875789,0.0600393262686
-0.00758769419101,-0.000189354875789,0.0600393262686
-0.00758769419101,-0.000189354875789,0.0600393262686
-0.00758769419101,-0.000189354875789,0.0600393262686
-0.00758769419101,-0.000189354875789,0.0600393262686
-0.00758769419101,-0.000189354875789,0.0600393262686
-0.00758769419101,-0.000189354875789,0.0600393262686
-0.00758769419101,-0.000189354875789,0.0600393262686
-0.00758769419101,-0.000189354875789,0.0600393262686
-0.00758769419101,-0.000189354875789,0.0600393262686
-0.00758769419101,-0.000189354875789,0.0600393262686
-0.00758769419101,-0.000189354875789,0.0600393262686
-0.00758769419101,-0.000189354875789,0.0600393262686
-0.00758769419101,-0.000189354875789,0.0600393262686
-0.00758769419101,-0.000189354875789,0.0600393262686
-0.00758769419101,-0.000189354875789,0.0600393262686
-0.00758769419101,-0.000189354875789,0.0600393262686
-0.00758769419101,-0.000189354875789,0.0600393262686
-0.00758769419101,-0.000189354875789,0.0600393262686
-0.00758769419101,-0.000189354875789,0.0600393262686
-0.00758769419101,-0.000189354875789,0.0600393262686
-0.00758769419101,-0.000189354875789,0.0600393262686
-0.00758769419101,-0.000189354875789,0.0600393262686
-0.00758769419101,-0.000189354875789,0.0600393262686
-0.00758769419101,-0.000189354875789,0.0600393262686
-0.00758769419101,-0.000189354875789,0.0600393262686
-0.00758769419101,-0.000189354875789,0.0600393262686
-0.00758769419101,-0.000189354875789,0.0600393262686
-0.00758769419101,-0.000189354875789,0.0600393262686
-0.00758769419101,-0.000189354875789,0.0600393262686
-0.00758769419101,-0.000189354875789,0.0600393262686
-0.00758769419101,-0.000189354875789,0.0600393262686
-0.00758769419101,-0.000189354875789,0.0600393262686
-0.00758769419101,-0.000189354875789,0.0600393262686
-0.00758769419101,-0.000189354875789,0.0600393262686
-0.00758769419101,-0.000189354875789,0.0600393262686
-0.00758769419101,-0.000189354875789,0.0600393262686
-0.00758769419101,-0.000189354875789,0.0600393262686
-0.00758769419101,-0.000189354875789,0.0600393262686
-0.00758769419101,-0.000189354875789,0.0600393262686
-0.00758769419101,-0.000189354875789,0.0600393262686
-0.00758769419101,-0.000189354875789,0.0600393262686
-0.00758769419101,-0.000189354875789,0.0600393262686
-0.00758769419101,-0.000189354875789,0.0600393262686
-0.00758769419101,-0.000189354875789,0.0600393262686
-0.00758769419101,-0.000189354875789,0.0600393262686
-0.00758769419101,-0.000189354875789,0.0600393262686
-0.00758769419101,-0.000189354875789,0.0600393262686
-0.00758769419101,-0.000189354875789,0.0600393262686
-0.00758769419101,-0.000189354875789,0.0600393262686
-0.00758769419101,-0.000189354875789,0.0600393262686
-0.00758769419101,-0.000189354875789,0.0600393262686
-0.00758769419101,-0.000189354875789,0.0600393262686
-0.00758769419101,-0.000189354875789,0.0600393262686
-0.00758769419101,-0.000189354875789,0.0600393262686
-0.00758769419101,-0.000189354875789,0.0600393262686
-0.00758769419101,-0.000189354875789,0.0600393262686
-0.00758769419101,-0.000189354875789,0.0600393262686
-0.00758769419101,-0.000189354875789,0.0600393262686
-0.00758769419101,-0.000189354875789,0.0600393262686
-0.00758769419101,-0.000189354875789,0.0600393262686
-0.00758769419101,-0.000189354875789,0.0600393262686
-0.00758769419101,-0.000189354875789,0.0600393262686
-0.00758769419101,-0.000189354875789,0.0600393262686
-0.00758769419101,-0.000189354875789,0.0600393262686
-0.00758769419101,-0.000189354875789,0.0600393262686
-0.00758769419101,-0.000189354875789,0.0600393262686
-0.00758769419101,-0.000189354875789,0.0600393262686
-0.00758769419101,-0.000189354875789,0.0600393262686
-0.00758769419101,-0.000189354875789,0.0600393262686
-0.00758769419101,-0.000189354875789,0.0600393262686
-0.00758769419101,-0.000189354875789,0.0600393262686
-0.00758769419101,-0.000189354875789,0.0600393262686
-0.00758769419101,-0.000189354875789,0.0600393262686
-0.00758769419101,-0.000189354875789,0.0600393262686
-0.00758769419101,-0.000189354875789,0.0600393262686
-0.00758769419101,-0.000189354875789,0.0600393262686
-0.00758769419101,-0.000189354875789,0.0600393262686
-0.00758769419101,-0.000189354875789,0.0600393262686
-0.00758769419101,-0.000189354875789,0.0600393262686
-0.00758769419101,-0.000189354875789,0.0600393262686
-0.00758769419101,-0.000189354875789,0.0600393262686
-0.00758769419101,-0.000189354875789,0.0600393262686
-0.00758769419101,-0.000189354875789,0.0600393262686
-0.00758769419101,-0.000189354875789,0.0600393262686
-0.00758769419101,-0.000189354875789,0.0600393262686
-0.00763026339472,-0.000191913777547,0.0600393262686
-0.00763026339472,-0.000191913777547,0.0600393262686
-0.00763026339472,-0.000191913777547,0.0600393262686
-0.00780054020958,-0.000202149384582,0.0600393262686
-0.00780054020958,-0.000202149384582,0.0600393262686
-0.00780054020958,-0.000202149384582,0.0600393262686
-0.00801338622815,-0.000214943893375,0.0614355896702
-0.00801338622815,-0.000214943893375,0.0614355896702
-0.00809851740679,-0.000220180567507,0.0617846555206
-0.00809851740679,-0.000220180567507,0.0617846555206
-0.00809851740679,-0.000220180567507,0.0617846555206
-0.00835390544331,-0.000235979738107,0.0635299847726
-0.00835390544331,-0.000235979738107,0.0635299847726
-0.00839646545544,-0.000238687218527,0.0644026493986
-0.00839646545544,-0.000238687218527,0.0644026493986
-0.00839646545544,-0.000238687218527,0.0644026493986
-0.00852413835506,-0.000246921078532,0.066497044501
-0.00852413835506,-0.000246921078532,0.066497044501
-0.00852413835506,-0.000246921078532,0.066497044501
-0.00852413835506,-0.000246921078532,0.066497044501
-0.00865179372972,-0.000255422317778,0.069115038379
-0.00865179372972,-0.000255422317778,0.069115038379
-0.00865179372972,-0.000255422317778,0.069115038379
-0.00843907259468,-0.000240696633244,0.0715584993318
-0.00843907259468,-0.000240696633244,0.0715584993318
-0.00843907259468,-0.000240696633244,0.0715584993318
-0.00843907259468,-0.000240696633244,0.0715584993318
-0.00809877736522,-0.000216303967894,0.0769690200129
-0.00809877736522,-0.000216303967894,0.0769690200129
-0.00809877736522,-0.000216303967894,0.0769690200129
-0.00758853995686,-0.000176953757324,0.0827286065445
-0.00758853995686,-0.000176953757324,0.0827286065445
-0.00737603899616,-0.000159333633095,0.0851720674973
-0.00737603899616,-0.000159333633095,0.0851720674973
-0.00737603899616,-0.000159333633095,0.0851720674973
-0.00669617572483,-0.000101287844578,0.0959931088597
-0.00669617572483,-0.000101287844578,0.0959931088597
-0.00669617572483,-0.000101287844578,0.0959931088597
-0.00669617572483,-0.000101287844578,0.0959931088597
-0.00639902775316,-7.26757492116e-05,0.105766952671
-0.00639902775316,-7.26757492116e-05,0.105766952671
-0.00639902775316,-7.26757492116e-05,0.105766952671
-0.00597495042015,-2.76543772504e-05,0.113271868454
-0.00597495042015,-2.76543772504e-05,0.113271868454
-0.00597495042015,-2.76543772504e-05,0.113271868454
-0.00597495042015,-2.76543772504e-05,0.113271868454
-0.00589020491778,-1.80138294756e-05,0.121474915939
-0.00589020491778,-1.80138294756e-05,0.121474915939
-0.00589020491778,-1.80138294756e-05,0.121474915939
-0.00589020491778,-1.80138294756e-05,0.121474915939
-0.00597486848792,-2.83492164797e-05,0.130550628049
-0.00597486848792,-2.83492164797e-05,0.130550628049
-0.00597486848792,-2.83492164797e-05,0.130550628049
-0.0059325853461,-2.27975499837e-05,0.139800873085
-0.0059325853461,-2.27975499837e-05,0.139800873085
-0.0059325853461,-2.27975499837e-05,0.139800873085
-0.0059325853461,-2.27975499837e-05,0.139800873085
-0.00572143544975,6.91521412957e-06,0.14905111812
-0.00572143544975,6.91521412957e-06,0.14905111812
-0.00572143544975,6.91521412957e-06,0.14905111812
-0.00551056943351,3.85798674611e-05,0.159697626557
-0.00551056943351,3.85798674611e-05,0.159697626557
-0.00551056943351,3.85798674611e-05,0.159697626557
-0.00551056943351,3.85798674611e-05,0.159697626557
-0.00546846604269,4.53614281e-05,0.168947871593
-0.00546846604269,4.53614281e-05,0.168947871593
-0.00546846604269,4.53614281e-05,0.168947871593
-0.00546846604269,4.53614281e-05,0.168947871593
-0.00555254376129,3.10199648408e-05,0.178198116629
-0.00555254376129,3.10199648408e-05,0.178198116629
-0.00555254376129,3.10199648408e-05,0.178198116629
-0.00572042668393,7.82808655154e-07,0.187622894589
-0.00572042668393,7.82808655154e-07,0.190240888467
-0.00572042668393,7.82808655154e-07,0.190240888467
-0.00572042668393,7.82808655154e-07,0.190240888467
-0.00572042668393,7.82808655154e-07,0.190240888467
-0.00597168661172,-4.76022270257e-05,0.198618468877
-0.00597168661172,-4.76022270257e-05,0.198618468877
-0.00597168661172,-4.76022270257e-05,0.198618468877
-0.00597168661172,-4.76022270257e-05,0.198618468877
-0.00609710949465,-7.28463587223e-05,0.205599785885
-0.00609710949465,-7.28463587223e-05,0.205599785885
-0.00609710949465,-7.28463587223e-05,0.205599785885
-0.00613885735818,-8.15527341583e-05,0.208741378539
-0.00613885735818,-8.15527341583e-05,0.208741378539
-0.00613885735818,-8.15527341583e-05,0.208741378539
-0.00613885735818,-8.15527341583e-05,0.208741378539
-0.00613885735818,-8.15527341583e-05,0.208741378539
-0.00613885735818,-8.15527341583e-05,0.208741378539
-0.00613885735818,-8.15527341583e-05,0.208741378539
-0.00613885735818,-8.15527341583e-05,0.208741378539
-0.00613885735818,-8.15527341583e-05,0.208741378539
-0.00613885735818,-8.15527341583e-05,0.208741378539
-0.00613885735818,-8.15527341583e-05,0.208741378539
-0.00613885735818,-8.15527341583e-05,0.208741378539
-0.00613885735818,-8.15527341583e-05,0.208741378539
-0.00613885735818,-8.15527341583e-05,0.208741378539
-0.00613885735818,-8.15527341583e-05,0.208741378539
-0.00613885735818,-8.15527341583e-05,0.208741378539
-0.00613885735818,-8.15527341583e-05,0.208741378539
-0.00613885735818,-8.15527341583e-05,0.208741378539
-0.00613885735818,-8.15527341583e-05,0.208741378539
-0.00613885735818,-8.15527341583e-05,0.208741378539
-0.00613885735818,-8.15527341583e-05,0.208741378539
-0.00613885735818,-8.15527341583e-05,0.208741378539
-0.00613885735818,-8.15527341583e-05,0.208741378539
-0.00613885735818,-8.15527341583e-05,0.208741378539
-0.00613885735818,-8.15527341583e-05,0.208741378539
-0.00613885735818,-8.15527341583e-05,0.208741378539
-0.00613885735818,-8.15527341583e-05,0.208741378539
-0.00613885735818,-8.15527341583e-05,0.208741378539
-0.00613885735818,-8.15527341583e-05,0.208741378539
-0.00613885735818,-8.15527341583e-05,0.208741378539
-0.00613885735818,-8.15527341583e-05,0.208741378539
-0.00613885735818,-8.15527341583e-05,0.208741378539
-0.00613885735818,-8.15527341583e-05,0.208741378539
-0.00613885735818,-8.15527341583e-05,0.208741378539
-0.00613885735818,-8.15527341583e-05,0.208741378539
-0.00613885735818,-8.15527341583e-05,0.208741378539
-0.00613885735818,-8.15527341583e-05,0.208741378539
-0.00613885735818,-8.15527341583e-05,0.208741378539
-0.00613885735818,-8.15527341583e-05,0.208741378539
-0.00613885735818,-8.15527341583e-05,0.208741378539
-0.00613885735818,-8.15527341583e-05,0.208741378539
-0.00613885735818,-8.15527341583e-05,0.208741378539
-0.00613885735818,-8.15527341583e-05,0.208741378539
-0.00613885735818,-8.15527341583e-05,0.208741378539
-0.00613885735818,-8.15527341583e-05,0.208741378539
-0.00613885735818,-8.15527341583e-05,0.208741378539
-0.00613885735818,-8.15527341583e-05,0.208741378539
-0.00613885735818,-8.15527341583e-05,0.208741378539
-0.00613885735818,-8.15527341583e-05,0.208741378539
-0.00613885735818,-8.15527341583e-05,0.208741378539
-0.00626401827522,-0.000108065195271,0.208741378539
-0.00626401827522,-0.000108065195271,0.208741378539
-0.00626401827522,-0.000108065195271,0.208741378539
-0.00626401827522,-0.000108065195271,0.208741378539
-0.00626401827522,-0.000108065195271,0.208741378539
-0.00655606041497,-0.000169927604533,0.211010306566
-0.00655606041497,-0.000169927604533,0.211010306566
-0.00655606041497,-0.000169927604533,0.211010306566
-0.00655606041497,-0.000169927604533,0.211010306566
-0.00672286100171,-0.00020565610285,0.212930168743
-0.00672286100171,-0.00020565610285,0.212930168743
-0.00672286100171,-0.00020565610285,0.212930168743
-0.00672286100171,-0.00020565610285,0.215373629696
-0.00672286100171,-0.00020565610285,0.215373629696
-0.00672286100171,-0.00020565610285,0.215373629696
-0.00672286100171,-0.00020565610285,0.215373629696
-0.00688950410614,-0.000242112063606,0.218340689424
-0.00688950410614,-0.000242112063606,0.218340689424
-0.00697277120818,-0.000260587183409,0.219387886976
-0.00697277120818,-0.000260587183409,0.219387886976
-0.00697277120818,-0.000260587183409,0.219387886976
-0.00713926662673,-0.000297711796934,0.222180413779
-0.00713926662673,-0.000297711796934,0.222180413779
-0.00713926662673,-0.000297711796934,0.222180413779
-0.00730565772476,-0.000335301208021,0.223925743031
-0.00730565772476,-0.000335301208021,0.223925743031
-0.00730565772476,-0.000335301208021,0.223925743031
-0.00730565772476,-0.000335301208021,0.223925743031
-0.00755514558286,-0.000392120849428,0.226369203984
-0.00755514558286,-0.000392120849428,0.226369203984
-0.00755514558286,-0.000392120849428,0.226369203984
-0.00755514558286,-0.000392120849428,0.226369203984
-0.00755514558286,-0.000392120849428,0.229161730787
-0.00755514558286,-0.000392120849428,0.229161730787
-0.00755514558286,-0.000392120849428,0.229161730787
-0.00776280136003,-0.00044055849271,0.23195425759
-0.00776280136003,-0.00044055849271,0.23195425759
-0.00776280136003,-0.00044055849271,0.23195425759
-0.00813633682768,-0.000528789701091,0.234746784393
-0.00813633682768,-0.000528789701091,0.234746784393
-0.00813633682768,-0.000528789701091,0.234746784393
-0.00821928963291,-0.00054862836127,0.235793981944
-0.00821928963291,-0.00054862836127,0.235793981944
-0.00821928963291,-0.00054862836127,0.235793981944
-0.00859248356427,-0.000638293188942,0.239982772149
-0.00859248356427,-0.000638293188942,0.239982772149
-0.0087167552547,-0.000668702278128,0.240855436775
-0.0087167552547,-0.000668702278128,0.240855436775
-0.0087167552547,-0.000668702278128,0.240855436775
-0.00904807553785,-0.000750082345065,0.243822496504
-0.00904807553785,-0.000750082345065,0.243822496504
-0.00904807553785,-0.000750082345065,0.243822496504
-0.00933776823275,-0.000822149755123,0.247836753783
-0.00933776823275,-0.000822149755123,0.247836753783
-0.00933776823275,-0.000822149755123,0.247836753783
-0.00954448327879,-0.000874456703186,0.254992603716
-0.00954448327879,-0.000874456703186,0.254992603716
-0.00954448327879,-0.000874456703186,0.254992603716
-0.00962701746121,-0.000895970630415,0.256912465894
-0.00962701746121,-0.000895970630415,0.256912465894
-0.00962701746121,-0.000895970630415,0.256912465894
-0.00979200291434,-0.000939315313892,0.261973920724
-0.00979200291434,-0.000939315313892,0.261973920724
-0.00979200291434,-0.000939315313892,0.261973920724
-0.00979200291434,-0.000939315313892,0.267558974331
-0.00979200291434,-0.000939315313892,0.267558974331
-0.00979200291434,-0.000939315313892,0.267558974331
-0.00979200291434,-0.000939315313892,0.272794962087
-0.00979200291434,-0.000939315313892,0.272794962087
-0.00979200291434,-0.000939315313892,0.272794962087
-0.00970986478851,-0.000916335570227,0.274365758414
-0.00970986478851,-0.000916335570227,0.274365758414
-0.00970986478851,-0.000916335570227,0.274365758414
-0.00962776286051,-0.000893226832699,0.275762021815
-0.00962776286051,-0.000893226832699,0.275762021815
-0.00962776286051,-0.000893226832699,0.275762021815
-0.00962776286051,-0.000893226832699,0.275762021815
-0.00962776286051,-0.000893226832699,0.275762021815
-0.00962776286051,-0.000893226832699,0.275762021815
-0.00962776286051,-0.000893226832699,0.275762021815
-0.00962776286051,-0.000893226832699,0.275762021815
-0.00962776286051,-0.000893226832699,0.275762021815
-0.00962776286051,-0.000893226832699,0.275762021815
-0.00962776286051,-0.000893226832699,0.275762021815
-0.00962776286051,-0.000893226832699,0.275762021815
-0.00962776286051,-0.000893226832699,0.275762021815
-0.00962776286051,-0.000893226832699,0.275762021815
-0.00962776286051,-0.000893226832699,0.275762021815
-0.00962776286051,-0.000893226832699,0.275762021815
-0.00962776286051,-0.000893226832699,0.275762021815
-0.00962776286051,-0.000893226832699,0.275762021815
-0.00962776286051,-0.000893226832699,0.275762021815
-0.00962776286051,-0.000893226832699,0.275762021815
-0.00962776286051,-0.000893226832699,0.275762021815
-0.00962776286051,-0.000893226832699,0.275762021815
-0.00962776286051,-0.000893226832699,0.275762021815
-0.00962776286051,-0.000893226832699,0.275762021815
-0.00962776286051,-0.000893226832699,0.275762021815
-0.00962776286051,-0.000893226832699,0.275762021815
-0.00962776286051,-0.000893226832699,0.275762021815
-0.00962776286051,-0.000893226832699,0.275762021815
-0.00962776286051,-0.000893226832699,0.275762021815
-0.00962776286051,-0.000893226832699,0.275762021815
-0.00962776286051,-0.000893226832699,0.275762021815
-0.00962776286051,-0.000893226832699,0.275762021815
-0.00962776286051,-0.000893226832699,0.275762021815
-0.00962776286051,-0.000893226832699,0.275762021815
-0.00962776286051,-0.000893226832699,0.275762021815
-0.00954569327841,-0.000870003481817,0.27558748889
-0.00954569327841,-0.000870003481817,0.27558748889
-0.00954569327841,-0.000870003481817,0.27558748889
-0.00954569327841,-0.000870003481817,0.27558748889
-0.00946361964432,-0.000846794455133,0.27558748889
-0.00946361964432,-0.000846794455133,0.27558748889
-0.00946361964432,-0.000846794455133,0.27558748889
-0.00946361964432,-0.000846794455133,0.27558748889
-0.00946361964432,-0.000846794455133,0.27558748889
-0.00946361964432,-0.000846794455133,0.27558748889
-0.00946361964432,-0.000846794455133,0.27558748889
-0.00946361964432,-0.000846794455133,0.276460153516
-0.00946361964432,-0.000846794455133,0.276460153516
-0.00946361964432,-0.000846794455133,0.276460153516
-0.00946361964432,-0.000846794455133,0.276460153516
-0.00946361964432,-0.000846794455133,0.276460153516
-0.00946361964432,-0.000846794455133,0.276460153516
-0.00946361964432,-0.000846794455133,0.276460153516
-0.00946361964432,-0.000846794455133,0.276460153516
-0.00946361964432,-0.000846794455133,0.276460153516
-0.00946361964432,-0.000846794455133,0.276460153516
-0.00946361964432,-0.000846794455133,0.276460153516
-0.00946361964432,-0.000846794455133,0.276460153516
-0.00946361964432,-0.000846794455133,0.276460153516
-0.00946361964432,-0.000846794455133,0.276460153516
-0.00946361964432,-0.000846794455133,0.276460153516
-0.00946361964432,-0.000846794455133,0.276460153516
-0.00946361964432,-0.000846794455133,0.276460153516
-0.00946361964432,-0.000846794455133,0.276460153516
-0.00946361964432,-0.000846794455133,0.276460153516
-0.00946361964432,-0.000846794455133,0.276460153516
-0.00946361964432,-0.000846794455133,0.276460153516
-0.00942259296975,-0.000835154134836,0.276460153516
-0.00942259296975,-0.000835154134836,0.276460153516
-0.00942259296975,-0.000835154134836,0.276460153516
-0.00942259296975,-0.000835154134836,0.276460153516
-0.00938156629518,-0.000823513814538,0.276460153516
-0.00938156629518,-0.000823513814538,0.276460153516
-0.00938156629518,-0.000823513814538,0.276460153516
-0.00938156629518,-0.000823513814538,0.276460153516
-0.00938156629518,-0.000823513814538,0.276460153516
-0.00938156629518,-0.000823513814538,0.276460153516
-0.00938156629518,-0.000823513814538,0.276460153516
-0.00925848627146,-0.000788592853646,0.276460153516
-0.00925848627146,-0.000788592853646,0.276460153516
-0.00925848627146,-0.000788592853646,0.276460153516
-0.00925848627146,-0.000788592853646,0.276460153516
-0.00917643292231,-0.000765312213051,0.276460153516
-0.00917643292231,-0.000765312213051,0.276460153516
-0.00917643292231,-0.000765312213051,0.276460153516
-0.00913540624774,-0.000753671892753,0.276460153516
-0.00913540624774,-0.000753671892753,0.276460153516
-0.00913540624774,-0.000753671892753,0.276460153516
-0.00913540624774,-0.000753671892753,0.276460153516
-0.00913540624774,-0.000753671892753,0.276634686441
-0.00913540624774,-0.000753671892753,0.276634686441
-0.00913540624774,-0.000753671892753,0.276634686441
-0.00913540624774,-0.000753671892753,0.277332818142
-0.00913540624774,-0.000753671892753,0.277332818142
-0.00913540624774,-0.000753671892753,0.277332818142
-0.00913540624774,-0.000753671892753,0.277332818142
-0.00913540624774,-0.000753671892753,0.278205482768
-0.00913540624774,-0.000753671892753,0.278205482768
-0.00913540624774,-0.000753671892753,0.278205482768
-0.00913540624774,-0.000753671892753,0.278205482768
-0.00913540624774,-0.000753671892753,0.278903614469
-0.00913540624774,-0.000753671892753,0.278903614469
-0.00913540624774,-0.000753671892753,0.278903614469
-0.00913540624774,-0.000753671892753,0.279252680319
-0.00913540624774,-0.000753671892753,0.279252680319
-0.00913540624774,-0.000753671892753,0.279252680319
-0.00913540624774,-0.000753671892753,0.279252680319
-0.00913540624774,-0.000753671892753,0.279252680319
-0.00913540624774,-0.000753671892753,0.279252680319
-0.00913540624774,-0.000753671892753,0.279252680319
-0.00913540624774,-0.000753671892753,0.279252680319
-0.00913540624774,-0.000753671892753,0.279252680319
-0.009094412239,-0.000741917049903,0.279427213244
-0.009094412239,-0.000741917049903,0.279427213244
-0.009094412239,-0.000741917049903,0.279427213244
-0.009094412239,-0.000741917049903,0.279601746169
-0.009094412239,-0.000741917049903,0.279601746169
-0.009094412239,-0.000741917049903,0.280125344945
-0.009094412239,-0.000741917049903,0.280125344945
-0.009094412239,-0.000741917049903,0.280125344945
-0.00893047729861,-0.000694754600339,0.281172542496
-0.00893047729861,-0.000694754600339,0.281172542496
-0.00893047729861,-0.000694754600339,0.281172542496
-0.00888950593309,-0.000682921076354,0.283266937599
-0.00888950593309,-0.000682921076354,0.283266937599
-0.00888950593309,-0.000682921076354,0.283266937599
-0.00884855944148,-0.000671001768158,0.283965069299
-0.00884855944148,-0.000671001768158,0.283965069299
-0.00884855944148,-0.000671001768158,0.283965069299
-0.00872574496032,-0.000635158094159,0.285710398551
-0.00872574496032,-0.000635158094159,0.285710398551
-0.00872574496032,-0.000635158094159,0.285710398551
-0.008398407,-0.000539003504817,0.288851991205
-0.008398407,-0.000539003504817,0.288851991205
-0.008398407,-0.000539003504817,0.288851991205
-0.0078260970329,-0.000368934172379,0.293913446036
-0.0078260970329,-0.000368934172379,0.293913446036
-0.0078260970329,-0.000368934172379,0.293913446036
-0.0078260970329,-0.000368934172379,0.293913446036
-0.00676484789824,-4.77155702667e-05,0.300022098418
-0.00676484789824,-4.77155702667e-05,0.300022098418
-0.00676484789824,-4.77155702667e-05,0.300022098418
-0.00676484789824,-4.77155702667e-05,0.300022098418
-0.00513520615431,0.000456431153779,0.310145008079
-0.00513520615431,0.000456431153779,0.310145008079
-0.00513520615431,0.000456431153779,0.310145008079
-0.00310463752597,0.00110720281364,0.324805773796
-0.00310463752597,0.00110720281364,0.324805773796
-0.00310463752597,0.00110720281364,0.324805773796
-0.00310463752597,0.00110720281364,0.324805773796
-0.000800914194418,0.00188293901015,0.346447856521
-0.000800914194418,0.00188293901015,0.346447856521
-7.88942130915e-05,0.00214359417216,0.352905574753
-7.88942130915e-05,0.00214359417216,0.352905574753
-7.88942130915e-05,0.00214359417216,0.352905574753
0.00184196365518,0.0028510936289,0.372453262376
0.00184196365518,0.0028510936289,0.372453262376
0.00184196365518,0.0028510936289,0.372453262376
0.00247751758546,0.00309939703802,0.378038315982
0.00247751758546,0.00309939703802,0.378038315982
0.00406291067871,0.00372901984001,0.38973202197
0.00406291067871,0.00372901984001,0.38973202197
0.00406291067871,0.00372901984001,0.38973202197
0.0043390470712,0.0038424405692,0.397935069455
0.0043390470712,0.0038424405692,0.397935069455
0.0043390470712,0.0038424405692,0.397935069455
0.00429973325452,0.00382591456239,0.39776053653
0.00429973325452,0.00382591456239,0.39776053653
0.00418178315329,0.00377635712736,0.397586003604
0.00418178315329,0.00377635712736,0.397586003604
0.00418178315329,0.00377635712736,0.397586003604
0.00398518523855,0.00369379571387,0.401600260884
0.00398518523855,0.00369379571387,0.401600260884
0.00398518523855,0.00369379571387,0.401600260884
0.00398518523855,0.00369379571387,0.402298392585
0.00398518523855,0.00369379571387,0.402298392585
0.00390670256983,0.00366040093819,0.403694655986
0.00390670256983,0.00366040093819,0.403694655986
0.00390670256983,0.00366040093819,0.403694655986
0.00386748458767,0.00364364877541,0.403869188911
0.00386748458767,0.00364364877541,0.403869188911
0.00386748458767,0.00364364877541,0.403869188911
0.00367140929885,0.00355985373861,0.404741853537
0.00367140929885,0.00355985373861,0.404741853537
0.00367140929885,0.00355985373861,0.404741853537
0.00351460762749,0.00349268084834,0.406661715715
0.00351460762749,0.00349268084834,0.406661715715
0.00351460762749,0.00349268084834,0.406661715715
0.00335793520771,0.00342520704445,0.407534380341
0.00335793520771,0.00342520704445,0.407534380341
0.00335793520771,0.00342520704445,0.407534380341
0.00335793520771,0.00342520704445,0.407534380341
0.00320132172959,0.00335759654379,0.408756110817
0.00320132172959,0.00335759654379,0.408756110817
0.00320132172959,0.00335759654379,0.408756110817
0.00304479097014,0.00328979475418,0.409803308368
0.00304479097014,0.00328979475418,0.409803308368
0.00304479097014,0.00328979475418,0.409803308368
0.00304479097014,0.00328979475418,0.409803308368
0.00292744621631,0.0032388205009,0.411374104695
0.00292744621631,0.0032388205009,0.411374104695
0.00292744621631,0.0032388205009,0.411374104695
0.00292744621631,0.0032388205009,0.411374104695
0.00292744621631,0.0032388205009,0.412595835171
0.00292744621631,0.0032388205009,0.412595835171
0.00292744621631,0.0032388205009,0.412595835171
0.00296651353281,0.00325592108172,0.412421302246
0.00296651353281,0.00325592108172,0.412421302246
0.00296651353281,0.00325592108172,0.412421302246
0.00296651353281,0.00325592108172,0.412421302246
0.00296651353281,0.00325592108172,0.412421302246
0.00296651353281,0.00325592108172,0.412421302246
0.00296651353281,0.00325592108172,0.412421302246
0.00296651353281,0.00325592108172,0.412421302246
0.00296651353281,0.00325592108172,0.412421302246
0.00296651353281,0.00325592108172,0.412421302246
0.00296651353281,0.00325592108172,0.412421302246
0.00296651353281,0.00325592108172,0.412421302246
0.00296651353281,0.00325592108172,0.412421302246
0.00296651353281,0.00325592108172,0.412421302246
0.00296651353281,0.00325592108172,0.412421302246
0.00296651353281,0.00325592108172,0.412421302246
0.00281023233073,0.00318754603361,0.412421302246
0.00281023233073,0.00318754603361,0.412421302246
0.00281023233073,0.00318754603361,0.412421302246
0.00265395112864,0.0031191709855,0.413293966872
0.00265395112864,0.0031191709855,0.413293966872
0.00265395112864,0.0031191709855,0.413293966872
0.00265395112864,0.0031191709855,0.413293966872
0.0024196189175,0.00301640388079,0.415388361975
0.0024196189175,0.00301640388079,0.415388361975
0.0024196189175,0.00301640388079,0.415388361975
0.00222452186547,0.00293035582813,0.417657290002
0.00222452186547,0.00293035582813,0.417657290002
0.00222452186547,0.00293035582813,0.417657290002
0.0021465613402,0.00289575963135,0.418355421703
0.0021465613402,0.00289575963135,0.418355421703
0.00183481592591,0.0027571571711,0.420100750955
0.00183481592591,0.0027571571711,0.420100750955
0.00183481592591,0.0027571571711,0.420100750955
0.00183481592591,0.0027571571711,0.420100750955
0.00179587804683,0.0027397638777,0.424115008235
0.00179587804683,0.0027397638777,0.424115008235
0.00179587804683,0.0027397638777,0.424115008235
0.00164040706927,0.00266956603965,0.42865286429
0.00164040706927,0.00266956603965,0.42865286429
0.00164040706927,0.00266956603965,0.42865286429
0.00164040706927,0.00266956603965,0.42865286429
0.00117495457858,0.00245685818629,0.434237917896
0.00117495457858,0.00245685818629,0.434237917896
0.00117495457858,0.00245685818629,0.434237917896
0.00102020216101,0.00238509015313,0.442266432455
0.00102020216101,0.00238509015313,0.442266432455
0.00102020216101,0.00238509015313,0.442266432455
0.000943116538183,0.00234858608369,0.444884426333
0.000943116538183,0.00234858608369,0.444884426333
0.000904621642515,0.00233023320679,0.453262006743
0.000904621642515,0.00233023320679,0.453262006743
0.000904621642515,0.00233023320679,0.453262006743
0.000866281848602,0.00231155848361,0.456054533546
0.000866281848602,0.00231155848361,0.456054533546
0.000866281848602,0.00231155848361,0.456054533546
0.000904569343427,0.00233034019874,0.463733982255
0.000904569343427,0.00233034019874,0.463733982255
0.000904569343427,0.00233034019874,0.463733982255
0.000904569343427,0.00233034019874,0.465304778582
0.000904569343427,0.00233034019874,0.465304778582
0.000904569343427,0.00233034019874,0.465304778582
0.000904569343427,0.00233034019874,0.465304778582
0.000904569343427,0.00233034019874,0.465304778582
0.000904569343427,0.00233034019874,0.465304778582
0.000904569343427,0.00233034019874,0.465304778582
0.000904569343427,0.00233034019874,0.465304778582
0.000904569343427,0.00233034019874,0.465304778582
0.000904569343427,0.00233034019874,0.465304778582
0.000904569343427,0.00233034019874,0.465304778582
0.000904569343427,0.00233034019874,0.465304778582
0.000904569343427,0.00233034019874,0.465304778582
0.000904569343427,0.00233034019874,0.465304778582
0.000904569343427,0.00233034019874,0.465304778582
0.000904569343427,0.00233034019874,0.465304778582
0.000904569343427,0.00233034019874,0.465304778582
0.000904569343427,0.00233034019874,0.465304778582
0.000904569343427,0.00233034019874,0.465304778582
0.000904569343427,0.00233034019874,0.465304778582
0.000904569343427,0.00233034019874,0.465304778582
0.000904569343427,0.00233034019874,0.465304778582
0.000904569343427,0.00233034019874,0.465304778582
0.000904569343427,0.00233034019874,0.465304778582
0.000904569343427,0.00233034019874,0.465304778582
0.000904569343427,0.00233034019874,0.465304778582
0.000904569343427,0.00233034019874,0.465304778582
0.000904569343427,0.00233034019874,0.465304778582
0.000904569343427,0.00233034019874,0.465304778582
0.000904569343427,0.00233034019874,0.465304778582
0.000904569343427,0.00233034019874,0.465304778582
0.000904569343427,0.00233034019874,0.465304778582
0.000904569343427,0.00233034019874,0.465304778582
0.000904569343427,0.00233034019874,0.465304778582
0.000904569343427,0.00233034019874,0.465304778582
0.000904569343427,0.00233034019874,0.465304778582
0.000904569343427,0.00233034019874,0.465304778582
0.000904569343427,0.00233034019874,0.465304778582
0.000904569343427,0.00233034019874,0.465304778582
0.000904569343427,0.00233034019874,0.465304778582
0.000904569343427,0.00233034019874,0.465304778582
0.000904569343427,0.00233034019874,0.465304778582
0.000904569343427,0.00233034019874,0.465304778582
0.000904569343427,0.00233034019874,0.465304778582
0.000904569343427,0.00233034019874,0.465304778582
0.000904569343427,0.00233034019874,0.465304778582
0.000904569343427,0.00233034019874,0.465304778582
0.000904569343427,0.00233034019874,0.465304778582
0.000904569343427,0.00233034019874,0.465304778582
0.000904569343427,0.00233034019874,0.465304778582
0.000904569343427,0.00233034019874,0.465304778582
0.000904569343427,0.00233034019874,0.465304778582
0.000904569343427,0.00233034019874,0.465304778582
0.000904569343427,0.00233034019874,0.465304778582
0.000904569343427,0.00233034019874,0.465304778582
0.000904569343427,0.00233034019874,0.465304778582
0.000904569343427,0.00233034019874,0.465304778582
0.000904569343427,0.00233034019874,0.465304778582
0.000904569343427,0.00233034019874,0.465304778582
0.000904569343427,0.00233034019874,0.465304778582
0.000904569343427,0.00233034019874,0.465304778582
0.000904569343427,0.00233034019874,0.465304778582
0.000904569343427,0.00233034019874,0.465304778582
0.000904569343427,0.00233034019874,0.465304778582
0.000904569343427,0.00233034019874,0.465304778582
0.000904569343427,0.00233034019874,0.465304778582
0.000904569343427,0.00233034019874,0.465304778582
0.000904569343427,0.00233034019874,0.465304778582
0.000904569343427,0.00233034019874,0.465304778582
0.000904569343427,0.00233034019874,0.465304778582
0.000904569343427,0.00233034019874,0.465304778582
0.000904569343427,0.00233034019874,0.465304778582
0.000904569343427,0.00233034019874,0.465304778582
0.000904569343427,0.00233034019874,0.465304778582
0.000904569343427,0.00233034019874,0.465304778582
0.000904569343427,0.00233034019874,0.465304778582
0.000904569343427,0.00233034019874,0.465304778582
0.000904569343427,0.00233034019874,0.465304778582
0.000904569343427,0.00233034019874,0.465304778582
0.000904569343427,0.00233034019874,0.465304778582
0.000904569343427,0.00233034019874,0.465304778582
0.000904569343427,0.00233034019874,0.465304778582
0.000904569343427,0.00233034019874,0.465304778582
0.000904569343427,0.00233034019874,0.465304778582
0.000904569343427,0.00233034019874,0.465304778582
0.000904569343427,0.00233034019874,0.465304778582
0.000904569343427,0.00233034019874,0.465304778582
0.000904569343427,0.00233034019874,0.465304778582
0.000904569343427,0.00233034019874,0.465304778582
0.000904569343427,0.00233034019874,0.465304778582
0.000904569343427,0.00233034019874,0.465304778582
0.000904569343427,0.00233034019874,0.465304778582
0.000904569343427,0.00233034019874,0.465304778582
0.000904569343427,0.00233034019874,0.465304778582
0.000904569343427,0.00233034019874,0.465304778582
0.000904569343427,0.00233034019874,0.465304778582
0.000904569343427,0.00233034019874,0.465304778582
0.000904569343427,0.00233034019874,0.465304778582
0.000904569343427,0.00233034019874,0.465304778582
0.000904569343427,0.00233034019874,0.465304778582
0.000904569343427,0.00233034019874,0.465304778582
0.000904569343427,0.00233034019874,0.465304778582
0.000904569343427,0.00233034019874,0.465304778582
0.000904569343427,0.00233034019874,0.465304778582
0.000904569343427,0.00233034019874,0.465304778582
0.000904569343427,0.00233034019874,0.465304778582
0.000904569343427,0.00233034019874,0.465304778582
0.000904569343427,0.00233034019874,0.465304778582
0.000904569343427,0.00233034019874,0.465304778582
0.000904569343427,0.00233034019874,0.465304778582
0.000904569343427,0.00233034019874,0.465304778582
0.000904569343427,0.00233034019874,0.465304778582
0.000904569343427,0.00233034019874,0.465304778582
0.000904569343427,0.00233034019874,0.465304778582
0.000904569343427,0.00233034019874,0.465304778582
0.000904569343427,0.00233034019874,0.465304778582
0.000904569343427,0.00233034019874,0.465304778582
0.000904569343427,0.00233034019874,0.465304778582
0.000904569343427,0.00233034019874,0.465304778582
0.000904569343427,0.00233034019874,0.465304778582
0.000904569343427,0.00233034019874,0.465304778582
0.000904569343427,0.00233034019874,0.465304778582
0.000904569343427,0.00233034019874,0.465304778582
0.000904569343427,0.00233034019874,0.465304778582
0.000904569343427,0.00233034019874,0.465304778582
0.000904569343427,0.00233034019874,0.465304778582
0.000904569343427,0.00233034019874,0.465304778582
0.000904569343427,0.00233034019874,0.465304778582
0.000904569343427,0.00233034019874,0.465304778582
0.000904569343427,0.00233034019874,0.465304778582
0.000904569343427,0.00233034019874,0.465304778582
0.000904569343427,0.00233034019874,0.465304778582
0.000904569343427,0.00233034019874,0.465304778582
0.000904569343427,0.00233034019874,0.465304778582
0.000904569343427,0.00233034019874,0.465304778582
0.000904569343427,0.00233034019874,0.465304778582
0.000904569343427,0.00233034019874,0.465304778582
0.000904569343427,0.00233034019874,0.465304778582
0.000904569343427,0.00233034019874,0.465304778582
0.000904569343427,0.00233034019874,0.465304778582
0.000904569343427,0.00233034019874,0.465304778582
0.000904569343427,0.00233034019874,0.465304778582
0.000904569343427,0.00233034019874,0.465304778582
0.000904569343427,0.00233034019874,0.465304778582
0.000904569343427,0.00233034019874,0.465304778582
0.000904569343427,0.00233034019874,0.465304778582
0.000904569343427,0.00233034019874,0.465304778582
0.000904569343427,0.00233034019874,0.465304778582
0.000904569343427,0.00233034019874,0.465304778582
0.000904569343427,0.00233034019874,0.465304778582
0.000904569343427,0.00233034019874,0.465304778582
0.000904569343427,0.00233034019874,0.465304778582
0.000904569343427,0.00233034019874,0.465304778582
0.000904569343427,0.00233034019874,0.465304778582
0.000904569343427,0.00233034019874,0.465304778582
0.000904569343427,0.00233034019874,0.465304778582
0.000904569343427,0.00233034019874,0.465304778582
0.000904569343427,0.00233034019874,0.465304778582
0.000904569343427,0.00233034019874,0.465304778582
0.000904569343427,0.00233034019874,0.465304778582
0.000904569343427,0.00233034019874,0.465304778582
0.000904569343427,0.00233034019874,0.465304778582
0.000904569343427,0.00233034019874,0.465304778582
0.000904569343427,0.00233034019874,0.465304778582
0.000904569343427,0.00233034019874,0.465304778582
0.000904569343427,0.00233034019874,0.465304778582
0.000904569343427,0.00233034019874,0.465304778582
0.000904569343427,0.00233034019874,0.465304778582
0.000904569343427,0.00233034019874,0.465304778582
0.000904569343427,0.00233034019874,0.465304778582
0.000904569343427,0.00233034019874,0.465304778582
0.000904569343427,0.00233034019874,0.465304778582
0.000904569343427,0.00233034019874,0.465304778582
0.000904569343427,0.00233034019874,0.465304778582
0.000904569343427,0.00233034019874,0.465304778582
0.000904569343427,0.00233034019874,0.465304778582
0.000904569343427,0.00233034019874,0.465304778582
0.000904569343427,0.00233034019874,0.465304778582
0.000904569343427,0.00233034019874,0.465304778582
0.000904569343427,0.00233034019874,0.465304778582
0.000714008724561,0.00223466482252,0.465479311507
0.000714008724561,0.00223466482252,0.465479311507
0.000714008724561,0.00223466482252,0.465479311507
0.000714008724561,0.00223466482252,0.465653844432
0.000714008724561,0.00223466482252,0.465653844432
0.00044727063021,0.00210062617849,0.467399173684
0.00044727063021,0.00210062617849,0.467399173684
0.00044727063021,0.00210062617849,0.467399173684
0.00044727063021,0.00210062617849,0.467399173684
0.000294982774989,0.00202376675824,0.468795437086
0.000294982774989,0.00202376675824,0.468795437086
0.000294982774989,0.00202376675824,0.468795437086
0.000104757286471,0.00192742678422,0.470366233412
0.000104757286471,0.00192742678422,0.470366233412
0.000104757286471,0.00192742678422,0.470366233412
0.000104757286471,0.00192742678422,0.470366233412
-8.53166369508e-05,0.00183078812367,0.471762496814
-8.53166369508e-05,0.00183078812367,0.471762496814
-8.53166369508e-05,0.00183078812367,0.471762496814
-0.000389218725209,0.00167574178844,0.473856891916
-0.000389218725209,0.00167574178844,0.473856891916
-0.000389218725209,0.00167574178844,0.473856891916
-0.000503059985338,0.00161736085628,0.474904089468
-0.000503059985338,0.00161736085628,0.474904089468
-0.000844400169391,0.00144186051303,0.478045682121
-0.000844400169391,0.00144186051303,0.478045682121
-0.000844400169391,0.00144186051303,0.478045682121
-0.000844400169391,0.00144186051303,0.478045682121
-0.00114732208044,0.00128490777771,0.48101274185
-0.00114732208044,0.00128490777771,0.48101274185
-0.00114732208044,0.00128490777771,0.48101274185
-0.00137416324809,0.0011665196548,0.483979801578
-0.00137416324809,0.0011665196548,0.483979801578
-0.00137416324809,0.0011665196548,0.483979801578
-0.00137416324809,0.0011665196548,0.483979801578
-0.00141191139894,0.00114667621279,0.485899663755
-0.00141191139894,0.00114667621279,0.485899663755
-0.00141191139894,0.00114667621279,0.485899663755
-0.00141191139894,0.00114667621279,0.485899663755
-0.00141191139894,0.00114667621279,0.48572513083
-0.00141191139894,0.00114667621279,0.48572513083
-0.00141191139894,0.00114667621279,0.48572513083
-0.00141191139894,0.00114667621279,0.48572513083
-0.00141191139894,0.00114667621279,0.48572513083
-0.00141191139894,0.00114667621279,0.48572513083
-0.00141191139894,0.00114667621279,0.48572513083
-0.00141191139894,0.00114667621279,0.48572513083
-0.00141191139894,0.00114667621279,0.48572513083
-0.00141191139894,0.00114667621279,0.48572513083
-0.00141191139894,0.00114667621279,0.48572513083
-0.00141191139894,0.00114667621279,0.48572513083
-0.00141191139894,0.00114667621279,0.48572513083
-0.00141191139894,0.00114667621279,0.48572513083
-0.00141191139894,0.00114667621279,0.48572513083
-0.00141191139894,0.00114667621279,0.48572513083
-0.00141191139894,0.00114667621279,0.48572513083
-0.00141191139894,0.00114667621279,0.48572513083
-0.00141191139894,0.00114667621279,0.48572513083
-0.00141191139894,0.00114667621279,0.48572513083
-0.00141191139894,0.00114667621279,0.48572513083
-0.00141191139894,0.00114667621279,0.48572513083
-0.00141191139894,0.00114667621279,0.48572513083
-0.00141191139894,0.00114667621279,0.48572513083
-0.00141191139894,0.00114667621279,0.48572513083
-0.00141191139894,0.00114667621279,0.48572513083
-0.00141191139894,0.00114667621279,0.48572513083
-0.00141191139894,0.00114667621279,0.48572513083
-0.00141191139894,0.00114667621279,0.48572513083
-0.00141191139894,0.00114667621279,0.48572513083
-0.00141191139894,0.00114667621279,0.48572513083
-0.00141191139894,0.00114667621279,0.48572513083
-0.00141191139894,0.00114667621279,0.48572513083
-0.00141191139894,0.00114667621279,0.48572513083
-0.00141191139894,0.00114667621279,0.48572513083
-0.00141191139894,0.00114667621279,0.48572513083
-0.00141191139894,0.00114667621279,0.48572513083
-0.00141191139894,0.00114667621279,0.48572513083
-0.00141191139894,0.00114667621279,0.48572513083
-0.00141191139894,0.00114667621279,0.48572513083
-0.00141191139894,0.00114667621279,0.48572513083
-0.00141191139894,0.00114667621279,0.48572513083
-0.00141191139894,0.00114667621279,0.48572513083
-0.00141191139894,0.00114667621279,0.48572513083
-0.00141191139894,0.00114667621279,0.48572513083
-0.00141191139894,0.00114667621279,0.48572513083
-0.00141191139894,0.00114667621279,0.48572513083
-0.00141191139894,0.00114667621279,0.48572513083
-0.00141191139894,0.00114667621279,0.48572513083
-0.00141191139894,0.00114667621279,0.48572513083
-0.00141191139894,0.00114667621279,0.48572513083
-0.00141191139894,0.00114667621279,0.48572513083
-0.00141191139894,0.00114667621279,0.48572513083
-0.00141191139894,0.00114667621279,0.48572513083
-0.00141191139894,0.00114667621279,0.48572513083
-0.00141191139894,0.00114667621279,0.48572513083
-0.00141191139894,0.00114667621279,0.48572513083
-0.00141191139894,0.00114667621279,0.48572513083
-0.00141191139894,0.00114667621279,0.48572513083
-0.00141191139894,0.00114667621279,0.48572513083
-0.00141191139894,0.00114667621279,0.48572513083
-0.00141191139894,0.00114667621279,0.48572513083
-0.00141191139894,0.00114667621279,0.48572513083
-0.00141191139894,0.00114667621279,0.48572513083
-0.00141191139894,0.00114667621279,0.48572513083
-0.00141191139894,0.00114667621279,0.48572513083
-0.00141191139894,0.00114667621279,0.48572513083
-0.00141191139894,0.00114667621279,0.48572513083
-0.00141191139894,0.00114667621279,0.48572513083
-0.00141191139894,0.00114667621279,0.48572513083
-0.00141191139894,0.00114667621279,0.48572513083
-0.00141191139894,0.00114667621279,0.48572513083
-0.00141191139894,0.00114667621279,0.48572513083
-0.00141191139894,0.00114667621279,0.48572513083
-0.00141191139894,0.00114667621279,0.48572513083
-0.00141191139894,0.00114667621279,0.48572513083
-0.00141191139894,0.00114667621279,0.48572513083
-0.00141191139894,0.00114667621279,0.485899663755
-0.00141191139894,0.00114667621279,0.485899663755
-0.00141191139894,0.00114667621279,0.485899663755
-0.00148733136818,0.00110684445949,0.48572513083
-0.00148733136818,0.00110684445949,0.48572513083
-0.00148733136818,0.00110684445949,0.48572513083
-0.00160047174826,0.00104711657535,0.485899663755
-0.00160047174826,0.00104711657535,0.485899663755
-0.00171360170214,0.0009873689454,0.486423262531
-0.00171360170214,0.0009873689454,0.486423262531
-0.00171360170214,0.0009873689454,0.486423262531
-0.00186439990824,0.000907626470118,0.488168591783
-0.00186439990824,0.000907626470118,0.488168591783
-0.00190206460815,0.000887625083564,0.489564855184
-0.00190206460815,0.000887625083564,0.489564855184
-0.00190206460815,0.000887625083564,0.489564855184
-0.00197733808014,0.000847517169801,0.49008845396
-0.00197733808014,0.000847517169801,0.49008845396
-0.00197733808014,0.000847517169801,0.49008845396
-0.00212784300258,0.000767222527079,0.490961118586
-0.00212784300258,0.000767222527079,0.490961118586
-0.00212784300258,0.000767222527079,0.490961118586
-0.00231588649614,0.000666690086512,0.492357381988
-0.00231588649614,0.000666690086512,0.492357381988
-0.00231588649614,0.000666690086512,0.492357381988
-0.00246620884857,0.000586054165925,0.49410271124
-0.00246620884857,0.000586054165925,0.49410271124
-0.00246620884857,0.000586054165925,0.49410271124
-0.00246620884857,0.000586054165925,0.49410271124
-0.00261639023589,0.000505156006289,0.495498974641
-0.00261639023589,0.000505156006289,0.495498974641
-0.00261639023589,0.000505156006289,0.495498974641
-0.00261639023589,0.000505156006289,0.495498974641
-0.00265390730735,0.000484879062917,0.497244303893
-0.00265390730735,0.000484879062917,0.497244303893
-0.00265390730735,0.000484879062917,0.497244303893
-0.00257894405857,0.000525563847111,0.498116968519
-0.00257894405857,0.000525563847111,0.498116968519
-0.00257894405857,0.000525563847111,0.498116968519
-0.00257894405857,0.000525563847111,0.498116968519
-0.00254148020054,0.000545938940346,0.497942435594
-0.00254148020054,0.000545938940346,0.497942435594
-0.00254148020054,0.000545938940346,0.497942435594
-0.00254148020054,0.000545938940346,0.497942435594
-0.00254148020054,0.000545938940346,0.497942435594
-0.00254148020054,0.000545938940346,0.497942435594
-0.00254148020054,0.000545938940346,0.497942435594
-0.00254148020054,0.000545938940346,0.497942435594
-0.00254148020054,0.000545938940346,0.497942435594
-0.00254148020054,0.000545938940346,0.497942435594
