0,0,0
0.0,0.0,0.0
0.0,0.0,0.0
0.0,0.0,0.0
0.0,0.0,0.0
0.0,0.0,0.0
0.0,0.0,0.0
0.0,0.0,0.0
0.0,0.0,0.0
0.0,0.0,0.0
0.0,0.0,0.0
0.0,0.0,0.0
0.0,0.0,0.0
0.0,0.0,0.0
0.0,0.0,0.0
0.0,0.0,0.0
0.0,0.0,0.0
0.0,0.0,0.0
0.0,0.0,0.0
0.0,0.0,0.0
0.0,0.0,0.0
0.0,0.0,0.0
0.0,0.0,0.0
0.0,0.0,0.0
0.0,0.0,0.0
0.0,0.0,0.0
0.0,0.0,0.0
0.0,0.0,0.0
0.0,0.0,0.0
0.0,0.0,0.0
0.0,0.0,0.0
0.0,0.0,0.0
0.0,0.0,0.0
0.0,0.0,0.0
0.0,0.0,0.0
0.0,0.0,0.0
0.0,0.0,0.0
0.0,0.0,0.0
0.0,0.0,0.0
0.0,0.0,0.0
0.0,0.0,0.0
-0.00609380353067,-0.00018762896055,0.0984365698125
-0.0184894670491,-0.00297253378587,0.40282199136
-0.0184894670491,-0.00297253378587,0.40247292551
-0.0184894670491,-0.00297253378587,0.40247292551
-0.0184894670491,-0.00297253378587,0.40247292551
-0.0184894670491,-0.00297253378587,0.40247292551
-0.0184894670491,-0.00297253378587,0.40247292551
-0.0184894670491,-0.00297253378587,0.40247292551
-0.0184894670491,-0.00297253378587,0.403171057211
-0.0141095395219,-0.000785628798679,0.645771823238
-0.00991792009894,0.00367478973734,0.952775238664
-0.00991792009894,0.00367478973734,0.951553508187
-0.00991792009894,0.00367478973734,0.951553508187
-0.00991792009894,0.00367478973734,0.951553508187
-0.00991792009894,0.00367478973734,0.951553508187
-0.00991792009894,0.00367478973734,0.951553508187
-0.00991792009894,0.00367478973734,0.951553508187
-0.00991792009894,0.00367478973734,0.951553508187
-0.00991792009894,0.00367478973734,0.951553508187
-0.00991792009894,0.00367478973734,0.951553508187
-0.00991792009894,0.00367478973734,0.951553508187
-0.00991792009894,0.00367478973734,0.951553508187
-0.00991792009894,0.00367478973734,0.951553508187
-0.00991792009894,0.00367478973734,0.951553508187
-0.00991792009894,0.00367478973734,0.951553508187
-0.00991792009894,0.00367478973734,0.951553508187
-0.00991792009894,0.00367478973734,0.951553508187
-0.00991792009894,0.00367478973734,0.951553508187
-0.00991792009894,0.00367478973734,0.951553508187
-0.00991792009894,0.00367478973734,0.951553508187
-0.00991792009894,0.00367478973734,0.951553508187
-0.00991792009894,0.00367478973734,0.951553508187
-0.00991792009894,0.00367478973734,0.951553508187
-0.00991792009894,0.00367478973734,0.951553508187
-0.00991792009894,0.00367478973734,0.951553508187
-0.00991792009894,0.00367478973734,0.951553508187
-0.00991792009894,0.00367478973734,0.951553508187
-0.00991792009894,0.00367478973734,0.951553508187
-0.00991792009894,0.00367478973734,0.951553508187
-0.00991792009894,0.00367478973734,0.951553508187
-0.00991792009894,0.00367478973734,0.951553508187
-0.00991792009894,0.00367478973734,0.951553508187
-0.00991792009894,0.00367478973734,0.951553508187
-0.00991792009894,0.00367478973734,0.951553508187
-0.00991792009894,0.00367478973734,0.951553508187
-0.00991792009894,0.00367478973734,0.951553508187
-0.00991792009894,0.00367478973734,0.951553508187
-0.00991792009894,0.00367478973734,0.951553508187
-0.00991792009894,0.00367478973734,0.951553508187
-0.00991792009894,0.00367478973734,0.951553508187
-0.00991792009894,0.00367478973734,0.951553508187
-0.00991792009894,0.00367478973734,0.951553508187
-0.00991792009894,0.00367478973734,0.951553508187
-0.00991792009894,0.00367478973734,0.951553508187
-0.00991792009894,0.00367478973734,0.951553508187
-0.00991792009894,0.00367478973734,0.951553508187
-0.00991792009894,0.00367478973734,0.951553508187
-0.00991792009894,0.00367478973734,0.951553508187
-0.00991792009894,0.00367478973734,0.951553508187
-0.00991792009894,0.00367478973734,0.951553508187
-0.00991792009894,0.00367478973734,0.951553508187
-0.00991792009894,0.00367478973734,0.951553508187
-0.00991792009894,0.00367478973734,0.951553508187
-0.00991792009894,0.00367478973734,0.951553508187
-0.00991792009894,0.00367478973734,0.951553508187
-0.00991792009894,0.00367478973734,0.951553508187
-0.00991792009894,0.00367478973734,0.951553508187
-0.00991792009894,0.00367478973734,0.951553508187
-0.00991792009894,0.00367478973734,0.951553508187
-0.00991792009894,0.00367478973734,0.951553508187
-0.00991792009894,0.00367478973734,0.951553508187
-0.00991792009894,0.00367478973734,0.951553508187
-0.00991792009894,0.00367478973734,0.951553508187
-0.00991792009894,0.00367478973734,0.951553508187
-0.00991792009894,0.00367478973734,0.951553508187
-0.00991792009894,0.00367478973734,0.951553508187
-0.00991792009894,0.00367478973734,0.951553508187
-0.00991792009894,0.00367478973734,0.951553508187
-0.00991792009894,0.00367478973734,0.951553508187
-0.00991792009894,0.00367478973734,0.951553508187
-0.00991792009894,0.00367478973734,0.951553508187
-0.00991792009894,0.00367478973734,0.951553508187
-0.00991792009894,0.00367478973734,0.951553508187
-0.00991792009894,0.00367478973734,0.951553508187
-0.00991792009894,0.00367478973734,0.951553508187
-0.00991792009894,0.00367478973734,0.951553508187
-0.00991792009894,0.00367478973734,0.951553508187
-0.00991792009894,0.00367478973734,0.951553508187
-0.00991792009894,0.00367478973734,0.951553508187
-0.00991792009894,0.00367478973734,0.951553508187
-0.00991792009894,0.00367478973734,0.951553508187
-0.00991792009894,0.00367478973734,0.951553508187
-0.00991792009894,0.00367478973734,0.951553508187
-0.00991792009894,0.00367478973734,0.951553508187
-0.00991792009894,0.00367478973734,0.951553508187
-0.00991792009894,0.00367478973734,0.951553508187
-0.00991792009894,0.00367478973734,0.951553508187
-0.00991792009894,0.00367478973734,0.951553508187
-0.00991792009894,0.00367478973734,0.951553508187
-0.00991792009894,0.00367478973734,0.951553508187
-0.00991792009894,0.00367478973734,0.951553508187
-0.00991792009894,0.00367478973734,0.951553508187
-0.00991792009894,0.00367478973734,0.951553508187
-0.00991792009894,0.00367478973734,0.951553508187
-0.00991792009894,0.00367478973734,0.951553508187
-0.00991792009894,0.00367478973734,0.951553508187
-0.00991792009894,0.00367478973734,0.951553508187
-0.00991792009894,0.00367478973734,0.951553508187
-0.00991792009894,0.00367478973734,0.951553508187
-0.00991792009894,0.00367478973734,0.951553508187
-0.00991792009894,0.00367478973734,0.951553508187
-0.00991792009894,0.00367478973734,0.951553508187
-0.00991792009894,0.00367478973734,0.951553508187
-0.00991792009894,0.00367478973734,0.951553508187
-0.00991792009894,0.00367478973734,0.951553508187
-0.00991792009894,0.00367478973734,0.951553508187
-0.00991792009894,0.00367478973734,0.951553508187
-0.00991792009894,0.00367478973734,0.951553508187
-0.00991792009894,0.00367478973734,0.951553508187
-0.00991792009894,0.00367478973734,0.951553508187
-0.00991792009894,0.00367478973734,0.951553508187
-0.00991792009894,0.00367478973734,0.951553508187
-0.00991792009894,0.00367478973734,0.951553508187
-0.00991792009894,0.00367478973734,0.951553508187
-0.00991792009894,0.00367478973734,0.951553508187
-0.00991792009894,0.00367478973734,0.951553508187
-0.00991792009894,0.00367478973734,0.951553508187
-0.00991792009894,0.00367478973734,0.951553508187
-0.00991792009894,0.00367478973734,0.951553508187
-0.00991792009894,0.00367478973734,0.951553508187
-0.00991792009894,0.00367478973734,0.951553508187
-0.00991792009894,0.00367478973734,0.951553508187
-0.00991792009894,0.00367478973734,0.951553508187
-0.00991792009894,0.00367478973734,0.951553508187
-0.00991792009894,0.00367478973734,0.951553508187
-0.00991792009894,0.00367478973734,0.951553508187
-0.00991792009894,0.00367478973734,0.951553508187
-0.00991792009894,0.00367478973734,0.951553508187
-0.00991792009894,0.00367478973734,0.951553508187
-0.00991792009894,0.00367478973734,0.951553508187
-0.00991792009894,0.00367478973734,0.951553508187
-0.00991792009894,0.00367478973734,0.951553508187
-0.00991792009894,0.00367478973734,0.951553508187
-0.00991792009894,0.00367478973734,0.951553508187
-0.00991792009894,0.00367478973734,0.951553508187
-0.00991792009894,0.00367478973734,0.951553508187
-0.00991792009894,0.00367478973734,0.951553508187
-0.00991792009894,0.00367478973734,0.951553508187
-0.00991792009894,0.00367478973734,0.951553508187
-0.00991792009894,0.00367478973734,0.951553508187
-0.00991792009894,0.00367478973734,0.951553508187
-0.00991792009894,0.00367478973734,0.951553508187
-0.00991792009894,0.00367478973734,0.951553508187
-0.00991792009894,0.00367478973734,0.951553508187
-0.00991792009894,0.00367478973734,0.951553508187
-0.00991792009894,0.00367478973734,0.951553508187
-0.00991792009894,0.00367478973734,0.951553508187
-0.00991792009894,0.00367478973734,0.951553508187
-0.00991792009894,0.00367478973734,0.951553508187
-0.00991792009894,0.00367478973734,0.951553508187
-0.00991792009894,0.00367478973734,0.951553508187
-0.00991792009894,0.00367478973734,0.951553508187
-0.00991792009894,0.00367478973734,0.951553508187
-0.00991792009894,0.00367478973734,0.951553508187
-0.00991792009894,0.00367478973734,0.951553508187
-0.00991792009894,0.00367478973734,0.951553508187
-0.00991792009894,0.00367478973734,0.951553508187
-0.00991792009894,0.00367478973734,0.951553508187
-0.00991792009894,0.00367478973734,0.951553508187
-0.00991792009894,0.00367478973734,0.951553508187
-0.00991792009894,0.00367478973734,0.951553508187
-0.00991792009894,0.00367478973734,0.951553508187
-0.00991792009894,0.00367478973734,0.951553508187
-0.00991792009894,0.00367478973734,0.951553508187
-0.00991792009894,0.00367478973734,0.951553508187
-0.00991792009894,0.00367478973734,0.951553508187
-0.00991792009894,0.00367478973734,0.951553508187
-0.00991792009894,0.00367478973734,0.951553508187
-0.00991792009894,0.00367478973734,0.951553508187
-0.00991792009894,0.00367478973734,0.951553508187
-0.00991792009894,0.00367478973734,0.951553508187
-0.00991792009894,0.00367478973734,0.951553508187
-0.00991792009894,0.00367478973734,0.951553508187
-0.00991792009894,0.00367478973734,0.951553508187
-0.00991792009894,0.00367478973734,0.951553508187
-0.00991792009894,0.00367478973734,0.951553508187
-0.00991792009894,0.00367478973734,0.951553508187
-0.00991792009894,0.00367478973734,0.951553508187
-0.00991792009894,0.00367478973734,0.951553508187
-0.00991792009894,0.00367478973734,0.951553508187
-0.00991792009894,0.00367478973734,0.951553508187
-0.00991792009894,0.00367478973734,0.951553508187
-0.00991792009894,0.00367478973734,0.951553508187
-0.00991792009894,0.00367478973734,0.951553508187
-0.00991792009894,0.00367478973734,0.951553508187
-0.00991792009894,0.00367478973734,0.951553508187
-0.00991792009894,0.00367478973734,0.951553508187
-0.00991792009894,0.00367478973734,0.951553508187
-0.00991792009894,0.00367478973734,0.951553508187
-0.00991792009894,0.00367478973734,0.951553508187
-0.00991792009894,0.00367478973734,0.951553508187
-0.00991792009894,0.00367478973734,0.951553508187
-0.00991792009894,0.00367478973734,0.951553508187
-0.00991792009894,0.00367478973734,0.951553508187
-0.00991792009894,0.00367478973734,0.951553508187
-0.00991792009894,0.00367478973734,0.951553508187
-0.00991792009894,0.00367478973734,0.951553508187
-0.00991792009894,0.00367478973734,0.951553508187
-0.00991792009894,0.00367478973734,0.951553508187
-0.00991792009894,0.00367478973734,0.951553508187
-0.00991792009894,0.00367478973734,0.951553508187
-0.00991792009894,0.00367478973734,0.951553508187
-0.00991792009894,0.00367478973734,0.951553508187
-0.00991792009894,0.00367478973734,0.951553508187
-0.00991792009894,0.00367478973734,0.951553508187
-0.00991792009894,0.00367478973734,0.951553508187
-0.00991792009894,0.00367478973734,0.951553508187
-0.00991792009894,0.00367478973734,0.951553508187
-0.00991792009894,0.00367478973734,0.951553508187
-0.00991792009894,0.00367478973734,0.951553508187
-0.00991792009894,0.00367478973734,0.951553508187
-0.00991792009894,0.00367478973734,0.951553508187
-0.00991792009894,0.00367478973734,0.951553508187
-0.00991792009894,0.00367478973734,0.951553508187
-0.00991792009894,0.00367478973734,0.951553508187
-0.00991792009894,0.00367478973734,0.951553508187
-0.00991792009894,0.00367478973734,0.951553508187
-0.00991792009894,0.00367478973734,0.951553508187
-0.00991792009894,0.00367478973734,0.951553508187
-0.00991792009894,0.00367478973734,0.951553508187
-0.00991792009894,0.00367478973734,0.951553508187
-0.00991792009894,0.00367478973734,0.951553508187
-0.00991792009894,0.00367478973734,0.951553508187
-0.00991792009894,0.00367478973734,0.951553508187
-0.00991792009894,0.00367478973734,0.951553508187
-0.00991792009894,0.00367478973734,0.951553508187
-0.00991792009894,0.00367478973734,0.951553508187
-0.00932300489406,0.00450763807252,0.947190185057
-0.00889894497978,0.00509566254131,0.944048592404
-0.00832233854483,0.00588914125734,0.94090699975
-0.00726524788409,0.00733507300973,0.938463538797
-0.00549433388956,0.0097382738861,0.930435024238
-0.00412055957617,0.0115327577523,0.872664625997
-0.00274219435923,0.0130455252749,0.783652834145
-0.00130851404463,0.0143201415087,0.67840948025
0.000241563000814,0.0154501189317,0.585557964044
0.00139046677621,0.016104416224,0.480663675999
0.00233169845453,0.0165047703688,0.330216294477
0.00432499605512,0.0169550790308,0.121125850088
0.00611031366319,0.0170370203929,-0.102625360017
0.00724512475865,0.0168455385125,-0.223402144255
0.00864781093456,0.0164790497368,-0.270526034059
0.00852467553463,0.0165137775095,-0.271747764536
0.00811374530334,0.0166278157892,-0.269304303583
0.00695949039332,0.0169335144441,-0.242600766027
0.00508920023239,0.01736251766,-0.194255145747
0.00285640760625,0.0177087876871,-0.110653874576
-0.000291912373883,0.0179056689364,-0.00209439510232
-8.0546979731e-05,0.0179482575016,0.129328897573
0.000299381163263,0.0180026751244,0.147654854719
0.000383742979792,0.0180152379275,0.14835298642
0.00122747023909,0.0181401296834,0.146084058392
0.00198712616191,0.0182504700956,0.140499004786
0.00422821207728,0.0185434428005,0.107512281923
0.00784180099295,0.0188192913379,0.0345575191895
0.0102295968309,0.018834955547,-0.0151843644924
0.0106560001309,0.0188280114155,-0.0247836753783
0.0107412652831,0.0188258680172,-0.0244346095279
0.0108691663932,0.0188227942988,-0.0216420827247
0.00997367961809,0.0188341372312,-0.00488692190556
0.00988838066827,0.0188333256706,0.050789081233
0.00814734454045,0.0186775766887,0.133866753628
0.00668050118508,0.0184044547908,0.233874119767
0.00578059928717,0.0181396769181,0.321664181143
0.00431168712642,0.0175647909018,0.413643032723
0.00303305126067,0.0169769952913,0.441568300755
0.0028788290833,0.016904094802,0.444011761707
0.00314853941667,0.0170320473295,0.44174283368
0.00372703772111,0.0173050741194,0.439822971503
0.0051186999419,0.0179533516564,0.430049127691
0.00756931219764,0.0190545536113,0.41154863762
0.00989721074442,0.0200082258619,0.345575191895
0.0117267092996,0.0205861790756,0.260577657323
0.0137174067885,0.0210626179429,0.222704012554
0.0142998734283,0.0211937451332,0.21450096507
0.0141748926926,0.0211663958918,0.215373629696
0.0135500656514,0.021029300731,0.217293491873
0.0123431292378,0.0207594650921,0.223925743031
0.0104343908751,0.0203068665646,0.251501945212
0.00813913176226,0.0196483085621,0.312588469032
0.00608991441801,0.0189213837412,0.394269878026
0.00468983186382,0.0182921287345,0.463210383479
0.00313859536145,0.0174856043961,0.492008316137
0.00291318934417,0.0173645062733,0.495324441716
0.0030258112241,0.0174252060824,0.493579112464
0.00355184420711,0.0177076087627,0.490612052736
0.00358945641679,0.0177277086878,0.490612052736
0.00358945641679,0.0177277086878,0.490612052736
0.00358945641679,0.0177277086878,0.490612052736
0.00358945641679,0.0177277086878,0.490612052736
0.00358945641679,0.0177277086878,0.490612052736
0.00358945641679,0.0177277086878,0.490612052736
0.00358945641679,0.0177277086878,0.490612052736
0.00358945641679,0.0177277086878,0.490612052736
0.00358945641679,0.0177277086878,0.490612052736
0.00358945641679,0.0177277086878,0.490612052736
0.00358945641679,0.0177277086878,0.490612052736
0.00358945641679,0.0177277086878,0.490612052736
0.00358945641679,0.0177277086878,0.490612052736
0.00358945641679,0.0177277086878,0.490612052736
0.00358945641679,0.0177277086878,0.490612052736
0.00358945641679,0.0177277086878,0.490612052736
0.00358945641679,0.0177277086878,0.490612052736
0.00358945641679,0.0177277086878,0.490612052736
0.00358945641679,0.0177277086878,0.490612052736
0.00358945641679,0.0177277086878,0.490612052736
0.00358945641679,0.0177277086878,0.490612052736
0.00358945641679,0.0177277086878,0.490612052736
0.00358945641679,0.0177277086878,0.490612052736
0.00358945641679,0.0177277086878,0.490612052736
0.00358945641679,0.0177277086878,0.490612052736
0.00358945641679,0.0177277086878,0.490612052736
0.00358945641679,0.0177277086878,0.490612052736
0.00358945641679,0.0177277086878,0.490612052736
0.00358945641679,0.0177277086878,0.490612052736
0.00358945641679,0.0177277086878,0.490612052736
0.00358945641679,0.0177277086878,0.490612052736
0.00358945641679,0.0177277086878,0.490612052736
0.00358945641679,0.0177277086878,0.490612052736
0.00358945641679,0.0177277086878,0.490612052736
0.00358945641679,0.0177277086878,0.490612052736
0.00358945641679,0.0177277086878,0.490612052736
0.00358945641679,0.0177277086878,0.490612052736
0.00358945641679,0.0177277086878,0.490612052736
0.00358945641679,0.0177277086878,0.490612052736
0.00358945641679,0.0177277086878,0.490612052736
0.00358945641679,0.0177277086878,0.490612052736
0.00358945641679,0.0177277086878,0.490612052736
0.00358945641679,0.0177277086878,0.490612052736
0.00358945641679,0.0177277086878,0.490612052736
0.00358945641679,0.0177277086878,0.490612052736
0.00358945641679,0.0177277086878,0.490612052736
0.00358945641679,0.0177277086878,0.490612052736
0.00358945641679,0.0177277086878,0.490612052736
0.00358945641679,0.0177277086878,0.490612052736
0.00358945641679,0.0177277086878,0.490612052736
0.00358945641679,0.0177277086878,0.490612052736
0.00358945641679,0.0177277086878,0.490612052736
0.00358945641679,0.0177277086878,0.490612052736
0.00358945641679,0.0177277086878,0.490612052736
0.00358945641679,0.0177277086878,0.490612052736
0.00358945641679,0.0177277086878,0.490612052736
0.00358945641679,0.0177277086878,0.490612052736
0.00358945641679,0.0177277086878,0.490612052736
0.00358945641679,0.0177277086878,0.490612052736
0.00358945641679,0.0177277086878,0.490612052736
0.00358945641679,0.0177277086878,0.490612052736
0.00358945641679,0.0177277086878,0.490612052736
0.00358945641679,0.0177277086878,0.490612052736
0.00358945641679,0.0177277086878,0.490612052736
0.00358945641679,0.0177277086878,0.490612052736
0.00358945641679,0.0177277086878,0.490612052736
0.00358945641679,0.0177277086878,0.490612052736
0.00358945641679,0.0177277086878,0.490612052736
0.00358945641679,0.0177277086878,0.490612052736
0.00358945641679,0.0177277086878,0.490612052736
0.00358945641679,0.0177277086878,0.490612052736
0.00358945641679,0.0177277086878,0.490612052736
0.00358945641679,0.0177277086878,0.490612052736
0.00358945641679,0.0177277086878,0.490612052736
0.00358945641679,0.0177277086878,0.490612052736
0.00358945641679,0.0177277086878,0.490612052736
0.00358945641679,0.0177277086878,0.490612052736
0.00358945641679,0.0177277086878,0.490612052736
0.00358945641679,0.0177277086878,0.490612052736
0.00358945641679,0.0177277086878,0.490612052736
0.00358945641679,0.0177277086878,0.490612052736
0.00358945641679,0.0177277086878,0.490612052736
0.00358945641679,0.0177277086878,0.490612052736
0.00358945641679,0.0177277086878,0.490612052736
0.00358945641679,0.0177277086878,0.490612052736
0.00358945641679,0.0177277086878,0.490612052736
0.00358945641679,0.0177277086878,0.490612052736
0.00358945641679,0.0177277086878,0.490612052736
0.00358945641679,0.0177277086878,0.490612052736
0.00358945641679,0.0177277086878,0.490612052736
0.00358945641679,0.0177277086878,0.490612052736
0.00358945641679,0.0177277086878,0.490612052736
0.00358945641679,0.0177277086878,0.490612052736
0.00358945641679,0.0177277086878,0.490612052736
0.00358945641679,0.0177277086878,0.490612052736
0.00358945641679,0.0177277086878,0.490612052736
0.00358945641679,0.0177277086878,0.490612052736
0.00358945641679,0.0177277086878,0.490612052736
0.00358945641679,0.0177277086878,0.490612052736
0.00358945641679,0.0177277086878,0.490612052736
0.00358945641679,0.0177277086878,0.490612052736
0.00358945641679,0.0177277086878,0.490612052736
0.00358945641679,0.0177277086878,0.490612052736
0.00358945641679,0.0177277086878,0.490612052736
0.00358945641679,0.0177277086878,0.490612052736
0.00358945641679,0.0177277086878,0.490612052736
0.00358945641679,0.0177277086878,0.490612052736
0.00358945641679,0.0177277086878,0.490612052736
0.00358945641679,0.0177277086878,0.490612052736
0.00358945641679,0.0177277086878,0.490612052736
0.00358945641679,0.0177277086878,0.490612052736
0.00358945641679,0.0177277086878,0.490612052736
0.00358945641679,0.0177277086878,0.490612052736
0.00358945641679,0.0177277086878,0.490612052736
0.00358945641679,0.0177277086878,0.490612052736
0.00358945641679,0.0177277086878,0.490612052736
0.00358945641679,0.0177277086878,0.490612052736
0.00358945641679,0.0177277086878,0.490612052736
0.00358945641679,0.0177277086878,0.490612052736
0.00358945641679,0.0177277086878,0.490612052736
0.00358945641679,0.0177277086878,0.490612052736
0.00358945641679,0.0177277086878,0.490612052736
0.00358945641679,0.0177277086878,0.490612052736
-0.00739759844822,0.0128528069028,0.338419341962
-0.0144225051304,0.0106052683779,0.252025543988
-0.0144225051304,0.0106052683779,0.252374609838
-0.0144225051304,0.0106052683779,0.252374609838
-0.0144225051304,0.0106052683779,0.252374609838
-0.0144225051304,0.0106052683779,0.252374609838
-0.0144225051304,0.0106052683779,0.252374609838
-0.0144225051304,0.0106052683779,0.252374609838
-0.0144225051304,0.0106052683779,0.252374609838
-0.0144225051304,0.0106052683779,0.252374609838
-0.0144225051304,0.0106052683779,0.252374609838
-0.0144225051304,0.0106052683779,0.252374609838
-0.0144225051304,0.0106052683779,0.252374609838
-0.0144225051304,0.0106052683779,0.252374609838
-0.0144225051304,0.0106052683779,0.252374609838
-0.0144225051304,0.0106052683779,0.252374609838
-0.0144225051304,0.0106052683779,0.252374609838
-0.0144225051304,0.0106052683779,0.252374609838
-0.0144225051304,0.0106052683779,0.252374609838
-0.0144225051304,0.0106052683779,0.252374609838
-0.0144225051304,0.0106052683779,0.252374609838
-0.0144225051304,0.0106052683779,0.252374609838
-0.0144225051304,0.0106052683779,0.252374609838
-0.0144225051304,0.0106052683779,0.252374609838
-0.0144225051304,0.0106052683779,0.252374609838
-0.0144225051304,0.0106052683779,0.252374609838
-0.0144225051304,0.0106052683779,0.252374609838
-0.0144225051304,0.0106052683779,0.252374609838
-0.0144225051304,0.0106052683779,0.252374609838
-0.0144225051304,0.0106052683779,0.252374609838
-0.0144225051304,0.0106052683779,0.252374609838
-0.0144225051304,0.0106052683779,0.252374609838
-0.0144225051304,0.0106052683779,0.252374609838
-0.0144225051304,0.0106052683779,0.252374609838
-0.0144225051304,0.0106052683779,0.252374609838
-0.0144225051304,0.0106052683779,0.252374609838
-0.0144225051304,0.0106052683779,0.252374609838
-0.0144225051304,0.0106052683779,0.252374609838
-0.0144225051304,0.0106052683779,0.252374609838
-0.0144225051304,0.0106052683779,0.252374609838
-0.0144225051304,0.0106052683779,0.252374609838
-0.0144225051304,0.0106052683779,0.252374609838
-0.0144225051304,0.0106052683779,0.252374609838
-0.0144225051304,0.0106052683779,0.252374609838
-0.0144225051304,0.0106052683779,0.252374609838
-0.0144225051304,0.0106052683779,0.252374609838
-0.0144225051304,0.0106052683779,0.252374609838
-0.0144225051304,0.0106052683779,0.252374609838
-0.0144225051304,0.0106052683779,0.252374609838
-0.0144225051304,0.0106052683779,0.252374609838
-0.0144225051304,0.0106052683779,0.252374609838
-0.0144225051304,0.0106052683779,0.252374609838
-0.0144225051304,0.0106052683779,0.252374609838
-0.0144225051304,0.0106052683779,0.252374609838
-0.0144225051304,0.0106052683779,0.252374609838
-0.0144225051304,0.0106052683779,0.252374609838
-0.0144225051304,0.0106052683779,0.252374609838
-0.0144225051304,0.0106052683779,0.252374609838
-0.0144225051304,0.0106052683779,0.252374609838
-0.0144225051304,0.0106052683779,0.252374609838
-0.0144225051304,0.0106052683779,0.252374609838
-0.0144225051304,0.0106052683779,0.252374609838
-0.0144225051304,0.0106052683779,0.252374609838
-0.0144225051304,0.0106052683779,0.252374609838
-0.0144225051304,0.0106052683779,0.252374609838
-0.0144225051304,0.0106052683779,0.252374609838
-0.0144225051304,0.0106052683779,0.252374609838
-0.0144225051304,0.0106052683779,0.252374609838
-0.0144225051304,0.0106052683779,0.252374609838
-0.0144225051304,0.0106052683779,0.252374609838
-0.0144225051304,0.0106052683779,0.252374609838
-0.0144225051304,0.0106052683779,0.252374609838
-0.0144225051304,0.0106052683779,0.252374609838
-0.0144225051304,0.0106052683779,0.252374609838
-0.0144225051304,0.0106052683779,0.252374609838
-0.0144225051304,0.0106052683779,0.252374609838
-0.0144225051304,0.0106052683779,0.252374609838
-0.0144225051304,0.0106052683779,0.252374609838
-0.0144225051304,0.0106052683779,0.252374609838
-0.0144225051304,0.0106052683779,0.252374609838
-0.0144225051304,0.0106052683779,0.252374609838
-0.0144225051304,0.0106052683779,0.252374609838
-0.0144225051304,0.0106052683779,0.252374609838
-0.0144225051304,0.0106052683779,0.252374609838
-0.0144225051304,0.0106052683779,0.252374609838
-0.0144225051304,0.0106052683779,0.252374609838
-0.0144225051304,0.0106052683779,0.252374609838
-0.0144225051304,0.0106052683779,0.252374609838
-0.0144225051304,0.0106052683779,0.252374609838
-0.0144225051304,0.0106052683779,0.252374609838
-0.0144225051304,0.0106052683779,0.252374609838
-0.0144225051304,0.0106052683779,0.252374609838
-0.0144225051304,0.0106052683779,0.252374609838
-0.0144225051304,0.0106052683779,0.252374609838
-0.0144225051304,0.0106052683779,0.252374609838
-0.0144225051304,0.0106052683779,0.252374609838
-0.0144225051304,0.0106052683779,0.252374609838
-0.0144225051304,0.0106052683779,0.252374609838
-0.0144225051304,0.0106052683779,0.252374609838
-0.0144225051304,0.0106052683779,0.252374609838
-0.0144225051304,0.0106052683779,0.252374609838
-0.0144225051304,0.0106052683779,0.252374609838
-0.0144225051304,0.0106052683779,0.252374609838
-0.0144225051304,0.0106052683779,0.252374609838
-0.0144225051304,0.0106052683779,0.252374609838
-0.0144225051304,0.0106052683779,0.252374609838
-0.0144225051304,0.0106052683779,0.252374609838
-0.0144225051304,0.0106052683779,0.252374609838
-0.0144225051304,0.0106052683779,0.252374609838
-0.0144225051304,0.0106052683779,0.252374609838
-0.0144225051304,0.0106052683779,0.252374609838
-0.0144225051304,0.0106052683779,0.252374609838
-0.0144225051304,0.0106052683779,0.252374609838
0.00129893243365,0.0147084875463,0.259530459772
0.0283501697913,0.0220063228669,0.268955237732
0.0599206796325,0.0308827047075,0.28029987787
0.0895961727799,0.0395604882074,0.290073721681
0.121052275871,0.0491314842479,0.300720230119
0.155166267996,0.059921455107,0.314682864135
0.165218060728,0.0632104659867,0.320442450666
0.165218060728,0.0632104659867,0.320267917741
0.165218060728,0.0632104659867,0.320267917741
0.165218060728,0.0632104659867,0.320267917741
0.165218060728,0.0632104659867,0.320267917741
0.165218060728,0.0632104659867,0.320267917741
0.165218060728,0.0632104659867,0.320267917741
0.165218060728,0.0632104659867,0.320267917741
0.165218060728,0.0632104659867,0.320267917741
0.165218060728,0.0632104659867,0.320267917741
0.165218060728,0.0632104659867,0.320267917741
0.165218060728,0.0632104659867,0.320267917741
0.165218060728,0.0632104659867,0.320267917741
0.165218060728,0.0632104659867,0.320267917741
0.165218060728,0.0632104659867,0.320267917741
0.165218060728,0.0632104659867,0.320267917741
0.165218060728,0.0632104659867,0.320267917741
0.165218060728,0.0632104659867,0.320267917741
0.165218060728,0.0632104659867,0.320267917741
0.165218060728,0.0632104659867,0.320267917741
0.165218060728,0.0632104659867,0.320267917741
0.165218060728,0.0632104659867,0.320267917741
0.165218060728,0.0632104659867,0.320267917741
0.165218060728,0.0632104659867,0.320267917741
0.165218060728,0.0632104659867,0.320267917741
0.165218060728,0.0632104659867,0.320267917741
0.165218060728,0.0632104659867,0.320267917741
0.165218060728,0.0632104659867,0.320267917741
0.165218060728,0.0632104659867,0.320267917741
0.165218060728,0.0632104659867,0.320267917741
0.165218060728,0.0632104659867,0.320267917741
0.165218060728,0.0632104659867,0.320267917741
0.165218060728,0.0632104659867,0.320267917741
0.165218060728,0.0632104659867,0.320267917741
0.165218060728,0.0632104659867,0.320267917741
0.165218060728,0.0632104659867,0.320267917741
0.165218060728,0.0632104659867,0.320267917741
0.165218060728,0.0632104659867,0.320267917741
0.165218060728,0.0632104659867,0.320267917741
0.165218060728,0.0632104659867,0.320267917741
0.165218060728,0.0632104659867,0.320267917741
0.165218060728,0.0632104659867,0.320267917741
0.165218060728,0.0632104659867,0.320267917741
0.165218060728,0.0632104659867,0.320267917741
0.165218060728,0.0632104659867,0.320267917741
0.165218060728,0.0632104659867,0.320267917741
0.165218060728,0.0632104659867,0.320267917741
0.165218060728,0.0632104659867,0.320267917741
0.165218060728,0.0632104659867,0.320267917741
0.165218060728,0.0632104659867,0.320267917741
0.165218060728,0.0632104659867,0.320267917741
0.165218060728,0.0632104659867,0.320267917741
0.165218060728,0.0632104659867,0.320267917741
0.165218060728,0.0632104659867,0.320267917741
0.165218060728,0.0632104659867,0.320267917741
0.165218060728,0.0632104659867,0.320267917741
0.165218060728,0.0632104659867,0.320267917741
0.165218060728,0.0632104659867,0.320267917741
0.165218060728,0.0632104659867,0.320267917741
0.165218060728,0.0632104659867,0.320267917741
0.165218060728,0.0632104659867,0.320267917741
0.165218060728,0.0632104659867,0.320267917741
0.165218060728,0.0632104659867,0.320267917741
0.165218060728,0.0632104659867,0.320267917741
0.165218060728,0.0632104659867,0.320267917741
0.165218060728,0.0632104659867,0.320267917741
0.165218060728,0.0632104659867,0.320267917741
0.165218060728,0.0632104659867,0.320267917741
0.166392738789,0.0635972994546,0.315555528761
0.166636008613,0.0636766243543,0.312588469032
0.166636008613,0.0636766243543,0.312588469032
0.16655484514,0.0636504092666,0.313810199509
0.165946617609,0.0634522598084,0.316253660461
0.165055435391,0.0631589405995,0.320616983591
0.162996781152,0.0624573627271,0.337895743186
0.160130555399,0.0613575035949,0.397411470679
0.158379966036,0.0605717443345,0.464432113956
0.156441901314,0.0594961912104,0.561996019142
0.155467639131,0.0588067635066,0.677536815624
0.15375081117,0.0572736274473,0.800757060815
0.152756010696,0.0561062664898,0.94090699975
0.151774020634,0.0546099099482,1.08367493256
0.1512768918,0.0534341369903,1.27723194661
0.15093958422,0.0519810990331,1.43466064514
0.150831684985,0.0507924384133,1.53222455033
0.150825374112,0.0505366496097,1.55247036965
0.150832042735,0.0508777525607,1.54985237577
0.150849138197,0.0516451903279,1.54618718434
0.150894519302,0.0531797591756,1.53170095155
0.150986957303,0.0548830009436,1.49103477998
0.15117804633,0.056577723161,1.41650922092
0.151515830855,0.0582054037249,1.31405839383
0.151706265095,0.0587713490593,1.20951317163
0.152425113415,0.060364146108,1.08716559107
0.152999391191,0.0613617700491,0.983143967648
0.153807162217,0.0625138038422,0.919264917025
0.15401421376,0.0627849591476,0.906174947635
0.15401421376,0.0627849591476,0.907396678112
0.153778101833,0.0624823627932,0.909840139065
0.153333808028,0.0619094733749,0.913330797569
0.152612172581,0.0609581382605,0.934449281518
0.151638685784,0.0596096765079,0.985063829826
0.150262021218,0.0574029997996,1.05766952671
0.149536434903,0.0560023153942,1.15209183924
0.148880580387,0.05424592319,1.28438779654
0.148382692823,0.0522175927518,1.40464098201
0.148244472011,0.0512467189643,1.45682632664
0.148215535606,0.0509924844005,1.46869456555
0.148263822863,0.0514590988412,1.46660017045
0.148366646613,0.052434553205,1.46398217657
0.148545659018,0.0540451747889,1.45368473399
0.148801094741,0.0559900239253,1.40673537711
0.149089895474,0.0574106785119,1.32540303396
0.149281645989,0.0580653517102,1.23883470307
0.149848607716,0.0593994040077,1.13044975652
0.150677047728,0.0609866448881,1.04615035365
0.151295742442,0.0620077714943,1.00269165527
0.151571597508,0.0624388101093,0.992394212684
0.151571647385,0.0624387775829,0.993790476086
0.151223028527,0.0619024299343,0.995361272412
0.150668125517,0.0610424057784,1.00181899064
0.149828382352,0.0597065417769,1.02346107337
0.148855166623,0.0580526924792,1.06534897542
0.148100774914,0.0565707220984,1.14423785761
0.147677545921,0.0555922669634,1.2023573217
0.147677545921,0.0555922669634,1.2023573217
0.147677545921,0.0555922669634,1.2023573217
0.147677545921,0.0555922669634,1.2023573217
0.147677545921,0.0555922669634,1.2023573217
0.147677545921,0.0555922669634,1.2023573217
0.147677545921,0.0555922669634,1.2023573217
0.147677545921,0.0555922669634,1.2023573217
0.147677545921,0.0555922669634,1.2023573217
0.147677545921,0.0555922669634,1.2023573217
0.147677545921,0.0555922669634,1.2023573217
0.147677545921,0.0555922669634,1.2023573217
0.147677545921,0.0555922669634,1.2023573217
0.147677545921,0.0555922669634,1.2023573217
0.147677545921,0.0555922669634,1.2023573217
0.147677545921,0.0555922669634,1.2023573217
0.147677545921,0.0555922669634,1.2023573217
0.147677545921,0.0555922669634,1.2023573217
0.147677545921,0.0555922669634,1.2023573217
0.147677545921,0.0555922669634,1.2023573217
0.147677545921,0.0555922669634,1.2023573217
0.147677545921,0.0555922669634,1.2023573217
0.147677545921,0.0555922669634,1.2023573217
0.147677545921,0.0555922669634,1.2023573217
0.147677545921,0.0555922669634,1.2023573217
0.147677545921,0.0555922669634,1.2023573217
0.147677545921,0.0555922669634,1.2023573217
0.147677545921,0.0555922669634,1.2023573217
0.147677545921,0.0555922669634,1.2023573217
0.147677545921,0.0555922669634,1.2023573217
0.147677545921,0.0555922669634,1.2023573217
0.147677545921,0.0555922669634,1.2023573217
0.147677545921,0.0555922669634,1.2023573217
0.147677545921,0.0555922669634,1.2023573217
0.147677545921,0.0555922669634,1.2023573217
0.147677545921,0.0555922669634,1.2023573217
0.147677545921,0.0555922669634,1.2023573217
0.147677545921,0.0555922669634,1.2023573217
0.147677545921,0.0555922669634,1.2023573217
0.147677545921,0.0555922669634,1.2023573217
0.147677545921,0.0555922669634,1.2023573217
0.147677545921,0.0555922669634,1.2023573217
0.147677545921,0.0555922669634,1.2023573217
0.147677545921,0.0555922669634,1.2023573217
0.147677545921,0.0555922669634,1.2023573217
0.147677545921,0.0555922669634,1.2023573217
0.147677545921,0.0555922669634,1.2023573217
0.147677545921,0.0555922669634,1.2023573217
0.147677545921,0.0555922669634,1.2023573217
0.147192777276,0.0543166075294,1.21492369231
0.146394122574,0.0521112666508,1.23272605068
0.145570306734,0.049644053313,1.28229340144
0.145313351842,0.0487417617418,1.30812427437
0.145280203074,0.0486181926432,1.31056773532
0.145368043711,0.0489478588791,1.30952053777
0.145489572396,0.0494009499769,1.30707707682
0.145930932685,0.0510045036186,1.29503430498
0.146401473773,0.0525996542857,1.26292024674
0.147007134006,0.0543301197832,1.18752202306
0.147715067925,0.0559286003031,1.1136945957
0.14811779467,0.0567284719611,1.0922270459
0.148176718023,0.0568420334163,1.09048171665
0.148275064454,0.057031229183,1.0929251776
0.148137988667,0.0567660391912,1.09519410563
0.147673376352,0.0558540714186,1.10618967991
0.146977425471,0.0544379762012,1.13289321747
0.145969608059,0.0521329973487,1.20131012415
0.145271759677,0.0500737048966,1.28927471845
0.144770765886,0.0480018243411,1.37811197737
0.144439217996,0.0460252570277,1.4198253465
0.1443689302,0.0455614463665,1.42715572936
0.144399762863,0.0457724356626,1.42558493303
0.144461766926,0.0461943644117,1.42349053793
0.144719460771,0.0478806155857,1.41179683194
0.145048634465,0.0497277794884,1.37078159452
0.145394909151,0.0512230353033,1.29660510131
0.145870089019,0.0527272686873,1.21631995571
0.146702078617,0.0546897222714,1.13097335529
0.147255030052,0.0557958682582,1.0964158361
0.147372056705,0.0560234146622,1.09275064467
0.147293917586,0.0558717794666,1.09536863855
0.147060188617,0.0554165198603,1.09763756658
0.146481640163,0.0542754311567,1.10688781161
0.14584355265,0.0529734741404,1.13568574427
0.144879777365,0.0507422169927,1.2030554534
0.144241291853,0.0488878315255,1.28944925137
0.143789671009,0.0469794628996,1.37776291152
0.14348843795,0.0452139933857,1.41668375384
0.143346817719,0.0442865327464,1.4247122684
0.143346817719,0.0442865327464,1.4247122684
0.143346817719,0.0442865327464,1.4247122684
0.143346817719,0.0442865327464,1.4247122684
0.143346817719,0.0442865327464,1.4247122684
0.143346817719,0.0442865327464,1.4247122684
0.143346817719,0.0442865327464,1.4247122684
0.143346817719,0.0442865327464,1.4247122684
0.143346817719,0.0442865327464,1.4247122684
0.143346817719,0.0442865327464,1.4247122684
0.143346817719,0.0442865327464,1.4247122684
0.143346817719,0.0442865327464,1.4247122684
0.143346817719,0.0442865327464,1.4247122684
0.143346817719,0.0442865327464,1.4247122684
0.143346817719,0.0442865327464,1.4247122684
0.143346817719,0.0442865327464,1.4247122684
0.143346817719,0.0442865327464,1.4247122684
0.143346817719,0.0442865327464,1.4247122684
0.143346817719,0.0442865327464,1.4247122684
0.143346817719,0.0442865327464,1.4247122684
0.143346817719,0.0442865327464,1.4247122684
0.143346817719,0.0442865327464,1.4247122684
0.143346817719,0.0442865327464,1.4247122684
0.143346817719,0.0442865327464,1.4247122684
0.143346817719,0.0442865327464,1.4247122684
0.143346817719,0.0442865327464,1.4247122684
0.143346817719,0.0442865327464,1.4247122684
0.143346817719,0.0442865327464,1.4247122684
0.143346817719,0.0442865327464,1.4247122684
0.143346817719,0.0442865327464,1.4247122684
0.143346817719,0.0442865327464,1.4247122684
0.143346817719,0.0442865327464,1.4247122684
0.143346817719,0.0442865327464,1.4247122684
0.143346817719,0.0442865327464,1.4247122684
0.143346817719,0.0442865327464,1.4247122684
0.143346817719,0.0442865327464,1.4247122684
0.143346817719,0.0442865327464,1.4247122684
0.143346817719,0.0442865327464,1.4247122684
0.143346817719,0.0442865327464,1.4247122684
