0,0,0,0.093701839447
0,0,0,0.110289812088
0.0,0.0,0.0,0.0093560218811
0.0,0.0,0.0,0.0261299610138
0.0,0.0,0.0,0.043112039566
0.0,0.0,0.0,0.0597848892212
0.0,0.0,0.0,0.0764188766479
0.0,0.0,0.0,0.0930020809174
0.0,0.0,0.0,0.109678030014
0.0,0.0,0.0,0.126228094101
0.0,0.0,0.0,0.142749071121
0.0,0.0,0.0,0.159493923187
0.0,0.0,0.0,0.176313877106
0.0,0.0,0.0,0.192776918411
0.0,0.0,0.0,0.209443092346
0.0,0.0,0.0,0.226682901382
0.0,0.0,0.0,0.243366003036
0.0,0.0,0.0,0.259891033173
0.0,0.0,0.0,0.276548862457
0.0,0.0,0.0,0.293153047562
0.0,0.0,0.0,0.30982208252
0.0,0.0,0.0,0.326610088348
0.0,0.0,0.0,0.343357086182
0.0,0.0,0.0,0.359791994095
0.0,0.0,0.0,0.376620054245
0.0,0.0,0.0,0.393217086792
0.0,0.0,0.0,0.409837961197
0.0,0.0,0.0,0.426461935043
0.0,0.0,0.0,0.443717956543
0.0,0.0,0.0,0.459914922714
0.0,0.0,0.0,0.476490974426
0.0,0.0,0.0,0.494361877441
0.0,0.0,0.0,0.509752988815
0.0,0.0,0.0,0.526458024979
0.0,0.0,0.0,0.543246984482
0.0,0.0,0.0,0.559880971909
0.0,0.0,0.0,0.57692193985
0.0,0.0,0.0,0.593137025833
0.0,0.0,0.0,0.610535860062
0.0,0.0,0.0,0.626448869705
0.0,0.0,0.0,0.643199920654
0.0,0.0,0.0,0.659972906113
0.0,0.0,0.0,0.677277088165
0.0,0.0,0.0,0.692771911621
0.0,0.0,0.0,0.709434986115
0.0,0.0,0.0,0.726182937622
0.0,0.0,0.0,0.743141889572
0.0,0.0,0.0,0.759593963623
0.0,0.0,0.0,0.776197910309
0.0,0.0,0.0,0.793039083481
0.0,0.0,0.0,0.809504032135
0.0,0.0,0.0,0.82634806633
0.0,0.0,0.0,0.843211889267
0.0,0.0,0.0,0.859610080719
0.0,0.0,0.0,0.876528024673
0.0,0.0,0.0,0.893507003784
0.0,0.0,0.0,0.909905910492
0.0,0.0,0.0,0.926591873169
0.0,0.0,0.0,0.943145990372
0.0,0.0,0.0,0.960392951965
0.0,0.0,0.0,0.976324081421
0.0,0.0,0.0,0.993314027786
0.0,0.0,0.0,1.00977897644
0.0,0.0,0.0,1.02671003342
0.0,0.0,0.0,1.04378294945
0.0,0.0,0.0,1.06009793282
0.0,0.0,0.0,1.07642292976
0.0,0.0,0.0,1.09329891205
0.0,0.0,0.0,1.10976791382
0.0,0.0,0.0,1.12685704231
0.0,0.0,0.0,1.14368391037
0.0,0.0,0.0,1.16050696373
0.0,0.0,0.0,1.17638802528
0.0,0.0,0.0,1.19320392609
0.0,0.0,0.0,1.20948386192
0.0,0.0,0.0,1.22622299194
0.0,0.0,0.0,1.24337506294
0.0,0.0,0.0,1.25972795486
0.0,0.0,0.0,1.27632403374
0.0,0.0,0.0,1.29481387138
0.0,0.0,0.0,1.3101348877
0.0,0.0,0.0,1.32718586922
0.0,0.0,0.0,1.34311008453
0.0,0.0,0.0,1.35961890221
0.0,0.0,0.0,1.37643408775
0.0,0.0,0.0,1.39320206642
0.0,0.0,0.0,1.4101369381
0.0,0.0,0.0,1.42706108093
0.0,0.0,0.0,1.4431040287
0.0,0.0,0.0,1.45982003212
0.0,0.0,0.0,1.47644400597
0.0,0.0,0.0,1.49327301979
0.0,0.0,0.0,1.50969099998
0.0,0.0,0.0,1.52657198906
0.0,0.0,0.0,1.54316091537
0.0,0.0,0.0,1.55984902382
0.0,0.0,0.0,1.57634902
0.0,0.0,0.0,1.59335708618
0.0,0.0,0.0,1.60996890068
0.0,0.0,0.0,1.62654805183
0.0,0.0,0.0,1.64306306839
0.0,0.0,0.0,1.65985703468
0.0,0.0,0.0,1.67633795738
0.0,0.0,0.0,1.69487094879
0.0,0.0,0.0,1.70970892906
0.0,0.0,0.0,1.72669696808
0.0,0.0,0.0,1.74337291718
0.0,0.0,0.0,1.76029706001
0.0,0.0,0.0,1.7763979435
0.0,0.0,0.0,1.79336905479
0.0,0.0,0.0,1.80956697464
0.0,0.0,0.0,1.82673501968
0.0,0.0,0.0,1.8432559967
0.0,0.0,0.0,1.8598048687
0.0,0.0,0.0,1.87641787529
0.0,0.0,0.0,1.89338994026
0.0,0.0,0.0,1.9098379612
0.0,0.0,0.0,1.92646503448
0.0,0.0,0.0,1.94336795807
0.0,0.0,0.0,1.9605140686
0.0,0.0,0.0,1.97635889053
0.0,0.0,0.0,1.99301600456
0.0,0.0,0.0,2.0097219944
0.0,0.0,0.0,2.02764797211
0.0,0.0,0.0,2.04320001602
0.0,0.0,0.0,2.05990004539
0.0,0.0,0.0,2.07637000084
0.0,0.0,0.0,2.09364700317
0.0,0.0,0.0,2.10991692543
0.0,0.0,0.0,2.1262550354
0.0,0.0,0.0,2.14330601692
0.0,0.0,0.0,2.15979886055
0.0,0.0,0.0,2.1764690876
0.0,0.0,0.0,2.19282007217
0.0,0.0,0.0,2.20958709717
0.0,0.0,0.0,2.22623991966
0.0,0.0,0.0,2.24282193184
0.0,0.0,0.0,2.25957107544
0.0,0.0,0.0,2.27660107613
0.0,0.0,0.0,2.2929930687
0.0,0.0,0.0,2.30973887444
0.0,0.0,0.0,2.32645893097
0.0,0.0,0.0,2.34308409691
0.0,0.0,0.0,2.35979199409
0.0,0.0,0.0,2.3764269352
0.0,0.0,0.0,2.39310193062
0.0,0.0,0.0,2.40998387337
0.0,0.0,0.0,2.42660093307
0.0,0.0,0.0,2.44343900681
0.0,0.0,0.0,2.45988202095
0.0,0.0,0.0,2.47608804703
0.0,0.0,0.0,2.49283790588
0.0,0.0,0.0,2.50952100754
0.0,0.0,0.0,2.52633404732
0.0,0.0,0.0,2.54330205917
0.0,0.0,0.0,2.55994796753
0.0,0.0,0.0,2.57671189308
0.0,0.0,0.0,2.59311389923
0.0,0.0,0.0,2.61046695709
0.0,0.0,0.0,2.62665891647
0.0,0.0,0.0,2.64322686195
0.0,0.0,0.0,2.66091990471
0.0,0.0,0.0,2.67636108398
0.0,0.0,0.0,2.69290709496
0.0,0.0,0.0,2.70955705643
0.0,0.0,0.0,2.72675800323
0.0,0.0,0.0,2.74311208725
0.0,0.0,0.0,2.75996088982
0.0,0.0,0.0,2.77659487724
0.0,0.0,0.0,2.79297804832
0.0,0.0,0.0,2.81018590927
0.0,0.0,0.0,2.82631492615
0.0,0.0,0.0,2.84348607063
0.0,0.0,0.0,2.86452007294
0.0,0.0,0.0,2.8767220974
0.0,0.0,0.0,2.89385795593
0.0,0.0,0.0,2.90980887413
0.0,0.0,0.0,2.9263150692
0.0,0.0,0.0,2.94294905663
0.0,0.0,0.0,2.95956802368
0.0,0.0,0.0,2.97639203072
0.0,0.0,0.0,2.99325108528
0.0,0.0,0.0,3.01036500931
0.0,0.0,0.0,3.02638697624
0.0,0.0,0.0,3.04290604591
0.0,0.0,0.0,3.05999302864
0.0,0.0,0.0,3.07619404793
0.0,0.0,0.0,3.09385299683
0.0,0.0,0.0,3.1097240448
0.0,0.0,0.0,3.12635803223
0.0,0.0,0.0,3.14301896095
0.0,0.0,0.0,3.15968990326
0.0,0.0,0.0,3.17647004128
0.0,0.0,0.0,3.19374394417
0.0,0.0,0.0,3.2096118927
0.0,0.0,0.0,3.22646808624
0.0,0.0,0.0,3.2431139946
0.0,0.0,0.0,3.25971293449
0.0,0.0,0.0,3.2764480114
0.0,0.0,0.0,3.29341197014
0.0,0.0,0.0,3.30965805054
0.0,0.0,0.0,3.32663702965
0.0,0.0,0.0,3.34305787086
0.0,0.0,0.0,3.35989809036
0.0,0.0,0.0,3.37624287605
0.0,0.0,0.0,3.3930079937
0.0,0.0,0.0,3.40951299667
0.0,0.0,0.0,3.4284119606
0.0,0.0,0.0,3.44413805008
0.0,0.0,0.0,3.46000885963
0.0,0.0,0.0,3.47629308701
0.0,0.0,0.0,3.49393391609
0.0,0.0,0.0,3.5097219944
0.0,0.0,0.0,3.52676606178
0.0,0.0,0.0,3.54338502884
0.0,0.0,0.0,3.55984401703
0.0,0.0,0.0,3.57636189461
0.0,0.0,0.0,3.59434890747
0.0,0.0,0.0,3.60956406593
0.0,0.0,0.0,3.62638401985
0.0,0.0,0.0,3.64299297333
0.0,0.0,0.0,3.65993309021
0.0,0.0,0.0,3.67644786835
0.0,0.0,0.0,3.69414186478
0.0,0.0,0.0,3.71028089523
0.0,0.0,0.0,3.72778105736
0.0,0.0,0.0,3.74367809296
0.0,0.0,0.0,3.75998902321
0.0,0.0,0.0,3.77622389793
0.0,0.0,0.0,3.79296302795
0.0,0.0,0.0,3.80957794189
0.0,0.0,0.0,3.82653999329
0.0,0.0,0.0,3.84340286255
0.0,0.0,0.0,3.86146306992
0.0,0.0,0.0,3.87643289566
0.0,0.0,0.0,3.89323091507
0.0,0.0,0.0,3.90943598747
0.0,0.0,0.0,3.92835092545
0.0,0.0,0.0,3.94316792488
0.0,0.0,0.0,3.96062493324
0.0,0.0,0.0,3.97685098648
0.0,0.0,0.0,3.99874186516
0.0,0.0,0.0,4.00968694687
0.0,0.0,0.0,4.02623200417
0.0,0.0,0.0,4.04287195206
0.0,0.0,0.0,4.05974793434
0.0,0.0,0.0,4.07625699043
0.0,0.0,0.0,4.09300589561
0.0,0.0,0.0,4.10963797569
0.0,0.0,0.0,4.12635302544
0.0,0.0,0.0,4.14298391342
0.0,0.0,0.0,4.15945005417
0.0,0.0,0.0,4.17634296417
0.0,0.0,0.0,4.19383001328
0.0,0.0,0.0,4.20963001251
0.0,0.0,0.0,4.22685289383
0.0,0.0,0.0,4.24311804771
0.0,0.0,0.0,4.25975608826
0.0,0.0,0.0,4.27626490593
0.0,0.0,0.0,4.29347705841
0.0,0.0,0.0,4.30967307091
0.0,0.0,0.0,4.32798409462
0.0,0.0,0.0,4.34444594383
0.0,0.0,0.0,4.35985088348
0.0,0.0,0.0,4.37627601624
0.0,0.0,0.0,4.39307689667
0.0,0.0,0.0,4.40983295441
0.0,0.0,0.0,4.42634701729
0.0,0.0,0.0,4.44387793541
0.0,0.0,0.0,4.4594810009
0.0,0.0,0.0,4.47611403465
0.0,0.0,0.0,4.49584889412
0.0,0.0,0.0,4.50959706306
0.0,0.0,0.0,4.5263569355
0.0,0.0,0.0,4.54367589951
0.0,0.0,0.0,4.55982995033
0.0,0.0,0.0,4.57638192177
0.0,0.0,0.0,4.5964550972
0.0,0.0,0.0,4.60951304436
0.0,0.0,0.0,4.62681388855
0.0,0.0,0.0,4.64321303368
0.0,0.0,0.0,4.66002488136
0.0,0.0,0.0,4.67615294456
0.0,0.0,0.0,4.69329190254
0.0,0.0,0.0,4.7096259594
0.0,0.0,0.0,4.72778606415
0.0,0.0,0.0,4.7429599762
0.0,0.0,0.0,4.75988197327
0.0,0.0,0.0,4.77628397942
0.0,0.0,0.0,4.79321599007
0.0,0.0,0.0,4.80966901779
0.0,0.0,0.0,4.82669305801
0.0,0.0,0.0,4.84282898903
0.0,0.0,0.0,4.85968995094
0.0,0.0,0.0,4.87615990639
0.0,0.0,0.0,4.89297008514
0.0,0.0,0.0,4.90974807739
0.0,0.0,0.0,4.92634606361
0.0,0.0,0.0,4.94331407547
0.0,0.0,0.0,4.95969295502
0.0,0.0,0.0,4.97632408142
0.0,0.0,0.0,4.99452209473
0.0,0.0,0.0,5.01005887985
0.0,0.0,0.0,5.02688407898
0.0,0.0,0.0,5.04295992851
0.0,0.0,0.0,5.05955195427
0.0,0.0,0.0,5.07624697685
0.0,0.0,0.0,5.09430408478
0.0,0.0,0.0,5.10959506035
0.0,0.0,0.0,5.12683296204
0.0,0.0,0.0,5.14341306686
0.0,0.0,0.0,5.15959501266
0.0,0.0,0.0,5.17630195618
0.0,0.0,0.0,5.19318985939
0.0,0.0,0.0,5.20961403847
0.0,0.0,0.0,5.22724986076
0.0,0.0,0.0,5.24289989471
0.0,0.0,0.0,5.25986504555
0.0,0.0,0.0,5.27627086639
0.0,0.0,0.0,5.29427886009
0.0,0.0,0.0,5.30998492241
0.0,0.0,0.0,5.3264439106
0.0,0.0,0.0,5.34301590919
0.0,0.0,0.0,5.35982298851
0.0,0.0,0.0,5.37617588043
0.0,0.0,0.0,5.39332890511
0.0,0.0,0.0,5.40994787216
0.0,0.0,0.0,5.42618298531
0.0,0.0,0.0,5.44355106354
0.0,0.0,0.0,5.45956087112
0.0,0.0,0.0,5.47623491287
0.0,0.0,0.0,5.49307799339
0.0,0.0,0.0,5.50959587097
0.0,0.0,0.0,5.52621603012
0.0,0.0,0.0,5.54305386543
0.0,0.0,0.0,5.55981492996
0.0,0.0,0.0,5.57691788673
0.0,0.0,0.0,5.59384703636
0.0,0.0,0.0,5.60991001129
0.0,0.0,0.0,5.62612605095
0.0,0.0,0.0,5.64398789406
0.0,0.0,0.0,5.65996003151
0.0,0.0,0.0,5.67652606964
0.0,0.0,0.0,5.69471597672
0.0,0.0,0.0,5.70978093147
0.0,0.0,0.0,5.72966504097
0.0,0.0,0.0,5.74281787872
0.0,0.0,0.0,5.75956487656
0.0,0.0,0.0,5.77626895905
0.0,0.0,0.0,5.79419589043
0.0,0.0,0.0,5.80953598022
0.0,0.0,0.0,5.82653689384
0.0,0.0,0.0,5.84303808212
0.0,0.0,0.0,5.85968494415
0.0,0.0,0.0,5.87695789337
0.0,0.0,0.0,5.89443397522
0.0,0.0,0.0,5.91028904915
0.0,0.0,0.0,5.92709803581
0.0,0.0,0.0,5.94328904152
0.0,0.0,0.0,5.95968389511
0.0,0.0,0.0,5.97637987137
0.0,0.0,0.0,5.99314403534
0.0,0.0,0.0,6.0096309185
0.0,0.0,0.0,6.0265390873
0.0,0.0,0.0,6.04292607307
0.0,0.0,0.0,6.05975198746
0.0,0.0,0.0,6.07617688179
0.0,0.0,0.0,6.09313988686
0.0,0.0,0.0,6.1097009182
0.0,0.0,0.0,6.1263999939
0.0,0.0,0.0,6.1429400444
0.0,0.0,0.0,6.1598110199
0.0,0.0,0.0,6.17621898651
0.0,0.0,0.0,6.19297409058
0.0,0.0,0.0,6.20974397659
0.0,0.0,0.0,6.22642087936
0.0,0.0,0.0,6.24395990372
0.0,0.0,0.0,6.26074290276
0.0,0.0,0.0,6.27725195885
0.0,0.0,0.0,6.29312801361
0.0,0.0,0.0,6.30955195427
0.0,0.0,0.0,6.32714700699
0.0,0.0,0.0,6.34512400627
0.0,0.0,0.0,6.35958790779
0.0,0.0,0.0,6.37655687332
0.0,0.0,0.0,6.39303588867
0.0,0.0,0.0,6.40947008133
0.0,0.0,0.0,6.42640995979
0.0,0.0,0.0,6.44282889366
0.0,0.0,0.0,6.45963001251
0.0,0.0,0.0,6.47619605064
0.0,0.0,0.0,6.49299001694
0.0,0.0,0.0,6.50985693932
0.0,0.0,0.0,6.52672290802
0.0,0.0,0.0,6.54314494133
0.0,0.0,0.0,6.56216096878
0.0,0.0,0.0,6.5784599781
0.0,0.0,0.0,6.59313797951
0.0,0.0,0.0,6.60972595215
0.0,0.0,0.0,6.62771296501
0.0,0.0,0.0,6.64314198494
0.0,0.0,0.0,6.65960407257
0.0,0.0,0.0,6.6762368679
0.0,0.0,0.0,6.69347691536
0.0,0.0,0.0,6.70953893661
0.0,0.0,0.0,6.72611689568
0.0,0.0,0.0,6.74314498901
0.0,0.0,0.0,6.7597849369
0.0,0.0,0.0,6.77626395226
0.0,0.0,0.0,6.79304504395
0.0,0.0,0.0,6.80947804451
0.0,0.0,0.0,6.82621097565
0.0,0.0,0.0,6.84308791161
0.0,0.0,0.0,6.86035990715
0.0,0.0,0.0,6.87988686562
0.0,0.0,0.0,6.89296102524
0.0,0.0,0.0,6.90950489044
0.0,0.0,0.0,6.93056201935
0.0,0.0,0.0,6.94302892685
0.0,0.0,0.0,6.95951890945
0.0,0.0,0.0,6.97617292404
0.0,0.0,0.0,6.99290299416
0.0,0.0,0.0,7.00957894325
0.0,0.0,0.0,7.02614092827
0.0,0.0,0.0,7.04306006432
0.0,0.0,0.0,7.06036186218
0.0,0.0,0.0,7.07625389099
0.0,0.0,0.0,7.093791008
0.0,0.0,0.0,7.10972189903
0.0,0.0,0.0,7.12711000443
0.0,0.0,0.0,7.14299297333
0.0,0.0,0.0,7.15957999229
0.0,0.0,0.0,7.17616486549
0.0,0.0,0.0,7.19297289848
0.0,0.0,0.0,7.20981693268
0.0,0.0,0.0,7.22667908669
0.0,0.0,0.0,7.24328708649
0.0,0.0,0.0,7.25976991653
0.0,0.0,0.0,7.27606892586
0.0,0.0,0.0,7.29309296608
0.0,0.0,0.0,7.30977797508
0.0,0.0,0.0,7.32645487785
0.0,0.0,0.0,7.34298586845
0.0,0.0,0.0,7.35955190659
0.0,0.0,0.0,7.37638998032
0.0,0.0,0.0,7.39299607277
0.0,0.0,0.0,7.40940189362
0.0,0.0,0.0,7.42658090591
0.0,0.0,0.0,7.44290494919
0.0,0.0,0.0,7.46002292633
0.0,0.0,0.0,7.47615289688
0.0,0.0,0.0,7.4929330349
0.0,0.0,0.0,7.50957393646
0.0,0.0,0.0,7.52616906166
0.0,0.0,0.0,7.54284000397
0.0,0.0,0.0,7.56030201912
0.0,0.0,0.0,7.57629609108
0.0,0.0,0.0,7.59294390678
0.0,0.0,0.0,7.60963201523
0.0,0.0,0.0,7.62682795525
0.0,0.0,0.0,7.64305996895
0.0,0.0,0.0,7.65971088409
0.0,0.0,0.0,7.67645192146
0.0,0.0,0.0,7.69295907021
0.0,0.0,0.0,7.70970201492
0.0,0.0,0.0,7.72645187378
0.0,0.0,0.0,7.74330091476
0.0,0.0,0.0,7.75974297523
0.0,0.0,0.0,7.77841591835
0.0,0.0,0.0,7.7939350605
0.0,0.0,0.0,7.81065702438
0.0,0.0,0.0,7.82742190361
0.0,0.0,0.0,7.84361791611
0.0,0.0,0.0,7.85986709595
0.0,0.0,0.0,7.87610602379
0.0,0.0,0.0,7.89302492142
0.0,0.0,0.0,7.9094979763
0.0,0.0,0.0,7.92637205124
0.0,0.0,0.0,7.94282197952
0.0,0.0,0.0,7.95966291428
0.0,0.0,0.0,7.9764778614
0.0,0.0,0.0,7.993090868
0.0,0.0,0.0,8.00955200195
0.0,0.0,0.0,8.02633500099
0.0,0.0,0.0,8.04296207428
0.0,0.0,0.0,8.05989003181
0.0,0.0,0.0,8.07636594772
0.0,0.0,0.0,8.09325408936
0.0,0.0,0.0,8.10955190659
0.0,0.0,0.0,8.12634992599
0.0,0.0,0.0,8.14337205887
0.0,0.0,0.0,8.15965199471
0.0,0.0,0.0,8.17623996735
0.0,0.0,0.0,8.19424200058
0.0,0.0,0.0,8.20957899094
0.0,0.0,0.0,8.22620987892
0.0,0.0,0.0,8.24371099472
0.0,0.0,0.0,8.2595949173
0.0,0.0,0.0,8.27607798576
0.0,0.0,0.0,8.29300904274
0.0,0.0,0.0,8.30974388123
0.0,0.0,0.0,8.32653808594
0.0,0.0,0.0,8.34311699867
0.0,0.0,0.0,8.35963201523
0.0,0.0,0.0,8.37627792358
0.0,0.0,0.0,8.39471697807
0.0,0.0,0.0,8.409678936
0.0,0.0,0.0,8.42646598816
0.0,0.0,0.0,8.44285607338
0.0,0.0,0.0,8.45993709564
0.0,0.0,0.0,8.47624802589
0.0,0.0,0.0,8.4931640625
0.0,0.0,0.0,8.50946903229
0.0,0.0,0.0,8.52645397186
0.0,0.0,0.0,8.54330086708
0.0,0.0,0.0,8.55953502655
0.0,0.0,0.0,8.5771548748
0.0,0.0,0.0,8.59376597404
0.0,0.0,0.0,8.61026906967
0.0,0.0,0.0,8.62725090981
0.0,0.0,0.0,8.64408707619
-4.2646044166e-05,-1.21075948272e-16,-0.000523598775597,8.65968298912
-4.2646044166e-05,-1.21075948272e-16,-0.000523598775597,8.67675495148
-4.2646044166e-05,-1.21075948272e-16,-0.000523598775597,8.69338703156
-4.2646044166e-05,-1.21075948272e-16,-0.000523598775597,8.71007394791
0.00127938114378,-6.92211880391e-07,0.00191986217719,8.72693991661
0.00174848676508,2.08407365508e-07,0.00593411945679,8.74407792091
0.00174848676508,2.08407365508e-07,0.00593411945679,8.75967907906
0.00174848676508,2.08407365508e-07,0.00593411945679,8.77665686607
0.00174848676508,2.08407365508e-07,0.00593411945679,8.79285907745
0.00221758499144,2.99212495282e-06,0.0151843644924,8.8101580143
0.00221758499144,2.99212495282e-06,0.0151843644924,8.82626891136
0.00221758499144,2.99212495282e-06,0.0151843644924,8.84432005882
0.00221758499144,2.99212495282e-06,0.0226892802759,8.85993099213
0.00221758499144,2.99212495282e-06,0.0226892802759,8.8774728775
0.00221758499144,2.99212495282e-06,0.0226892802759,8.89324903488
0.00221758499144,2.99212495282e-06,0.0226892802759,8.90964388847
0.00221758499144,2.99212495282e-06,0.0307177948351,8.92671895027
0.00221758499144,2.99212495282e-06,0.0307177948351,8.94306993484
0.00221758499144,2.99212495282e-06,0.0307177948351,8.96014404297
0.00221758499144,2.99212495282e-06,0.0397935069455,8.97640705109
0.00221758499144,2.99212495282e-06,0.0397935069455,8.99303197861
0.00221758499144,2.99212495282e-06,0.0397935069455,9.00970005989
0.00221758499144,2.99212495282e-06,0.0397935069455,9.02681589127
0.00221758499144,2.99212495282e-06,0.048171087355,9.04323792458
0.00221758499144,2.99212495282e-06,0.051661745859,9.05982899666
0.00221758499144,2.99212495282e-06,0.051661745859,9.07650709152
0.00221758499144,2.99212495282e-06,0.051661745859,9.0931968689
0.00221758499144,2.99212495282e-06,0.051661745859,9.10955095291
0.00221758499144,2.99212495282e-06,0.0609119908946,9.12638092041
0.00221758499144,2.99212495282e-06,0.0637045176978,9.14388203621
0.00221758499144,2.99212495282e-06,0.0637045176978,9.15970396996
0.00221758499144,2.99212495282e-06,0.0637045176978,9.17630290985
0.00221758499144,2.99212495282e-06,0.0736528944342,9.1941280365
0.00221758499144,2.99212495282e-06,0.0736528944342,9.20948004723
0.00221758499144,2.99212495282e-06,0.0736528944342,9.22639393806
0.00221758499144,2.99212495282e-06,0.0736528944342,9.24308300018
0.00221758499144,2.99212495282e-06,0.0773180858634,9.25966596603
0.00221758499144,2.99212495282e-06,0.0771435529382,9.27655506134
0.00221758499144,2.99212495282e-06,0.0771435529382,9.29312801361
0.00221758499144,2.99212495282e-06,0.0771435529382,9.30960893631
0.00221758499144,2.99212495282e-06,0.0771435529382,9.32614302635
0.00221758499144,2.99212495282e-06,0.0781907504893,9.34282302856
0.00221758499144,2.99212495282e-06,0.0781907504893,9.35955786705
0.00221758499144,2.99212495282e-06,0.0781907504893,9.37700486183
0.00221758499144,2.99212495282e-06,0.076969020013,9.39386892319
0.00221758499144,2.99212495282e-06,0.076969020013,9.41045498848
0.00221758499144,2.99212495282e-06,0.076969020013,9.42624688148
0.00221758499144,2.99212495282e-06,0.076969020013,9.44292807579
0.00221758499144,2.99212495282e-06,0.0694641042294,9.45944190025
0.00221758499144,2.99212495282e-06,0.0694641042294,9.47696900368
0.00221758499144,2.99212495282e-06,0.0694641042294,9.493694067
0.00221758499144,2.99212495282e-06,0.0694641042294,9.51094198227
0.00221758499144,2.99212495282e-06,0.0572467994654,9.52719092369
0.00221758499144,2.99212495282e-06,0.0572467994654,9.54352688789
0.00221758499144,2.99212495282e-06,0.0572467994654,9.56056499481
0.00221758499144,2.99212495282e-06,0.0389208423195,9.57767105103
0.00221758499144,2.99212495282e-06,0.0389208423195,9.59348607063
0.00221758499144,2.99212495282e-06,0.0389208423195,9.60961890221
0.00221758499144,2.99212495282e-06,0.0389208423195,9.62702393532
0.00221758499144,2.99212495282e-06,0.0151843644924,9.6431479454
0.00221758499144,2.99212495282e-06,0.0151843644924,9.66054105759
0.00221758499144,2.99212495282e-06,0.0151843644924,9.67800092697
0.00221758499144,2.99212495282e-06,-0.0101229096616,9.69357800484
0.00221758499144,2.99212495282e-06,-0.0101229096616,9.70967006683
0.00221758499144,2.99212495282e-06,-0.0101229096616,9.72629404068
0.00221758499144,2.99212495282e-06,-0.0101229096616,9.74306893349
0.00221758499144,2.99212495282e-06,-0.0188495559215,9.76053500175
0.00221758499144,2.99212495282e-06,-0.0188495559215,9.77716588974
0.00221758499144,2.99212495282e-06,-0.0188495559215,9.79287385941
0.00221758499144,2.99212495282e-06,-0.0188495559215,9.80963087082
0.00221758499144,2.99212495282e-06,-0.0137881010908,9.82634592056
0.00221758499144,2.99212495282e-06,-0.0137881010908,9.8429210186
0.00221758499144,2.99212495282e-06,-0.0137881010908,9.85963392258
0.00221758499144,2.99212495282e-06,-0.00349065850399,9.87723994255
0.00221758499144,2.99212495282e-06,-0.00349065850399,9.89387202263
0.00221758499144,2.99212495282e-06,-0.00349065850399,9.90961408615
0.00221758499144,2.99212495282e-06,-0.00349065850399,9.92697906494
0.00170583557921,4.77847464593e-06,-0.00104719755119,9.94299793243
0.00170583557921,4.77847464593e-06,-0.00104719755119,9.96006894112
0.00170583557921,4.77847464593e-06,-0.00104719755119,9.97733092308
-0.00183378414582,8.48515710909e-06,-0.00994837673637,9.99293589592
-0.00183378414582,8.48515710909e-06,-0.00994837673637,10.0102479458
-0.00183378414582,8.48515710909e-06,-0.00994837673637,10.0267939568
-0.00183378414582,8.48515710909e-06,-0.00994837673637,10.0429370403
-0.00375276116864,2.75764933091e-05,-0.0357792496658,10.0596609116
-0.00443466117362,5.19847801847e-05,-0.037524578918,10.0761139393
-0.00443466117362,5.19847801847e-05,-0.037524578918,10.0929160118
-0.00443466117362,5.19847801847e-05,-0.037524578918,10.1099340916
-0.00443466117362,5.19847801847e-05,-0.037524578918,10.1263999939
-0.00618191811128,0.000117580652307,-0.053407075111,10.1434230804
-0.00716137859982,0.000169940563988,-0.0532325421858,10.1602370739
-0.00716137859982,0.000169940563988,-0.0532325421858,10.1766178608
-0.00716137859982,0.000169940563988,-0.0532325421858,10.1931979656
-0.00933324600065,0.000285663916238,-0.0506145483078,10.2102510929
-0.00933324600065,0.000285663916238,-0.0506145483078,10.2263789177
-0.00992952601809,0.000315870158837,-0.0478220215046,10.2432830334
-0.00992952601809,0.000315870158837,-0.0478220215046,10.2599740028
-0.00992952601809,0.000315870158837,-0.0478220215046,10.2763009071
-0.00963134499603,0.000301599659309,-0.0383972435439,10.2929489613
-0.00963134499603,0.000301599659309,-0.0383972435439,10.3100550175
-0.00963134499603,0.000301599659309,-0.0383972435439,10.3263280392
-0.00963134499603,0.000301599659309,-0.0383972435439,10.3431739807
-0.00869382356575,0.00026558371887,-0.0289724655831,10.3607640266
-0.00869382356575,0.00026558371887,-0.0289724655831,10.3764669895
-0.00869382356575,0.00026558371887,-0.0289724655831,10.3930549622
-0.00963164279521,0.000292762259234,-0.0366519142919,10.4106369019
-0.00963164279521,0.000292762259234,-0.0366519142919,10.4262778759
-0.00963164279521,0.000292762259234,-0.0366519142919,10.4428589344
-0.00963164279521,0.000292762259234,-0.0366519142919,10.4598228931
-0.0122739217699,0.00038965023087,-0.0411897703471,10.4767038822
-0.0132965587148,0.000431796249411,-0.0411897703471,10.4932479858
-0.0132965587148,0.000431796249411,-0.0411897703471,10.5110468864
-0.0132965587148,0.000431796249411,-0.0411897703471,10.5285658836
-0.0132965587148,0.000431796249411,-0.0411897703471,10.5429999828
-0.0154270523499,0.000519600454707,-0.0406661715714,10.5597200394
-0.0155548847089,0.000524801774874,-0.0397935069455,10.5765249729
-0.0155548847089,0.000524801774874,-0.0397935069455,10.5936689377
-0.0155548847089,0.000524801774874,-0.0397935069455,10.6099789143
-0.0155548847089,0.000524801774874,-0.0397935069455,10.626429081
-0.0126998617397,0.000411130391761,-0.0336848545635,10.6432430744
-0.0126998617397,0.000411130391761,-0.0336848545635,10.6595580578
-0.0126998617397,0.000411130391761,-0.0336848545635,10.6766479015
-0.0104409035905,0.000335008921958,-0.0190240888467,10.6933689117
-0.0104409035905,0.000335008921958,-0.0190240888467,10.7100820541
-0.0104409035905,0.000335008921958,-0.0190240888467,10.7266409397
-0.0104409035905,0.000335008921958,-0.0190240888467,10.7431988716
-0.0104409035905,0.000335008921958,-0.00733038285838,10.760406971
-0.0104409035905,0.000335008921958,-0.00733038285838,10.7766170502
-0.0104409035905,0.000335008921958,-0.00523598775598,10.7929520607
-0.0104409035905,0.000335008921958,-0.00523598775598,10.8096489906
-0.0104409035905,0.000335008921958,-0.00523598775598,10.8266129494
-0.0104409035905,0.000335008921958,-0.0019198621772,10.8432168961
-0.0104409035905,0.000335008921958,-0.0019198621772,10.8596279621
-0.0104409035905,0.000335008921958,-0.0019198621772,10.8761000633
-0.0104409035905,0.000335008921958,-0.00436332312998,10.8931560516
-0.0104409035905,0.000335008921958,-0.00436332312998,10.9096770287
-0.0104409035905,0.000335008921958,-0.00436332312998,10.9269320965
-0.0104409035905,0.000335008921958,-0.00436332312998,10.9431970119
-0.0104409035905,0.000335008921958,-0.00610865238197,10.9600288868
-0.0104409035905,0.000335008921958,-0.00610865238197,10.976585865
-0.0104409035905,0.000335008921958,-0.00610865238197,10.9931669235
-0.0104409035905,0.000335008921958,-0.00610865238197,11.0102210045
-0.0104409035905,0.000335008921958,-0.00610865238197,11.0264699459
-0.0104409035905,0.000335008921958,-0.00610865238197,11.0431509018
-0.0104409035905,0.000335008921958,-0.00610865238197,11.0597300529
-0.0104409035905,0.000335008921958,-0.00575958653159,11.0763618946
-0.0104409035905,0.000335008921958,-0.00575958653159,11.0930249691
-0.0104409035905,0.000335008921958,-0.00575958653159,11.1097819805
-0.0104409035905,0.000335008921958,-0.00575958653159,11.1266620159
-0.0104409035905,0.000335008921958,-0.00558505360638,11.1429650784
-0.0104409035905,0.000335008921958,-0.00558505360638,11.1595489979
-0.0104409035905,0.000335008921958,-0.00558505360638,11.1761949062
-0.0104409035905,0.000335008921958,-0.00593411945678,11.1936619282
-0.0104409035905,0.000335008921958,-0.00593411945678,11.2102379799
-0.0104409035905,0.000335008921958,-0.00593411945678,11.226526022
-0.0104409035905,0.000335008921958,-0.00593411945678,11.243035078
-0.0104409035905,0.000335008921958,-0.00593411945678,11.2596480846
-0.0104409035905,0.000335008921958,-0.00593411945678,11.2763590813
-0.0104409035905,0.000335008921958,-0.00593411945678,11.2931549549
-0.0104409035905,0.000335008921958,-0.00593411945678,11.3100030422
-0.0104409035905,0.000335008921958,-0.00593411945678,11.3263549805
-0.0104409035905,0.000335008921958,-0.00593411945678,11.342913866
-0.0104409035905,0.000335008921958,-0.00593411945678,11.3596529961
-0.0104409035905,0.000335008921958,-0.00593411945678,11.3765339851
-0.0104409035905,0.000335008921958,-0.00593411945678,11.3928649426
-0.0104409035905,0.000335008921958,-0.00593411945678,11.4109680653
-0.0104409035905,0.000335008921958,-0.00593411945678,11.4263319969
-0.0104409035905,0.000335008921958,-0.00593411945678,11.4431569576
-0.0104409035905,0.000335008921958,-0.00593411945678,11.4596149921
-0.0104409035905,0.000335008921958,-0.00593411945678,11.4786479473
-0.0104409035905,0.000335008921958,-0.00593411945678,11.4936690331
-0.0104409035905,0.000335008921958,-0.00593411945678,11.5110988617
-0.0104409035905,0.000335008921958,-0.00593411945678,11.5283539295
-0.0104409035905,0.000335008921958,-0.00593411945678,11.5430328846
-0.0104409035905,0.000335008921958,-0.00593411945678,11.5597989559
-0.0104409035905,0.000335008921958,-0.00593411945678,11.5764279366
-0.0104409035905,0.000335008921958,-0.00593411945678,11.5928308964
-0.0104409035905,0.000335008921958,-0.00593411945678,11.6098160744
-0.0104409035905,0.000335008921958,-0.00593411945678,11.6262769699
-0.0104409035905,0.000335008921958,-0.00593411945678,11.643157959
-0.0104409035905,0.000335008921958,-0.00593411945678,11.6597349644
-0.0104409035905,0.000335008921958,-0.00593411945678,11.6765179634
-0.0104409035905,0.000335008921958,-0.00593411945678,11.6931688786
-0.0104409035905,0.000335008921958,-0.00593411945678,11.7098488808
-0.0104409035905,0.000335008921958,-0.00593411945678,11.7275190353
-0.0104409035905,0.000335008921958,-0.00593411945678,11.7442240715
-0.0104409035905,0.000335008921958,-0.00593411945678,11.7619640827
-0.0104409035905,0.000335008921958,-0.00593411945678,11.7780668736
-0.0104409035905,0.000335008921958,-0.00593411945678,11.7937409878
-0.0104409035905,0.000335008921958,-0.00593411945678,11.8096969128
-0.0104409035905,0.000335008921958,-0.00593411945678,11.8264529705
-0.0104409035905,0.000335008921958,-0.00593411945678,11.8441100121
-0.0104409035905,0.000335008921958,-0.00593411945678,11.8598220348
-0.0104409035905,0.000335008921958,-0.00593411945678,11.876611948
-0.0104409035905,0.000335008921958,-0.00593411945678,11.8939628601
-0.0104409035905,0.000335008921958,-0.00593411945678,11.9097440243
-0.0104409035905,0.000335008921958,-0.00593411945678,11.9270410538
-0.0104409035905,0.000335008921958,-0.00593411945678,11.9431650639
-0.0104409035905,0.000335008921958,-0.00593411945678,11.9602069855
-0.0104409035905,0.000335008921958,-0.00593411945678,11.9763329029
-0.0104409035905,0.000335008921958,-0.00593411945678,11.9932160378
-0.0104409035905,0.000335008921958,-0.00593411945678,12.0096609592
-0.0104409035905,0.000335008921958,-0.00593411945678,12.026239872
-0.0104409035905,0.000335008921958,-0.00593411945678,12.0429310799
-0.0104409035905,0.000335008921958,-0.00593411945678,12.0596849918
-0.0104409035905,0.000335008921958,-0.00593411945678,12.0764210224
-0.0104409035905,0.000335008921958,-0.00593411945678,12.0930099487
-0.0104409035905,0.000335008921958,-0.00593411945678,12.1099040508
-0.0104409035905,0.000335008921958,-0.00593411945678,12.1265749931
-0.0104409035905,0.000335008921958,-0.00593411945678,12.1429820061
-0.0104409035905,0.000335008921958,-0.00593411945678,12.1597800255
-0.0104409035905,0.000335008921958,-0.00593411945678,12.1764540672
-0.0104409035905,0.000335008921958,-0.00593411945678,12.1931729317
-0.0104409035905,0.000335008921958,-0.00593411945678,12.2094860077
-0.0104409035905,0.000335008921958,-0.00593411945678,12.2265949249
-0.0104409035905,0.000335008921958,-0.00593411945678,12.2430739403
-0.0104409035905,0.000335008921958,-0.00593411945678,12.26009202
-0.0104409035905,0.000335008921958,-0.00593411945678,12.2763938904
-0.0104409035905,0.000335008921958,-0.00593411945678,12.2928569317
-0.0104409035905,0.000335008921958,-0.00593411945678,12.3100728989
-0.0104409035905,0.000335008921958,-0.00593411945678,12.3265810013
-0.0104409035905,0.000335008921958,-0.00593411945678,12.3431179523
-0.0104409035905,0.000335008921958,-0.00593411945678,12.3600640297
-0.0104409035905,0.000335008921958,-0.00593411945678,12.3779089451
-0.0104409035905,0.000335008921958,-0.00593411945678,12.3928859234
-0.0104409035905,0.000335008921958,-0.00593411945678,12.4096860886
-0.0104409035905,0.000335008921958,-0.00593411945678,12.4264659882
-0.0104409035905,0.000335008921958,-0.00593411945678,12.4432039261
-0.0104409035905,0.000335008921958,-0.00593411945678,12.4606099129
-0.0104409035905,0.000335008921958,-0.00593411945678,12.4765119553
-0.0104409035905,0.000335008921958,-0.00593411945678,12.4934289455
-0.0104409035905,0.000335008921958,-0.00593411945678,12.5117390156
-0.0104409035905,0.000335008921958,-0.00593411945678,12.5263180733
-0.0104409035905,0.000335008921958,-0.00593411945678,12.5443198681
-0.0104409035905,0.000335008921958,-0.00593411945678,12.5600700378
-0.0104409035905,0.000335008921958,-0.00593411945678,12.5765478611
-0.0104409035905,0.000335008921958,-0.00593411945678,12.5930540562
-0.0104409035905,0.000335008921958,-0.00593411945678,12.6096029282
-0.0104409035905,0.000335008921958,-0.00593411945678,12.6262950897
-0.0104409035905,0.000335008921958,-0.00593411945678,12.6432790756
-0.0104409035905,0.000335008921958,-0.00593411945678,12.6594920158
-0.0104409035905,0.000335008921958,-0.00593411945678,12.6764280796
-0.0104409035905,0.000335008921958,-0.00593411945678,12.6932940483
-0.0104409035905,0.000335008921958,-0.00593411945678,12.7102129459
-0.0104409035905,0.000335008921958,-0.00593411945678,12.7263028622
-0.0104409035905,0.000335008921958,-0.00593411945678,12.7434849739
-0.0104409035905,0.000335008921958,-0.00593411945678,12.7595880032
-0.0104409035905,0.000335008921958,-0.00593411945678,12.7762460709
-0.0104409035905,0.000335008921958,-0.00593411945678,12.7930939198
-0.0104409035905,0.000335008921958,-0.00593411945678,12.8098990917
-0.0104409035905,0.000335008921958,-0.00593411945678,12.8265399933
-0.0104409035905,0.000335008921958,-0.00593411945678,12.8448719978
-0.0104409035905,0.000335008921958,-0.00593411945678,12.8597829342
-0.0104409035905,0.000335008921958,-0.00593411945678,12.8766069412
-0.0104409035905,0.000335008921958,-0.00593411945678,12.8932769299
-0.0104409035905,0.000335008921958,-0.00593411945678,12.910738945
-0.0104409035905,0.000335008921958,-0.00593411945678,12.9270620346
-0.0104409035905,0.000335008921958,-0.00593411945678,12.9435720444
-0.0104409035905,0.000335008921958,-0.00593411945678,12.9596879482
-0.0104409035905,0.000335008921958,-0.00593411945678,12.9770920277
-0.0104409035905,0.000335008921958,-0.00593411945678,12.9927549362
-0.0104409035905,0.000335008921958,-0.00593411945678,13.0098788738
-0.0104409035905,0.000335008921958,-0.00593411945678,13.0265069008
-0.0104409035905,0.000335008921958,-0.00593411945678,13.0435419083
-0.0104409035905,0.000335008921958,-0.00593411945678,13.0599188805
-0.0104409035905,0.000335008921958,-0.00593411945678,13.0763349533
-0.0104409035905,0.000335008921958,-0.00593411945678,13.0928940773
-0.0104409035905,0.000335008921958,-0.00593411945678,13.1099879742
-0.0104409035905,0.000335008921958,-0.00593411945678,13.1263840199
-0.0104409035905,0.000335008921958,-0.00593411945678,13.1432740688
-0.0104409035905,0.000335008921958,-0.00593411945678,13.1599469185
-0.0104409035905,0.000335008921958,-0.00593411945678,13.1762230396
-0.0104409035905,0.000335008921958,-0.00593411945678,13.1928670406
-0.0104409035905,0.000335008921958,-0.00593411945678,13.2096738815
-0.0104409035905,0.000335008921958,-0.00593411945678,13.226211071
-0.0104409035905,0.000335008921958,-0.00593411945678,13.2431609631
-0.0104409035905,0.000335008921958,-0.00593411945678,13.2604279518
-0.0104409035905,0.000335008921958,-0.00593411945678,13.2766640186
-0.0104409035905,0.000335008921958,-0.00593411945678,13.2929098606
-0.0104409035905,0.000335008921958,-0.00593411945678,13.3105590343
-0.0104409035905,0.000335008921958,-0.00593411945678,13.3262109756
-0.0104409035905,0.000335008921958,-0.00593411945678,13.343364954
-0.0104409035905,0.000335008921958,-0.00593411945678,13.3598890305
-0.0104409035905,0.000335008921958,-0.00593411945678,13.3764429092
-0.0104409035905,0.000335008921958,-0.00593411945678,13.3931779861
-0.0104409035905,0.000335008921958,-0.00593411945678,13.4112579823
-0.0104409035905,0.000335008921958,-0.00593411945678,13.4265110493
-0.0104409035905,0.000335008921958,-0.00593411945678,13.4447510242
-0.0104409035905,0.000335008921958,-0.00593411945678,13.4600598812
-0.0104409035905,0.000335008921958,-0.00593411945678,13.4769399166
-0.0104409035905,0.000335008921958,-0.00593411945678,13.4942529202
-0.0104409035905,0.000335008921958,-0.00593411945678,13.5100588799
-0.0104409035905,0.000335008921958,-0.00593411945678,13.5264649391
-0.0104409035905,0.000335008921958,-0.00593411945678,13.5431649685
-0.0104409035905,0.000335008921958,-0.00593411945678,13.5595610142
-0.0104409035905,0.000335008921958,-0.00593411945678,13.5766198635
-0.0104409035905,0.000335008921958,-0.00593411945678,13.5930030346
-0.0104409035905,0.000335008921958,-0.00593411945678,13.6099610329
-0.0104409035905,0.000335008921958,-0.00593411945678,13.626363039
-0.0104409035905,0.000335008921958,-0.00593411945678,13.6431059837
-0.0104409035905,0.000335008921958,-0.00593411945678,13.6606678963
-0.0104409035905,0.000335008921958,-0.00593411945678,13.6763319969
-0.0104409035905,0.000335008921958,-0.00593411945678,13.6930809021
-0.0104409035905,0.000335008921958,-0.00593411945678,13.7098178864
-0.0104409035905,0.000335008921958,-0.00593411945678,13.7261860371
-0.0104409035905,0.000335008921958,-0.00593411945678,13.7434659004
-0.0104409035905,0.000335008921958,-0.00593411945678,13.7596819401
-0.0104409035905,0.000335008921958,-0.00593411945678,13.7762598991
-0.0104409035905,0.000335008921958,-0.00593411945678,13.7928380966
-0.0104409035905,0.000335008921958,-0.00593411945678,13.8096849918
-0.0104409035905,0.000335008921958,-0.00593411945678,13.8261959553
-0.0104409035905,0.000335008921958,-0.00593411945678,13.8430509567
-0.0104409035905,0.000335008921958,-0.00593411945678,13.85967803
-0.0104409035905,0.000335008921958,-0.00593411945678,13.8762199879
-0.0104409035905,0.000335008921958,-0.00593411945678,13.8929870129
-0.0104409035905,0.000335008921958,-0.00593411945678,13.9100759029
-0.0104409035905,0.000335008921958,-0.00593411945678,13.9263789654
-0.0104409035905,0.000335008921958,-0.00593411945678,13.9433460236
-0.0104409035905,0.000335008921958,-0.00593411945678,13.959608078
-0.0104409035905,0.000335008921958,-0.00593411945678,13.9765460491
-0.0104409035905,0.000335008921958,-0.00593411945678,13.9929099083
-0.0104409035905,0.000335008921958,-0.00593411945678,14.0097749233
-0.0104409035905,0.000335008921958,-0.00593411945678,14.0263049603
-0.0104409035905,0.000335008921958,-0.00593411945678,14.0436549187
-0.0104409035905,0.000335008921958,-0.00593411945678,14.0595159531
-0.0104409035905,0.000335008921958,-0.00593411945678,14.0763270855
-0.0104409035905,0.000335008921958,-0.00593411945678,14.0933949947
-0.0104409035905,0.000335008921958,-0.00593411945678,14.1103689671
-0.0104409035905,0.000335008921958,-0.00593411945678,14.1265370846
-0.0104409035905,0.000335008921958,-0.00593411945678,14.1431889534
-0.0104409035905,0.000335008921958,-0.00593411945678,14.1596229076
-0.0104409035905,0.000335008921958,-0.00593411945678,14.1763439178
-0.0104409035905,0.000335008921958,-0.00593411945678,14.192909956
-0.0104409035905,0.000335008921958,-0.00593411945678,14.2098109722
-0.0104409035905,0.000335008921958,-0.00593411945678,14.2266259193
-0.0104409035905,0.000335008921958,-0.00593411945678,14.2435350418
-0.0104409035905,0.000335008921958,-0.00593411945678,14.2594640255
-0.0104409035905,0.000335008921958,-0.00593411945678,14.2764699459
-0.0104409035905,0.000335008921958,-0.00593411945678,14.2934730053
-0.0104409035905,0.000335008921958,-0.00593411945678,14.3097939491
-0.0104409035905,0.000335008921958,-0.00593411945678,14.3264000416
-0.0104409035905,0.000335008921958,-0.00593411945678,14.3429000378
-0.0104409035905,0.000335008921958,-0.00593411945678,14.3596088886
-0.0104409035905,0.000335008921958,-0.00593411945678,14.3761770725
-0.0104409035905,0.000335008921958,-0.00593411945678,14.3929309845
-0.0104409035905,0.000335008921958,-0.00593411945678,14.4101219177
-0.0104409035905,0.000335008921958,-0.00593411945678,14.4262940884
-0.0104409035905,0.000335008921958,-0.00593411945678,14.4431910515
-0.0104409035905,0.000335008921958,-0.00593411945678,14.4596378803
-0.0104409035905,0.000335008921958,-0.00593411945678,14.4765720367
-0.0104409035905,0.000335008921958,-0.00593411945678,14.49304986
-0.0104409035905,0.000335008921958,-0.00593411945678,14.5100569725
-0.0104409035905,0.000335008921958,-0.00593411945678,14.5265629292
-0.0104409035905,0.000335008921958,-0.00593411945678,14.543104887
-0.0104409035905,0.000335008921958,-0.00593411945678,14.5599939823
-0.0104409035905,0.000335008921958,-0.00593411945678,14.576406002
-0.0104409035905,0.000335008921958,-0.00593411945678,14.5933730602
-0.0104409035905,0.000335008921958,-0.00593411945678,14.6101620197
-0.0104409035905,0.000335008921958,-0.00593411945678,14.6269888878
-0.0104409035905,0.000335008921958,-0.00593411945678,14.643157959
-0.0104409035905,0.000335008921958,-0.00593411945678,14.6597640514
-0.0104409035905,0.000335008921958,-0.00593411945678,14.6768739223
-0.0104409035905,0.000335008921958,-0.00593411945678,14.6929569244
-0.0104409035905,0.000335008921958,-0.00593411945678,14.7101380825
-0.0104409035905,0.000335008921958,-0.00593411945678,14.726774931
-0.0104409035905,0.000335008921958,-0.00593411945678,14.7437989712
-0.0104409035905,0.000335008921958,-0.00593411945678,14.7609009743
-0.0104409035905,0.000335008921958,-0.00593411945678,14.7774450779
-0.0104409035905,0.000335008921958,-0.00593411945678,14.7933239937
-0.0104409035905,0.000335008921958,-0.00593411945678,14.8120229244
-0.0104409035905,0.000335008921958,-0.00593411945678,14.8267400265
-0.0104409035905,0.000335008921958,-0.00593411945678,14.8437190056
-0.0104409035905,0.000335008921958,-0.00593411945678,14.8594779968
-0.0104409035905,0.000335008921958,-0.00593411945678,14.8764178753
-0.0104409035905,0.000335008921958,-0.00593411945678,14.8931028843
-0.0104409035905,0.000335008921958,-0.00593411945678,14.910959959
-0.0104409035905,0.000335008921958,-0.00593411945678,14.9267230034
-0.0104409035905,0.000335008921958,-0.00593411945678,14.9430449009
-0.0104409035905,0.000335008921958,-0.00593411945678,14.9593980312
-0.0104409035905,0.000335008921958,-0.00593411945678,14.976708889
-0.0104409035905,0.000335008921958,-0.00593411945678,14.9938459396
-0.0104409035905,0.000335008921958,-0.00593411945678,15.0116300583
-0.0104409035905,0.000335008921958,-0.00593411945678,15.0279939175
-0.0104409035905,0.000335008921958,-0.00593411945678,15.0442509651
-0.0104409035905,0.000335008921958,-0.00593411945678,15.0602939129
-0.0104409035905,0.000335008921958,-0.00593411945678,15.0806698799
-0.0104409035905,0.000335008921958,-0.00593411945678,15.094119072
-0.0104409035905,0.000335008921958,-0.00593411945678,15.1123108864
-0.0104409035905,0.000335008921958,-0.00593411945678,15.127464056
-0.0104409035905,0.000335008921958,-0.00593411945678,15.1447570324
-0.0104409035905,0.000335008921958,-0.00593411945678,15.1596179008
-0.0104409035905,0.000335008921958,-0.00593411945678,15.1763150692
-0.0104409035905,0.000335008921958,-0.00593411945678,15.1932239532
-0.0104409035905,0.000335008921958,-0.00593411945678,15.2096040249
-0.0104409035905,0.000335008921958,-0.00593411945678,15.227866888
-0.0104409035905,0.000335008921958,-0.00593411945678,15.2434339523
-0.0104409035905,0.000335008921958,-0.00593411945678,15.2596430779
-0.0104409035905,0.000335008921958,-0.00593411945678,15.2766289711
-0.0104409035905,0.000335008921958,-0.00593411945678,15.2932460308
-0.0104409035905,0.000335008921958,-0.00593411945678,15.3108820915
-0.0104409035905,0.000335008921958,-0.00593411945678,15.3263690472
-0.0104409035905,0.000335008921958,-0.00593411945678,15.3439118862
-0.0104409035905,0.000335008921958,-0.00593411945678,15.359746933
-0.0104409035905,0.000335008921958,-0.00593411945678,15.3764879704
-0.0104409035905,0.000335008921958,-0.00593411945678,15.3929860592
-0.0104409035905,0.000335008921958,-0.00593411945678,15.4100050926
-0.0104409035905,0.000335008921958,-0.00593411945678,15.4269509315
-0.0104409035905,0.000335008921958,-0.00593411945678,15.4434828758
-0.0104409035905,0.000335008921958,-0.00593411945678,15.4594929218
-0.0104409035905,0.000335008921958,-0.00593411945678,15.4768149853
-0.0104409035905,0.000335008921958,-0.00593411945678,15.4929320812
-0.0104409035905,0.000335008921958,-0.00593411945678,15.5097539425
-0.0104409035905,0.000335008921958,-0.00593411945678,15.5262639523
-0.0104409035905,0.000335008921958,-0.00593411945678,15.5435450077
-0.0104409035905,0.000335008921958,-0.00593411945678,15.5596680641
-0.0104409035905,0.000335008921958,-0.00593411945678,15.5763630867
-0.0104409035905,0.000335008921958,-0.00593411945678,15.5928108692
-0.0104409035905,0.000335008921958,-0.00593411945678,15.6098868847
-0.0104409035905,0.000335008921958,-0.00593411945678,15.6263399124
-0.0104409035905,0.000335008921958,-0.00593411945678,15.6443469524
-0.0104409035905,0.000335008921958,-0.00593411945678,15.6599340439
-0.0104409035905,0.000335008921958,-0.00593411945678,15.6795549393
-0.0104409035905,0.000335008921958,-0.00593411945678,15.6928429604
-0.0104409035905,0.000335008921958,-0.00593411945678,15.7096629143
-0.0104409035905,0.000335008921958,-0.00593411945678,15.7261998653
-0.0104409035905,0.000335008921958,-0.00593411945678,15.7430160046
-0.0104409035905,0.000335008921958,-0.00593411945678,15.7596750259
-0.0104409035905,0.000335008921958,-0.00593411945678,15.7796390057
-0.0104409035905,0.000335008921958,-0.00593411945678,15.7934238911
-0.0104409035905,0.000335008921958,-0.00593411945678,15.8097610474
-0.0104409035905,0.000335008921958,-0.00593411945678,15.8262450695
-0.0104409035905,0.000335008921958,-0.00593411945678,15.8431460857
-0.0104409035905,0.000335008921958,-0.00593411945678,15.8596510887
-0.0104409035905,0.000335008921958,-0.00593411945678,15.8765869141
-0.0104409035905,0.000335008921958,-0.00593411945678,15.8930220604
-0.0104409035905,0.000335008921958,-0.00593411945678,15.909758091
-0.0104409035905,0.000335008921958,-0.00593411945678,15.9267709255
-0.0104409035905,0.000335008921958,-0.00593411945678,15.9436938763
-0.0104409035905,0.000335008921958,-0.00593411945678,15.9596340656
-0.0104409035905,0.000335008921958,-0.00593411945678,15.9765510559
-0.0104409035905,0.000335008921958,-0.00593411945678,15.9927620888
-0.0104409035905,0.000335008921958,-0.00593411945678,16.0094850063
-0.0104409035905,0.000335008921958,-0.00593411945678,16.0263850689
-0.0104409035905,0.000335008921958,-0.00593411945678,16.0429699421
-0.0104409035905,0.000335008921958,-0.00593411945678,16.0597200394
-0.0104409035905,0.000335008921958,-0.00593411945678,16.0763320923
-0.0104409035905,0.000335008921958,-0.00593411945678,16.0950200558
-0.0104409035905,0.000335008921958,-0.00593411945678,16.1097919941
-0.0104409035905,0.000335008921958,-0.00593411945678,16.1262130737
-0.0104409035905,0.000335008921958,-0.00593411945678,16.1429829597
-0.0104409035905,0.000335008921958,-0.00593411945678,16.1595129967
-0.0104409035905,0.000335008921958,-0.00593411945678,16.176831007
-0.0104409035905,0.000335008921958,-0.00593411945678,16.1928739548
-0.0104409035905,0.000335008921958,-0.00593411945678,16.2098650932
-0.0104409035905,0.000335008921958,-0.00593411945678,16.2262558937
-0.0104409035905,0.000335008921958,-0.00593411945678,16.2433099747
-0.0104409035905,0.000335008921958,-0.00593411945678,16.259953022
-0.0104409035905,0.000335008921958,-0.00593411945678,16.2797210217
-0.0104409035905,0.000335008921958,-0.00593411945678,16.2929320335
-0.0104409035905,0.000335008921958,-0.00593411945678,16.3097059727
-0.0104409035905,0.000335008921958,-0.00593411945678,16.3270969391
-0.0104409035905,0.000335008921958,-0.00593411945678,16.3429059982
-0.0104409035905,0.000335008921958,-0.00593411945678,16.3596470356
-0.0104409035905,0.000335008921958,-0.00593411945678,16.3762769699
-0.0104409035905,0.000335008921958,-0.00593411945678,16.392966032
-0.0104409035905,0.000335008921958,-0.00593411945678,16.409774065
-0.0104409035905,0.000335008921958,-0.00593411945678,16.4263730049
-0.0104409035905,0.000335008921958,-0.00593411945678,16.4429199696
-0.0104409035905,0.000335008921958,-0.00593411945678,16.4600799084
-0.0104409035905,0.000335008921958,-0.00593411945678,16.4767129421
-0.0104409035905,0.000335008921958,-0.00593411945678,16.4950489998
-0.0104409035905,0.000335008921958,-0.00593411945678,16.5099048615
-0.0104409035905,0.000335008921958,-0.00593411945678,16.5262238979
-0.0104409035905,0.000335008921958,-0.00593411945678,16.5433678627
-0.0104409035905,0.000335008921958,-0.00593411945678,16.5599448681
-0.0104409035905,0.000335008921958,-0.00593411945678,16.5808949471
-0.0104409035905,0.000335008921958,-0.00593411945678,16.5937099457
-0.0104409035905,0.000335008921958,-0.00593411945678,16.610943079
-0.0104409035905,0.000335008921958,-0.00593411945678,16.6264250278
-0.0104409035905,0.000335008921958,-0.00593411945678,16.642936945
-0.0104409035905,0.000335008921958,-0.00593411945678,16.6597659588
-0.0104409035905,0.000335008921958,-0.00593411945678,16.6763789654
-0.0104409035905,0.000335008921958,-0.00593411945678,16.6929600239
-0.0104409035905,0.000335008921958,-0.00593411945678,16.7096450329
-0.0104409035905,0.000335008921958,-0.00593411945678,16.7264668941
-0.0104409035905,0.000335008921958,-0.00593411945678,16.7432949543
-0.0104409035905,0.000335008921958,-0.00593411945678,16.7597448826
-0.0104409035905,0.000335008921958,-0.00593411945678,16.7767710686
-0.0104409035905,0.000335008921958,-0.00593411945678,16.7931420803
-0.0104409035905,0.000335008921958,-0.00593411945678,16.8095610142
-0.0104409035905,0.000335008921958,-0.00593411945678,16.8263020515
-0.0104409035905,0.000335008921958,-0.00593411945678,16.8431968689
-0.0104409035905,0.000335008921958,-0.00593411945678,16.8616929054
-0.0104409035905,0.000335008921958,-0.00593411945678,16.8802320957
-0.0104409035905,0.000335008921958,-0.00593411945678,16.8929538727
-0.0104409035905,0.000335008921958,-0.00593411945678,16.9097440243
-0.0104409035905,0.000335008921958,-0.00593411945678,16.9262299538
-0.0104409035905,0.000335008921958,-0.00593411945678,16.9429740906
-0.0104409035905,0.000335008921958,-0.00593411945678,16.9595320225
-0.0104409035905,0.000335008921958,-0.00593411945678,16.9762609005
-0.0104409035905,0.000335008921958,-0.00593411945678,16.9928839207
-0.0104409035905,0.000335008921958,-0.00593411945678,17.0097298622
-0.0104409035905,0.000335008921958,-0.00593411945678,17.0262219906
-0.0104409035905,0.000335008921958,-0.00593411945678,17.0429029465
-0.0104409035905,0.000335008921958,-0.00593411945678,17.0595319271
-0.0104409035905,0.000335008921958,-0.00593411945678,17.076376915
-0.0104409035905,0.000335008921958,-0.00593411945678,17.0930168629
-0.0104409035905,0.000335008921958,-0.00593411945678,17.1096920967
-0.0104409035905,0.000335008921958,-0.00593411945678,17.1262979507
-0.0104409035905,0.000335008921958,-0.00593411945678,17.1429560184
-0.0104409035905,0.000335008921958,-0.00593411945678,17.1595768929
-0.0104409035905,0.000335008921958,-0.00593411945678,17.1762909889
-0.0104409035905,0.000335008921958,-0.00593411945678,17.1928679943
-0.0104409035905,0.000335008921958,-0.00593411945678,17.2096889019
-0.0104409035905,0.000335008921958,-0.00593411945678,17.2262339592
-0.0104409035905,0.000335008921958,-0.00593411945678,17.2430388927
-0.0104409035905,0.000335008921958,-0.00593411945678,17.2595560551
-0.0104409035905,0.000335008921958,-0.00593411945678,17.2774579525
-0.0104409035905,0.000335008921958,-0.00593411945678,17.2928490639
-0.0104409035905,0.000335008921958,-0.00593411945678,17.3095159531
-0.0104409035905,0.000335008921958,-0.00593411945678,17.3261489868
-0.0104409035905,0.000335008921958,-0.00593411945678,17.3430740833
-0.0104409035905,0.000335008921958,-0.00593411945678,17.3595480919
-0.0104409035905,0.000335008921958,-0.00593411945678,17.3761930466
-0.0104409035905,0.000335008921958,-0.00593411945678,17.3927590847
-0.0104409035905,0.000335008921958,-0.00593411945678,17.4105689526
-0.0104409035905,0.000335008921958,-0.00593411945678,17.4262108803
-0.0104409035905,0.000335008921958,-0.00593411945678,17.442909956
-0.0104409035905,0.000335008921958,-0.00593411945678,17.4595320225
-0.0104409035905,0.000335008921958,-0.00593411945678,17.476266861
-0.0104409035905,0.000335008921958,-0.00593411945678,17.4928588867
-0.0104409035905,0.000335008921958,-0.00593411945678,17.5095500946
-0.0104409035905,0.000335008921958,-0.00593411945678,17.5261349678
-0.0104409035905,0.000335008921958,-0.00593411945678,17.5430588722
-0.0104409035905,0.000335008921958,-0.00593411945678,17.5596470833
-0.0104409035905,0.000335008921958,-0.00593411945678,17.5768840313
-0.0104409035905,0.000335008921958,-0.00593411945678,17.5929079056
-0.0104409035905,0.000335008921958,-0.00593411945678,17.6096789837
-0.0104409035905,0.000335008921958,-0.00593411945678,17.626568079
-0.0104409035905,0.000335008921958,-0.00593411945678,17.642977953
-0.0104409035905,0.000335008921958,-0.00593411945678,17.6595668793
-0.0104409035905,0.000335008921958,-0.00593411945678,17.676461935
-0.0104409035905,0.000335008921958,-0.00593411945678,17.6931369305
-0.0104409035905,0.000335008921958,-0.00593411945678,17.7098650932
-0.0104409035905,0.000335008921958,-0.00593411945678,17.7262399197
-0.0104409035905,0.000335008921958,-0.00593411945678,17.7435228825
-0.0104409035905,0.000335008921958,-0.00593411945678,17.7596950531
-0.0104409035905,0.000335008921958,-0.00593411945678,17.7764599323
-0.0104409035905,0.000335008921958,-0.00593411945678,17.7930500507
-0.0104409035905,0.000335008921958,-0.00593411945678,17.8108580112
-0.0104409035905,0.000335008921958,-0.00593411945678,17.8263909817
-0.0104409035905,0.000335008921958,-0.00593411945678,17.8435499668
-0.0104409035905,0.000335008921958,-0.00593411945678,17.859965086
-0.0104409035905,0.000335008921958,-0.00593411945678,17.8763730526
-0.0104409035905,0.000335008921958,-0.00593411945678,17.8930299282
-0.0104409035905,0.000335008921958,-0.00593411945678,17.90949893
-0.0104409035905,0.000335008921958,-0.00593411945678,17.9263379574
-0.0104409035905,0.000335008921958,-0.00593411945678,17.9429869652
-0.0104409035905,0.000335008921958,-0.00593411945678,17.9596369267
-0.0104409035905,0.000335008921958,-0.00593411945678,17.9761850834
-0.0104409035905,0.000335008921958,-0.00593411945678,17.9935638905
-0.0104409035905,0.000335008921958,-0.00593411945678,18.0102770329
-0.0104409035905,0.000335008921958,-0.00593411945678,18.0267460346
-0.0104409035905,0.000335008921958,-0.00593411945678,18.0431070328
-0.0104409035905,0.000335008921958,-0.00593411945678,18.0595459938
Actuacion(lineal,angular) = 0.00835702143161,-0.0392116144183
-0.0104409035905,0.000335008921958,-0.00593411945678,18.0771200657
-0.0104409035905,0.000335008921958,-0.00593411945678,18.0929250717
-0.0104409035905,0.000335008921958,-0.00593411945678,18.1108369827
-0.0104409035905,0.000335008921958,-0.00593411945678,18.1261708736
-0.0104409035905,0.000335008921958,-0.00593411945678,18.1433639526
-0.0104409035905,0.000335008921958,-0.00593411945678,18.15970397
-0.0104409035905,0.000335008921958,-0.00593411945678,18.1764290333
-0.0104409035905,0.000335008921958,-0.00593411945678,18.193338871
-0.0104409035905,0.000335008921958,-0.00593411945678,18.20966506
-0.0104409035905,0.000335008921958,-0.00575958653159,18.2271828651
-0.0104409035905,0.000335008921958,-0.00575958653159,18.2430100441
-0.0104409035905,0.000335008921958,-0.00575958653159,18.2595078945
Actuacion(lineal,angular) = 0.00104733176382,-0.000292865252202
-0.0104409035905,0.000335008921958,-0.00575958653159,18.2762510777
-0.0104409035905,0.000335008921958,-0.00575958653159,18.2928369045
-0.0104409035905,0.000335008921958,-0.00575958653159,18.3097980022
-0.0104409035905,0.000335008921958,-0.00575958653159,18.3263950348
-0.0104409035905,0.000335008921958,-0.00575958653159,18.3437120914
-0.0104409035905,0.000335008921958,-0.00575958653159,18.3596670628
-0.0104409035905,0.000335008921958,-0.00575958653159,18.3765969276
-0.0104409035905,0.000335008921958,-0.00593411945678,18.3931689262
-0.0104409035905,0.000335008921958,-0.00593411945678,18.4101788998
-0.0104409035905,0.000335008921958,-0.00593411945678,18.4263699055
-0.0104409035905,0.000335008921958,-0.00593411945678,18.4429399967
-0.0104409035905,0.000335008921958,-0.00593411945678,18.4595649242
Actuacion(lineal,angular) = 0.00104467795853,-5.45473722993e-06
-0.0104409035905,0.000335008921958,-0.00593411945678,18.4791119099
-0.0104409035905,0.000335008921958,-0.00593411945678,18.4928479195
-0.0104409035905,0.000335008921958,-0.00593411945678,18.5096559525
-0.0104409035905,0.000335008921958,-0.00593411945678,18.5262000561
-0.0104409035905,0.000335008921958,-0.00610865238197,18.5427899361
-0.0104409035905,0.000335008921958,-0.00610865238197,18.5595779419
-0.0104409035905,0.000335008921958,-0.00610865238197,18.5788619518
-0.0104409035905,0.000335008921958,-0.00610865238197,18.5947868824
-0.0104409035905,0.000335008921958,-0.00610865238197,18.6095869541
-0.0104409035905,0.000335008921958,-0.00610865238197,18.6268680096
-0.0104409035905,0.000335008921958,-0.00610865238197,18.6435739994
-0.0104409035905,0.000335008921958,-0.00610865238197,18.6607439518
-0.0104409035905,0.000335008921958,-0.00610865238197,18.6774749756
-0.0104409035905,0.000335008921958,-0.00610865238197,18.693005085
-0.0104409035905,0.000335008921958,-0.00610865238197,18.7097890377
-0.0104409035905,0.000335008921958,-0.00610865238197,18.7263200283
-0.0104409035905,0.000335008921958,-0.00610865238197,18.7430050373
-0.0104409035905,0.000335008921958,-0.00610865238197,18.7595369816
-0.0104409035905,0.000335008921958,-0.00610865238197,18.7762360573
-0.0104409035905,0.000335008921958,-0.00610865238197,18.792840004
-0.0104409035905,0.000335008921958,-0.00610865238197,18.8098170757
-0.0104409035905,0.000335008921958,-0.00610865238197,18.8262879848
-0.0104409035905,0.000335008921958,-0.00628318530718,18.8435819149
-0.0104409035905,0.000335008921958,-0.00628318530718,18.8602349758
Actuacion(lineal,angular) = 0.00104917437235,0.000491851578011
-0.0104409035905,0.000335008921958,-0.00628318530718,18.8831529617
-0.0104409035905,0.000335008921958,-0.00628318530718,18.8936290741
-0.0104409035905,0.000335008921958,-0.00628318530718,18.9096748829
-0.0104409035905,0.000335008921958,-0.00628318530718,18.9270858765
-0.0104409035905,0.000335008921958,-0.00628318530718,18.9433379173
-0.0104409035905,0.000335008921958,-0.00628318530718,18.9596560001
-0.0104409035905,0.000335008921958,-0.00628318530718,18.9767069817
-0.0104409035905,0.000335008921958,-0.00628318530718,18.9929449558
-0.0104409035905,0.000335008921958,-0.00628318530718,19.0096340179
-0.0104409035905,0.000335008921958,-0.00628318530718,19.0266110897
-0.0104409035905,0.000335008921958,-0.00628318530718,19.0431668758
-0.0104409035905,0.000335008921958,-0.00628318530718,19.0598058701
Actuacion(lineal,angular) = 0.00835717242531,-0.0386887249255
-0.0104409035905,0.000335008921958,-0.00628318530718,19.0762619972
-0.0104409035905,0.000335008921958,-0.00628318530718,19.0929620266
-0.0104409035905,0.000335008921958,-0.00628318530718,19.1097490788
-0.0104409035905,0.000335008921958,-0.00628318530718,19.1264159679
-0.0104409035905,0.000335008921958,-0.00628318530718,19.1434240341
-0.0104409035905,0.000335008921958,-0.00628318530718,19.1604878902
-0.0104409035905,0.000335008921958,-0.00628318530718,19.1761620045
-0.0104409035905,0.000335008921958,-0.00628318530718,19.1931500435
-0.0104409035905,0.000335008921958,-0.00628318530718,19.2095630169
-0.0104409035905,0.000335008921958,-0.00610865238197,19.2271370888
-0.0104409035905,0.000335008921958,-0.00610865238197,19.2435259819
-0.0104409035905,0.000335008921958,-0.00610865238197,19.2594799995
-0.0104409035905,0.000335008921958,-0.00610865238197,19.2764720917
-0.0104409035905,0.000335008921958,-0.00610865238197,19.2932529449
-0.0104409035905,0.000335008921958,-0.00610865238197,19.309720993
-0.0104409035905,0.000335008921958,-0.00610865238197,19.326611042
-0.0104409035905,0.000335008921958,-0.00628318530718,19.3448979855
-0.0104409035905,0.000335008921958,-0.00628318530718,19.3595740795
-0.0104409035905,0.000335008921958,-0.00628318530718,19.3762359619
-0.0104409035905,0.000335008921958,-0.00628318530718,19.3930518627
-0.0104409035905,0.000335008921958,-0.00628318530718,19.4097790718
-0.0104409035905,0.000335008921958,-0.00628318530718,19.4266719818
-0.0104409035905,0.000335008921958,-0.00645771823238,19.4431080818
-0.0104409035905,0.000335008921958,-0.00645771823238,19.4599330425
-0.0104409035905,0.000335008921958,-0.00645771823238,19.4762840271
-0.0104409035905,0.000335008921958,-0.00645771823238,19.4931418896
-0.0104409035905,0.000335008921958,-0.00645771823238,19.5099000931
-0.0104409035905,0.000335008921958,-0.00645771823238,19.5268728733
-0.0104409035905,0.000335008921958,-0.00645771823238,19.5430519581
-0.0104409035905,0.000335008921958,-0.00663225115757,19.5600130558
-0.0104409035905,0.000335008921958,-0.00663225115757,19.5765719414
-0.0104409035905,0.000335008921958,-0.00663225115757,19.5930080414
-0.0104409035905,0.000335008921958,-0.00663225115757,19.6095950603
-0.0104409035905,0.000335008921958,-0.00663225115757,19.6262619495
-0.0104409035905,0.000335008921958,-0.00663225115757,19.6428129673
-0.0104409035905,0.000335008921958,-0.00663225115757,19.6596028805
-0.0104409035905,0.000335008921958,-0.00663225115757,19.6762259007
-0.0104409035905,0.000335008921958,-0.00663225115757,19.6928350925
-0.0104409035905,0.000335008921958,-0.00663225115757,19.7095808983
-0.0104409035905,0.000335008921958,-0.00663225115757,19.7267329693
-0.0104409035905,0.000335008921958,-0.00663225115757,19.7431910038
-0.0104409035905,0.000335008921958,-0.00663225115757,19.7601599693
-0.0104409035905,0.000335008921958,-0.00663225115757,19.7763810158
-0.0104409035905,0.000335008921958,-0.00663225115757,19.7929959297
-0.0104409035905,0.000335008921958,-0.00663225115757,19.8098080158
-0.0104409035905,0.000335008921958,-0.00663225115757,19.8265709877
-0.0104409035905,0.000335008921958,-0.00663225115757,19.8430869579
-0.0104409035905,0.000335008921958,-0.00663225115757,19.8594138622
-0.0104409035905,0.000335008921958,-0.00663225115757,19.8765599728
-0.0104409035905,0.000335008921958,-0.00663225115757,19.8931050301
-0.0104409035905,0.000335008921958,-0.00663225115757,19.9096810818
-0.0104409035905,0.000335008921958,-0.00663225115757,19.9263319969
-0.0104409035905,0.000335008921958,-0.00663225115757,19.9430100918
-0.0104409035905,0.000335008921958,-0.00663225115757,19.9597330093
-0.0104409035905,0.000335008921958,-0.00663225115757,19.9762840271
-0.0104409035905,0.000335008921958,-0.00663225115757,19.9932620525
-0.0104409035905,0.000335008921958,-0.00663225115757,20.0095620155
-0.0104409035905,0.000335008921958,-0.00663225115757,20.0261530876
-0.0104409035905,0.000335008921958,-0.00663225115757,20.0430819988
-0.0104409035905,0.000335008921958,-0.00663225115757,20.0597410202
-0.0104409035905,0.000335008921958,-0.00663225115757,20.0765430927
-0.0104409035905,0.000335008921958,-0.00663225115757,20.0931038857
-0.0104409035905,0.000335008921958,-0.00663225115757,20.1096870899
-0.0104409035905,0.000335008921958,-0.00663225115757,20.1262550354
-0.0104409035905,0.000335008921958,-0.00663225115757,20.1431250572
-0.0104409035905,0.000335008921958,-0.00663225115757,20.1597149372
-0.0104409035905,0.000335008921958,-0.00663225115757,20.1768460274
-0.0104409035905,0.000335008921958,-0.00663225115757,20.1929960251
-0.0104409035905,0.000335008921958,-0.00663225115757,20.2097949982
-0.0104409035905,0.000335008921958,-0.00663225115757,20.2267479897
-0.0104409035905,0.000335008921958,-0.00663225115757,20.2434659004
-0.0104409035905,0.000335008921958,-0.00663225115757,20.2597389221
-0.0104409035905,0.000335008921958,-0.00663225115757,20.2762959003
-0.0104409035905,0.000335008921958,-0.00663225115757,20.2929720879
-0.0104409035905,0.000335008921958,-0.00663225115757,20.3095879555
-0.0104409035905,0.000335008921958,-0.00663225115757,20.3262310028
-0.0104409035905,0.000335008921958,-0.00663225115757,20.3432760239
-0.0104409035905,0.000335008921958,-0.00663225115757,20.3598470688
-0.0104409035905,0.000335008921958,-0.00663225115757,20.376363039
-0.0104409035905,0.000335008921958,-0.00663225115757,20.393009901
-0.0104409035905,0.000335008921958,-0.00663225115757,20.4095730782
-0.0104409035905,0.000335008921958,-0.00663225115757,20.4264190197
-0.0104409035905,0.000335008921958,-0.00663225115757,20.4444799423
-0.0104409035905,0.000335008921958,-0.00663225115757,20.4598679543
-0.0104409035905,0.000335008921958,-0.00663225115757,20.476295948
-0.0104409035905,0.000335008921958,-0.00663225115757,20.4946439266
-0.0104409035905,0.000335008921958,-0.00663225115757,20.5103960037
-0.0104409035905,0.000335008921958,-0.00663225115757,20.5263469219
-0.0104409035905,0.000335008921958,-0.00663225115757,20.5437710285
-0.0104409035905,0.000335008921958,-0.00663225115757,20.5607190132
-0.0104409035905,0.000335008921958,-0.00663225115757,20.5772819519
-0.0104409035905,0.000335008921958,-0.00663225115757,20.5945549011
-0.0104409035905,0.000335008921958,-0.00663225115757,20.609664917
-0.0104409035905,0.000335008921958,-0.00663225115757,20.6262969971
-0.0104409035905,0.000335008921958,-0.00663225115757,20.642950058
-0.0104409035905,0.000335008921958,-0.00663225115757,20.6618778706
-0.0104409035905,0.000335008921958,-0.00663225115757,20.6769750118
-0.0104409035905,0.000335008921958,-0.00663225115757,20.6948020458
-0.0104409035905,0.000335008921958,-0.00663225115757,20.7107040882
-0.0104409035905,0.000335008921958,-0.00663225115757,20.7273690701
-0.0104409035905,0.000335008921958,-0.00663225115757,20.7441010475
-0.0104409035905,0.000335008921958,-0.00663225115757,20.7605249882
-0.0104409035905,0.000335008921958,-0.00663225115757,20.7768290043
-0.0104409035905,0.000335008921958,-0.00663225115757,20.7930240631
-0.0104409035905,0.000335008921958,-0.00663225115757,20.8097679615
-0.0104409035905,0.000335008921958,-0.00663225115757,20.8261618614
-0.0104409035905,0.000335008921958,-0.00663225115757,20.8428859711
-0.0104409035905,0.000335008921958,-0.00663225115757,20.8596498966
-0.0104409035905,0.000335008921958,-0.00663225115757,20.8761560917
-0.0104409035905,0.000335008921958,-0.00663225115757,20.8931109905
-0.0104409035905,0.000335008921958,-0.00663225115757,20.909817934
-0.0104409035905,0.000335008921958,-0.00663225115757,20.9272298813
-0.0104409035905,0.000335008921958,-0.00663225115757,20.9431810379
-0.0104409035905,0.000335008921958,-0.00663225115757,20.9626779556
-0.0104409035905,0.000335008921958,-0.00663225115757,20.9762299061
-0.0104409035905,0.000335008921958,-0.00663225115757,20.9931960106
-0.0104409035905,0.000335008921958,-0.00663225115757,21.0096979141
-0.0104409035905,0.000335008921958,-0.00663225115757,21.0265378952
-0.0104409035905,0.000335008921958,-0.00663225115757,21.0438308716
-0.0104409035905,0.000335008921958,-0.00663225115757,21.0596389771
-0.0104409035905,0.000335008921958,-0.00663225115757,21.076333046
-0.0104409035905,0.000335008921958,-0.00663225115757,21.0931420326
-0.0104409035905,0.000335008921958,-0.00663225115757,21.1097528934
-0.0104409035905,0.000335008921958,-0.00663225115757,21.1272439957
-0.0104409035905,0.000335008921958,-0.00663225115757,21.1432049274
-0.0104409035905,0.000335008921958,-0.00663225115757,21.1598260403
-0.0104409035905,0.000335008921958,-0.00663225115757,21.1762509346
-0.0104409035905,0.000335008921958,-0.00663225115757,21.1932530403
-0.0104409035905,0.000335008921958,-0.00663225115757,21.2097189426
-0.0104409035905,0.000335008921958,-0.00663225115757,21.2268528938
-0.0104409035905,0.000335008921958,-0.00663225115757,21.2429490089
-0.0104409035905,0.000335008921958,-0.00663225115757,21.2598700523
-0.0104409035905,0.000335008921958,-0.00663225115757,21.2761940956
-0.0104409035905,0.000335008921958,-0.00663225115757,21.2936360836
-0.0104409035905,0.000335008921958,-0.00663225115757,21.3102459908
-0.0104409035905,0.000335008921958,-0.00663225115757,21.3264369965
-0.0104409035905,0.000335008921958,-0.00663225115757,21.3431050777
-0.0104409035905,0.000335008921958,-0.00663225115757,21.3595740795
-0.0104409035905,0.000335008921958,-0.00663225115757,21.3761870861
-0.0104409035905,0.000335008921958,-0.00663225115757,21.3934640884
-0.0104409035905,0.000335008921958,-0.00663225115757,21.4096429348
-0.0104409035905,0.000335008921958,-0.00663225115757,21.426265955
-0.0104409035905,0.000335008921958,-0.00663225115757,21.4435470104
-0.0104409035905,0.000335008921958,-0.00663225115757,21.4596710205
-0.0104409035905,0.000335008921958,-0.00663225115757,21.4764070511
-0.0104409035905,0.000335008921958,-0.00663225115757,21.4931280613
-0.0104409035905,0.000335008921958,-0.00663225115757,21.5097100735
-0.0104409035905,0.000335008921958,-0.00663225115757,21.526679039
-0.0104409035905,0.000335008921958,-0.00663225115757,21.5430109501
-0.0104409035905,0.000335008921958,-0.00663225115757,21.5597889423
-0.0104409035905,0.000335008921958,-0.00663225115757,21.5764110088
-0.0104409035905,0.000335008921958,-0.00663225115757,21.5936019421
-0.0104409035905,0.000335008921958,-0.00663225115757,21.6098740101
-0.0104409035905,0.000335008921958,-0.00663225115757,21.6262879372
-0.0104409035905,0.000335008921958,-0.00663225115757,21.6429190636
-0.0104409035905,0.000335008921958,-0.00663225115757,21.6598339081
-0.0104409035905,0.000335008921958,-0.00663225115757,21.6762399673
-0.0104409035905,0.000335008921958,-0.00663225115757,21.6930558681
-0.0104409035905,0.000335008921958,-0.00663225115757,21.7099719048
-0.0104409035905,0.000335008921958,-0.00663225115757,21.7265620232
-0.0104409035905,0.000335008921958,-0.00663225115757,21.7431280613
-0.0104409035905,0.000335008921958,-0.00663225115757,21.7608780861
-0.0104409035905,0.000335008921958,-0.00663225115757,21.777217865
-0.0104409035905,0.000335008921958,-0.00663225115757,21.7937479019
-0.0104409035905,0.000335008921958,-0.00663225115757,21.8098139763
-0.0104409035905,0.000335008921958,-0.00663225115757,21.8270778656
-0.0104409035905,0.000335008921958,-0.00663225115757,21.8431229591
-0.0104409035905,0.000335008921958,-0.00663225115757,21.8602240086
-0.0104409035905,0.000335008921958,-0.00663225115757,21.8767929077
-0.0104409035905,0.000335008921958,-0.00663225115757,21.8930740356
-0.0104409035905,0.000335008921958,-0.00663225115757,21.9099218845
-0.0104409035905,0.000335008921958,-0.00663225115757,21.9272298813
-0.0104409035905,0.000335008921958,-0.00663225115757,21.9432399273
-0.0104409035905,0.000335008921958,-0.00663225115757,21.9605689049
-0.0104409035905,0.000335008921958,-0.00663225115757,21.9763600826
-0.0104409035905,0.000335008921958,-0.00663225115757,21.9930670261
-0.0104409035905,0.000335008921958,-0.00663225115757,22.0097360611
-0.0104409035905,0.000335008921958,-0.00663225115757,22.0271480083
-0.0104409035905,0.000335008921958,-0.00663225115757,22.0434639454
-0.0104409035905,0.000335008921958,-0.00663225115757,22.0600578785
-0.0104409035905,0.000335008921958,-0.00663225115757,22.0762579441
-0.0104409035905,0.000335008921958,-0.00663225115757,22.0931210518
-0.0104409035905,0.000335008921958,-0.00663225115757,22.1101930141
-0.0104409035905,0.000335008921958,-0.00663225115757,22.1262629032
-0.0104409035905,0.000335008921958,-0.00663225115757,22.1433179379
-0.0104409035905,0.000335008921958,-0.00663225115757,22.1602430344
-0.0104409035905,0.000335008921958,-0.00663225115757,22.1762619019
-0.0104409035905,0.000335008921958,-0.00663225115757,22.1929900646
-0.0104409035905,0.000335008921958,-0.00663225115757,22.2096750736
-0.0104409035905,0.000335008921958,-0.00663225115757,22.226888895
-0.0104409035905,0.000335008921958,-0.00663225115757,22.2432589531
-0.0104409035905,0.000335008921958,-0.00663225115757,22.2595129013
-0.0104409035905,0.000335008921958,-0.00663225115757,22.2768158913
-0.0104409035905,0.000335008921958,-0.00663225115757,22.2932260036
-0.0104409035905,0.000335008921958,-0.00663225115757,22.3103160858
-0.0104409035905,0.000335008921958,-0.00663225115757,22.3264598846
-0.0104409035905,0.000335008921958,-0.00663225115757,22.3430480957
-0.0104409035905,0.000335008921958,-0.00663225115757,22.3596930504
-0.0104409035905,0.000335008921958,-0.00663225115757,22.3767938614
-0.0104409035905,0.000335008921958,-0.00663225115757,22.3932859898
-0.0104409035905,0.000335008921958,-0.00663225115757,22.409758091
-0.0104409035905,0.000335008921958,-0.00663225115757,22.4267890453
-0.0104409035905,0.000335008921958,-0.00663225115757,22.4430100918
-0.0104409035905,0.000335008921958,-0.00663225115757,22.4596450329
-0.0104409035905,0.000335008921958,-0.00663225115757,22.477380991
-0.0104409035905,0.000335008921958,-0.00663225115757,22.4948689938
-0.0104409035905,0.000335008921958,-0.00663225115757,22.5101869106
-0.0104409035905,0.000335008921958,-0.00663225115757,22.5275630951
-0.0104409035905,0.000335008921958,-0.00663225115757,22.5432860851
-0.0104409035905,0.000335008921958,-0.00663225115757,22.560628891
-0.0104409035905,0.000335008921958,-0.00663225115757,22.5765218735
-0.0104409035905,0.000335008921958,-0.00663225115757,22.5933508873
-0.0104409035905,0.000335008921958,-0.00663225115757,22.6099019051
-0.0104409035905,0.000335008921958,-0.00663225115757,22.6272919178
-0.0104409035905,0.000335008921958,-0.00663225115757,22.6456720829
-0.0104409035905,0.000335008921958,-0.00663225115757,22.6633958817
-0.0104409035905,0.000335008921958,-0.00663225115757,22.6761739254
-0.0104409035905,0.000335008921958,-0.00663225115757,22.6931700706
-0.0104409035905,0.000335008921958,-0.00663225115757,22.7096860409
-0.0104409035905,0.000335008921958,-0.00663225115757,22.7266218662
-0.0104409035905,0.000335008921958,-0.00663225115757,22.7430679798
-0.0104409035905,0.000335008921958,-0.00663225115757,22.7598979473
-0.0104409035905,0.000335008921958,-0.00663225115757,22.7765738964
-0.0104409035905,0.000335008921958,-0.00663225115757,22.7931990623
-0.0104409035905,0.000335008921958,-0.00663225115757,22.8107659817
-0.0104409035905,0.000335008921958,-0.00663225115757,22.8269989491
-0.0104409035905,0.000335008921958,-0.00663225115757,22.8431198597
-0.0104409035905,0.000335008921958,-0.00663225115757,22.8597009182
-0.0104409035905,0.000335008921958,-0.00663225115757,22.8761909008
-0.0104409035905,0.000335008921958,-0.00663225115757,22.8932480812
-0.0104409035905,0.000335008921958,-0.00663225115757,22.9099068642
-0.0104409035905,0.000335008921958,-0.00663225115757,22.9266200066
-0.0104409035905,0.000335008921958,-0.00663225115757,22.94333601
-0.0104409035905,0.000335008921958,-0.00663225115757,22.9596168995
-0.0104409035905,0.000335008921958,-0.00663225115757,22.9762620926
-0.0104409035905,0.000335008921958,-0.00663225115757,22.9931209087
-0.0104409035905,0.000335008921958,-0.00663225115757,23.0099730492
-0.0104409035905,0.000335008921958,-0.00663225115757,23.0271520615
-0.0104409035905,0.000335008921958,-0.00663225115757,23.0461690426
-0.0104409035905,0.000335008921958,-0.00663225115757,23.0596990585
-0.0104409035905,0.000335008921958,-0.00663225115757,23.0764520168
-0.0104409035905,0.000335008921958,-0.00663225115757,23.0932500362
-0.0104409035905,0.000335008921958,-0.00663225115757,23.1101748943
-0.0104409035905,0.000335008921958,-0.00663225115757,23.1272978783
-0.0104409035905,0.000335008921958,-0.00663225115757,23.1431629658
-0.0104409035905,0.000335008921958,-0.00663225115757,23.1600949764
-0.0104409035905,0.000335008921958,-0.00663225115757,23.1770379543
-0.0104409035905,0.000335008921958,-0.00663225115757,23.1934819221
-0.0104409035905,0.000335008921958,-0.00663225115757,23.209624052
-0.0104409035905,0.000335008921958,-0.00663225115757,23.2271859646
-0.0104409035905,0.000335008921958,-0.00663225115757,23.2434110641
-0.0104409035905,0.000335008921958,-0.00663225115757,23.2617969513
-0.0104409035905,0.000335008921958,-0.00663225115757,23.2763180733
-0.0104409035905,0.000335008921958,-0.00663225115757,23.2946050167
-0.0104409035905,0.000335008921958,-0.00663225115757,23.3098099232
-0.0104409035905,0.000335008921958,-0.00663225115757,23.3263270855
-0.0104409035905,0.000335008921958,-0.00663225115757,23.343200922
-0.0104409035905,0.000335008921958,-0.00663225115757,23.3600540161
-0.0104409035905,0.000335008921958,-0.00663225115757,23.3768398762
-0.0104409035905,0.000335008921958,-0.00663225115757,23.3933990002
-0.0104409035905,0.000335008921958,-0.00663225115757,23.409911871
-0.0104409035905,0.000335008921958,-0.00663225115757,23.4273688793
-0.0104409035905,0.000335008921958,-0.00663225115757,23.443377018
-0.0104409035905,0.000335008921958,-0.00663225115757,23.4604299068
-0.0104409035905,0.000335008921958,-0.00663225115757,23.4763860703
-0.0104409035905,0.000335008921958,-0.00663225115757,23.4933030605
-0.0104409035905,0.000335008921958,-0.00663225115757,23.5098938942
-0.0104409035905,0.000335008921958,-0.00663225115757,23.5269179344
-0.0104409035905,0.000335008921958,-0.00663225115757,23.5430650711
-0.0104409035905,0.000335008921958,-0.00663225115757,23.5605008602
-0.0104409035905,0.000335008921958,-0.00663225115757,23.5764110088
-0.0104409035905,0.000335008921958,-0.00663225115757,23.5934998989
-0.0104409035905,0.000335008921958,-0.00663225115757,23.6121630669
-0.0104409035905,0.000335008921958,-0.00663225115757,23.6267969608
-0.0104409035905,0.000335008921958,-0.00663225115757,23.6428048611
-0.0104409035905,0.000335008921958,-0.00663225115757,23.6595978737
-0.0104409035905,0.000335008921958,-0.00663225115757,23.6762280464
-0.0104409035905,0.000335008921958,-0.00663225115757,23.6929750443
-0.0104409035905,0.000335008921958,-0.00663225115757,23.7094800472
-0.0104409035905,0.000335008921958,-0.00663225115757,23.7263529301
-0.0104409035905,0.000335008921958,-0.00663225115757,23.7431070805
-0.0104409035905,0.000335008921958,-0.00663225115757,23.7597138882
-0.0104409035905,0.000335008921958,-0.00663225115757,23.7762219906
-0.0104409035905,0.000335008921958,-0.00663225115757,23.7931659222
-0.0104409035905,0.000335008921958,-0.00663225115757,23.8098778725
-0.0104409035905,0.000335008921958,-0.00663225115757,23.8263778687
-0.0104409035905,0.000335008921958,-0.00663225115757,23.8428659439
-0.0104409035905,0.000335008921958,-0.00663225115757,23.8602030277
-0.0104409035905,0.000335008921958,-0.00663225115757,23.8769290447
-0.0104409035905,0.000335008921958,-0.00663225115757,23.8932468891
-0.0104409035905,0.000335008921958,-0.00663225115757,23.9103488922
-0.0104409035905,0.000335008921958,-0.00663225115757,23.9275739193
-0.0104409035905,0.000335008921958,-0.00663225115757,23.9439718723
-0.0104409035905,0.000335008921958,-0.00663225115757,23.9617328644
-0.0104409035905,0.000335008921958,-0.00663225115757,23.9781880379
-0.0104409035905,0.000335008921958,-0.00663225115757,23.9957208633
-0.0104409035905,0.000335008921958,-0.00663225115757,24.010381937
-0.0104409035905,0.000335008921958,-0.00663225115757,24.0281629562
-0.0104409035905,0.000335008921958,-0.00663225115757,24.0443270206
-0.0104409035905,0.000335008921958,-0.00663225115757,24.0623009205
-0.0104409035905,0.000335008921958,-0.00663225115757,24.0773899555
-0.0104409035905,0.000335008921958,-0.00663225115757,24.0952239037
-0.0104409035905,0.000335008921958,-0.00663225115757,24.1107680798
-0.0104409035905,0.000335008921958,-0.00663225115757,24.1288859844
-0.0104409035905,0.000335008921958,-0.00663225115757,24.1443369389
-0.0104409035905,0.000335008921958,-0.00663225115757,24.1611778736
-0.0104409035905,0.000335008921958,-0.00663225115757,24.1763169765
-0.0104409035905,0.000335008921958,-0.00663225115757,24.1978859901
-0.0104409035905,0.000335008921958,-0.00663225115757,24.2094750404
-0.0104409035905,0.000335008921958,-0.00663225115757,24.2263939381
-0.0104409035905,0.000335008921958,-0.00663225115757,24.2430729866
-0.0104409035905,0.000335008921958,-0.00663225115757,24.2600569725
-0.0104409035905,0.000335008921958,-0.00663225115757,24.2763190269
-0.0104409035905,0.000335008921958,-0.00663225115757,24.2931568623
-0.0104409035905,0.000335008921958,-0.00663225115757,24.3095190525
-0.0104409035905,0.000335008921958,-0.00663225115757,24.3263430595
-0.0104409035905,0.000335008921958,-0.00663225115757,24.3436090946
-0.0104409035905,0.000335008921958,-0.00663225115757,24.3601429462
-0.0104409035905,0.000335008921958,-0.00663225115757,24.3767149448
-0.0104409035905,0.000335008921958,-0.00663225115757,24.3933110237
-0.0104409035905,0.000335008921958,-0.00663225115757,24.4097979069
-0.0104409035905,0.000335008921958,-0.00663225115757,24.4265739918
-0.0104409035905,0.000335008921958,-0.00663225115757,24.4431090355
-0.0104409035905,0.000335008921958,-0.00663225115757,24.4605870247
-0.0104409035905,0.000335008921958,-0.00663225115757,24.477077961
-0.0104409035905,0.000335008921958,-0.00663225115757,24.4933788776
-0.0104409035905,0.000335008921958,-0.00663225115757,24.5112729073
-0.0104409035905,0.000335008921958,-0.00663225115757,24.5276269913
-0.0104409035905,0.000335008921958,-0.00663225115757,24.5430440903
-0.0104409035905,0.000335008921958,-0.00663225115757,24.5604670048
-0.0104409035905,0.000335008921958,-0.00663225115757,24.5781219006
-0.0104409035905,0.000335008921958,-0.00663225115757,24.6002860069
-0.0104409035905,0.000335008921958,-0.00663225115757,24.609607935
-0.0104409035905,0.000335008921958,-0.00663225115757,24.6264488697
-0.0104409035905,0.000335008921958,-0.00663225115757,24.6433598995
-0.0104409035905,0.000335008921958,-0.00663225115757,24.6600608826
-0.0104409035905,0.000335008921958,-0.00663225115757,24.6765110493
-0.0104409035905,0.000335008921958,-0.00663225115757,24.6933350563
-0.0104409035905,0.000335008921958,-0.00663225115757,24.709692955
-0.0104409035905,0.000335008921958,-0.00663225115757,24.7265949249
-0.0104409035905,0.000335008921958,-0.00663225115757,24.7436070442
-0.0104409035905,0.000335008921958,-0.00663225115757,24.760242939
-0.0104409035905,0.000335008921958,-0.00663225115757,24.776419878
-0.0104409035905,0.000335008921958,-0.00663225115757,24.7932748795
-0.0104409035905,0.000335008921958,-0.00663225115757,24.8099009991
-0.0104409035905,0.000335008921958,-0.00663225115757,24.827890873
-0.0104409035905,0.000335008921958,-0.00663225115757,24.8434109688
-0.0104409035905,0.000335008921958,-0.00663225115757,24.8623518944
-0.0104409035905,0.000335008921958,-0.00663225115757,24.8761348724
-0.0104409035905,0.000335008921958,-0.00663225115757,24.8934190273
-0.0104409035905,0.000335008921958,-0.00663225115757,24.9094619751
-0.0104409035905,0.000335008921958,-0.00663225115757,24.9265830517
-0.0104409035905,0.000335008921958,-0.00663225115757,24.9431278706
-0.0104409035905,0.000335008921958,-0.00663225115757,24.9600429535
-0.0104409035905,0.000335008921958,-0.00663225115757,24.9763600826
-0.0104409035905,0.000335008921958,-0.00663225115757,24.9934260845
-0.0104409035905,0.000335008921958,-0.00663225115757,25.0097389221
-0.0104409035905,0.000335008921958,-0.00663225115757,25.0266349316
-0.0104409035905,0.000335008921958,-0.00663225115757,25.0428800583
-0.0104409035905,0.000335008921958,-0.00663225115757,25.059664011
-0.0104409035905,0.000335008921958,-0.00663225115757,25.0761120319
-0.0104409035905,0.000335008921958,-0.00663225115757,25.0931448936
-0.0104409035905,0.000335008921958,-0.00663225115757,25.1096479893
-0.0104409035905,0.000335008921958,-0.00663225115757,25.1270079613
-0.0104409035905,0.000335008921958,-0.00663225115757,25.1429769993
-0.0104409035905,0.000335008921958,-0.00663225115757,25.1599578857
-0.0104409035905,0.000335008921958,-0.00663225115757,25.1763970852
-0.0104409035905,0.000335008921958,-0.00663225115757,25.1937980652
-0.0104409035905,0.000335008921958,-0.00663225115757,25.2099330425
-0.0104409035905,0.000335008921958,-0.00663225115757,25.2264590263
-0.0104409035905,0.000335008921958,-0.00663225115757,25.2430179119
-0.0104409035905,0.000335008921958,-0.00663225115757,25.2607009411
-0.0104409035905,0.000335008921958,-0.00663225115757,25.2763590813
-0.0104409035905,0.000335008921958,-0.00663225115757,25.2933208942
-0.0104409035905,0.000335008921958,-0.00663225115757,25.3100628853
-0.0104409035905,0.000335008921958,-0.00663225115757,25.327092886
-0.0104409035905,0.000335008921958,-0.00663225115757,25.3437790871
-0.0104409035905,0.000335008921958,-0.00663225115757,25.3632190228
-0.0104409035905,0.000335008921958,-0.00663225115757,25.3761758804
-0.0104409035905,0.000335008921958,-0.00663225115757,25.393173933
-0.0104409035905,0.000335008921958,-0.00663225115757,25.4097189903
-0.0104409035905,0.000335008921958,-0.00663225115757,25.426322937
-0.0104409035905,0.000335008921958,-0.00663225115757,25.4432749748
-0.0104409035905,0.000335008921958,-0.00663225115757,25.4606509209
-0.0104409035905,0.000335008921958,-0.00663225115757,25.4770560265
-0.0104409035905,0.000335008921958,-0.00663225115757,25.4977710247
-0.0104409035905,0.000335008921958,-0.00663225115757,25.5094809532
-0.0104409035905,0.000335008921958,-0.00663225115757,25.5262598991
-0.0104409035905,0.000335008921958,-0.00663225115757,25.5432839394
-0.0104409035905,0.000335008921958,-0.00663225115757,25.5602898598
-0.0104409035905,0.000335008921958,-0.00663225115757,25.5762720108
-0.0104409035905,0.000335008921958,-0.00663225115757,25.593337059
-0.0104409035905,0.000335008921958,-0.00663225115757,25.6096880436
-0.0104409035905,0.000335008921958,-0.00663225115757,25.6262919903
-0.0104409035905,0.000335008921958,-0.00663225115757,25.6431159973
-0.0104409035905,0.000335008921958,-0.00663225115757,25.6596400738
-0.0104409035905,0.000335008921958,-0.00663225115757,25.6764788628
-0.0104409035905,0.000335008921958,-0.00663225115757,25.6949629784
-0.0104409035905,0.000335008921958,-0.00663225115757,25.7094380856
-0.0104409035905,0.000335008921958,-0.00663225115757,25.7264659405
-0.0104409035905,0.000335008921958,-0.00663225115757,25.7431490421
-0.0104409035905,0.000335008921958,-0.00663225115757,25.7598719597
-0.0104409035905,0.000335008921958,-0.00663225115757,25.7764029503
-0.0104409035905,0.000335008921958,-0.00663225115757,25.7931559086
-0.0104409035905,0.000335008921958,-0.00663225115757,25.8096280098
-0.0104409035905,0.000335008921958,-0.00663225115757,25.8277280331
-0.0104409035905,0.000335008921958,-0.00663225115757,25.8431670666
-0.0104409035905,0.000335008921958,-0.00663225115757,25.8596630096
-0.0104409035905,0.000335008921958,-0.00663225115757,25.8762350082
-0.0104409035905,0.000335008921958,-0.00663225115757,25.8929979801
-0.0104409035905,0.000335008921958,-0.00663225115757,25.9099419117
-0.0104409035905,0.000335008921958,-0.00663225115757,25.9263670444
-0.0104409035905,0.000335008921958,-0.00663225115757,25.9430220127
-0.0104409035905,0.000335008921958,-0.00663225115757,25.9598329067
-0.0104409035905,0.000335008921958,-0.00663225115757,25.9761650562
-0.0104409035905,0.000335008921958,-0.00663225115757,25.993185997
-0.0104409035905,0.000335008921958,-0.00663225115757,26.0095729828
-0.0104409035905,0.000335008921958,-0.00663225115757,26.0263950825
-0.0104409035905,0.000335008921958,-0.00663225115757,26.0430848598
-0.0104409035905,0.000335008921958,-0.00663225115757,26.0598549843
-0.0104409035905,0.000335008921958,-0.00663225115757,26.0768499374
-0.0104409035905,0.000335008921958,-0.00663225115757,26.093200922
-0.0104409035905,0.000335008921958,-0.00663225115757,26.1097838879
-0.0104409035905,0.000335008921958,-0.00663225115757,26.1263930798
-0.0104409035905,0.000335008921958,-0.00663225115757,26.1433129311
-0.0104409035905,0.000335008921958,-0.00663225115757,26.161206007
-0.0104409035905,0.000335008921958,-0.00663225115757,26.1762239933
-0.0104409035905,0.000335008921958,-0.00663225115757,26.1932308674
-0.0104409035905,0.000335008921958,-0.00663225115757,26.2100448608
-0.0104409035905,0.000335008921958,-0.00663225115757,26.2263960838
-0.0104409035905,0.000335008921958,-0.00663225115757,26.2430799007
-0.0104409035905,0.000335008921958,-0.00663225115757,26.2608220577
-0.0104409035905,0.000335008921958,-0.00663225115757,26.2761719227
-0.0104409035905,0.000335008921958,-0.00663225115757,26.2929348946
-0.0104409035905,0.000335008921958,-0.00663225115757,26.3126778603
-0.0104409035905,0.000335008921958,-0.00663225115757,26.3261210918
-0.0104409035905,0.000335008921958,-0.00663225115757,26.3429069519
-0.0104409035905,0.000335008921958,-0.00663225115757,26.3606460094
-0.0104409035905,0.000335008921958,-0.00663225115757,26.3762578964
-0.0104409035905,0.000335008921958,-0.00663225115757,26.3930289745
-0.0104409035905,0.000335008921958,-0.00663225115757,26.4096338749
-0.0104409035905,0.000335008921958,-0.00663225115757,26.4264008999
-0.0104409035905,0.000335008921958,-0.00663225115757,26.4429459572
-0.0104409035905,0.000335008921958,-0.00663225115757,26.4597299099
-0.0104409035905,0.000335008921958,-0.00663225115757,26.4762289524
-0.0104409035905,0.000335008921958,-0.00663225115757,26.4929409027
-0.0104409035905,0.000335008921958,-0.00663225115757,26.5094079971
-0.0104409035905,0.000335008921958,-0.00663225115757,26.5264630318
-0.0104409035905,0.000335008921958,-0.00663225115757,26.5429029465
-0.0104409035905,0.000335008921958,-0.00663225115757,26.5596599579
-0.0104409035905,0.000335008921958,-0.00663225115757,26.5761768818
-0.0104409035905,0.000335008921958,-0.00663225115757,26.5933270454
-0.0104409035905,0.000335008921958,-0.00663225115757,26.6097650528
-0.0104409035905,0.000335008921958,-0.00663225115757,26.6266729832
-0.0104409035905,0.000335008921958,-0.00663225115757,26.6432089806
-0.0104409035905,0.000335008921958,-0.00663225115757,26.6596469879
-0.0104409035905,0.000335008921958,-0.00663225115757,26.6762800217
-0.0104409035905,0.000335008921958,-0.00663225115757,26.6947660446
-0.0104409035905,0.000335008921958,-0.00663225115757,26.7101719379
-0.0104409035905,0.000335008921958,-0.00663225115757,26.7266840935
-0.0104409035905,0.000335008921958,-0.00663225115757,26.7429459095
-0.0104409035905,0.000335008921958,-0.00663225115757,26.7604498863
-0.0104409035905,0.000335008921958,-0.00663225115757,26.7764480114
-0.0104409035905,0.000335008921958,-0.00663225115757,26.7940878868
-0.0104409035905,0.000335008921958,-0.00663225115757,26.8097100258
-0.0104409035905,0.000335008921958,-0.00663225115757,26.8275179863
-0.0104409035905,0.000335008921958,-0.00663225115757,26.8429400921
-0.0104409035905,0.000335008921958,-0.00663225115757,26.8597970009
-0.0104409035905,0.000335008921958,-0.00663225115757,26.877794981
-0.0104409035905,0.000335008921958,-0.00663225115757,26.895442009
-0.0104409035905,0.000335008921958,-0.00663225115757,26.9096560478
-0.0104409035905,0.000335008921958,-0.00663225115757,26.9276669025
-0.0104409035905,0.000335008921958,-0.00663225115757,26.9430198669
-0.0104409035905,0.000335008921958,-0.00663225115757,26.9601080418
-0.0104409035905,0.000335008921958,-0.00663225115757,26.9762949944
-0.0104409035905,0.000335008921958,-0.00663225115757,26.9932160378
-0.0104409035905,0.000335008921958,-0.00663225115757,27.009775877
-0.0104409035905,0.000335008921958,-0.00663225115757,27.0274579525
-0.0104409035905,0.000335008921958,-0.00663225115757,27.0428769588
-0.0104409035905,0.000335008921958,-0.00663225115757,27.0595700741
-0.0104409035905,0.000335008921958,-0.00663225115757,27.0761539936
-0.0104409035905,0.000335008921958,-0.00663225115757,27.0930469036
-0.0104409035905,0.000335008921958,-0.00663225115757,27.1097390652
-0.0104409035905,0.000335008921958,-0.00663225115757,27.1262168884
-0.0104409035905,0.000335008921958,-0.00663225115757,27.1429018974
-0.0104409035905,0.000335008921958,-0.00663225115757,27.159678936
-0.0104409035905,0.000335008921958,-0.00663225115757,27.1762349606
-0.0104409035905,0.000335008921958,-0.00663225115757,27.1931869984
-0.0104409035905,0.000335008921958,-0.00663225115757,27.2096290588
-0.0104409035905,0.000335008921958,-0.00663225115757,27.2265710831
-0.0104409035905,0.000335008921958,-0.00663225115757,27.2436928749
-0.0104409035905,0.000335008921958,-0.00663225115757,27.2599139214
-0.0104409035905,0.000335008921958,-0.00663225115757,27.2765340805
-0.0104409035905,0.000335008921958,-0.00663225115757,27.2930998802
-0.0104409035905,0.000335008921958,-0.00663225115757,27.3096439838
-0.0104409035905,0.000335008921958,-0.00663225115757,27.3268718719
-0.0104409035905,0.000335008921958,-0.00663225115757,27.3430309296
-0.0104409035905,0.000335008921958,-0.00663225115757,27.3598899841
-0.0104409035905,0.000335008921958,-0.00663225115757,27.3762910366
-0.0104409035905,0.000335008921958,-0.00663225115757,27.3927149773
-0.0104409035905,0.000335008921958,-0.00663225115757,27.4096260071
-0.0104409035905,0.000335008921958,-0.00663225115757,27.428579092
-0.0104409035905,0.000335008921958,-0.00663225115757,27.4428639412
-0.0104409035905,0.000335008921958,-0.00663225115757,27.4595689774
-0.0104409035905,0.000335008921958,-0.00663225115757,27.4764800072
-0.0104409035905,0.000335008921958,-0.00663225115757,27.4933469296
-0.0104409035905,0.000335008921958,-0.00663225115757,27.5095889568
-0.0104409035905,0.000335008921958,-0.00663225115757,27.526458025
-0.0104409035905,0.000335008921958,-0.00663225115757,27.5433130264
-0.0104409035905,0.000335008921958,-0.00663225115757,27.5598080158
-0.0104409035905,0.000335008921958,-0.00663225115757,27.5766999722
-0.0104409035905,0.000335008921958,-0.00663225115757,27.5932998657
-0.0104409035905,0.000335008921958,-0.00663225115757,27.6095850468
-0.0104409035905,0.000335008921958,-0.00663225115757,27.6283810139
-0.0104409035905,0.000335008921958,-0.00663225115757,27.6429929733
-0.0104409035905,0.000335008921958,-0.00663225115757,27.6595928669
-0.0104409035905,0.000335008921958,-0.00663225115757,27.6761050224
-0.0104409035905,0.000335008921958,-0.00663225115757,27.6929209232
-0.0104409035905,0.000335008921958,-0.00663225115757,27.7095060349
-0.0104409035905,0.000335008921958,-0.00663225115757,27.7262408733
-0.0104409035905,0.000335008921958,-0.00663225115757,27.7429020405
-0.0104409035905,0.000335008921958,-0.00663225115757,27.7595460415
-0.0104409035905,0.000335008921958,-0.00663225115757,27.7762010098
-0.0104409035905,0.000335008921958,-0.00663225115757,27.7931149006
-0.0104409035905,0.000335008921958,-0.00663225115757,27.8096559048
-0.0104409035905,0.000335008921958,-0.00663225115757,27.8262820244
-0.0104409035905,0.000335008921958,-0.00663225115757,27.8429510593
-0.0104409035905,0.000335008921958,-0.00663225115757,27.8596959114
-0.0104409035905,0.000335008921958,-0.00663225115757,27.8768138885
-0.0104409035905,0.000335008921958,-0.00663225115757,27.8933939934
-0.0104409035905,0.000335008921958,-0.00663225115757,27.9096860886
-0.0104409035905,0.000335008921958,-0.00663225115757,27.9263210297
-0.0104409035905,0.000335008921958,-0.00663225115757,27.9435489178
-0.0104409035905,0.000335008921958,-0.00663225115757,27.9619750977
-0.0104409035905,0.000335008921958,-0.00663225115757,27.9762659073
-0.0104409035905,0.000335008921958,-0.00663225115757,27.9940290451
-0.0104409035905,0.000335008921958,-0.00663225115757,28.0095889568
-0.0104409035905,0.000335008921958,-0.00663225115757,28.0263528824
-0.0104409035905,0.000335008921958,-0.00663225115757,28.0431449413
-0.0104409035905,0.000335008921958,-0.00663225115757,28.0605700016
-0.0104409035905,0.000335008921958,-0.00663225115757,28.0764069557
-0.0104409035905,0.000335008921958,-0.00663225115757,28.0943288803
-0.0104409035905,0.000335008921958,-0.00663225115757,28.1107800007
-0.0104409035905,0.000335008921958,-0.00663225115757,28.1280729771
-0.0104409035905,0.000335008921958,-0.00663225115757,28.1446008682
-0.0104409035905,0.000335008921958,-0.00663225115757,28.1602709293
-0.0104409035905,0.000335008921958,-0.00663225115757,28.176240921
-0.0104409035905,0.000335008921958,-0.00663225115757,28.1934330463
-0.0104409035905,0.000335008921958,-0.00663225115757,28.209758997
-0.0104409035905,0.000335008921958,-0.00663225115757,28.2286188602
-0.0104409035905,0.000335008921958,-0.00663225115757,28.2435600758
-0.0104409035905,0.000335008921958,-0.00663225115757,28.260021925
-0.0104409035905,0.000335008921958,-0.00663225115757,28.2766520977
-0.0104409035905,0.000335008921958,-0.00663225115757,28.2929980755
-0.0104409035905,0.000335008921958,-0.00663225115757,28.3095490932
-0.0104409035905,0.000335008921958,-0.00663225115757,28.3263070583
-0.0104409035905,0.000335008921958,-0.00663225115757,28.3429419994
-0.0104409035905,0.000335008921958,-0.00663225115757,28.3596320152
-0.0104409035905,0.000335008921958,-0.00663225115757,28.37626791
-0.0104409035905,0.000335008921958,-0.00663225115757,28.392977953
-0.0104409035905,0.000335008921958,-0.00663225115757,28.4099829197
-0.0104409035905,0.000335008921958,-0.00663225115757,28.4264318943
-0.0104409035905,0.000335008921958,-0.00663225115757,28.4429709911
-0.0104409035905,0.000335008921958,-0.00663225115757,28.4596369267
-0.0104409035905,0.000335008921958,-0.00663225115757,28.4763638973
-0.0104409035905,0.000335008921958,-0.00663225115757,28.4930520058
-0.0104409035905,0.000335008921958,-0.00663225115757,28.5096669197
-0.0104409035905,0.000335008921958,-0.00663225115757,28.5261669159
-0.0104409035905,0.000335008921958,-0.00663225115757,28.5430130959
-0.0104409035905,0.000335008921958,-0.00663225115757,28.5594739914
-0.0104409035905,0.000335008921958,-0.00663225115757,28.5762689114
-0.0104409035905,0.000335008921958,-0.00663225115757,28.593214035
-0.0104409035905,0.000335008921958,-0.00663225115757,28.6096599102
-0.0104409035905,0.000335008921958,-0.00663225115757,28.6270890236
-0.0104409035905,0.000335008921958,-0.00663225115757,28.6432669163
-0.0104409035905,0.000335008921958,-0.00663225115757,28.6598050594
-0.0104409035905,0.000335008921958,-0.00663225115757,28.6770858765
-0.0104409035905,0.000335008921958,-0.00663225115757,28.6933569908
-0.0104409035905,0.000335008921958,-0.00663225115757,28.7100400925
-0.0104409035905,0.000335008921958,-0.00663225115757,28.7263140678
-0.0104409035905,0.000335008921958,-0.00663225115757,28.7432250977
-0.0104409035905,0.000335008921958,-0.00663225115757,28.760144949
-0.0104409035905,0.000335008921958,-0.00663225115757,28.7766039371
-0.0104409035905,0.000335008921958,-0.00663225115757,28.7940530777
-0.0104409035905,0.000335008921958,-0.00663225115757,28.8100578785
-0.0104409035905,0.000335008921958,-0.00663225115757,28.8263049126
-0.0104409035905,0.000335008921958,-0.00663225115757,28.8442280293
-0.0104409035905,0.000335008921958,-0.00663225115757,28.8602659702
-0.0104409035905,0.000335008921958,-0.00663225115757,28.8776068687
-0.0104409035905,0.000335008921958,-0.00663225115757,28.8933420181
-0.0104409035905,0.000335008921958,-0.00663225115757,28.9098470211
-0.0104409035905,0.000335008921958,-0.00663225115757,28.9267799854
-0.0104409035905,0.000335008921958,-0.00663225115757,28.943392992
-0.0104409035905,0.000335008921958,-0.00663225115757,28.9595339298
-0.0104409035905,0.000335008921958,-0.00663225115757,28.9762749672
-0.0104409035905,0.000335008921958,-0.00663225115757,28.9941539764
-0.0104409035905,0.000335008921958,-0.00663225115757,29.0096280575
-0.0104409035905,0.000335008921958,-0.00663225115757,29.0263929367
-0.0104409035905,0.000335008921958,-0.00663225115757,29.042883873
-0.0104409035905,0.000335008921958,-0.00663225115757,29.0596539974
-0.0104409035905,0.000335008921958,-0.00663225115757,29.0768630505
-0.0104409035905,0.000335008921958,-0.00663225115757,29.0933959484
-0.0104409035905,0.000335008921958,-0.00663225115757,29.1095910072
-0.0104409035905,0.000335008921958,-0.00663225115757,29.1272079945
-0.0104409035905,0.000335008921958,-0.00663225115757,29.143807888
-0.0104409035905,0.000335008921958,-0.00663225115757,29.1599619389
-0.0104409035905,0.000335008921958,-0.00663225115757,29.176265955
-0.0104409035905,0.000335008921958,-0.00663225115757,29.1929368973
-0.0104409035905,0.000335008921958,-0.00663225115757,29.2097499371
-0.0104409035905,0.000335008921958,-0.00663225115757,29.2262210846
-0.0104409035905,0.000335008921958,-0.00663225115757,29.2430269718
-0.0104409035905,0.000335008921958,-0.00663225115757,29.2596049309
-0.0104409035905,0.000335008921958,-0.00663225115757,29.2764968872
-0.0104409035905,0.000335008921958,-0.00663225115757,29.2940170765
-0.0104409035905,0.000335008921958,-0.00663225115757,29.3100459576
-0.0104409035905,0.000335008921958,-0.00663225115757,29.3285009861
-0.0104409035905,0.000335008921958,-0.00663225115757,29.3432240486
-0.0104409035905,0.000335008921958,-0.00663225115757,29.3595578671
